{
  "spec": {
    "num_qubits": 4,
    "topology": "triangulated",
    "custom_edges": "0-1:0.8942,0-2:0.6854,0-3:0.9439,1-2:1.0000,1-3:0.6538,2-3:0.6538",
    "alpha": 0.8,
    "weight": 0.7308470921242101,
    "gamma": 0.2701668722047811,
    "sigma": 0.21710779589689835,
    "init_angle": 0.4191427468445532,
    "init_angles": null,
    "shots": 100,
    "device": "simulator",
    "geometry": "spherical",
    "curvature": 4.5,
    "timesteps": 2,
    "dimension": 2,
    "mass_hinge": null,
    "mass_value": 0.0,
    "solve_regge": false,
    "lorentzian": true,
    "excite": true,
    "fast": false,
    "fast_preset": "balanced",
    "ctc_mode": false,
    "ctc_perturbation": null,
    "ctc_perturbation_strength": 1.0,
    "test_ctc_recovery": false,
    "strong_curvature": true,
    "charge_injection": true,
    "charge_strength": 2.5,
    "charge_location": null,
    "spin_injection": true,
    "spin_strength": 2.0,
    "spin_location": null,
    "edge_floor": 0.001,
    "compute_entropies": true,
    "hyperbolic_triangulation": true,
    "trotter_steps": 8,
    "dt": 0.05,
    "analyze_curvature": true,
    "einstein_solver": true,
    "page_curve": true,
    "radiation_ordering": null,
    "page_curve_timesteps": 15,
    "entropy_method": "hybrid",
    "num_shadows": 100,
    "shots_per_shadow": 1000,
    "num_bases": 20,
    "shots_per_basis": 1000,
    "enhanced_entanglement": false,
    "entanglement_strength": 1.2121924017954,
    "interpolate_geometry": false,
    "smooth_charge_injection": false,
    "min_qubits_for_continuum": 10,
    "benchmark_against_classical_geometry": false,
    "geometry_fit_metric": "wasserstein,kl,euclidean",
    "verify_noise_robustness": false,
    "run_on_multiple_backends": false,
    "detect_and_flag_causal_loops": true,
    "restrict_information_flow_direction": "bidirectional",
    "filter_noncausal_edges": true,
    "use_ryu_takayanagi_test": true,
    "compare_MI_vs_subsystem_entropy": true,
    "embed_boundary_entropy_in_geometry": true,
    "entropy_engineering": true,
    "target_entropy_pattern": "quantum_gravity",
    "custom_target_entropies": null,
    "entropy_optimization_iterations": 200,
    "entropy_tolerance": 0.05,
    "continue_on_engineering_failure": true,
    "skip_entropy_engineering": false,
    "validate_engineered_geometry": true,
    "enhance_bell_violations": true,
    "bell_entanglement_strength": 4.0,
    "teleportation_circuits": true,
    "long_range_coupling": 3.0,
    "holographic_optimization": true,
    "rt_surface_encoding": true,
    "conformal_symmetry": true,
    "bulk_reconstruction": true,
    "scalable_entanglement": true,
    "parallel_execution": true,
    "memory_optimization": true,
    "circuit_compilation": "optimized",
    "real_hardware": false,
    "error_mitigation": true,
    "zero_noise_extrapolation": true,
    "zne_noise_factors": [
      1.0,
      2.0,
      3.0
    ],
    "zne_extrapolation_method": "polynomial",
    "hardware_calibration": true,
    "noise_characterization": true,
    "backend_name": "ibm_brisbane",
    "quantum_mode": true,
    "quantum_entanglement_strength": 5.0,
    "quantum_circuit_depth": 12,
    "geometric_teleportation": false,
    "teleportation_mode": "both",
    "bridge_strength": 1.0,
    "signal_state": "+",
    "emergent_geometry_teleportation": false,
    "teleportation_node_pairs": "auto",
    "teleportation_embedding_dim": 2,
    "teleportation_fidelity_threshold": 0.7,
    "superposition_gravity": true,
    "massive_bulk_mass_hinge": "2",
    "massive_bulk_mass_value": 1.0,
    "massless_bulk_mass_hinge": "None",
    "massless_bulk_mass_value": 0.0,
    "superposition_control_qubit": 0,
    "superposition_phase": 0.0,
    "interference_analysis": true,
    "classical_mixture_comparison": true,
    "coherence_preservation": true,
    "bulk_reconstruction_method": "mi_embedding"
  },
  "uid": "IXPVMO",
  "counts_per_timestep": [
    null,
    null
  ],
  "job_ids_per_timestep": [
    null,
    null
  ],
  "entropy_per_timestep": [
    null,
    null
  ],
  "mutual_information_per_timestep": [
    {
      "I_0,1": 0.13819040070515304,
      "I_0,2": 0.1563736763004595,
      "I_0,3": 0.13819040070515404,
      "I_1,2": 0.13819040070515562,
      "I_1,3": 0.05612709427476825,
      "I_2,3": 0.13819040070515456
    },
    {
      "I_0,1": 0.40753050381089095,
      "I_0,2": 0.45518278486810637,
      "I_0,3": 0.40753050381089007,
      "I_1,2": 0.4075305038108913,
      "I_1,3": 0.3487767605506371,
      "I_2,3": 0.4075305038108912
    }
  ],
  "boundary_entropies_per_timestep": [
    {
      "entropy_A": 0.1638237862708033,
      "entropy_B": 0.16382378627080108,
      "mi_AB": 0.32764757254158516,
      "pure_state_check": true,
      "entropy_difference": 2.220446049250313e-15,
      "multiple_regions": {
        "size_1_region_0": {
          "region": [
            0
          ],
          "entropy": 0.2139470772836474,
          "rt_area": 3,
          "size": 1
        },
        "size_1_region_1": {
          "region": [
            1
          ],
          "entropy": 0.16382378627080124,
          "rt_area": 3,
          "size": 1
        },
        "size_1_region_2": {
          "region": [
            2
          ],
          "entropy": 0.21394707728364765,
          "rt_area": 3,
          "size": 1
        },
        "size_2_region_0": {
          "region": [
            0,
            1
          ],
          "entropy": 0.23958046284929452,
          "rt_area": 4,
          "size": 2
        },
        "size_2_region_1": {
          "region": [
            0,
            2
          ],
          "entropy": 0.27152047826683506,
          "rt_area": 4,
          "size": 2
        },
        "size_2_region_2": {
          "region": [
            0,
            3
          ],
          "entropy": 0.23958046284929407,
          "rt_area": 4,
          "size": 2
        },
        "size_3_region_0": {
          "region": [
            0,
            1,
            2
          ],
          "entropy": 0.1638237862708033,
          "rt_area": 3,
          "size": 3
        },
        "size_3_region_1": {
          "region": [
            0,
            1,
            3
          ],
          "entropy": 0.21394707728364726,
          "rt_area": 3,
          "size": 3
        },
        "size_3_region_2": {
          "region": [
            0,
            2,
            3
          ],
          "entropy": 0.1638237862708037,
          "rt_area": 3,
          "size": 3
        }
      }
    },
    {
      "entropy_A": 0.617818656328189,
      "entropy_B": 0.6178186563281886,
      "mi_AB": 1.235637312656356,
      "pure_state_check": true,
      "entropy_difference": 4.440892098500626e-16,
      "multiple_regions": {
        "size_1_region_0": {
          "region": [
            0
          ],
          "entropy": 0.6710216684869236,
          "rt_area": 3,
          "size": 1
        },
        "size_1_region_1": {
          "region": [
            1
          ],
          "entropy": 0.6178186563281886,
          "rt_area": 3,
          "size": 1
        },
        "size_1_region_2": {
          "region": [
            2
          ],
          "entropy": 0.6710216684869241,
          "rt_area": 3,
          "size": 1
        },
        "size_2_region_0": {
          "region": [
            0,
            1
          ],
          "entropy": 0.8813098210042212,
          "rt_area": 4,
          "size": 2
        },
        "size_2_region_1": {
          "region": [
            0,
            2
          ],
          "entropy": 0.8868605521057412,
          "rt_area": 4,
          "size": 2
        },
        "size_2_region_2": {
          "region": [
            0,
            3
          ],
          "entropy": 0.8813098210042221,
          "rt_area": 4,
          "size": 2
        },
        "size_3_region_0": {
          "region": [
            0,
            1,
            2
          ],
          "entropy": 0.617818656328189,
          "rt_area": 3,
          "size": 3
        },
        "size_3_region_1": {
          "region": [
            0,
            1,
            3
          ],
          "entropy": 0.6710216684869296,
          "rt_area": 3,
          "size": 3
        },
        "size_3_region_2": {
          "region": [
            0,
            2,
            3
          ],
          "entropy": 0.6178186563281914,
          "rt_area": 3,
          "size": 3
        }
      }
    }
  ],
  "distance_matrix_per_timestep": [
    [
      [
        0.0,
        1.9791228295027155,
        1.8555067751360244,
        1.9791228295027081
      ],
      [
        1.9791228295027155,
        0.0,
        1.9791228295026966,
        3.958245659005401
      ],
      [
        1.8555067751360244,
        1.9791228295026966,
        0.0,
        1.9791228295027044
      ],
      [
        1.9791228295027081,
        3.958245659005401,
        1.9791228295027044,
        0.0
      ]
    ],
    [
      [
        0.0,
        0.897639493125142,
        0.7870562157162152,
        0.8976394931251442
      ],
      [
        0.897639493125142,
        0.0,
        0.8976394931251412,
        1.7952789862502827
      ],
      [
        0.7870562157162152,
        0.8976394931251412,
        0.0,
        0.8976394931251415
      ],
      [
        0.8976394931251442,
        1.7952789862502827,
        0.8976394931251415,
        0.0
      ]
    ]
  ],
  "edge_mi": {
    "0,1": 0.40753050381089095,
    "0,3": 0.40753050381089007,
    "0,2": 0.45518278486810637,
    "1,2": 0.4075305038108913,
    "2,3": 0.4075305038108912
  },
  "distance_matrix": [
    [
      0.0,
      0.897639493125142,
      0.7870562157162152,
      0.8976394931251442
    ],
    [
      0.897639493125142,
      0.0,
      0.8976394931251412,
      1.053323216028686
    ],
    [
      0.7870562157162152,
      0.8976394931251412,
      0.0,
      0.8976394931251415
    ],
    [
      0.8976394931251442,
      1.053323216028686,
      0.8976394931251415,
      0.0
    ]
  ],
  "shortest_paths": {
    "0": {
      "0": 0,
      "2": 0.7870562157162152,
      "1": 0.897639493125142,
      "3": 0.8976394931251442
    },
    "1": {
      "1": 0,
      "2": 0.8976394931251412,
      "0": 0.897639493125142,
      "3": 1.053323216028686
    },
    "2": {
      "2": 0,
      "0": 0.7870562157162152,
      "1": 0.8976394931251412,
      "3": 0.8976394931251415
    },
    "3": {
      "3": 0,
      "2": 0.8976394931251415,
      "0": 0.8976394931251442,
      "1": 1.053323216028686
    }
  },
  "gromov_delta": 0.5266616080143443,
  "mean_distance": 0.6788671755306839,
  "angle_sums": [
    5.729527089959864,
    7.236371840482962,
    5.7295270899598725,
    7.23637184048293
  ],
  "mean_angle_sum": 6.482949465221408,
  "min_angle_sum": 5.729527089959864,
  "max_angle_sum": 7.236371840482962,
  "angle_sum_deviations": [
    2.5879344363700705,
    4.094779186893168,
    2.5879344363700794,
    4.0947791868931365
  ],
  "triangle_inequality_violations": [],
  "embedding_coords": [
    [
      0.17461262931435526,
      0.22408867892027767
    ],
    [
      -0.20155215775663943,
      0.1387198356663841
    ],
    [
      0.20581251576841256,
      -0.1960412363294246
    ],
    [
      -0.17887298732612833,
      -0.16676727825723717
    ]
  ],
  "embedding_coords_3d": [
    [
      -0.24083212965200204,
      0.14194064091719277,
      0.06425433145822049
    ],
    [
      0.09079920176693512,
      0.0635963155820218,
      -0.22224379480694254
    ],
    [
      -0.04385394639442873,
      -0.28251342147538544,
      0.023213777105456673
    ],
    [
      0.19388687427949564,
      0.07697646497617089,
      0.13477568624326539
    ]
  ],
  "edge_weight_variance": 0.020883614722222218,
  "event_nodes": [
    [
      0,
      0
    ],
    [
      1,
      0
    ],
    [
      2,
      0
    ],
    [
      3,
      0
    ],
    [
      0,
      1
    ],
    [
      1,
      1
    ],
    [
      2,
      1
    ],
    [
      3,
      1
    ]
  ],
  "event_edges": [
    {
      "type": "spatial",
      "from": [
        0,
        0
      ],
      "to": [
        1,
        0
      ],
      "weight": 1.9791228295027155
    },
    {
      "type": "spatial",
      "from": [
        0,
        0
      ],
      "to": [
        2,
        0
      ],
      "weight": 1.8555067751360244
    },
    {
      "type": "spatial",
      "from": [
        0,
        0
      ],
      "to": [
        3,
        0
      ],
      "weight": 1.9791228295027081
    },
    {
      "type": "spatial",
      "from": [
        1,
        0
      ],
      "to": [
        2,
        0
      ],
      "weight": 1.9791228295026966
    },
    {
      "type": "spatial",
      "from": [
        1,
        0
      ],
      "to": [
        3,
        0
      ],
      "weight": 3.958245659005401
    },
    {
      "type": "spatial",
      "from": [
        2,
        0
      ],
      "to": [
        3,
        0
      ],
      "weight": 1.9791228295027044
    },
    {
      "type": "temporal",
      "from": [
        0,
        0
      ],
      "to": [
        0,
        1
      ],
      "weight": 1.0
    },
    {
      "type": "temporal",
      "from": [
        1,
        0
      ],
      "to": [
        1,
        1
      ],
      "weight": 1.0
    },
    {
      "type": "temporal",
      "from": [
        2,
        0
      ],
      "to": [
        2,
        1
      ],
      "weight": 1.0
    },
    {
      "type": "temporal",
      "from": [
        3,
        0
      ],
      "to": [
        3,
        1
      ],
      "weight": 1.0
    },
    {
      "type": "spatial",
      "from": [
        0,
        1
      ],
      "to": [
        1,
        1
      ],
      "weight": 0.897639493125142
    },
    {
      "type": "spatial",
      "from": [
        0,
        1
      ],
      "to": [
        2,
        1
      ],
      "weight": 0.7870562157162152
    },
    {
      "type": "spatial",
      "from": [
        0,
        1
      ],
      "to": [
        3,
        1
      ],
      "weight": 0.8976394931251442
    },
    {
      "type": "spatial",
      "from": [
        1,
        1
      ],
      "to": [
        2,
        1
      ],
      "weight": 0.8976394931251412
    },
    {
      "type": "spatial",
      "from": [
        1,
        1
      ],
      "to": [
        3,
        1
      ],
      "weight": 1.7952789862502827
    },
    {
      "type": "spatial",
      "from": [
        2,
        1
      ],
      "to": [
        3,
        1
      ],
      "weight": 0.8976394931251415
    }
  ],
  "lorentzian_dissimilarity": [
    [
      0.0,
      3.9169271742588343,
      3.442905392575689,
      3.9169271742588054,
      -1.0,
      2.9169271742588343,
      2.442905392575689,
      2.9169271742588054
    ],
    [
      3.9169271742588343,
      0.0,
      3.9169271742587597,
      15.667708697035103,
      2.9169271742588343,
      -1.0,
      2.9169271742587597,
      14.667708697035103
    ],
    [
      3.442905392575689,
      3.9169271742587597,
      0.0,
      3.9169271742587903,
      2.442905392575689,
      2.9169271742587597,
      -1.0,
      2.9169271742587903
    ],
    [
      3.9169271742588054,
      15.667708697035103,
      3.9169271742587903,
      0.0,
      2.9169271742588054,
      14.667708697035103,
      2.9169271742587903,
      -1.0
    ],
    [
      -1.0,
      2.9169271742588343,
      2.442905392575689,
      2.9169271742588054,
      0.0,
      0.8057566596179618,
      0.6194574866975294,
      0.8057566596179658
    ],
    [
      2.9169271742588343,
      -1.0,
      2.9169271742587597,
      14.667708697035103,
      0.8057566596179618,
      0.0,
      0.8057566596179605,
      3.223026638471843
    ],
    [
      2.442905392575689,
      2.9169271742587597,
      -1.0,
      2.9169271742587903,
      0.6194574866975294,
      0.8057566596179605,
      0.0,
      0.8057566596179608
    ],
    [
      2.9169271742588054,
      14.667708697035103,
      2.9169271742587903,
      -1.0,
      0.8057566596179658,
      3.223026638471843,
      0.8057566596179608,
      0.0
    ]
  ],
  "lorentzian_embedding": [
    [
      0.40437749101325415,
      0.677480232262232,
      0.3459956306703253
    ],
    [
      -0.21706469992328306,
      -1.4239349412858608,
      0.12743853561309607
    ],
    [
      0.5738222987134276,
      0.4532832040131014,
      -1.3332307430763628
    ],
    [
      1.1382922455983173,
      2.630018529495173,
      -0.5506055747834305
    ],
    [
      0.46048432706930276,
      0.6030987083279944,
      -0.21117867378355978
    ],
    [
      1.6923396691802755,
      -1.0584346315255353,
      -1.0539059648780837
    ],
    [
      0.5305926647855657,
      0.5105350174293799,
      -0.9044230266732411
    ],
    [
      -0.5828458153189948,
      2.015474301665937,
      -1.2346767026553749
    ]
  ],
  "edge_length_evolution": [],
  "angle_deficit_evolution": [],
  "regge_action_evolution": [],
  "gromov_delta_evolution": [],
  "mass_hinge": null,
  "mass_value": 0.0,
  "matter": [
    {
      "(0, 1)": 0.0,
      "(1, 2)": 0.0,
      "(0, 3)": 0.0,
      "(2, 3)": 0.0,
      "(0, 2)": 0.0,
      "(1, 3)": 0.0
    },
    {
      "(0, 1)": 0.0,
      "(1, 2)": 0.0,
      "(0, 3)": 0.0,
      "(2, 3)": 0.0,
      "(0, 2)": 0.0,
      "(1, 3)": 0.0
    }
  ],
  "stationary_solution": null,
  "einstein_analysis_per_timestep": [
    {
      "ricci_tensor": [
        [
          0.047828898337240314,
          0.0
        ],
        [
          0.0,
          0.047828898337240314
        ]
      ],
      "metric_tensor": [
        [
          1.009565779667448,
          0.004782889833724032
        ],
        [
          0.004782889833724032,
          1.009565779667448
        ]
      ],
      "stress_energy_tensor": [
        [
          0.047828898337240314,
          0.0009565779667448063
        ],
        [
          0.0009565779667448063,
          0.047828898337240314
        ]
      ],
      "einstein_solution": {
        "einstein_tensor": [
          [
            0.0,
            0.0
          ],
          [
            0.0,
            0.0
          ]
        ],
        "ricci_scalar": 0.09565779667448063,
        "metric_tensor": [
          [
            1.0,
            0.0
          ],
          [
            0.0,
            1.0
          ]
        ],
        "lhs": [
          [
            0.0,
            0.0
          ],
          [
            0.0,
            0.0
          ]
        ],
        "rhs": [
          [
            0.047828898337240314,
            0.0009565779667448063
          ],
          [
            0.0009565779667448063,
            0.047828898337240314
          ]
        ],
        "equations_satisfied": false,
        "residual": 0.06765380340469457,
        "conservation_violation": 0.047828898337240314,
        "gravitational_constant": 0.039788735772973836,
        "cosmological_constant": 0.0
      },
      "entropy_first_derivative": 0.0,
      "entropy_second_derivative": 0.0,
      "entropy_curvature_correlation": 0.06764027170188959,
      "emergent_gravitational_constant": 0.00761220559301153,
      "average_mutual_information": 0.09565779667448063,
      "ricci_scalar": 0.09565779667448063,
      "analysis_summary": {
        "einstein_equations_satisfied": false,
        "residual_magnitude": 0.06765380340469457,
        "conservation_violation": 0.047828898337240314,
        "entropy_evolution_rate": 0.0,
        "entropy_acceleration": 0.0,
        "entanglement_curvature_coupling": 0.06764027170188959
      }
    },
    {
      "ricci_tensor": [
        [
          0.15213009754139417,
          0.0
        ],
        [
          0.0,
          0.15213009754139417
        ]
      ],
      "metric_tensor": [
        [
          1.0304260195082788,
          0.015213009754139417
        ],
        [
          0.015213009754139417,
          1.0304260195082788
        ]
      ],
      "stress_energy_tensor": [
        [
          0.15213009754139417,
          0.0030426019508278837
        ],
        [
          0.0030426019508278837,
          0.15213009754139417
        ]
      ],
      "einstein_solution": {
        "einstein_tensor": [
          [
            0.0,
            0.0
          ],
          [
            0.0,
            0.0
          ]
        ],
        "ricci_scalar": 0.30426019508278834,
        "metric_tensor": [
          [
            1.0,
            0.0
          ],
          [
            0.0,
            1.0
          ]
        ],
        "lhs": [
          [
            0.0,
            0.0
          ],
          [
            0.0,
            0.0
          ]
        ],
        "rhs": [
          [
            0.15213009754139417,
            0.0030426019508278837
          ],
          [
            0.0030426019508278837,
            0.15213009754139417
          ]
        ],
        "equations_satisfied": false,
        "residual": 0.21518747177559053,
        "conservation_violation": 0.15213009754139417,
        "gravitational_constant": 0.039788735772973836,
        "cosmological_constant": 0.0
      },
      "entropy_first_derivative": 0.0,
      "entropy_second_derivative": 0.0,
      "entropy_curvature_correlation": 0.2151444421881816,
      "emergent_gravitational_constant": 0.024212257016765076,
      "average_mutual_information": 0.30426019508278834,
      "ricci_scalar": 0.30426019508278834,
      "analysis_summary": {
        "einstein_equations_satisfied": false,
        "residual_magnitude": 0.21518747177559053,
        "conservation_violation": 0.15213009754139417,
        "entropy_evolution_rate": 0.0,
        "entropy_acceleration": 0.0,
        "entanglement_curvature_coupling": 0.2151444421881816
      }
    }
  ],
  "bootstrap_analysis": {
    "gromov_delta": {
      "mean": 1.4383811613139235,
      "lower_ci": 0.8976394931251426,
      "upper_ci": 1.9791228295027044,
      "all_values": [
        1.9791228295027044,
        0.8976394931251426
      ],
      "uncertainty": 0.5407416681887809
    },
    "entropy": {
      "mean": null,
      "lower_ci": null,
      "upper_ci": null,
      "uncertainty": null
    },
    "distance_matrix": {
      "mean": [
        [
          0.0,
          1.4383811613139288,
          1.3212814954261198,
          1.4383811613139261
        ],
        [
          1.4383811613139288,
          0.0,
          1.4383811613139188,
          2.876762322627842
        ],
        [
          1.3212814954261198,
          1.4383811613139188,
          0.0,
          1.4383811613139228
        ],
        [
          1.4383811613139261,
          2.876762322627842,
          1.4383811613139228,
          0.0
        ]
      ],
      "lower_ci": [
        [
          0.0,
          0.897639493125142,
          0.7870562157162152,
          0.8976394931251442
        ],
        [
          0.897639493125142,
          0.0,
          0.8976394931251412,
          1.7952789862502827
        ],
        [
          0.7870562157162152,
          0.8976394931251412,
          0.0,
          0.8976394931251415
        ],
        [
          0.8976394931251442,
          1.7952789862502827,
          0.8976394931251415,
          0.0
        ]
      ],
      "upper_ci": [
        [
          0.0,
          1.9791228295027155,
          1.8555067751360244,
          1.9791228295027081
        ],
        [
          1.9791228295027155,
          0.0,
          1.9791228295026966,
          3.958245659005401
        ],
        [
          1.8555067751360244,
          1.9791228295026966,
          0.0,
          1.9791228295027044
        ],
        [
          1.9791228295027081,
          3.958245659005401,
          1.9791228295027044,
          0.0
        ]
      ]
    }
  },
  "topology_compatibility": {
    "current_topology": "triangulated",
    "explanation": "Triangulated topology is specifically designed for angle-sum curvature. Creates multiple triangles per vertex, enabling robust local curvature measurements. Each vertex has multiple incident triangles for well-defined angle sums.",
    "supports_local_curvature": true
  },
  "rt_surface_analysis": {
    "region_A": [
      0
    ],
    "region_B": [
      1,
      2,
      3
    ],
    "bulk_point": 2,
    "is_complementary": true,
    "rt_area_AB": 2.5823352019665013,
    "rt_area_BA": 2.5823352019665013,
    "area_consistent": true,
    "edges_consistent": true,
    "area_difference": 0.0,
    "rt_edges_AB": [
      [
        0,
        1
      ],
      [
        0,
        2
      ],
      [
        0,
        3
      ]
    ],
    "rt_edges_BA": [
      [
        0,
        1
      ],
      [
        0,
        2
      ],
      [
        0,
        3
      ]
    ],
    "edge_lengths": [
      0.897639493125142,
      0.7870562157162152,
      0.8976394931251442,
      0.8976394931251412,
      1.7952789862502827,
      0.8976394931251415
    ],
    "all_edges": [
      [
        0,
        1
      ],
      [
        0,
        2
      ],
      [
        0,
        3
      ],
      [
        1,
        2
      ],
      [
        1,
        3
      ],
      [
        2,
        3
      ]
    ]
  },
  "bulk_excitation_analysis": {
    "ground_state_mi": [
      [
        0.0,
        0.40753050381089095,
        0.4551827848681066,
        0.40753050381089007
      ],
      [
        0.40753050381089095,
        0.0,
        0.4075305038108913,
        0.3487767605506369
      ],
      [
        0.4551827848681066,
        0.4075305038108913,
        0.0,
        0.4075305038108912
      ],
      [
        0.40753050381089007,
        0.3487767605506369,
        0.4075305038108912,
        0.0
      ]
    ],
    "excited_state_mi": [
      [
        0.0,
        0.5086680221279299,
        0.40000623384316747,
        0.508668022127929
      ],
      [
        0.5086680221279299,
        0.0,
        0.5089592322220999,
        0.45870505301000963
      ],
      [
        0.40000623384316747,
        0.5089592322220999,
        0.0,
        0.5089592322221015
      ],
      [
        0.508668022127929,
        0.45870505301000963,
        0.5089592322221015,
        0.0
      ]
    ],
    "mi_difference": [
      [
        0.0,
        0.10113751831703899,
        -0.055176551024939124,
        0.10113751831703899
      ],
      [
        0.10113751831703899,
        0.0,
        0.10142872841120865,
        0.10992829245937275
      ],
      [
        -0.055176551024939124,
        0.10142872841120865,
        0.0,
        0.10142872841121031
      ],
      [
        0.10113751831703899,
        0.10992829245937275,
        0.10142872841121031,
        0.0
      ]
    ],
    "avg_mi_change": 0.0712796671176011,
    "max_mi_change": 0.10992829245937275,
    "mi_change_boundary_A": NaN,
    "mi_change_boundary_B": 0.1042619164272639,
    "bulk_point": 2,
    "ground_state_counts": {
      "1001 1001": 6,
      "1010 1010": 1,
      "1110 1110": 4,
      "0101 0101": 1,
      "0000 0000": 41,
      "0100 0100": 1,
      "1101 1101": 4,
      "0110 0110": 4,
      "1000 1000": 5,
      "1111 1111": 7,
      "0011 0011": 2,
      "1100 1100": 4,
      "0010 0010": 12,
      "1011 1011": 4,
      "0111 0111": 4
    },
    "excited_state_counts": {
      "1101 0111": 1,
      "1100 0110": 3,
      "1101 0011": 1,
      "0000 1110": 1,
      "1100 0010": 5,
      "0010 1110": 1,
      "1110 0000": 15,
      "0110 0000": 1,
      "0110 1000": 2,
      "1000 0110": 3,
      "0110 1100": 2,
      "1000 0000": 4,
      "0010 1000": 4,
      "1010 0000": 13,
      "0011 1001": 3,
      "0011 1101": 2,
      "1110 0100": 1,
      "0111 1001": 2,
      "1000 0010": 7,
      "0010 0110": 1,
      "1001 0111": 3,
      "0010 1100": 2,
      "1110 0110": 2,
      "0001 1111": 1,
      "0010 0000": 3,
      "0111 1101": 3,
      "1110 0010": 1,
      "1100 0000": 3,
      "0101 1011": 2,
      "1010 0010": 1,
      "1010 0100": 1,
      "1111 0101": 1,
      "0000 1000": 1,
      "0001 1011": 1,
      "0101 1111": 1,
      "1101 1011": 1,
      "0101 1101": 1
    },
    "boundary_entropies": {
      "ground_state": {
        "entropy_A": 0.617818656328189,
        "entropy_B": 0.6178186563281886,
        "mi_AB": 1.235637312656356
      },
      "excited_state": {
        "entropy_A": 0.7005166831174309,
        "entropy_B": 0.7005166831174291,
        "mi_AB": 1.401033366234843
      },
      "rt_relation_test": {
        "entropy_ratio": 0.9999999999999993,
        "rt_area_ratio": 1.0,
        "rt_deviation": 6.661338147750939e-16,
        "excited_entropy_ratio": 0.9999999999999974,
        "rt_relation_change": 1.887379141862766e-15
      }
    }
  },
  "page_curve_analysis": null,
  "deutsch_ctc_analysis": null,
  "ctc_recovery_analysis": null,
  "einstein_analysis": null,
  "dynamic_evidence": {
    "angle_sums_per_timestep": [
      [
        9.42477796076938,
        3.1415929912029967,
        9.42477796076938,
        0.0
      ],
      [
        5.729527089959864,
        3.141592653589793,
        5.7295270899598725,
        0.0
      ]
    ],
    "gromov_delta_per_timestep": [
      1.9791228295027044,
      0.8976394931251426
    ],
    "edge_mi_per_timestep": [
      {
        "0,1": 0.13819040070515304,
        "0,3": 0.13819040070515404,
        "0,2": 0.1563736763004595,
        "1,2": 0.13819040070515562,
        "2,3": 0.13819040070515456
      },
      {
        "0,1": 0.40753050381089095,
        "0,3": 0.40753050381089007,
        "0,2": 0.45518278486810637,
        "1,2": 0.4075305038108913,
        "2,3": 0.4075305038108912
      }
    ],
    "shortest_paths_per_timestep": [
      {
        "0": {
          "0": 0,
          "2": 1.8555067751360244,
          "3": 1.9791228295027081,
          "1": 1.9791228295027155
        },
        "1": {
          "1": 0,
          "2": 1.9791228295026966,
          "0": 1.9791228295027155,
          "3": 3.958245659005401
        },
        "2": {
          "2": 0,
          "0": 1.8555067751360244,
          "1": 1.9791228295026966,
          "3": 1.9791228295027044
        },
        "3": {
          "3": 0,
          "2": 1.9791228295027044,
          "0": 1.9791228295027081,
          "1": 3.958245659005401
        }
      },
      {
        "0": {
          "0": 0,
          "2": 0.7870562157162152,
          "1": 0.897639493125142,
          "3": 0.8976394931251442
        },
        "1": {
          "1": 0,
          "2": 0.8976394931251412,
          "0": 0.897639493125142,
          "3": 1.7952789862502827
        },
        "2": {
          "2": 0,
          "0": 0.7870562157162152,
          "1": 0.8976394931251412,
          "3": 0.8976394931251415
        },
        "3": {
          "3": 0,
          "2": 0.8976394931251415,
          "0": 0.8976394931251442,
          "1": 1.7952789862502827
        }
      }
    ],
    "mean_distance_per_timestep": [
      1.7162804690190312,
      0.7716116468083833
    ],
    "triangle_violations_per_timestep": [
      0,
      0
    ],
    "embedding_coords_per_timestep": [
      [
        [
          0.06189725099997413,
          0.2748519572453201
        ],
        [
          -0.04228836464719866,
          0.0003464337427044986
        ],
        [
          -0.10018235448799609,
          -0.2694758482008766
        ],
        [
          0.08057346813522062,
          -0.0057225427871479915
        ]
      ],
      [
        [
          0.16308417648849938,
          0.1974836192901283
        ],
        [
          -0.22901313143563762,
          -0.04946501098135784
        ],
        [
          0.2431201835736639,
          -0.20147297274909978
        ],
        [
          -0.17719122862652573,
          0.053454364440329284
        ]
      ]
    ],
    "regge_evolution_data": null,
    "evolution_summary": {
      "total_timesteps": 2,
      "gromov_delta_range": [
        0.8976394931251426,
        1.9791228295027044
      ],
      "mean_distance_range": [
        0.7716116468083833,
        1.7162804690190312
      ],
      "total_triangle_violations": 0,
      "hyperbolic_evolution": [
        false,
        false
      ],
      "regge_corrected": false
    }
  },
  "quantum_state_outputs": [
    {
      "timestep": 1,
      "statevector": [
        {
          "real": -0.10875385134405963,
          "imag": -0.6608262968329386
        },
        {
          "real": -0.1015714235806055,
          "imag": -0.24316490533255675
        },
        {
          "real": -0.24133282308565557,
          "imag": -0.2076277720104034
        },
        {
          "real": -0.16930374151629354,
          "imag": 0.017351332591368115
        },
        {
          "real": -0.1015714235806055,
          "imag": -0.2431649053325569
        },
        {
          "real": -0.14709865540966208,
          "imag": -0.06181201862591918
        },
        {
          "real": -0.16930374151629365,
          "imag": 0.017351332591368104
        },
        {
          "real": -0.0005951204956480521,
          "imag": 0.10224919168783866
        },
        {
          "real": -0.24133282308565562,
          "imag": -0.20762777201040322
        },
        {
          "real": -0.16930374151629368,
          "imag": 0.017351332591368104
        },
        {
          "real": -0.15268818352428862,
          "imag": -0.010068673537518466
        },
        {
          "real": -0.019055964470158056,
          "imag": 0.10106372537338679
        },
        {
          "real": -0.16930374151629352,
          "imag": 0.01735133259136813
        },
        {
          "real": -0.0005951204956480534,
          "imag": 0.10224919168783864
        },
        {
          "real": -0.019055964470158036,
          "imag": 0.10106372537338677
        },
        {
          "real": 0.05246267779955559,
          "imag": -0.018378194954434254
        }
      ],
      "mutual_information_matrix": [
        [
          0.0,
          0.13819040070515304,
          0.1563736763004595,
          0.13819040070515404
        ],
        [
          0.13819040070515304,
          0.0,
          0.13819040070515562,
          0.05612709427476825
        ],
        [
          0.1563736763004595,
          0.13819040070515562,
          0.0,
          0.13819040070515456
        ],
        [
          0.13819040070515404,
          0.05612709427476825,
          0.13819040070515456,
          0.0
        ]
      ],
      "circuit_depth": 42,
      "num_gates": 77
    },
    {
      "timestep": 2,
      "statevector": [
        {
          "real": -0.5517981277133978,
          "imag": 0.32107680893114776
        },
        {
          "real": -0.11234538736926264,
          "imag": 0.021232848803795494
        },
        {
          "real": -0.26692168086987034,
          "imag": 0.1886877620366313
        },
        {
          "real": -0.12275487905312972,
          "imag": 0.10976679814449633
        },
        {
          "real": -0.11234538736926257,
          "imag": 0.021232848803795334
        },
        {
          "real": -0.040967603390971365,
          "imag": -0.09197644061503246
        },
        {
          "real": -0.12275487905312978,
          "imag": 0.10976679814449618
        },
        {
          "real": 0.029846422321534068,
          "imag": 0.2080463813158166
        },
        {
          "real": -0.26692168086987045,
          "imag": 0.18868776203663146
        },
        {
          "real": -0.12275487905312975,
          "imag": 0.1097667981444963
        },
        {
          "real": -0.07083739248708507,
          "imag": 0.0801427601427258
        },
        {
          "real": -0.04511015529746139,
          "imag": 0.20708047334430982
        },
        {
          "real": -0.12275487905312983,
          "imag": 0.10976679814449627
        },
        {
          "real": 0.02984642232153407,
          "imag": 0.20804638131581663
        },
        {
          "real": -0.045110155297461374,
          "imag": 0.20708047334430998
        },
        {
          "real": 0.1548447281877093,
          "imag": -0.14274071149163547
        }
      ],
      "mutual_information_matrix": [
        [
          0.0,
          0.40753050381089095,
          0.45518278486810637,
          0.40753050381089007
        ],
        [
          0.40753050381089095,
          0.0,
          0.4075305038108913,
          0.3487767605506371
        ],
        [
          0.45518278486810637,
          0.4075305038108913,
          0.0,
          0.4075305038108912
        ],
        [
          0.40753050381089007,
          0.3487767605506371,
          0.4075305038108912,
          0.0
        ]
      ],
      "circuit_depth": 82,
      "num_gates": 149
    }
  ],
  "emergent_geometry_teleportation": null,
  "superposition_gravity": null,
  "teleportation_geometry_correlation": null
}