{
  "circuit_info": {
    "num_qubits": 4,
    "control_qubit": 0,
    "phase": 0.0,
    "massive_bulk_params": {
      "mass_hinge": "2",
      "mass_value": 1.0
    },
    "massless_bulk_params": {
      "mass_hinge": "None",
      "mass_value": 0.0
    }
  },
  "execution_info": {
    "device": "simulator",
    "shots": 100,
    "job_id": null,
    "total_shots": 100,
    "unique_states": 15
  },
  "superposition_state": {
    "counts": {
      "0101": 2,
      "1110": 13,
      "1010": 13,
      "1001": 2,
      "1100": 5,
      "0100": 17,
      "1000": 11,
      "0110": 15,
      "0000": 10,
      "0111": 2,
      "1011": 2,
      "0010": 4,
      "0011": 2,
      "0001": 1,
      "1101": 1
    },
    "mutual_information_matrix": [
      [
        0.0,
        3.93552222438644e-05,
        0.007030928784773325,
        0.0011293307220849366
      ],
      [
        3.93552222438644e-05,
        0.0,
        0.004438591048747432,
        0.018908874851903575
      ],
      [
        0.007030928784773325,
        0.004438591048747432,
        0.0,
        0.05552714204302346
      ],
      [
        0.0011293307220849366,
        0.018908874851903575,
        0.05552714204302346,
        0.0
      ]
    ]
  },
  "bulk_reconstruction": {
    "method": "mi_embedding",
    "num_qubits": 4,
    "mi_matrix": [
      [
        0.0,
        3.93552222438644e-05,
        0.007030928784773325,
        0.0011293307220849366
      ],
      [
        3.93552222438644e-05,
        0.0,
        0.004438591048747432,
        0.018908874851903575
      ],
      [
        0.007030928784773325,
        0.004438591048747432,
        0.0,
        0.05552714204302346
      ],
      [
        0.0011293307220849366,
        0.018908874851903575,
        0.05552714204302346,
        0.0
      ]
    ],
    "mds_embedding": {
      "coordinates_3d": [
        [
          0.29619609587713197,
          0.5265341878919038,
          0.1289761279610046
        ],
        [
          0.20052622522748173,
          -0.21572207875580374,
          -0.5360564295345005
        ],
        [
          -0.5862705025225932,
          0.09515083518360451,
          -0.012309363497893902
        ],
        [
          0.08954818141989143,
          -0.4059629443189645,
          0.41938966507172
        ]
      ],
      "stress": 2.0000041861693605,
      "embedding_quality": "poor"
    }
  },
  "classical_comparison": {
    "massive": {
      "error": "'Cannot apply instruction with classical bits: measure'"
    },
    "massless": {
      "error": "'Cannot apply instruction with classical bits: measure'"
    }
  },
  "interference_analysis": {
    "interference_detected": false,
    "interference_strength": 0.0,
    "quantum_effects": [],
    "classical_vs_quantum_differences": {}
  }
}