{
  "spec": {
    "num_qubits": 4,
    "topology": "triangulated",
    "custom_edges": "0-1:1.0000,0-2:1.0000,0-3:1.0000,1-2:1.0000,1-3:1.0000,2-3:1.0000",
    "alpha": 0.8,
    "weight": 1.729244206191538,
    "gamma": -3.7425079207706354e-11,
    "sigma": -7.929702462490997e-08,
    "init_angle": 0.626245697299358,
    "init_angles": null,
    "shots": 500,
    "device": "ibm_brisbane",
    "geometry": "spherical",
    "curvature": 4.5,
    "timesteps": 3,
    "dimension": 2,
    "mass_hinge": null,
    "mass_value": 0.0,
    "solve_regge": false,
    "lorentzian": true,
    "excite": true,
    "fast": false,
    "fast_preset": "balanced",
    "ctc_mode": false,
    "ctc_perturbation": null,
    "ctc_perturbation_strength": 1.0,
    "test_ctc_recovery": false,
    "strong_curvature": true,
    "charge_injection": true,
    "charge_strength": 2.5,
    "charge_location": null,
    "spin_injection": true,
    "spin_strength": 2.0,
    "spin_location": null,
    "edge_floor": 0.001,
    "compute_entropies": true,
    "hyperbolic_triangulation": true,
    "trotter_steps": 8,
    "dt": 0.05,
    "analyze_curvature": true,
    "einstein_solver": true,
    "page_curve": true,
    "radiation_ordering": null,
    "page_curve_timesteps": 15,
    "entropy_method": "hybrid",
    "num_shadows": 100,
    "shots_per_shadow": 1000,
    "num_bases": 20,
    "shots_per_basis": 1000,
    "enhanced_entanglement": false,
    "entanglement_strength": -3.769853657805897e-11,
    "interpolate_geometry": false,
    "smooth_charge_injection": false,
    "min_qubits_for_continuum": 10,
    "benchmark_against_classical_geometry": false,
    "geometry_fit_metric": "wasserstein,kl,euclidean",
    "verify_noise_robustness": false,
    "run_on_multiple_backends": false,
    "detect_and_flag_causal_loops": true,
    "restrict_information_flow_direction": "bidirectional",
    "filter_noncausal_edges": true,
    "use_ryu_takayanagi_test": true,
    "compare_MI_vs_subsystem_entropy": true,
    "embed_boundary_entropy_in_geometry": true,
    "entropy_engineering": true,
    "target_entropy_pattern": "quantum_gravity",
    "custom_target_entropies": null,
    "entropy_optimization_iterations": 200,
    "entropy_tolerance": 0.05,
    "continue_on_engineering_failure": true,
    "skip_entropy_engineering": false,
    "validate_engineered_geometry": true,
    "enhance_bell_violations": true,
    "bell_entanglement_strength": 4.0,
    "teleportation_circuits": true,
    "long_range_coupling": 3.0,
    "holographic_optimization": true,
    "rt_surface_encoding": true,
    "conformal_symmetry": true,
    "bulk_reconstruction": true,
    "scalable_entanglement": true,
    "parallel_execution": true,
    "memory_optimization": true,
    "circuit_compilation": "optimized",
    "real_hardware": false,
    "error_mitigation": true,
    "zero_noise_extrapolation": true,
    "zne_noise_factors": [
      1.0,
      2.0,
      3.0
    ],
    "zne_extrapolation_method": "polynomial",
    "hardware_calibration": true,
    "noise_characterization": true,
    "backend_name": "ibm_brisbane",
    "quantum_mode": true,
    "quantum_entanglement_strength": 5.0,
    "quantum_circuit_depth": 12,
    "geometric_teleportation": false,
    "teleportation_mode": "both",
    "bridge_strength": 1.0,
    "signal_state": "+",
    "emergent_geometry_teleportation": false,
    "teleportation_node_pairs": "auto",
    "teleportation_embedding_dim": 2,
    "teleportation_fidelity_threshold": 0.7,
    "superposition_gravity": true,
    "massive_bulk_mass_hinge": "2",
    "massive_bulk_mass_value": 1.0,
    "massless_bulk_mass_hinge": "None",
    "massless_bulk_mass_value": 0.0,
    "superposition_control_qubit": 0,
    "superposition_phase": 0.0,
    "interference_analysis": true,
    "classical_mixture_comparison": true,
    "coherence_preservation": true,
    "bulk_reconstruction_method": "mi_embedding"
  },
  "uid": "2B1DE4",
  "counts_per_timestep": [
    {
      "1111": 36,
      "0010": 30,
      "0011": 43,
      "1010": 47,
      "0100": 25,
      "0001": 32,
      "0110": 33,
      "0111": 27,
      "1001": 34,
      "1011": 30,
      "1101": 22,
      "0000": 36,
      "1000": 40,
      "0101": 21,
      "1100": 26,
      "1110": 18
    },
    {
      "1000": 30,
      "0011": 23,
      "0001": 36,
      "1111": 25,
      "1101": 36,
      "0010": 25,
      "1011": 26,
      "0000": 37,
      "0110": 38,
      "0101": 33,
      "1010": 21,
      "1110": 34,
      "0111": 39,
      "0100": 33,
      "1100": 34,
      "1001": 30
    },
    {
      "1101": 33,
      "0010": 35,
      "1100": 30,
      "1111": 34,
      "0011": 27,
      "0001": 21,
      "0101": 29,
      "0000": 37,
      "1010": 35,
      "0111": 24,
      "1000": 25,
      "0100": 26,
      "1011": 38,
      "1110": 32,
      "1001": 31,
      "0110": 43
    }
  ],
  "job_ids_per_timestep": [
    "d27ta9056fsc73e6bjp0",
    "d27taa856fsc73e6bjqg",
    "d27tabjoctts738jlqug"
  ],
  "entropy_per_timestep": [
    3.95487713636805,
    3.9767601636103596,
    3.9765347317863555
  ],
  "mutual_information_per_timestep": [
    {
      "I_0,1": 0.0014166635611990198,
      "I_0,2": 0.0005484047622205529,
      "I_0,3": 0.00012426091941235545,
      "I_1,2": 0.0005764361967644759,
      "I_1,3": 0.00021438833305068017,
      "I_2,3": 0.00034745881792108083
    },
    {
      "I_0,1": 0.0014166635611990198,
      "I_0,2": 0.0005484047622205529,
      "I_0,3": 0.00012426091941235545,
      "I_1,2": 0.0005764361967644759,
      "I_1,3": 0.00021438833305068017,
      "I_2,3": 0.00034745881792108083
    },
    {
      "I_0,1": 0.0014166635611990198,
      "I_0,2": 0.0005484047622205529,
      "I_0,3": 0.00012426091941235545,
      "I_1,2": 0.0005764361967644759,
      "I_1,3": 0.00021438833305068017,
      "I_2,3": 0.00034745881792108083
    }
  ],
  "boundary_entropies_per_timestep": [
    {
      "entropy_A": -0.0,
      "entropy_B": -0.0,
      "mi_AB": 0.0,
      "pure_state_check": true,
      "entropy_difference": 0.0,
      "multiple_regions": {
        "size_1_region_0": {
          "region": [
            0
          ],
          "entropy": 0.6930751788318458,
          "rt_area": 3,
          "size": 1
        },
        "size_1_region_1": {
          "region": [
            1
          ],
          "entropy": 0.678968036741767,
          "rt_area": 3,
          "size": 1
        },
        "size_2_region_0": {
          "region": [
            0,
            1
          ],
          "entropy": 0.5948323344009641,
          "rt_area": 4,
          "size": 2
        },
        "size_2_region_1": {
          "region": [
            0,
            2
          ],
          "entropy": 0.5368484029613974,
          "rt_area": 4,
          "size": 2
        },
        "size_3_region_0": {
          "region": [
            0,
            1,
            2
          ],
          "entropy": 0.39763534227532993,
          "rt_area": 3,
          "size": 3
        },
        "size_3_region_1": {
          "region": [
            0,
            1,
            3
          ],
          "entropy": 0.39017101687555217,
          "rt_area": 3,
          "size": 3
        }
      }
    },
    {
      "entropy_A": -0.0,
      "entropy_B": -0.0,
      "mi_AB": 0.0,
      "pure_state_check": true,
      "entropy_difference": 0.0,
      "multiple_regions": {
        "size_1_region_0": {
          "region": [
            0
          ],
          "entropy": 0.6915783599888489,
          "rt_area": 3,
          "size": 1
        },
        "size_1_region_1": {
          "region": [
            1
          ],
          "entropy": 0.6892701675539441,
          "rt_area": 3,
          "size": 1
        },
        "size_2_region_0": {
          "region": [
            0,
            1
          ],
          "entropy": 0.5533743429353012,
          "rt_area": 4,
          "size": 2
        },
        "size_2_region_1": {
          "region": [
            0,
            2
          ],
          "entropy": 0.5910544590955195,
          "rt_area": 4,
          "size": 2
        },
        "size_3_region_0": {
          "region": [
            0,
            1,
            2
          ],
          "entropy": 0.41570747271728126,
          "rt_area": 3,
          "size": 3
        },
        "size_3_region_1": {
          "region": [
            0,
            1,
            3
          ],
          "entropy": 0.3748196691868336,
          "rt_area": 3,
          "size": 3
        }
      }
    },
    {
      "entropy_A": -0.0,
      "entropy_B": -0.0,
      "mi_AB": 0.0,
      "pure_state_check": true,
      "entropy_difference": 0.0,
      "multiple_regions": {
        "size_1_region_0": {
          "region": [
            0
          ],
          "entropy": 0.6926350931428009,
          "rt_area": 3,
          "size": 1
        },
        "size_1_region_1": {
          "region": [
            1
          ],
          "entropy": 0.6931391805386118,
          "rt_area": 3,
          "size": 1
        },
        "size_2_region_0": {
          "region": [
            0,
            1
          ],
          "entropy": 0.5510799280869728,
          "rt_area": 4,
          "size": 2
        },
        "size_2_region_1": {
          "region": [
            0,
            2
          ],
          "entropy": 0.5343977389881517,
          "rt_area": 4,
          "size": 2
        },
        "size_3_region_0": {
          "region": [
            0,
            1,
            2
          ],
          "entropy": 0.35887877344212193,
          "rt_area": 3,
          "size": 3
        },
        "size_3_region_1": {
          "region": [
            0,
            1,
            3
          ],
          "entropy": 0.4121587218658618,
          "rt_area": 3,
          "size": 3
        }
      }
    }
  ],
  "distance_matrix_per_timestep": [
    [
      [
        0.0,
        6.559450776811134,
        7.508496926468902,
        8.993127014254576
      ],
      [
        6.559450776811134,
        0.0,
        7.4586458978153445,
        15.42351030737721
      ],
      [
        7.508496926468902,
        7.4586458978153445,
        0.0,
        7.964864409561866
      ],
      [
        8.993127014254576,
        15.42351030737721,
        7.964864409561866,
        0.0
      ]
    ],
    [
      [
        0.0,
        6.559450776811134,
        7.508496926468902,
        8.993127014254576
      ],
      [
        6.559450776811134,
        0.0,
        7.4586458978153445,
        15.42351030737721
      ],
      [
        7.508496926468902,
        7.4586458978153445,
        0.0,
        7.964864409561866
      ],
      [
        8.993127014254576,
        15.42351030737721,
        7.964864409561866,
        0.0
      ]
    ],
    [
      [
        0.0,
        6.559450776811134,
        7.508496926468902,
        8.993127014254576
      ],
      [
        6.559450776811134,
        0.0,
        7.4586458978153445,
        15.42351030737721
      ],
      [
        7.508496926468902,
        7.4586458978153445,
        0.0,
        7.964864409561866
      ],
      [
        8.993127014254576,
        15.42351030737721,
        7.964864409561866,
        0.0
      ]
    ]
  ],
  "edge_mi": {
    "0,1": 0.0014166635611990198,
    "0,3": 0.00012426091941235545,
    "0,2": 0.0005484047622205529,
    "1,2": 0.0005764361967644759,
    "2,3": 0.00034745881792108083
  },
  "distance_matrix": [
    [
      0.0,
      6.559450776811134,
      7.508496926468902,
      8.993127014254576
    ],
    [
      6.559450776811134,
      0.0,
      7.4586458978153445,
      8.447721546989502
    ],
    [
      7.508496926468902,
      7.4586458978153445,
      0.0,
      7.964864409561866
    ],
    [
      8.993127014254576,
      8.447721546989502,
      7.964864409561866,
      0.0
    ]
  ],
  "shortest_paths": {
    "0": {
      "0": 0,
      "1": 6.559450776811134,
      "2": 7.508496926468902,
      "3": 8.993127014254576
    },
    "1": {
      "1": 0,
      "0": 6.559450776811134,
      "2": 7.4586458978153445,
      "3": 8.447721546989502
    },
    "2": {
      "2": 0,
      "1": 7.4586458978153445,
      "0": 7.508496926468902,
      "3": 7.964864409561866
    },
    "3": {
      "3": 0,
      "2": 7.964864409561866,
      "1": 8.447721546989502,
      "0": 8.993127014254576
    }
  },
  "gromov_delta": 5.4406988922164725,
  "mean_distance": 5.866538321487665,
  "angle_sums": [
    3.141592653589793,
    3.141592653589793,
    3.141592653589793,
    3.141592653589793
  ],
  "mean_angle_sum": 3.141592653589793,
  "min_angle_sum": 3.141592653589793,
  "max_angle_sum": 3.141592653589793,
  "angle_sum_deviations": [
    0.0,
    0.0,
    0.0,
    0.0
  ],
  "triangle_inequality_violations": [],
  "embedding_coords": [
    [
      0.03309230786777568,
      0.14424834228488925
    ],
    [
      -0.10142395586067793,
      -0.029315794471829616
    ],
    [
      -0.016906122879588065,
      -0.13195967249747478
    ],
    [
      0.08523777087249033,
      0.017027124684415185
    ]
  ],
  "embedding_coords_3d": [
    [
      -0.02801841199828464,
      0.09047305394052488,
      0.033825874504614016
    ],
    [
      0.021403807207851736,
      -0.03872420498024769,
      -0.06605382224005166
    ],
    [
      -0.0920889807336278,
      0.08045584671540225,
      -0.06393242153285125
    ],
    [
      0.09870358552406068,
      -0.1322046956756794,
      0.0961603692682889
    ]
  ],
  "edge_weight_variance": 0.0,
  "event_nodes": [
    [
      0,
      0
    ],
    [
      1,
      0
    ],
    [
      2,
      0
    ],
    [
      3,
      0
    ],
    [
      0,
      1
    ],
    [
      1,
      1
    ],
    [
      2,
      1
    ],
    [
      3,
      1
    ],
    [
      0,
      2
    ],
    [
      1,
      2
    ],
    [
      2,
      2
    ],
    [
      3,
      2
    ]
  ],
  "event_edges": [
    {
      "type": "spatial",
      "from": [
        0,
        0
      ],
      "to": [
        1,
        0
      ],
      "weight": 6.559450776811134
    },
    {
      "type": "spatial",
      "from": [
        0,
        0
      ],
      "to": [
        2,
        0
      ],
      "weight": 7.508496926468902
    },
    {
      "type": "spatial",
      "from": [
        0,
        0
      ],
      "to": [
        3,
        0
      ],
      "weight": 8.993127014254576
    },
    {
      "type": "spatial",
      "from": [
        1,
        0
      ],
      "to": [
        2,
        0
      ],
      "weight": 7.4586458978153445
    },
    {
      "type": "spatial",
      "from": [
        1,
        0
      ],
      "to": [
        3,
        0
      ],
      "weight": 15.42351030737721
    },
    {
      "type": "spatial",
      "from": [
        2,
        0
      ],
      "to": [
        3,
        0
      ],
      "weight": 7.964864409561866
    },
    {
      "type": "temporal",
      "from": [
        0,
        0
      ],
      "to": [
        0,
        1
      ],
      "weight": 1.0
    },
    {
      "type": "temporal",
      "from": [
        1,
        0
      ],
      "to": [
        1,
        1
      ],
      "weight": 1.0
    },
    {
      "type": "temporal",
      "from": [
        2,
        0
      ],
      "to": [
        2,
        1
      ],
      "weight": 1.0
    },
    {
      "type": "temporal",
      "from": [
        3,
        0
      ],
      "to": [
        3,
        1
      ],
      "weight": 1.0
    },
    {
      "type": "spatial",
      "from": [
        0,
        1
      ],
      "to": [
        1,
        1
      ],
      "weight": 6.559450776811134
    },
    {
      "type": "spatial",
      "from": [
        0,
        1
      ],
      "to": [
        2,
        1
      ],
      "weight": 7.508496926468902
    },
    {
      "type": "spatial",
      "from": [
        0,
        1
      ],
      "to": [
        3,
        1
      ],
      "weight": 8.993127014254576
    },
    {
      "type": "spatial",
      "from": [
        1,
        1
      ],
      "to": [
        2,
        1
      ],
      "weight": 7.4586458978153445
    },
    {
      "type": "spatial",
      "from": [
        1,
        1
      ],
      "to": [
        3,
        1
      ],
      "weight": 15.42351030737721
    },
    {
      "type": "spatial",
      "from": [
        2,
        1
      ],
      "to": [
        3,
        1
      ],
      "weight": 7.964864409561866
    },
    {
      "type": "temporal",
      "from": [
        0,
        1
      ],
      "to": [
        0,
        2
      ],
      "weight": 1.0
    },
    {
      "type": "temporal",
      "from": [
        1,
        1
      ],
      "to": [
        1,
        2
      ],
      "weight": 1.0
    },
    {
      "type": "temporal",
      "from": [
        2,
        1
      ],
      "to": [
        2,
        2
      ],
      "weight": 1.0
    },
    {
      "type": "temporal",
      "from": [
        3,
        1
      ],
      "to": [
        3,
        2
      ],
      "weight": 1.0
    },
    {
      "type": "spatial",
      "from": [
        0,
        2
      ],
      "to": [
        1,
        2
      ],
      "weight": 6.559450776811134
    },
    {
      "type": "spatial",
      "from": [
        0,
        2
      ],
      "to": [
        2,
        2
      ],
      "weight": 7.508496926468902
    },
    {
      "type": "spatial",
      "from": [
        0,
        2
      ],
      "to": [
        3,
        2
      ],
      "weight": 8.993127014254576
    },
    {
      "type": "spatial",
      "from": [
        1,
        2
      ],
      "to": [
        2,
        2
      ],
      "weight": 7.4586458978153445
    },
    {
      "type": "spatial",
      "from": [
        1,
        2
      ],
      "to": [
        3,
        2
      ],
      "weight": 15.42351030737721
    },
    {
      "type": "spatial",
      "from": [
        2,
        2
      ],
      "to": [
        3,
        2
      ],
      "weight": 7.964864409561866
    }
  ],
  "lorentzian_dissimilarity": [
    [
      0.0,
      43.02639449340818,
      56.37752609479294,
      80.87633349451542,
      -1.0,
      42.02639449340818,
      55.37752609479294,
      79.87633349451542,
      -4.0,
      39.02639449340818,
      52.37752609479294,
      76.87633349451542
    ],
    [
      43.02639449340818,
      0.0,
      55.631398628997665,
      237.88467020177106,
      42.02639449340818,
      -1.0,
      54.631398628997665,
      236.88467020177106,
      39.02639449340818,
      -4.0,
      51.631398628997665,
      233.88467020177106
    ],
    [
      56.37752609479294,
      55.631398628997665,
      0.0,
      63.43906506270529,
      55.37752609479294,
      54.631398628997665,
      -1.0,
      62.43906506270529,
      52.37752609479294,
      51.631398628997665,
      -4.0,
      59.43906506270529
    ],
    [
      80.87633349451542,
      237.88467020177106,
      63.43906506270529,
      0.0,
      79.87633349451542,
      236.88467020177106,
      62.43906506270529,
      -1.0,
      76.87633349451542,
      233.88467020177106,
      59.43906506270529,
      -4.0
    ],
    [
      -1.0,
      42.02639449340818,
      55.37752609479294,
      79.87633349451542,
      0.0,
      43.02639449340818,
      56.37752609479294,
      80.87633349451542,
      -1.0,
      42.02639449340818,
      55.37752609479294,
      79.87633349451542
    ],
    [
      42.02639449340818,
      -1.0,
      54.631398628997665,
      236.88467020177106,
      43.02639449340818,
      0.0,
      55.631398628997665,
      237.88467020177106,
      42.02639449340818,
      -1.0,
      54.631398628997665,
      236.88467020177106
    ],
    [
      55.37752609479294,
      54.631398628997665,
      -1.0,
      62.43906506270529,
      56.37752609479294,
      55.631398628997665,
      0.0,
      63.43906506270529,
      55.37752609479294,
      54.631398628997665,
      -1.0,
      62.43906506270529
    ],
    [
      79.87633349451542,
      236.88467020177106,
      62.43906506270529,
      -1.0,
      80.87633349451542,
      237.88467020177106,
      63.43906506270529,
      0.0,
      79.87633349451542,
      236.88467020177106,
      62.43906506270529,
      -1.0
    ],
    [
      -4.0,
      39.02639449340818,
      52.37752609479294,
      76.87633349451542,
      -1.0,
      42.02639449340818,
      55.37752609479294,
      79.87633349451542,
      0.0,
      43.02639449340818,
      56.37752609479294,
      80.87633349451542
    ],
    [
      39.02639449340818,
      -4.0,
      51.631398628997665,
      233.88467020177106,
      42.02639449340818,
      -1.0,
      54.631398628997665,
      236.88467020177106,
      43.02639449340818,
      0.0,
      55.631398628997665,
      237.88467020177106
    ],
    [
      52.37752609479294,
      51.631398628997665,
      -4.0,
      59.43906506270529,
      55.37752609479294,
      54.631398628997665,
      -1.0,
      62.43906506270529,
      56.37752609479294,
      55.631398628997665,
      0.0,
      63.43906506270529
    ],
    [
      76.87633349451542,
      233.88467020177106,
      59.43906506270529,
      -4.0,
      79.87633349451542,
      236.88467020177106,
      62.43906506270529,
      -1.0,
      80.87633349451542,
      237.88467020177106,
      63.43906506270529,
      0.0
    ]
  ],
  "lorentzian_embedding": [
    [
      -1.0108458824073427,
      -3.1855196610177665,
      -2.223957396185044
    ],
    [
      2.437698060878725,
      -4.285093317493676,
      4.966500974593449
    ],
    [
      -0.8390988890357449,
      3.0501861692100003,
      1.717763095301017
    ],
    [
      3.4120017286010618,
      5.6042506825228005,
      -6.825165914422776
    ],
    [
      -0.9437381438161216,
      -3.233140290049825,
      -2.2694731681315683
    ],
    [
      2.360378816344596,
      -4.306562369314993,
      4.996850057798221
    ],
    [
      -0.7675661828714847,
      3.105131850327543,
      1.7577709915300765
    ],
    [
      3.351533441666739,
      5.618462423650142,
      -6.850139166994031
    ],
    [
      -1.010851761551337,
      -3.1855184109594656,
      -2.22395599794396
    ],
    [
      2.4377082150671776,
      -4.285086950326326,
      4.966507069116321
    ],
    [
      -0.839106383806089,
      3.050187196618661,
      1.7177660436707387
    ],
    [
      3.411994717641698,
      5.604252683806271,
      -6.825161359063109
    ]
  ],
  "edge_length_evolution": [],
  "angle_deficit_evolution": [],
  "regge_action_evolution": [],
  "gromov_delta_evolution": [],
  "mass_hinge": null,
  "mass_value": 0.0,
  "matter": [
    {
      "(0, 1)": 0.0,
      "(1, 2)": 0.0,
      "(0, 3)": 0.0,
      "(2, 3)": 0.0,
      "(0, 2)": 0.0,
      "(1, 3)": 0.0
    },
    {
      "(0, 1)": 0.0,
      "(1, 2)": 0.0,
      "(0, 3)": 0.0,
      "(2, 3)": 0.0,
      "(0, 2)": 0.0,
      "(1, 3)": 0.0
    },
    {
      "(0, 1)": 0.0,
      "(1, 2)": 0.0,
      "(0, 3)": 0.0,
      "(2, 3)": 0.0,
      "(0, 2)": 0.0,
      "(1, 3)": 0.0
    }
  ],
  "stationary_solution": null,
  "einstein_analysis_per_timestep": [
    {
      "ricci_tensor": [
        [
          0.00020172578691051032,
          0.0
        ],
        [
          0.0,
          0.00020172578691051032
        ]
      ],
      "metric_tensor": [
        [
          1.000040345157382,
          2.0172578691051034e-05
        ],
        [
          2.0172578691051034e-05,
          1.000040345157382
        ]
      ],
      "stress_energy_tensor": [
        [
          0.00020172578691051032,
          4.034515738210207e-06
        ],
        [
          4.034515738210207e-06,
          0.00020172578691051032
        ]
      ],
      "einstein_solution": {
        "einstein_tensor": [
          [
            0.0,
            0.0
          ],
          [
            0.0,
            0.0
          ]
        ],
        "ricci_scalar": 0.00040345157382102063,
        "metric_tensor": [
          [
            1.0,
            0.0
          ],
          [
            0.0,
            1.0
          ]
        ],
        "lhs": [
          [
            0.0,
            0.0
          ],
          [
            0.0,
            0.0
          ]
        ],
        "rhs": [
          [
            0.00020172578691051032,
            4.034515738210207e-06
          ],
          [
            4.034515738210207e-06,
            0.00020172578691051032
          ]
        ],
        "equations_satisfied": false,
        "residual": 0.00028534039469344847,
        "conservation_violation": 0.00020172578691051032,
        "gravitational_constant": 0.039788735772973836,
        "cosmological_constant": 0.0
      },
      "entropy_first_derivative": 0.0,
      "entropy_second_derivative": 0.0,
      "entropy_curvature_correlation": 0.0002852783438168593,
      "emergent_gravitational_constant": 3.2105656135910075e-05,
      "average_mutual_information": 0.00040345157382102063,
      "ricci_scalar": 0.00040345157382102063,
      "analysis_summary": {
        "einstein_equations_satisfied": false,
        "residual_magnitude": 0.00028534039469344847,
        "conservation_violation": 0.00020172578691051032,
        "entropy_evolution_rate": 0.0,
        "entropy_acceleration": 0.0,
        "entanglement_curvature_coupling": 0.0002852783438168593
      }
    },
    {
      "ricci_tensor": [
        [
          0.00020172578691051032,
          0.0
        ],
        [
          0.0,
          0.00020172578691051032
        ]
      ],
      "metric_tensor": [
        [
          1.000040345157382,
          2.0172578691051034e-05
        ],
        [
          2.0172578691051034e-05,
          1.000040345157382
        ]
      ],
      "stress_energy_tensor": [
        [
          0.00020172578691051032,
          4.034515738210207e-06
        ],
        [
          4.034515738210207e-06,
          0.00020172578691051032
        ]
      ],
      "einstein_solution": {
        "einstein_tensor": [
          [
            0.0,
            0.0
          ],
          [
            0.0,
            0.0
          ]
        ],
        "ricci_scalar": 0.00040345157382102063,
        "metric_tensor": [
          [
            1.0,
            0.0
          ],
          [
            0.0,
            1.0
          ]
        ],
        "lhs": [
          [
            0.0,
            0.0
          ],
          [
            0.0,
            0.0
          ]
        ],
        "rhs": [
          [
            0.00020172578691051032,
            4.034515738210207e-06
          ],
          [
            4.034515738210207e-06,
            0.00020172578691051032
          ]
        ],
        "equations_satisfied": false,
        "residual": 0.00028534039469344847,
        "conservation_violation": 0.00020172578691051032,
        "gravitational_constant": 0.039788735772973836,
        "cosmological_constant": 0.0
      },
      "entropy_first_derivative": 0.0,
      "entropy_second_derivative": 0.0,
      "entropy_curvature_correlation": 0.0002852783438168593,
      "emergent_gravitational_constant": 3.2105656135910075e-05,
      "average_mutual_information": 0.00040345157382102063,
      "ricci_scalar": 0.00040345157382102063,
      "analysis_summary": {
        "einstein_equations_satisfied": false,
        "residual_magnitude": 0.00028534039469344847,
        "conservation_violation": 0.00020172578691051032,
        "entropy_evolution_rate": 0.0,
        "entropy_acceleration": 0.0,
        "entanglement_curvature_coupling": 0.0002852783438168593
      }
    },
    {
      "ricci_tensor": [
        [
          0.00020172578691051032,
          0.0
        ],
        [
          0.0,
          0.00020172578691051032
        ]
      ],
      "metric_tensor": [
        [
          1.000040345157382,
          2.0172578691051034e-05
        ],
        [
          2.0172578691051034e-05,
          1.000040345157382
        ]
      ],
      "stress_energy_tensor": [
        [
          0.00020172578691051032,
          4.034515738210207e-06
        ],
        [
          4.034515738210207e-06,
          0.00020172578691051032
        ]
      ],
      "einstein_solution": {
        "einstein_tensor": [
          [
            0.0,
            0.0
          ],
          [
            0.0,
            0.0
          ]
        ],
        "ricci_scalar": 0.00040345157382102063,
        "metric_tensor": [
          [
            1.0,
            0.0
          ],
          [
            0.0,
            1.0
          ]
        ],
        "lhs": [
          [
            0.0,
            0.0
          ],
          [
            0.0,
            0.0
          ]
        ],
        "rhs": [
          [
            0.00020172578691051032,
            4.034515738210207e-06
          ],
          [
            4.034515738210207e-06,
            0.00020172578691051032
          ]
        ],
        "equations_satisfied": false,
        "residual": 0.00028534039469344847,
        "conservation_violation": 0.00020172578691051032,
        "gravitational_constant": 0.039788735772973836,
        "cosmological_constant": 0.0
      },
      "entropy_first_derivative": 0.010828797709152793,
      "entropy_second_derivative": -0.022108459066313646,
      "entropy_curvature_correlation": 0.0002852783438168593,
      "emergent_gravitational_constant": 3.2105656135910075e-05,
      "average_mutual_information": 0.00040345157382102063,
      "ricci_scalar": 0.00040345157382102063,
      "analysis_summary": {
        "einstein_equations_satisfied": false,
        "residual_magnitude": 0.00028534039469344847,
        "conservation_violation": 0.00020172578691051032,
        "entropy_evolution_rate": 0.010828797709152793,
        "entropy_acceleration": 0.022108459066313646,
        "entanglement_curvature_coupling": 0.0002852783438168593
      }
    }
  ],
  "bootstrap_analysis": {
    "gromov_delta": {
      "mean": 8.928593272410327,
      "lower_ci": 8.928593272410327,
      "upper_ci": 8.928593272410327,
      "all_values": [
        8.928593272410327,
        8.928593272410327,
        8.928593272410327
      ],
      "uncertainty": 0.0
    },
    "entropy": {
      "mean": 3.9693906772549217,
      "lower_ci": 3.9548771363680495,
      "upper_ci": 3.9767601636103596,
      "uncertainty": 0.007369486355437882
    },
    "distance_matrix": {
      "mean": [
        [
          0.0,
          6.559450776811134,
          7.508496926468902,
          8.993127014254576
        ],
        [
          6.559450776811134,
          0.0,
          7.4586458978153445,
          15.423510307377208
        ],
        [
          7.508496926468902,
          7.4586458978153445,
          0.0,
          7.964864409561866
        ],
        [
          8.993127014254576,
          15.423510307377208,
          7.964864409561866,
          0.0
        ]
      ],
      "lower_ci": [
        [
          0.0,
          6.559450776811134,
          7.508496926468902,
          8.993127014254576
        ],
        [
          6.559450776811134,
          0.0,
          7.4586458978153445,
          15.423510307377208
        ],
        [
          7.508496926468902,
          7.4586458978153445,
          0.0,
          7.964864409561866
        ],
        [
          8.993127014254576,
          15.423510307377208,
          7.964864409561866,
          0.0
        ]
      ],
      "upper_ci": [
        [
          0.0,
          6.559450776811134,
          7.508496926468902,
          8.993127014254576
        ],
        [
          6.559450776811134,
          0.0,
          7.4586458978153445,
          15.423510307377208
        ],
        [
          7.508496926468902,
          7.4586458978153445,
          0.0,
          7.964864409561866
        ],
        [
          8.993127014254576,
          15.423510307377208,
          7.964864409561866,
          0.0
        ]
      ]
    }
  },
  "topology_compatibility": {
    "current_topology": "triangulated",
    "explanation": "Triangulated topology is specifically designed for angle-sum curvature. Creates multiple triangles per vertex, enabling robust local curvature measurements. Each vertex has multiple incident triangles for well-defined angle sums.",
    "supports_local_curvature": true
  },
  "rt_surface_analysis": {
    "region_A": [
      0
    ],
    "region_B": [
      1,
      2,
      3
    ],
    "bulk_point": 2,
    "is_complementary": true,
    "rt_area_AB": 23.06107471753461,
    "rt_area_BA": 23.06107471753461,
    "area_consistent": true,
    "edges_consistent": true,
    "area_difference": 0.0,
    "rt_edges_AB": [
      [
        0,
        1
      ],
      [
        0,
        2
      ],
      [
        0,
        3
      ]
    ],
    "rt_edges_BA": [
      [
        0,
        1
      ],
      [
        0,
        2
      ],
      [
        0,
        3
      ]
    ],
    "edge_lengths": [
      6.559450776811134,
      7.508496926468902,
      8.993127014254576,
      7.4586458978153445,
      15.42351030737721,
      7.964864409561866
    ],
    "all_edges": [
      [
        0,
        1
      ],
      [
        0,
        2
      ],
      [
        0,
        3
      ],
      [
        1,
        2
      ],
      [
        1,
        3
      ],
      [
        2,
        3
      ]
    ]
  },
  "bulk_excitation_analysis": {
    "ground_state_mi": [
      [
        0.0,
        0.188453924879888,
        0.2990820925030919,
        0.18845392487988977
      ],
      [
        0.188453924879888,
        0.0,
        0.18845392487988866,
        0.5324041015497059
      ],
      [
        0.2990820925030919,
        0.18845392487988866,
        0.0,
        0.18845392487988766
      ],
      [
        0.18845392487988977,
        0.5324041015497059,
        0.18845392487988766,
        0.0
      ]
    ],
    "excited_state_mi": [
      [
        0.0,
        0.1880626770583771,
        0.24642953493533737,
        0.18806267705837776
      ],
      [
        0.1880626770583771,
        0.0,
        0.4236021610607771,
        0.3858487883148798
      ],
      [
        0.24642953493533737,
        0.4236021610607771,
        0.0,
        0.42360216106077664
      ],
      [
        0.18806267705837776,
        0.3858487883148798,
        0.42360216106077664,
        0.0
      ]
    ],
    "mi_difference": [
      [
        0.0,
        -0.0003912478215108983,
        -0.052652557567754554,
        -0.00039124782151200854
      ],
      [
        -0.0003912478215108983,
        0.0,
        0.23514823618088843,
        -0.14655531323482607
      ],
      [
        -0.052652557567754554,
        0.23514823618088843,
        0.0,
        0.23514823618088898
      ],
      [
        -0.00039124782151200854,
        -0.14655531323482607,
        0.23514823618088898,
        0.0
      ]
    ],
    "avg_mi_change": 0.08378585485092262,
    "max_mi_change": 0.23514823618088898,
    "mi_change_boundary_A": NaN,
    "mi_change_boundary_B": 0.10791371970898378,
    "bulk_point": 2,
    "ground_state_counts": {
      "counts": {
        "0111": 31,
        "0001": 44,
        "1000": 39,
        "1010": 31,
        "1110": 26,
        "1111": 18,
        "0011": 38,
        "0110": 41,
        "0010": 29,
        "0101": 33,
        "1011": 33,
        "1101": 21,
        "0000": 43,
        "1001": 33,
        "1100": 17,
        "0100": 23
      },
      "job_id": "d27taco56fsc73e6bk00",
      "mutual_information": {
        "I_0,1": 0.0007366873650742397,
        "I_0,2": 0.00027749063554884795,
        "I_0,3": 0.0009237982820111384,
        "I_1,2": 0.007133635003731341,
        "I_1,3": 4.453086764630168e-06,
        "I_2,3": 0.004417242789481669
      }
    },
    "excited_state_counts": {
      "counts": {
        "1010": 26,
        "1001": 28,
        "1000": 25,
        "0101": 42,
        "0011": 36,
        "0111": 37,
        "1100": 26,
        "0010": 30,
        "0000": 31,
        "1101": 39,
        "0100": 26,
        "1011": 30,
        "1111": 40,
        "1110": 15,
        "0110": 33,
        "0001": 36
      },
      "job_id": "d27taeboctts738jlr2g",
      "mutual_information": {
        "I_0,1": 2.5050161973683583e-05,
        "I_0,2": 0.00417522876442673,
        "I_0,3": 0.0012372606022127332,
        "I_1,2": 0.00027790514485937726,
        "I_1,3": 0.00021019410467137609,
        "I_2,3": 0.00015690232209087784
      }
    },
    "boundary_entropies": {
      "ground_state": {
        "entropy_A": 0.5263804360313541,
        "entropy_B": 0.5263804360313549,
        "mi_AB": 1.0527608720627069
      },
      "excited_state": {
        "entropy_A": 0.5971988001990219,
        "entropy_B": 0.5971988001990189,
        "mi_AB": 1.1943976003980359
      },
      "rt_relation_test": {
        "entropy_ratio": 1.0000000000000016,
        "rt_area_ratio": 1.0,
        "rt_deviation": 1.5543122344752192e-15,
        "excited_entropy_ratio": 0.999999999999995,
        "rt_relation_change": 6.5503158452884236e-15
      }
    }
  },
  "page_curve_analysis": null,
  "deutsch_ctc_analysis": null,
  "ctc_recovery_analysis": null,
  "einstein_analysis": null,
  "dynamic_evidence": {
    "angle_sums_per_timestep": [
      [
        3.141592653589793,
        3.3154409567802374,
        3.141592653589793,
        0.0
      ],
      [
        3.141592653589793,
        3.3154409567802374,
        3.141592653589793,
        0.0
      ],
      [
        3.141592653589793,
        3.3154409567802374,
        3.141592653589793,
        0.0
      ]
    ],
    "gromov_delta_per_timestep": [
      8.928593272410327,
      8.928593272410327,
      8.928593272410327
    ],
    "edge_mi_per_timestep": [
      {
        "0,1": 0.0014166635611990198,
        "0,3": 0.00012426091941235545,
        "0,2": 0.0005484047622205529,
        "1,2": 0.0005764361967644759,
        "2,3": 0.00034745881792108083
      },
      {
        "0,1": 0.0014166635611990198,
        "0,3": 0.00012426091941235545,
        "0,2": 0.0005484047622205529,
        "1,2": 0.0005764361967644759,
        "2,3": 0.00034745881792108083
      },
      {
        "0,1": 0.0014166635611990198,
        "0,3": 0.00012426091941235545,
        "0,2": 0.0005484047622205529,
        "1,2": 0.0005764361967644759,
        "2,3": 0.00034745881792108083
      }
    ],
    "shortest_paths_per_timestep": [
      {
        "0": {
          "0": 0,
          "1": 6.559450776811134,
          "2": 7.508496926468902,
          "3": 8.993127014254576
        },
        "1": {
          "1": 0,
          "0": 6.559450776811134,
          "2": 7.4586458978153445,
          "3": 15.42351030737721
        },
        "2": {
          "2": 0,
          "1": 7.4586458978153445,
          "0": 7.508496926468902,
          "3": 7.964864409561866
        },
        "3": {
          "3": 0,
          "2": 7.964864409561866,
          "0": 8.993127014254576,
          "1": 15.42351030737721
        }
      },
      {
        "0": {
          "0": 0,
          "1": 6.559450776811134,
          "2": 7.508496926468902,
          "3": 8.993127014254576
        },
        "1": {
          "1": 0,
          "0": 6.559450776811134,
          "2": 7.4586458978153445,
          "3": 15.42351030737721
        },
        "2": {
          "2": 0,
          "1": 7.4586458978153445,
          "0": 7.508496926468902,
          "3": 7.964864409561866
        },
        "3": {
          "3": 0,
          "2": 7.964864409561866,
          "0": 8.993127014254576,
          "1": 15.42351030737721
        }
      },
      {
        "0": {
          "0": 0,
          "1": 6.559450776811134,
          "2": 7.508496926468902,
          "3": 8.993127014254576
        },
        "1": {
          "1": 0,
          "0": 6.559450776811134,
          "2": 7.4586458978153445,
          "3": 15.42351030737721
        },
        "2": {
          "2": 0,
