{
  "spec": {
    "num_qubits": 4,
    "topology": "triangulated",
    "custom_edges": "0-1:1.0000,0-2:1.0000,0-3:1.0000,1-2:1.0000,1-3:1.0000,2-3:1.0000",
    "alpha": 0.8,
    "weight": 1.990631178823104,
    "gamma": 0.01,
    "sigma": 0.13443107340700777,
    "init_angle": 1.3881068194788548,
    "init_angles": null,
    "shots": 100,
    "device": "ibm_brisbane",
    "geometry": "spherical",
    "curvature": 4.5,
    "timesteps": 2,
    "dimension": 2,
    "mass_hinge": null,
    "mass_value": 0.0,
    "solve_regge": false,
    "lorentzian": true,
    "excite": true,
    "fast": false,
    "fast_preset": "balanced",
    "ctc_mode": false,
    "ctc_perturbation": null,
    "ctc_perturbation_strength": 1.0,
    "test_ctc_recovery": false,
    "strong_curvature": true,
    "charge_injection": true,
    "charge_strength": 2.5,
    "charge_location": null,
    "spin_injection": true,
    "spin_strength": 2.0,
    "spin_location": null,
    "edge_floor": 0.001,
    "compute_entropies": true,
    "hyperbolic_triangulation": true,
    "trotter_steps": 8,
    "dt": 0.05,
    "analyze_curvature": true,
    "einstein_solver": true,
    "page_curve": true,
    "radiation_ordering": null,
    "page_curve_timesteps": 15,
    "entropy_method": "hybrid",
    "num_shadows": 100,
    "shots_per_shadow": 1000,
    "num_bases": 20,
    "shots_per_basis": 1000,
    "enhanced_entanglement": false,
    "entanglement_strength": 0.7729870342838802,
    "interpolate_geometry": false,
    "smooth_charge_injection": false,
    "min_qubits_for_continuum": 10,
    "benchmark_against_classical_geometry": false,
    "geometry_fit_metric": "wasserstein,kl,euclidean",
    "verify_noise_robustness": false,
    "run_on_multiple_backends": false,
    "detect_and_flag_causal_loops": true,
    "restrict_information_flow_direction": "bidirectional",
    "filter_noncausal_edges": true,
    "use_ryu_takayanagi_test": true,
    "compare_MI_vs_subsystem_entropy": true,
    "embed_boundary_entropy_in_geometry": true,
    "entropy_engineering": true,
    "target_entropy_pattern": "quantum_gravity",
    "custom_target_entropies": null,
    "entropy_optimization_iterations": 200,
    "entropy_tolerance": 0.05,
    "continue_on_engineering_failure": true,
    "skip_entropy_engineering": false,
    "validate_engineered_geometry": true,
    "enhance_bell_violations": true,
    "bell_entanglement_strength": 4.0,
    "teleportation_circuits": true,
    "long_range_coupling": 3.0,
    "holographic_optimization": true,
    "rt_surface_encoding": true,
    "conformal_symmetry": true,
    "bulk_reconstruction": true,
    "scalable_entanglement": true,
    "parallel_execution": true,
    "memory_optimization": true,
    "circuit_compilation": "optimized",
    "real_hardware": false,
    "error_mitigation": true,
    "zero_noise_extrapolation": true,
    "zne_noise_factors": [
      1.0,
      2.0,
      3.0
    ],
    "zne_extrapolation_method": "polynomial",
    "hardware_calibration": true,
    "noise_characterization": true,
    "backend_name": "ibm_brisbane",
    "quantum_mode": true,
    "quantum_entanglement_strength": 5.0,
    "quantum_circuit_depth": 12,
    "geometric_teleportation": false,
    "teleportation_mode": "both",
    "bridge_strength": 1.0,
    "signal_state": "+",
    "emergent_geometry_teleportation": false,
    "teleportation_node_pairs": "auto",
    "teleportation_embedding_dim": 2,
    "teleportation_fidelity_threshold": 0.7,
    "superposition_gravity": true,
    "massive_bulk_mass_hinge": "0,1,2",
    "massive_bulk_mass_value": 2.0,
    "massless_bulk_mass_hinge": null,
    "massless_bulk_mass_value": 0.0,
    "superposition_control_qubit": 0,
    "superposition_phase": 0.0,
    "interference_analysis": true,
    "classical_mixture_comparison": true,
    "coherence_preservation": true,
    "bulk_reconstruction_method": "mi_embedding"
  },
  "uid": "3JKRSS",
  "counts_per_timestep": [
    {
      "0100": 7,
      "1101": 11,
      "1011": 7,
      "1010": 4,
      "0101": 8,
      "1110": 3,
      "1000": 6,
      "1100": 11,
      "1001": 6,
      "0110": 5,
      "0010": 8,
      "0000": 7,
      "0001": 5,
      "0111": 5,
      "0011": 4,
      "1111": 3
    },
    {
      "1001": 10,
      "1000": 8,
      "0101": 5,
      "0010": 8,
      "0001": 8,
      "1111": 7,
      "1110": 9,
      "1010": 7,
      "1011": 5,
      "0111": 6,
      "0000": 5,
      "0011": 3,
      "1100": 7,
      "0100": 4,
      "1101": 3,
      "0110": 5
    }
  ],
  "job_ids_per_timestep": [
    "d27tsqo56fsc73e6c79g",
    "d27tss056fsc73e6c7bg"
  ],
  "entropy_per_timestep": [
    3.899654235679509,
    3.9222444774600715
  ],
  "mutual_information_per_timestep": [
    {
      "I_0,1": 1.0176729660079297e-05,
      "I_0,2": 0.0008524299007599719,
      "I_0,3": 0.0032383151255391852,
      "I_1,2": 0.018474412049396698,
      "I_1,3": 0.007039208507246229,
      "I_2,3": 0.0007558882514448039
    },
    {
      "I_0,1": 1.0176729660079297e-05,
      "I_0,2": 0.0008524299007599719,
      "I_0,3": 0.0032383151255391852,
      "I_1,2": 0.018474412049396698,
      "I_1,3": 0.007039208507246229,
      "I_2,3": 0.0007558882514448039
    }
  ],
  "boundary_entropies_per_timestep": [
    {
      "entropy_A": -0.0,
      "entropy_B": -0.0,
      "mi_AB": 0.0,
      "pure_state_check": true,
      "entropy_difference": 0.0,
      "multiple_regions": {
        "size_1_region_0": {
          "region": [
            0
          ],
          "entropy": 0.6929471672244782,
          "rt_area": 3,
          "size": 1
        },
        "size_1_region_1": {
          "region": [
            1
          ],
          "entropy": 0.6913460990017393,
          "rt_area": 3,
          "size": 1
        },
        "size_2_region_0": {
          "region": [
            0,
            1
          ],
          "entropy": 0.5510799280869728,
          "rt_area": 4,
          "size": 2
        },
        "size_2_region_1": {
          "region": [
            0,
            2
          ],
          "entropy": 0.583258840128597,
          "rt_area": 4,
          "size": 2
        },
        "size_3_region_0": {
          "region": [
            0,
            1,
            2
          ],
          "entropy": 0.3669249912727096,
          "rt_area": 3,
          "size": 3
        },
        "size_3_region_1": {
          "region": [
            0,
            1,
            3
          ],
          "entropy": 0.42270908780599087,
          "rt_area": 3,
          "size": 3
        }
      }
    },
    {
      "entropy_A": -0.0,
      "entropy_B": -0.0,
      "mi_AB": 0.0,
      "pure_state_check": true,
      "entropy_difference": 0.0,
      "multiple_regions": {
        "size_1_region_0": {
          "region": [
            0
          ],
          "entropy": 0.6859298002523728,
          "rt_area": 3,
          "size": 1
        },
        "size_1_region_1": {
          "region": [
            1
          ],
          "entropy": 0.6899437584583995,
          "rt_area": 3,
          "size": 1
        },
        "size_2_region_0": {
          "region": [
            0,
            1
          ],
          "entropy": 0.5510799280869728,
          "rt_area": 4,
          "size": 2
        },
        "size_2_region_1": {
          "region": [
            0,
            2
          ],
          "entropy": 0.5269079614313803,
          "rt_area": 4,
          "size": 2
        },
        "size_3_region_0": {
          "region": [
            0,
            1,
            2
          ],
          "entropy": 0.3863867062886037,
          "rt_area": 3,
          "size": 3
        },
        "size_3_region_1": {
          "region": [
            0,
            1,
            3
          ],
          "entropy": 0.3863867062886037,
          "rt_area": 3,
          "size": 3
        }
      }
    }
  ],
  "distance_matrix_per_timestep": [
    [
      [
        0.0,
        11.058788216808566,
        7.067419580035037,
        5.7327021074184765
      ],
      [
        11.058788216808566,
        0.0,
        3.991368636773528,
        11.178985645033265
      ],
      [
        7.067419580035037,
        3.991368636773528,
        0.0,
        7.187617008259737
      ],
      [
        5.7327021074184765,
        11.178985645033265,
        7.187617008259737,
        0.0
      ]
    ],
    [
      [
        0.0,
        11.058788216808566,
        7.067419580035037,
        5.7327021074184765
      ],
      [
        11.058788216808566,
        0.0,
        3.991368636773528,
        11.178985645033265
      ],
      [
        7.067419580035037,
        3.991368636773528,
        0.0,
        7.187617008259737
      ],
      [
        5.7327021074184765,
        11.178985645033265,
        7.187617008259737,
        0.0
      ]
    ]
  ],
  "edge_mi": {
    "0,1": 1.0176729660079297e-05,
    "0,3": 0.0032383151255391852,
    "0,2": 0.0008524299007599719,
    "1,2": 0.018474412049396698,
    "2,3": 0.0007558882514448039
  },
  "distance_matrix": [
    [
      0.0,
      10.688961650499138,
      7.067419580035037,
      5.7327021074184765
    ],
    [
      10.688961650499138,
      0.0,
      3.991368636773528,
      4.956259543080661
    ],
    [
      7.067419580035037,
      3.991368636773528,
      0.0,
      7.187617008259737
    ],
    [
      5.7327021074184765,
      4.956259543080661,
      7.187617008259737,
      0.0
    ]
  ],
  "shortest_paths": {
    "0": {
      "0": 0,
      "3": 5.7327021074184765,
      "2": 7.067419580035037,
      "1": 10.688961650499138
    },
    "1": {
      "1": 0,
      "2": 3.991368636773528,
      "3": 4.956259543080661,
      "0": 10.688961650499138
    },
    "2": {
      "2": 0,
      "1": 3.991368636773528,
      "0": 7.067419580035037,
      "3": 7.187617008259737
    },
    "3": {
      "3": 0,
      "1": 4.956259543080661,
      "0": 5.7327021074184765,
      "2": 7.187617008259737
    }
  },
  "gromov_delta": 6.882506296880323,
  "mean_distance": 4.953041065758322,
  "angle_sums": [
    3.141592653589793,
    0.0,
    3.2320004535065916,
    3.141592653589793
  ],
  "mean_angle_sum": 2.3787964401715445,
  "min_angle_sum": 0.0,
  "max_angle_sum": 3.2320004535065916,
  "angle_sum_deviations": [
    0.0,
    -3.141592653589793,
    0.09040779991679848,
    0.0
  ],
  "triangle_inequality_violations": [],
  "embedding_coords": [
    [
      0.04199780358032913,
      0.13263727192574332
    ],
    [
      0.13844996032500914,
      -0.01711740609027438
    ],
    [
      -0.08290673041419276,
      -0.19826828281426576
    ],
    [
      -0.09754103349114551,
      0.0827484169787968
    ]
  ],
  "embedding_coords_3d": [
    [
      3.984964365568994e-05,
      -0.06889695853546401,
      0.09562370319093451
    ],
    [
      -0.015967607366353883,
      -0.12131077847052056,
      -0.05918856676535958
    ],
    [
      -0.10962756821223912,
      0.16807959971786013,
      -0.0745320703927065
    ],
    [
      0.12555532593493732,
      0.022128137288124426,
      0.038096933967131555
    ]
  ],
  "edge_weight_variance": 0.0,
  "event_nodes": [
    [
      0,
      0
    ],
    [
      1,
      0
    ],
    [
      2,
      0
    ],
    [
      3,
      0
    ],
    [
      0,
      1
    ],
    [
      1,
      1
    ],
    [
      2,
      1
    ],
    [
      3,
      1
    ]
  ],
  "event_edges": [
    {
      "type": "spatial",
      "from": [
        0,
        0
      ],
      "to": [
        1,
        0
      ],
      "weight": 11.058788216808566
    },
    {
      "type": "spatial",
      "from": [
        0,
        0
      ],
      "to": [
        2,
        0
      ],
      "weight": 7.067419580035037
    },
    {
      "type": "spatial",
      "from": [
        0,
        0
      ],
      "to": [
        3,
        0
      ],
      "weight": 5.7327021074184765
    },
    {
      "type": "spatial",
      "from": [
        1,
        0
      ],
      "to": [
        2,
        0
      ],
      "weight": 3.991368636773528
    },
    {
      "type": "spatial",
      "from": [
        1,
        0
      ],
      "to": [
        3,
        0
      ],
      "weight": 11.178985645033265
    },
    {
      "type": "spatial",
      "from": [
        2,
        0
      ],
      "to": [
        3,
        0
      ],
      "weight": 7.187617008259737
    },
    {
      "type": "temporal",
      "from": [
        0,
        0
      ],
      "to": [
        0,
        1
      ],
      "weight": 1.0
    },
    {
      "type": "temporal",
      "from": [
        1,
        0
      ],
      "to": [
        1,
        1
      ],
      "weight": 1.0
    },
    {
      "type": "temporal",
      "from": [
        2,
        0
      ],
      "to": [
        2,
        1
      ],
      "weight": 1.0
    },
    {
      "type": "temporal",
      "from": [
        3,
        0
      ],
      "to": [
        3,
        1
      ],
      "weight": 1.0
    },
    {
      "type": "spatial",
      "from": [
        0,
        1
      ],
      "to": [
        1,
        1
      ],
      "weight": 11.058788216808566
    },
    {
      "type": "spatial",
      "from": [
        0,
        1
      ],
      "to": [
        2,
        1
      ],
      "weight": 7.067419580035037
    },
    {
      "type": "spatial",
      "from": [
        0,
        1
      ],
      "to": [
        3,
        1
      ],
      "weight": 5.7327021074184765
    },
    {
      "type": "spatial",
      "from": [
        1,
        1
      ],
      "to": [
        2,
        1
      ],
      "weight": 3.991368636773528
    },
    {
      "type": "spatial",
      "from": [
        1,
        1
      ],
      "to": [
        3,
        1
      ],
      "weight": 11.178985645033265
    },
    {
      "type": "spatial",
      "from": [
        2,
        1
      ],
      "to": [
        3,
        1
      ],
      "weight": 7.187617008259737
    }
  ],
  "lorentzian_dissimilarity": [
    [
      0.0,
      122.29679682422397,
      49.94841952026262,
      32.86387345240024,
      -1.0,
      121.29679682422397,
      48.94841952026262,
      31.86387345240024
    ],
    [
      122.29679682422397,
      0.0,
      15.931023594619372,
      124.96972005185981,
      121.29679682422397,
      -1.0,
      14.931023594619372,
      123.96972005185981
    ],
    [
      49.94841952026262,
      15.931023594619372,
      0.0,
      51.661838257424655,
      48.94841952026262,
      14.931023594619372,
      -1.0,
      50.661838257424655
    ],
    [
      32.86387345240024,
      124.96972005185981,
      51.661838257424655,
      0.0,
      31.86387345240024,
      123.96972005185981,
      50.661838257424655,
      -1.0
    ],
    [
      -1.0,
      121.29679682422397,
      48.94841952026262,
      31.86387345240024,
      0.0,
      122.29679682422397,
      49.94841952026262,
      32.86387345240024
    ],
    [
      121.29679682422397,
      -1.0,
      14.931023594619372,
      123.96972005185981,
      122.29679682422397,
      0.0,
      15.931023594619372,
      124.96972005185981
    ],
    [
      48.94841952026262,
      14.931023594619372,
      -1.0,
      50.661838257424655,
      49.94841952026262,
      15.931023594619372,
      0.0,
      51.661838257424655
    ],
    [
      31.86387345240024,
      123.96972005185981,
      50.661838257424655,
      -1.0,
      32.86387345240024,
      124.96972005185981,
      51.661838257424655,
      0.0
    ]
  ],
  "lorentzian_embedding": [
    [
      2.0696393822040138,
      2.633605357547585,
      4.325212703409665
    ],
    [
      -0.18975081301785585,
      -4.794435420143085,
      -4.161610584948568
    ],
    [
      0.8261620788832686,
      -1.264631693365753,
      -1.7420831834549708
    ],
    [
      1.555737439871172,
      5.873177906761693,
      -0.4171587129143931
    ],
    [
      1.131283248255862,
      2.5323911446002736,
      4.154412573381457
    ],
    [
      -1.309487716350163,
      -4.915227327019541,
      -4.365420261285085
    ],
    [
      -0.7013598571155769,
      -1.429412876154308,
      -2.020112696412684
    ],
    [
      0.6177246974769424,
      5.771995299707324,
      -0.5879038908067252
    ]
  ],
  "edge_length_evolution": [],
  "angle_deficit_evolution": [],
  "regge_action_evolution": [],
  "gromov_delta_evolution": [],
  "mass_hinge": null,
  "mass_value": 0.0,
  "matter": [
    {
      "(0, 1)": 0.0,
      "(1, 2)": 0.0,
      "(0, 3)": 0.0,
      "(2, 3)": 0.0,
      "(0, 2)": 0.0,
      "(1, 3)": 0.0
    },
    {
      "(0, 1)": 0.0,
      "(1, 2)": 0.0,
      "(0, 3)": 0.0,
      "(2, 3)": 0.0,
      "(0, 2)": 0.0,
      "(1, 3)": 0.0
    }
  ],
  "stationary_solution": null,
  "einstein_analysis_per_timestep": [
    {
      "ricci_tensor": [
        [
          0.0018981519102529356,
          0.0
        ],
        [
          0.0,
          0.0018981519102529356
        ]
      ],
      "metric_tensor": [
        [
          1.0003796303820507,
          0.00018981519102529356
        ],
        [
          0.00018981519102529356,
          1.0003796303820507
        ]
      ],
      "stress_energy_tensor": [
        [
          0.0018981519102529356,
          3.7963038205058714e-05
        ],
        [
          3.7963038205058714e-05,
          0.0018981519102529356
        ]
      ],
      "einstein_solution": {
        "einstein_tensor": [
          [
            0.0,
            0.0
          ],
          [
            0.0,
            0.0
          ]
        ],
        "ricci_scalar": 0.003796303820505871,
        "metric_tensor": [
          [
            1.0,
            0.0
          ],
          [
            0.0,
            1.0
          ]
        ],
        "lhs": [
          [
            0.0,
            0.0
          ],
          [
            0.0,
            0.0
          ]
        ],
        "rhs": [
          [
            0.0018981519102529356,
            3.7963038205058714e-05
          ],
          [
            3.7963038205058714e-05,
            0.0018981519102529356
          ]
        ],
        "equations_satisfied": false,
        "residual": 0.0026849289996819757,
        "conservation_violation": 0.0018981519102529356,
        "gravitational_constant": 0.039788735772973836,
        "cosmological_constant": 0.0
      },
      "entropy_first_derivative": 0.0,
      "entropy_second_derivative": 0.0,
      "entropy_curvature_correlation": 0.0026843871749334127,
      "emergent_gravitational_constant": 0.0003021002592560784,
      "average_mutual_information": 0.003796303820505871,
      "ricci_scalar": 0.003796303820505871,
      "analysis_summary": {
        "einstein_equations_satisfied": false,
        "residual_magnitude": 0.0026849289996819757,
        "conservation_violation": 0.0018981519102529356,
        "entropy_evolution_rate": 0.0,
        "entropy_acceleration": 0.0,
        "entanglement_curvature_coupling": 0.0026843871749334127
      }
    },
    {
      "ricci_tensor": [
        [
          0.0018981519102529356,
          0.0
        ],
        [
          0.0,
          0.0018981519102529356
        ]
      ],
      "metric_tensor": [
        [
          1.0003796303820507,
          0.00018981519102529356
        ],
        [
          0.00018981519102529356,
          1.0003796303820507
        ]
      ],
      "stress_energy_tensor": [
        [
          0.0018981519102529356,
          3.7963038205058714e-05
        ],
        [
          3.7963038205058714e-05,
          0.0018981519102529356
        ]
      ],
      "einstein_solution": {
        "einstein_tensor": [
          [
            0.0,
            0.0
          ],
          [
            0.0,
            0.0
          ]
        ],
        "ricci_scalar": 0.003796303820505871,
        "metric_tensor": [
          [
            1.0,
            0.0
          ],
          [
            0.0,
            1.0
          ]
        ],
        "lhs": [
          [
            0.0,
            0.0
          ],
          [
            0.0,
            0.0
          ]
        ],
        "rhs": [
          [
            0.0018981519102529356,
            3.7963038205058714e-05
          ],
          [
            3.7963038205058714e-05,
            0.0018981519102529356
          ]
        ],
        "equations_satisfied": false,
        "residual": 0.0026849289996819757,
        "conservation_violation": 0.0018981519102529356,
        "gravitational_constant": 0.039788735772973836,
        "cosmological_constant": 0.0
      },
      "entropy_first_derivative": 0.0,
      "entropy_second_derivative": 0.0,
      "entropy_curvature_correlation": 0.0026843871749334127,
      "emergent_gravitational_constant": 0.0003021002592560784,
      "average_mutual_information": 0.003796303820505871,
      "ricci_scalar": 0.003796303820505871,
      "analysis_summary": {
        "einstein_equations_satisfied": false,
        "residual_magnitude": 0.0026849289996819757,
        "conservation_violation": 0.0018981519102529356,
        "entropy_evolution_rate": 0.0,
        "entropy_acceleration": 0.0,
        "entanglement_curvature_coupling": 0.0026843871749334127
      }
    }
  ],
  "bootstrap_analysis": {
    "gromov_delta": {
      "mean": 8.252535877211677,
      "lower_ci": 8.252535877211677,
      "upper_ci": 8.252535877211677,
      "all_values": [
        8.252535877211677,
        8.252535877211677
      ],
      "uncertainty": 0.0
    },
    "entropy": {
      "mean": 3.91094935656979,
      "lower_ci": 3.899654235679509,
      "upper_ci": 3.9222444774600715,
      "uncertainty": 0.011295120890281396
    },
    "distance_matrix": {
      "mean": [
        [
          0.0,
          11.058788216808566,
          7.067419580035037,
          5.7327021074184765
        ],
        [
          11.058788216808566,
          0.0,
          3.991368636773528,
          11.178985645033265
        ],
        [
          7.067419580035037,
          3.991368636773528,
          0.0,
          7.187617008259737
        ],
        [
          5.7327021074184765,
          11.178985645033265,
          7.187617008259737,
          0.0
        ]
      ],
      "lower_ci": [
        [
          0.0,
          11.058788216808566,
          7.067419580035037,
          5.7327021074184765
        ],
        [
          11.058788216808566,
          0.0,
          3.991368636773528,
          11.178985645033265
        ],
        [
          7.067419580035037,
          3.991368636773528,
          0.0,
          7.187617008259737
        ],
        [
          5.7327021074184765,
          11.178985645033265,
          7.187617008259737,
          0.0
        ]
      ],
      "upper_ci": [
        [
          0.0,
          11.058788216808566,
          7.067419580035037,
          5.7327021074184765
        ],
        [
          11.058788216808566,
          0.0,
          3.991368636773528,
          11.178985645033265
        ],
        [
          7.067419580035037,
          3.991368636773528,
          0.0,
          7.187617008259737
        ],
        [
          5.7327021074184765,
          11.178985645033265,
          7.187617008259737,
          0.0
        ]
      ]
    }
  },
  "topology_compatibility": {
    "current_topology": "triangulated",
    "explanation": "Triangulated topology is specifically designed for angle-sum curvature. Creates multiple triangles per vertex, enabling robust local curvature measurements. Each vertex has multiple incident triangles for well-defined angle sums.",
    "supports_local_curvature": true
  },
  "rt_surface_analysis": {
    "region_A": [
      0
    ],
    "region_B": [
      1,
      2,
      3
    ],
    "bulk_point": 2,
    "is_complementary": true,
    "rt_area_AB": 23.858909904262077,
    "rt_area_BA": 23.858909904262077,
    "area_consistent": true,
    "edges_consistent": true,
    "area_difference": 0.0,
    "rt_edges_AB": [
      [
        0,
        1
      ],
      [
        0,
        2
      ],
      [
        0,
        3
      ]
    ],
    "rt_edges_BA": [
      [
        0,
        1
      ],
      [
        0,
        2
      ],
      [
        0,
        3
      ]
    ],
    "edge_lengths": [
      11.058788216808566,
      7.067419580035037,
      5.7327021074184765,
      3.991368636773528,
      11.178985645033265,
      7.187617008259737
    ],
    "all_edges": [
      [
        0,
        1
      ],
      [
        0,
        2
      ],
      [
        0,
        3
      ],
      [
        1,
        2
      ],
      [
        1,
        3
      ],
      [
        2,
        3
      ]
    ]
  },
  "bulk_excitation_analysis": {
    "ground_state_mi": [
      [
        0.0,
        0.27571051097693866,
        0.6107136520081856,
        0.2757105109769393
      ],
      [
        0.27571051097693866,
        0.0,
        0.27571051097693955,
        0.877696531217005
      ],
      [
        0.6107136520081856,
        0.27571051097693955,
        0.0,
        0.27571051097694
      ],
      [
        0.2757105109769393,
        0.877696531217005,
        0.27571051097694,
        0.0
      ]
    ],
    "excited_state_mi": [
      [
        0.0,
        0.3009375826360572,
        0.4486098367863829,
        0.3009375826360583
      ],
      [
        0.3009375826360572,
        0.0,
        0.19617727003384622,
        0.747351816980144
      ],
      [
        0.4486098367863829,
        0.19617727003384622,
        0.0,
        0.19617727003384577
      ],
      [
        0.3009375826360583,
        0.747351816980144,
        0.19617727003384577,
        0.0
      ]
    ],
    "mi_difference": [
      [
        0.0,
        0.025227071659118527,
        -0.16210381522180273,
        0.02522707165911897
      ],
      [
        0.025227071659118527,
        0.0,
        -0.07953324094309333,
        -0.130344714236861
      ],
      [
        -0.16210381522180273,
        -0.07953324094309333,
        0.0,
        -0.07953324094309422
      ],
      [
        0.02522707165911897,
        -0.130344714236861,
        -0.07953324094309422,
        0.0
      ]
    ],
    "avg_mi_change": 0.0627461443328861,
    "max_mi_change": 0.16210381522180273,
    "mi_change_boundary_A": NaN,
    "mi_change_boundary_B": -0.09647039870768286,
    "bulk_point": 2,
    "ground_state_counts": {
      "counts": {
        "1101": 3,
        "0010": 10,
        "0100": 12,
        "1100": 7,
        "0110": 4,
        "1011": 7,
        "0101": 11,
        "1001": 5,
        "1000": 3,
        "1110": 8,
        "0000": 6,
        "0001": 5,
        "1111": 8,
        "0011": 3,
        "0111": 7,
        "1010": 1
      },
      "job_id": "d27tstboctts738jmdf0",
      "mutual_information": {
        "I_0,1": 0.00253446365928783,
        "I_0,2": 0.00019242919462574264,
        "I_0,3": 0.006948951175816696,
        "I_1,2": 0.0039025119853926017,
        "I_1,3": 0.01754910788501724,
        "I_2,3": 0.0007909926284741277
      }
    },
    "excited_state_counts": {
      "counts": {
        "1000": 6,
        "1100": 10,
        "0011": 11,
        "0111": 10,
        "0100": 6,
        "1011": 2,
        "1010": 6,
        "1001": 6,
        "1110": 6,
        "0110": 8,
        "0101": 5,
        "1101": 6,
        "0000": 4,
        "0001": 6,
        "0010": 3,
        "1111": 5
      },
      "job_id": "d27tsup29u8s73f8l6e0",
      "mutual_information": {
        "I_0,1": 0.004578898409934282,
        "I_0,2": 0.007694553597342675,
        "I_0,3": 0.028809105059774742,
        "I_1,2": 0.00022679957168397335,
        "I_1,3": 0.028809105059774923,
        "I_2,3": 0.0005436533367526794
      }
    },
    "boundary_entropies": {
      "ground_state": {
        "entropy_A": 0.7828905537732727,
        "entropy_B": 0.7828905537732629,
        "mi_AB": 1.5657811075465302
      },
      "excited_state": {
        "entropy_A": 0.7463899479646293,
        "entropy_B": 0.7463899479646283,
        "mi_AB": 1.4927798959292529
      },
      "rt_relation_test": {
        "entropy_ratio": 0.9999999999999876,
        "rt_area_ratio": 1.0,
        "rt_deviation": 1.2434497875801753e-14,
        "excited_entropy_ratio": 0.9999999999999987,
        "rt_relation_change": 1.1102230246251565e-14
      }
    }
  },
  "page_curve_analysis": null,
  "deutsch_ctc_analysis": null,
  "ctc_recovery_analysis": null,
  "einstein_analysis": null,
  "dynamic_evidence": {
    "angle_sums_per_timestep": [
      [
        0.0,
        3.449857011749108,
        3.2320004535065916,
        0.0
      ],
      [
        0.0,
        3.449857011749108,
        3.2320004535065916,
        0.0
      ]
    ],
    "gromov_delta_per_timestep": [
      8.252535877211677,
      8.252535877211677
    ],
    "edge_mi_per_timestep": [
      {
        "0,1": 1.0176729660079297e-05,
        "0,3": 0.0032383151255391852,
        "0,2": 0.0008524299007599719,
        "1,2": 0.018474412049396698,
        "2,3": 0.0007558882514448039
      },
      {
        "0,1": 1.0176729660079297e-05,
        "0,3": 0.0032383151255391852,
        "0,2": 0.0008524299007599719,
        "1,2": 0.018474412049396698,
        "2,3": 0.0007558882514448039
      }
    ],
    "shortest_paths_per_timestep": [
      {
        "0": {
          "0": 0,
          "3": 5.7327021074184765,
          "2": 7.067419580035037,
          "1": 11.058788216808566
        },
        "1": {
          "1": 0,
          "2": 3.991368636773528,
          "0": 11.058788216808566,
          "3": 11.178985645033265
        },
        "2": {
          "2": 0,
          "1": 3.991368636773528,
          "0": 7.067419580035037,
          "3": 7.187617008259737
        },
        "3": {
          "3": 0,
          "0": 5.7327021074184765,
          "2": 7.187617008259737,
          "1": 11.178985645033265
        }
      },
      {
        "0": {
          "0": 0,
          "3": 5.7327021074184765,
          "2": 7.067419580035037,
          "1": 11.058788216808566
        },
        "1": {
          "1": 0,
          "2": 3.991368636773528,
          "0": 11.058788216808566,
          "3": 11.178985645033265
        },
        "2": {
          "2": 0,
          "1": 3.991368636773528,
          "0": 7.067419580035037,
          "3": 7.187617008259737
        },
        "3": {
          "3": 0,
          "0": 5.7327021074184765,
          "2": 7.187617008259737,
          "1": 11.178985645033265
        }
      }
    ],
    "mean_distance_per_timestep": [
      5.777110149291076,
      5.777110149291076
    ],
    "triangle_violations_per_timestep": [
      0,
      0
    ],
    "embedding_coords_per_timestep": [
      [
        [
          0.017564343389973293,
          0.16620430767879035
        ],
        [
          0.16843407665718674,
          -0.05452134701702425
        ],
        [
          -0.08449906706771143,
          -0.1881378775444675
        ],
        [
          -0.1014993529794486,
          0.0764549168827014
        ]
      ],
      [
        [
          0.017564343389973293,
          0.16620430767879035
        ],
        [
          0.16843407665718674,
          -0.05452134701702425
        ],
        [
          -0.08449906706771143,
          -0.1881378775444675
        ],
        [
          -0.1014993529794486,
          0.0764549168827014
        ]
      ]
    ],
    "regge_evolution_data": null,
    "evolution_summary": {
      "total_timesteps": 2,
      "gromov_delta_range": [
        8.252535877211677,
        8.252535877211677
      ],
      "mean_distance_range": [
        5.777110149291076,
        5.777110149291076
      ],
      "total_triangle_violations": 0,
      "hyperbolic_evolution": [
        false,
        false
      ],
      "regge_corrected": false
    }
  },
  "quantum_state_outputs": [
    {
      "timestep": 1,
      "statevector": null,
      "mutual_information_matrix": [
        [
          0.0,
          1.0176729660079297e-05,
          0.0008524299007599719,
          0.0032383151255391852
        ],
        [
          1.0176729660079297e-05,
          0.0,
          0.018474412049396698,
          0.007039208507246229
        ],
        [
          0.0008524299007599719,
          0.018474412049396698,
          0.0,
          0.0007558882514448039
        ],
        [
          0.0032383151255391852,
          0.007039208507246229,
          0.0007558882514448039,
          0.0
        ]
      ],
      "counts": {
        "0100": 7,
        "1101": 11,
        "1011": 7,
        "1010": 4,
        "0101": 8,
        "1110": 3,
        "1000": 6,
        "1100": 11,
        "1001": 6,
        "0110": 5,
        "0010": 8,
        "0000": 7,
        "0001": 5,
        "0111": 5,
        "0011": 4,
        "1111": 3
      },
      "job_id": "d27tsqo56fsc73e6c79g",
      "device": "ibm_brisbane"
    },
    {
      "timestep": 2,
      "statevector": null,
      "mutual_information_matrix": [
        [
          0.0,
          0.005026615360681778,
          0.0003107023456588127,
          0.001419382351125183
        ],
        [
          0.005026615360681778,
          0.0,
          0.012939815947145779,
          0.0
        ],
        [
          0.0003107023456588127,
          0.012939815947145779,
          0.0,
          4.706110121798987e-05
        ],
        [
          0.001419382351125183,
          0.0,
          4.706110121798987e-05,
          0.0
        ]
      ],
      "counts": {
        "1001": 10,
        "1000": 8,
        "0101": 5,
        "0010": 8,
        "0001": 8,
        "1111": 7,
        "1110": 9,
        "1010": 7,
        "1011": 5,
        "0111": 6,
        "0000": 5,
        "0011": 3,
        "1100": 7,
        "0100": 4,
        "1101": 3,
        "0110": 5
      },
      "job_id": "d27tss056fsc73e6c7bg",
      "device": "ibm_brisbane"
    }
  ],
  "emergent_geometry_teleportation": null,
  "superposition_gravity": null,
  "teleportation_geometry_correlation": null
}