[
  {
    "phi": 0.0,
    "quantum_switch": {
      "shannon_entropy": 0.9998238825959875,
      "causal_witness": 0.015625,
      "counts": {
        "00": 520,
        "01": 504
      }
    },
    "spacetime": {
      "shannon_entropy": 0.9995349089288796,
      "counts": {
        "0000": 525,
        "1101": 499
      },
      "mi_matrix": [
        [
          0.0,
          -1.4428458428028534e-12,
          0.9995349089288796,
          0.9995349089288796
        ],
        [
          -1.4428458428028534e-12,
          0.0,
          -1.4428458428028534e-12,
          -1.4428458428028534e-12
        ],
        [
          0.9995349089288796,
          -1.4428458428028534e-12,
          0.0,
          0.9995349089288796
        ],
        [
          0.9995349089288796,
          -1.4428458428028534e-12,
          0.9995349089288796,
          0.0
        ]
      ],
      "mds_coords": [
        [
          0.23284756232647177,
          0.1707753182946349
        ],
        [
          -0.7142319784569618,
          0.17780587439491594
        ],
        [
          0.12636508673795438,
          -0.2607521919334232
        ],
        [
          0.3550193293925357,
          -0.08782900075612758
        ]
      ]
    }
  },
  {
    "phi": 0.8975979010256552,
    "quantum_switch": {
      "shannon_entropy": 1.7363127143665609,
      "causal_witness": 0.080078125,
      "counts": {
        "00": 420,
        "01": 387,
        "10": 84,
        "11": 133
      }
    },
    "spacetime": {
      "shannon_entropy": 2.4099285745674384,
      "counts": {
        "1101": 349,
        "1000": 22,
        "0000": 316,
        "0001": 79,
        "1001": 75,
        "1100": 74,
        "0101": 14,
        "0100": 95
      },
      "mi_matrix": [
        [
          0.0,
          -1.4428458428028534e-12,
          0.10060733088621676,
          0.30995744794724334
        ],
        [
          -1.4428458428028534e-12,
          0.0,
          -1.4428458428028534e-12,
          -1.4428458428028534e-12
        ],
        [
          0.10060733088621676,
          -1.4428458428028534e-12,
          0.0,
          0.27562524750072814
        ],
        [
          0.30995744794724334,
          -1.4428458428028534e-12,
          0.27562524750072814,
          0.0
        ]
      ],
      "mds_coords": [
        [
          -0.2797879547378157,
          0.4427893509589954
        ],
        [
          0.6180723724066101,
          0.2404138187695588
        ],
        [
          0.09932613443399375,
          -0.5236545339811086
        ],
        [
          -0.43761055210278815,
          -0.1595486357474455
        ]
      ]
    }
  },
  {
    "phi": 1.7951958020513104,
    "quantum_switch": {
      "shannon_entropy": 1.98133768281742,
      "causal_witness": -0.12890625,
      "counts": {
        "10": 311,
        "11": 249,
        "01": 267,
        "00": 197
      }
    },
    "spacetime": {
      "shannon_entropy": 2.9308906628697304,
      "counts": {
        "0100": 126,
        "0001": 119,
        "1001": 129,
        "1100": 118,
        "1000": 200,
        "0000": 94,
        "0101": 173,
        "1101": 65
      },
      "mi_matrix": [
        [
          0.0,
          -1.4428458428028534e-12,
          0.0009451407284746249,
          0.026662257348871954
        ],
        [
          -1.4428458428028534e-12,
          0.0,
          -1.4428458428028534e-12,
          -1.4428458428028534e-12
        ],
        [
          0.0009451407284746249,
          -1.4428458428028534e-12,
          0.0,
          0.037485137872628416
        ],
        [
          0.026662257348871954,
          -1.4428458428028534e-12,
          0.037485137872628416,
          0.0
        ]
      ],
      "mds_coords": [
        [
          -0.24403221240829004,
          0.5482400807563966
        ],
        [
          0.562824164403236,
          0.23709538523585297
        ],
        [
          0.21844276904346616,
          -0.5542677498160149
        ],
        [
          -0.5372347210384122,
          -0.23106771617623473
        ]
      ]
    }
  },
  {
    "phi": 2.6927937030769655,
    "quantum_switch": {
      "shannon_entropy": 1.384030597854848,
      "causal_witness": -0.84765625,
      "counts": {
        "01": 456,
        "10": 490,
        "00": 29,
        "11": 49
      }
    },
    "spacetime": {
      "shannon_entropy": 1.6091060017327468,
      "counts": {
        "1001": 36,
        "0101": 450,
        "1000": 461,
        "1100": 24,
        "0100": 28,
        "0001": 25
      },
      "mi_matrix": [
        [
          0.0,
          -1.4428458428028534e-12,
          0.49934564693550176,
          0.6632639482368505
        ],
        [
          -1.4428458428028534e-12,
          0.0,
          -1.4428458428028534e-12,
          -1.4428458428028534e-12
        ],
        [
          0.49934564693550176,
          -1.4428458428028534e-12,
          0.0,
          0.7225776452352344
        ],
        [
          0.6632639482368505,
          -1.4428458428028534e-12,
          0.7225776452352344,
          0.0
        ]
      ],
      "mds_coords": [
        [
          -0.07901562712752976,
          0.38583210988141864
        ],
        [
          0.6949425421040027,
          -0.16611535947688585
        ],
        [
          -0.24422990486587948,
          -0.29687017407996247
        ],
        [
          -0.3716970101105934,
          0.07715342367542966
        ]
      ]
    }
  },
  {
    "phi": 3.5903916041026207,
    "quantum_switch": {
      "shannon_entropy": 1.3885086538170626,
      "causal_witness": -0.84765625,
      "counts": {
        "10": 473,
        "01": 473,
        "11": 38,
        "00": 40
      }
    },
    "spacetime": {
      "shannon_entropy": 1.538230560964497,
      "counts": {
        "0101": 461,
        "1000": 469,
        "0100": 21,
        "1001": 30,
        "1100": 20,
        "0001": 22,
        "1101": 1
      },
      "mi_matrix": [
        [
          0.0,
          -1.4428458428028534e-12,
          0.5615198454430221,
          0.7114957094211356
        ],
        [
          -1.4428458428028534e-12,
          0.0,
          -1.4428458428028534e-12,
          -1.4428458428028534e-12
        ],
        [
          0.5615198454430221,
          -1.4428458428028534e-12,
          0.0,
          0.748472005250461
        ],
        [
          0.7114957094211356,
          -1.4428458428028534e-12,
          0.748472005250461,
          0.0
        ]
      ],
      "mds_coords": [
        [
          -0.08848270586118043,
          0.36522331125288293
        ],
        [
          0.6995104757414743,
          -0.16336974799719112
        ],
        [
          -0.24142956566810167,
          -0.28137408504363226
        ],
        [
          -0.369598204212192,
          0.07952052178794049
        ]
      ]
    }
  },
  {
    "phi": 4.487989505128276,
    "quantum_switch": {
      "shannon_entropy": 1.987886392731232,
      "causal_witness": -0.09765625,
      "counts": {
        "10": 308,
        "11": 247,
        "01": 254,
        "00": 215
      }
    },
    "spacetime": {
      "shannon_entropy": 2.932082149288669,
      "counts": {
        "1001": 136,
        "0100": 132,
        "0101": 197,
        "1000": 177,
        "0001": 116,
        "0000": 84,
        "1100": 106,
        "1101": 76
      },
      "mi_matrix": [
        [
          0.0,
          -1.4428458428028534e-12,
          0.001336193306360478,
          0.019334259741402793
        ],
        [
          -1.4428458428028534e-12,
          0.0,
          -1.4428458428028534e-12,
          -1.4428458428028534e-12
        ],
        [
          0.001336193306360478,
          -1.4428458428028534e-12,
          0.0,
          0.04709761907948984
        ],
        [
          0.019334259741402793,
          -1.4428458428028534e-12,
          0.04709761907948984,
          0.0
        ]
      ],
      "mds_coords": [
        [
          0.17899723465707923,
          0.5751714302516031
        ],
        [
          0.5806684923245358,
          -0.1923839896455912
        ],
        [
          -0.20191916129474613,
          -0.5566874650038958
        ],
        [
          -0.5577465656868688,
          0.17390002439788393
        ]
      ]
    }
  },
  {
    "phi": 5.385587406153931,
    "quantum_switch": {
      "shannon_entropy": 1.7800937148189315,
      "causal_witness": 0.130859375,
      "counts": {
        "01": 361,
        "00": 413,
        "11": 166,
        "10": 84
      }
    },
    "spacetime": {
      "shannon_entropy": 2.4074007850718906,
      "counts": {
        "0000": 355,
        "0100": 79,
        "1001": 88,
        "1100": 76,
        "1101": 318,
        "1000": 18,
        "0001": 65,
        "0101": 25
      },
      "mi_matrix": [
        [
          0.0,
          -1.4428458428028534e-12,
          0.11740712010854715,
          0.32022508581604825
        ],
        [
          -1.4428458428028534e-12,
          0.0,
          -1.4428458428028534e-12,
          -1.4428458428028534e-12
        ],
        [
          0.11740712010854715,
          -1.4428458428028534e-12,
          0.0,
          0.26769403074378295
        ],
        [
          0.32022508581604825,
          -1.4428458428028534e-12,
          0.26769403074378295,
          0.0
        ]
      ],
      "mds_coords": [
        [
          0.039798756520824694,
          0.5128919340362676
        ],
        [
          0.640501431983051,
          -0.1791167443745014
        ],
        [
          -0.2335639601213793,
          -0.47533199258793746
        ],
        [
          -0.4467362283824963,
          0.14155680292617126
        ]
      ]
    }
  },
  {
    "phi": 6.283185307179586,
    "quantum_switch": {
      "shannon_entropy": 0.9999999999971146,
      "causal_witness": 0.0,
      "counts": {
        "01": 512,
        "00": 512
      }
    },
    "spacetime": {
      "shannon_entropy": 0.9991082581888838,
      "counts": {
        "1101": 494,
        "0000": 530
      },
      "mi_matrix": [
        [
          0.0,
          -1.4428458428028534e-12,
          0.9991082581888838,
          0.9991082581888838
        ],
        [
          -1.4428458428028534e-12,
          0.0,
          -1.4428458428028534e-12,
          -1.4428458428028534e-12
        ],
        [
          0.9991082581888838,
          -1.4428458428028534e-12,
          0.0,
          0.9991082581888838
        ],
        [
          0.9991082581888838,
          -1.4428458428028534e-12,
          0.9991082581888838,
          0.0
        ]
      ],
      "mds_coords": [
        [
          0.23283150329245714,
          0.1708842289010774
        ],
        [
          -0.7142267410835977,
          0.17777434986970447
        ],
        [
          0.1263206072826981,
          -0.26083087285886886
        ],
        [
          0.3550746305084424,
          -0.08782770591191297
        ]
      ]
    }
  }
]