{
  "spec": {
    "num_qubits": 7,
    "topology": "triangulated",
    "custom_edges": "0-1:1.0000,0-2:0.9378,0-3:1.0000,0-4:1.0000,0-5:0.8946,0-6:0.8946,1-2:1.0000,1-3:1.0000,1-4:0.7887,1-5:1.0000,1-6:0.7915,2-3:0.7904,2-4:1.0000,2-5:0.1390,2-6:0.2238,3-4:0.7470,3-5:0.5442,3-6:1.0000,4-5:0.5914,4-6:0.3645,5-6:1.0000",
    "alpha": 0.8,
    "weight": 1.0,
    "gamma": 0.3,
    "sigma": null,
    "init_angle": 0.0,
    "init_angles": null,
    "shots": 1024,
    "device": "ibm_brisbane",
    "geometry": "hyperbolic",
    "curvature": 4.5,
    "timesteps": 4,
    "dimension": 2,
    "mass_hinge": null,
    "mass_value": 0.0,
    "solve_regge": false,
    "lorentzian": false,
    "excite": false,
    "fast": false,
    "strong_curvature": false,
    "charge_injection": false,
    "charge_strength": 1.0,
    "charge_location": 3,
    "spin_injection": false,
    "spin_strength": 1.0,
    "spin_location": 3,
    "edge_floor": 0.001,
    "compute_entropies": true,
    "hyperbolic_triangulation": false,
    "trotter_steps": 4,
    "dt": 0.1,
    "analyze_curvature": true,
    "einstein_solver": true
  },
  "uid": "YNW0D5",
  "counts_per_timestep": [
    {
      "0010101": 5,
      "1111101": 13,
      "1001001": 16,
      "0001011": 7,
      "1100000": 11,
      "0011010": 4,
      "0000000": 5,
      "0111010": 9,
      "1110011": 10,
      "1010010": 18,
      "1100101": 6,
      "0111011": 11,
      "0000011": 5,
      "0000001": 9,
      "1010000": 14,
      "1101011": 7,
      "1001011": 6,
      "0000101": 4,
      "0111101": 16,
      "1111010": 8,
      "1111100": 5,
      "0110111": 9,
      "0001100": 8,
      "0011111": 10,
      "0000100": 15,
      "1100010": 13,
      "0011101": 22,
      "1000010": 11,
      "0110010": 9,
      "1000100": 9,
      "0100011": 12,
      "0010111": 6,
      "0100100": 8,
      "1011000": 8,
      "1111110": 4,
      "0001110": 7,
      "1011010": 4,
      "0110000": 6,
      "1100110": 14,
      "0100111": 9,
      "0111100": 7,
      "0001010": 5,
      "1101101": 8,
      "1001111": 5,
      "0101001": 3,
      "0100000": 4,
      "0010110": 7,
      "0010000": 5,
      "0010011": 2,
      "1011001": 14,
      "0111111": 10,
      "0100010": 7,
      "1100100": 9,
      "1011101": 11,
      "1010101": 8,
      "1011111": 9,
      "0101100": 5,
      "0110001": 6,
      "1000101": 8,
      "1010001": 6,
      "1110010": 18,
      "1011100": 9,
      "1101111": 8,
      "0110100": 12,
      "0000111": 8,
      "1110110": 8,
      "1010100": 9,
      "1101100": 7,
      "1000111": 4,
      "1001000": 10,
      "1000110": 6,
      "1111111": 5,
      "1111000": 4,
      "0001101": 10,
      "0011011": 7,
      "1110001": 18,
      "1111011": 6,
      "1110100": 11,
      "1110111": 4,
      "0101000": 7,
      "1011110": 9,
      "0001111": 8,
      "1000001": 13,
      "0011000": 12,
      "1100011": 9,
      "0110110": 4,
      "1101110": 6,
      "0100110": 9,
      "1101000": 10,
      "0111110": 7,
      "0111001": 4,
      "0101011": 5,
      "1000000": 7,
      "0010100": 12,
      "0101110": 4,
      "1010110": 11,
      "1001010": 7,
      "0110101": 5,
      "1111001": 16,
      "1110101": 9,
      "1001100": 9,
      "0000010": 6,
      "0100001": 15,
      "1100001": 2,
      "0111000": 8,
      "0101010": 13,
      "0100101": 9,
      "0000110": 11,
      "0110011": 5,
      "0101111": 3,
      "1101001": 8,
      "1011011": 3,
      "0011100": 7,
      "0001001": 3,
      "1000011": 6,
      "0101101": 6,
      "0010010": 4,
      "0011110": 4,
      "1010111": 5,
      "1100111": 6,
      "1001101": 5,
      "1110000": 6,
      "1001110": 7,
      "0001000": 5,
      "0010001": 3,
      "0011001": 5,
      "1010011": 5,
      "1101010": 5
    },
    {
      "0111111": 7,
      "1001001": 12,
      "0110100": 8,
      "0001011": 6,
      "0100111": 8,
      "1100100": 4,
      "1100011": 8,
      "1110011": 9,
      "0101110": 15,
      "1000110": 4,
      "1111101": 16,
      "1001010": 18,
      "1101010": 5,
      "1111011": 5,
      "0101100": 9,
      "0111101": 8,
      "0001100": 6,
      "1101000": 8,
      "0101001": 10,
      "1010101": 3,
      "0101111": 8,
      "1010001": 9,
      "0100011": 9,
      "0100001": 8,
      "1000111": 13,
      "0110011": 10,
      "1000011": 11,
      "1000010": 10,
      "0010001": 6,
      "1011111": 10,
      "1010111": 7,
      "0110111": 8,
      "0011001": 7,
      "1011000": 6,
      "1110111": 7,
      "1011010": 4,
      "0000110": 9,
      "1101011": 9,
      "0100100": 4,
      "0011101": 14,
      "1101111": 12,
      "1010110": 6,
      "1001100": 11,
      "0001001": 6,
      "1100001": 9,
      "1101110": 9,
      "1111010": 11,
      "1000000": 8,
      "0000100": 8,
      "0110110": 10,
      "0011100": 10,
      "1100111": 9,
      "1110001": 7,
      "0001101": 10,
      "0101010": 7,
      "1111110": 9,
      "0000001": 7,
      "0010110": 6,
      "0111110": 9,
      "0001111": 16,
      "0011111": 13,
      "0111010": 13,
      "1010100": 6,
      "0101011": 9,
      "1011011": 13,
      "1001110": 6,
      "1000101": 17,
      "0101101": 7,
      "1100110": 7,
      "1001000": 6,
      "1010000": 8,
      "1100101": 5,
      "0110000": 7,
      "0011011": 10,
      "0011000": 7,
      "0001110": 10,
      "1010011": 4,
      "0101000": 6,
      "1001011": 7,
      "1011110": 9,
      "1110110": 12,
      "1000100": 8,
      "1010010": 6,
      "0111011": 6,
      "0000010": 9,
      "0011110": 6,
      "0000011": 7,
      "1001111": 7,
      "1100010": 9,
      "0010100": 5,
      "0010101": 6,
      "0110001": 5,
      "1111100": 7,
      "0100010": 7,
      "0001000": 9,
      "1111001": 6,
      "1111111": 7,
      "0010111": 11,
      "0010000": 8,
      "1110100": 8,
      "0100110": 5,
      "0010010": 12,
      "1011101": 7,
      "1100000": 5,
      "0111000": 9,
      "0100000": 8,
      "0000111": 10,
      "0000000": 7,
      "0110101": 7,
      "1000001": 3,
      "1001101": 8,
      "1101101": 7,
      "1110000": 9,
      "1011100": 12,
      "0001010": 8,
      "1011001": 5,
      "0000101": 8,
      "0011010": 10,
      "0100101": 4,
      "1111000": 7,
      "1101100": 9,
      "0110010": 5,
      "1110010": 5,
      "1101001": 4,
      "0111001": 2,
      "0111100": 4,
      "0010011": 3,
      "1110101": 4
    },
    {
      "0111100": 11,
      "1010001": 9,
      "0110111": 7,
      "0100001": 8,
      "0011011": 11,
      "0100100": 10,
      "0011100": 13,
      "1000101": 5,
      "1010010": 4,
      "0110011": 6,
      "1011011": 9,
      "1011001": 9,
      "0100101": 8,
      "1111011": 14,
      "1110100": 14,
      "0001000": 8,
      "0011001": 16,
      "0110000": 12,
      "1111001": 9,
      "0101101": 7,
      "1000001": 11,
      "0001011": 7,
      "0001001": 8,
      "1001100": 12,
      "0110001": 16,
      "0000000": 5,
      "1100010": 10,
      "0110010": 12,
      "1110110": 4,
      "1101000": 7,
      "1011000": 15,
      "0010101": 10,
      "0010001": 9,
      "0111010": 7,
      "1001111": 3,
      "1001010": 8,
      "1100110": 7,
      "0101001": 10,
      "0000100": 5,
      "1101010": 15,
      "1100101": 7,
      "0001111": 10,
      "1101111": 12,
      "0011111": 7,
      "1111100": 7,
      "1111101": 16,
      "0011010": 8,
      "1000100": 7,
      "1110101": 11,
      "1111010": 10,
      "1101100": 6,
      "1111110": 6,
      "1010110": 5,
      "1110010": 9,
      "1110000": 15,
      "1000011": 8,
      "1010111": 4,
      "1010000": 11,
      "0111001": 16,
      "0110100": 13,
      "1000110": 7,
      "1101001": 13,
      "0010100": 8,
      "0011000": 11,
      "0110110": 9,
      "1000010": 7,
      "0100111": 6,
      "1101101": 4,
      "1011010": 5,
      "1011111": 11,
      "1101110": 4,
      "1001110": 9,
      "0100000": 8,
      "1001000": 8,
      "0011101": 8,
      "1001101": 5,
      "0001110": 11,
      "1000111": 6,
      "1000000": 14,
      "0111000": 9,
      "0000110": 7,
      "1100100": 11,
      "0111110": 7,
      "1110111": 8,
      "1011110": 8,
      "0000001": 4,
      "1100001": 9,
      "0000101": 3,
      "0100011": 10,
      "0010110": 5,
      "0111101": 11,
      "1100111": 8,
      "0101011": 11,
      "0000011": 3,
      "1011101": 12,
      "0101010": 3,
      "0001101": 9,
      "0010111": 5,
      "0111011": 9,
      "0010011": 7,
      "1100011": 4,
      "0100010": 10,
      "0101000": 4,
      "1100000": 4,
      "1010100": 7,
      "1011100": 6,
      "0101100": 8,
      "0010010": 3,
      "1001001": 8,
      "0000111": 3,
      "0001100": 5,
      "0100110": 2,
      "0000010": 6,
      "1101011": 8,
      "0111111": 6,
      "1111000": 8,
      "1001011": 8,
      "0010000": 4,
      "0011110": 5,
      "0101111": 7,
      "1110011": 10,
      "1111111": 6,
      "1110001": 5,
      "1010101": 6,
      "0110101": 3,
      "0001010": 4,
      "1010011": 1,
      "0101110": 1
    },
    {
      "1111011": 12,
      "1010011": 13,
      "0011101": 6,
      "1011101": 10,
      "0100100": 7,
      "1110001": 12,
      "0101110": 10,
      "0001111": 10,
      "1101101": 8,
      "0001110": 11,
      "1110010": 5,
      "1000110": 4,
      "1000011": 10,
      "0001000": 5,
      "0001011": 5,
      "1000000": 8,
      "0011010": 7,
      "1001110": 9,
      "1010111": 9,
      "0001001": 10,
      "1101000": 5,
      "1011110": 6,
      "0010110": 10,
      "1011100": 13,
      "0011110": 11,
      "1001011": 9,
      "1111100": 11,
      "1100011": 8,
      "0110110": 10,
      "0010011": 7,
      "1111000": 7,
      "0011111": 13,
      "0110001": 9,
      "1000111": 10,
      "1011111": 13,
      "0100010": 7,
      "1100010": 11,
      "0010010": 14,
      "0011000": 9,
      "0010100": 12,
      "0100000": 10,
      "0110000": 8,
      "0000001": 3,
      "0000000": 7,
      "1000001": 11,
      "0100101": 4,
      "0100011": 5,
      "1000100": 3,
      "1010001": 6,
      "0101111": 11,
      "0110101": 9,
      "0000100": 6,
      "1111001": 5,
      "1111111": 10,
      "0111000": 4,
      "1000101": 4,
      "0101000": 7,
      "0011011": 9,
      "1010100": 11,
      "0111001": 9,
      "0010111": 9,
      "1001100": 9,
      "0110100": 8,
      "1010000": 6,
      "1100101": 6,
      "0111110": 14,
      "0110011": 8,
      "1100000": 6,
      "1010110": 4,
      "1100100": 7,
      "1111110": 13,
      "0110010": 19,
      "0111100": 9,
      "1001101": 7,
      "0101010": 5,
      "0001010": 6,
      "1010010": 7,
      "0100111": 12,
      "1100111": 13,
      "1110111": 14,
      "1111010": 10,
      "1011010": 10,
      "0000011": 12,
      "0100001": 13,
      "0001100": 12,
      "0100110": 3,
      "0101011": 13,
      "1001001": 5,
      "1001111": 6,
      "1100110": 6,
      "1110101": 6,
      "0010001": 9,
      "1001000": 5,
      "1011011": 9,
      "0101001": 6,
      "0011001": 9,
      "1100001": 7,
      "0011100": 7,
      "0000111": 6,
      "0111010": 7,
      "1110110": 9,
      "1101100": 7,
      "1110100": 7,
      "0010000": 8,
      "1101001": 4,
      "1011000": 9,
      "1111101": 6,
      "1110000": 6,
      "0001101": 5,
      "1101110": 6,
      "0110111": 7,
      "1000010": 6,
      "1101010": 5,
      "1011001": 6,
      "1110011": 10,
      "0111011": 7,
      "1101111": 11,
      "0010101": 5,
      "0000110": 6,
      "0111101": 8,
      "0000101": 6,
      "1101011": 5,
      "0000010": 2,
      "0101101": 4,
      "1010101": 3,
      "0111111": 6,
      "0101100": 7,
      "1001010": 2
    }
  ],
  "job_ids_per_timestep": [
    "d21chu43s4ss73clv89g",
    "d21chvslir9s73aip96g",
    "d21ci1jni11c73fdgcvg",
    "d21ci3a29d8c73ddnugg"
  ],
  "entropy_per_timestep": [
    6.851497212236874,
    6.9057550353730415,
    6.867955292351179,
    6.896768294287077
  ],
  "mutual_information_per_timestep": [
    {
      "I_0,1": 0.0021961994424323367,
      "I_0,2": 4.853078188638742e-05,
      "I_0,3": 0.006135519280766836,
      "I_0,4": 0.0005145659046478356,
      "I_0,5": 0.0005006317025236994,
      "I_0,6": 0.0005073977694214447,
      "I_1,2": 0.000916070670524809,
      "I_1,3": 0.0018872336606395347,
      "I_1,4": 0.0008953480287230541,
      "I_1,5": 0.0019254675523175096,
      "I_1,6": 0.00025371466741916544,
      "I_2,3": 0.00027826155429471876,
      "I_2,4": 0.0003191487406228252,
      "I_2,5": 0.0018388567952128607,
      "I_2,6": 0.005625014680784999,
      "I_3,4": 0.00168434802600154,
      "I_3,5": 0.0013607226177637238,
      "I_3,6": 0.0009977504417153435,
      "I_4,5": 6.133707548460366e-05,
      "I_4,6": 0.00018193330883838066,
      "I_5,6": 0.00011062909474616371
    },
    {
      "I_0,1": 2.6302296920452384e-05,
      "I_0,2": 0.0015883701537349262,
      "I_0,3": 5.364129849861395e-05,
      "I_0,4": 0.00048125356316465473,
      "I_0,5": 0.00036545492656403413,
      "I_0,6": 3.051975144599192e-05,
      "I_1,2": 4.2581862518009574e-05,
      "I_1,3": 5.878271636143334e-06,
      "I_1,4": 8.90966905653396e-05,
      "I_1,5": 0.0002600650966010044,
      "I_1,6": 0.00037595917057364845,
      "I_2,3": 0.0009587950875024689,
      "I_2,4": 6.256798710563803e-05,
      "I_2,5": 6.919970678317001e-05,
      "I_2,6": 1.720094799736462e-05,
      "I_3,4": 7.274237662261047e-05,
      "I_3,5": 5.6223190373777716e-05,
      "I_3,6": 4.7934824762148245e-05,
      "I_4,5": 0.0007135247172632784,
      "I_4,6": 0.00012219463503968355,
      "I_5,6": 6.879315075472656e-05
    },
    {
      "I_0,1": 0.00019036135954100634,
      "I_0,2": 0.0003448125190030687,
      "I_0,3": 0.0034549895809844224,
      "I_0,4": 0.00010196976399257183,
      "I_0,5": 0.000346226151756307,
      "I_0,6": 0.0007090811491686864,
      "I_1,2": 0.00010585413320882142,
      "I_1,3": 0.00039552222522239514,
      "I_1,4": 0.0027695133847164648,
      "I_1,5": 0.00024152259992565699,
      "I_1,6": 0.00012259811274837728,
      "I_2,3": 9.79404953014803e-06,
      "I_2,4": 3.866316394434137e-06,
      "I_2,5": 0.0003423667857751136,
      "I_2,6": 5.801550818319281e-06,
      "I_3,4": 0.0003614776708960347,
      "I_3,5": 0.0036700264370078707,
      "I_3,6": 5.247615331751719e-05,
      "I_4,5": 0.00042127261387042616,
      "I_4,6": 0.0015677777977908865,
      "I_5,6": 3.377585332686511e-05
    },
    {
      "I_0,1": 0.0023617604989157395,
      "I_0,2": 0.0009481243705849896,
      "I_0,3": 0.0002777811658806941,
      "I_0,4": 0.0016389713246629627,
      "I_0,5": 1.0517105277274888e-06,
      "I_0,6": 0.0011218647313693212,
      "I_1,2": 0.00031798061089347365,
      "I_1,3": 5.795304837761866e-06,
      "I_1,4": 0.0001695375880799146,
      "I_1,5": 0.0003740384441349486,
      "I_1,6": 4.744265931185118e-05,
      "I_2,3": 0.00476458378784864,
      "I_2,4": 3.493751735401604e-06,
      "I_2,5": 9.23227060876399e-07,
      "I_2,6": 0.00013089459752576617,
      "I_3,4": 5.503205548356457e-06,
      "I_3,5": 0.0010161121773886502,
      "I_3,6": 8.133117125370395e-06,
      "I_4,5": 0.00013106151962353346,
      "I_4,6": 1.900255810300712e-05,
      "I_5,6": 2.026404744147228e-05
    }
  ],
  "boundary_entropies_per_timestep": [
    {
      "entropy_A": -0.0,
      "entropy_B": -0.0,
      "mi_AB": 0.0,
      "pure_state_check": true,
      "entropy_difference": 0.0,
      "multiple_regions": {
        "size_1_region_0": {
          "region": [
            0
          ],
          "entropy": 0.6909406621544979,
          "rt_area": 6,
          "size": 1
        },
        "size_1_region_1": {
          "region": [
            1
          ],
          "entropy": 0.6929926773634443,
          "rt_area": 6,
          "size": 1
        },
        "size_2_region_0": {
          "region": [
            0,
            1
          ],
          "entropy": 0.5338875225067102,
          "rt_area": 10,
          "size": 2
        },
        "size_2_region_1": {
          "region": [
            0,
            2
          ],
          "entropy": 0.5386620175415702,
          "rt_area": 10,
          "size": 2
        },
        "size_3_region_0": {
          "region": [
            0,
            1,
            2
          ],
          "entropy": 0.3533210654253197,
          "rt_area": 12,
          "size": 3
        },
        "size_3_region_1": {
          "region": [
            0,
            1,
            3
          ],
          "entropy": 0.33484266756566183,
          "rt_area": 12,
          "size": 3
        },
        "size_4_region_0": {
          "region": [
            0,
            1,
            2,
            3
          ],
          "entropy": 0.23113890053781477,
          "rt_area": 12,
          "size": 4
        },
        "size_4_region_1": {
          "region": [
            0,
            1,
            2,
            4
          ],
          "entropy": 0.18028597544609953,
          "rt_area": 12,
          "size": 4
        },
        "size_5_region_0": {
          "region": [
            0,
            1,
            2,
            3,
            4
          ],
          "entropy": 0.11475313422092771,
          "rt_area": 10,
          "size": 5
        },
        "size_5_region_1": {
          "region": [
            0,
            1,
            2,
            3,
            5
          ],
          "entropy": 0.14239870691838674,
          "rt_area": 10,
          "size": 5
        },
        "size_6_region_0": {
          "region": [
            0,
            1,
            2,
            3,
            4,
            5
          ],
          "entropy": 0.0722633402202814,
          "rt_area": 6,
          "size": 6
        },
        "size_6_region_1": {
          "region": [
            0,
            1,
            2,
            3,
            4,
            6
          ],
          "entropy": 0.05938481164955237,
          "rt_area": 6,
          "size": 6
        }
      }
    },
    {
      "entropy_A": -0.0,
      "entropy_B": -0.0,
      "mi_AB": 0.0,
      "pure_state_check": true,
      "entropy_difference": 0.0,
      "multiple_regions": {
        "size_1_region_0": {
          "region": [
            0
          ],
          "entropy": 0.6931471805599453,
          "rt_area": 6,
          "size": 1
        },
        "size_1_region_1": {
          "region": [
            1
          ],
          "entropy": 0.6922237395388735,
          "rt_area": 6,
          "size": 1
        },
        "size_2_region_0": {
          "region": [
            0,
            1
          ],
          "entropy": 0.5768626509045702,
          "rt_area": 10,
          "size": 2
        },
        "size_2_region_1": {
          "region": [
            0,
            2
          ],
          "entropy": 0.5665860487759581,
          "rt_area": 10,
          "size": 2
        },
        "size_3_region_0": {
          "region": [
            0,
            1,
            2
          ],
          "entropy": 0.39169839521161126,
          "rt_area": 12,
          "size": 3
        },
        "size_3_region_1": {
          "region": [
            0,
            1,
            3
          ],
          "entropy": 0.3652092425584923,
          "rt_area": 12,
          "size": 3
        },
        "size_4_region_0": {
          "region": [
            0,
            1,
            2,
            3
          ],
          "entropy": 0.23642814021231084,
          "rt_area": 12,
          "size": 4
        },
        "size_4_region_1": {
          "region": [
            0,
            1,
            2,
            4
          ],
          "entropy": 0.22036015815554796,
          "rt_area": 12,
          "size": 4
        },
        "size_5_region_0": {
          "region": [
            0,
            1,
            2,
            3,
            4
          ],
          "entropy": 0.1322894766282624,
          "rt_area": 10,
          "size": 5
        },
        "size_5_region_1": {
          "region": [
            0,
            1,
            2,
            3,
            5
          ],
          "entropy": 0.1322894766282624,
          "rt_area": 10,
          "size": 5
        },
        "size_6_region_0": {
          "region": [
            0,
            1,
            2,
            3,
            4,
            5
          ],
          "entropy": 0.0722633402202814,
          "rt_area": 6,
          "size": 6
        },
        "size_6_region_1": {
          "region": [
            0,
            1,
            2,
            3,
            4,
            6
          ],
          "entropy": 0.08048483706800685,
          "rt_area": 6,
          "size": 6
        }
      }
    },
    {
      "entropy_A": -0.0,
      "entropy_B": -0.0,
      "mi_AB": 0.0,
      "pure_state_check": true,
      "entropy_difference": 0.0,
      "multiple_regions": {
        "size_1_region_0": {
          "region": [
            0
          ],
          "entropy": 0.69259585547783,
          "rt_area": 6,
          "size": 1
        },
        "size_1_region_1": {
          "region": [
            1
          ],
          "entropy": 0.6906732158907924,
          "rt_area": 6,
          "size": 1
        },
        "size_2_region_0": {
          "region": [
            0,
            1
          ],
          "entropy": 0.5302493882813463,
          "rt_area": 10,
          "size": 2
        },
        "size_2_region_1": {
          "region": [
            0,
            2
          ],
          "entropy": 0.5086822956133007,
          "rt_area": 10,
          "size": 2
        },
        "size_3_region_0": {
          "region": [
            0,
            1,
            2
          ],
          "entropy": 0.3155378659587518,
          "rt_area": 12,
          "size": 3
        },
        "size_3_region_1": {
          "region": [
            0,
            1,
            3
          ],
          "entropy": 0.29072156948582967,
          "rt_area": 12,
          "size": 3
        },
        "size_4_region_0": {
          "region": [
            0,
            1,
            2,
            3
          ],
          "entropy": 0.15223236501418613,
          "rt_area": 12,
          "size": 4
        },
        "size_4_region_1": {
          "region": [
            0,
            1,
            2,
            4
          ],
          "entropy": 0.18028597544609953,
          "rt_area": 12,
          "size": 4
        },
        "size_5_region_0": {
          "region": [
            0,
            1,
            2,
            3,
            4
          ],
          "entropy": 0.08845767825006483,
          "rt_area": 10,
          "size": 5
        },
        "size_5_region_1": {
          "region": [
            0,
            1,
            2,
            3,
            5
          ],
          "entropy": 0.08450048155985554,
          "rt_area": 10,
          "size": 5
        },
        "size_6_region_0": {
          "region": [
            0,
            1,
            2,
            3,
            4,
            5
          ],
          "entropy": 0.05035991981424607,
          "rt_area": 6,
          "size": 6
        },
        "size_6_region_1": {
          "region": [
            0,
            1,
            2,
            3,
            4,
            6
          ],
          "entropy": 0.05938481164955237,
          "rt_area": 6,
          "size": 6
        }
      }
    },
    {
      "entropy_A": -0.0,
      "entropy_B": -0.0,
      "mi_AB": 0.0,
      "pure_state_check": true,
      "entropy_difference": 0.0,
      "multiple_regions": {
        "size_1_region_0": {
          "region": [
            0
          ],
          "entropy": 0.6929163736175469,
          "rt_area": 6,
          "size": 1
        },
        "size_1_region_1": {
          "region": [
            1
          ],
          "entropy": 0.692872497205584,
          "rt_area": 6,
          "size": 1
        },
        "size_2_region_0": {
          "region": [
            0,
            1
          ],
          "entropy": 0.5634054672530107,
          "rt_area": 10,
          "size": 2
        },
        "size_2_region_1": {
          "region": [
            0,
            2
          ],
          "entropy": 0.539842117324011,
          "rt_area": 10,
          "size": 2
        },
        "size_3_region_0": {
          "region": [
            0,
            1,
            2
          ],
          "entropy": 0.34520662539160074,
          "rt_area": 12,
          "size": 3
        },
        "size_3_region_1": {
          "region": [
            0,
            1,
            3
          ],
          "entropy": 0.3652092425584923,
          "rt_area": 12,
          "size": 3
        },
        "size_4_region_0": {
          "region": [
            0,
            1,
            2,
            3
          ],
          "entropy": 0.18920898053816695,
          "rt_area": 12,
          "size": 4
        },
        "size_4_region_1": {
          "region": [
            0,
            1,
            2,
            4
          ],
          "entropy": 0.19505016495566746,
          "rt_area": 12,
          "size": 4
        },
        "size_5_region_0": {
          "region": [
            0,
            1,
            2,
            3,
            4
          ],
          "entropy": 0.11113140431967991,
          "rt_area": 10,
          "size": 5
        },
        "size_5_region_1": {
          "region": [
            0,
            1,
            2,
            3,
            5
          ],
          "entropy": 0.10376113940611063,
          "rt_area": 10,
          "size": 5
        },
        "size_6_region_0": {
          "region": [
            0,
            1,
            2,
            3,
            4,
            5
          ],
          "entropy": 0.054921757104155505,
          "rt_area": 6,
          "size": 6
        },
        "size_6_region_1": {
          "region": [
            0,
            1,
            2,
            3,
            4,
            6
          ],
          "entropy": 0.05035991981424607,
          "rt_area": 6,
          "size": 6
        }
      }
    }
  ],
  "distance_matrix_per_timestep": [
    [
      [
        0.0,
        6.121026938679058,
        9.93331228327394,
        5.093660562059441,
        7.572186916339961,
        12.373613395092285,
        7.586215306903662
      ],
      [
        6.121026938679058,
        0.0,
        6.995417045038189,
        11.2146875007385,
        7.018298056367009,
        6.252586456413226,
        8.279300279001172
      ],
      [
        9.93331228327394,
        6.995417045038189,
        0.0,
        8.186949043802043,
        8.04985329230532,
        6.298611207401922,
        5.180531720977726
      ],
      [
        5.093660562059441,
        11.2146875007385,
        8.186949043802043,
        0.0,
        6.386376718242836,
        14.485560251203964,
        6.910007371324085
      ],
      [
        7.572186916339961,
        7.018298056367009,
        8.04985329230532,
        6.386376718242836,
        0.0,
        9.699126077548707,
        8.611870372995124
      ],
      [
        12.373613395092285,
        6.252586456413226,
        6.298611207401922,
        14.485560251203964,
        9.699126077548707,
        0.0,
        9.109327440666618
      ],
      [
        7.586215306903662,
        8.279300279001172,
        5.180531720977726,
        6.910007371324085,
        8.611870372995124,
        9.109327440666618,
        0.0
      ]
    ],
    [
      [
        0.0,
        10.545854287215649,
        6.445046849027931,
        9.833191292188802,
        7.639116268411186,
        14.884409747783508,
        10.397136495552612
      ],
      [
        10.545854287215649,
        0.0,
        10.06408215783957,
        17.013915336846154,
        9.325788367102808,
        8.254578586744145,
        7.886030009370452
      ],
      [
        6.445046849027931,
        10.06408215783957,
        0.0,
        6.9498331790065855,
        9.679256798750556,
        9.578513932587056,
        10.970546059537854
      ],
      [
        9.833191292188802,
        17.013915336846154,
        6.9498331790065855,
        0.0,
        9.52858644609603,
        16.52834711159364,
        9.945668287181055
      ],
      [
        7.639116268411186,
        9.325788367102808,
        9.679256798750556,
        9.52858644609603,
        0.0,
        7.245293479372321,
        9.009895415302795
      ],
      [
        14.884409747783508,
        8.254578586744145,
        9.578513932587056,
        16.52834711159364,
        7.245293479372321,
        0.0,
        9.584406370964329
      ],
      [
        10.397136495552612,
        7.886030009370452,
        10.970546059537854,
        9.945668287181055,
        9.009895415302795,
        9.584406370964329,
        0.0
      ]
    ],
    [
      [
        0.0,
        8.566586399789998,
        7.972509711820316,
        5.667935837401082,
        9.190834220069863,
        15.952137634383678,
        7.251540582172565
      ],
      [
        8.566586399789998,
        0.0,
        9.153448513353384,
        13.814393933798446,
        5.889083647602825,
        8.32854750777742,
        9.006598928150161
      ],
      [
        7.972509711820316,
        9.153448513353384,
        0.0,
        11.533735547503957,
        12.463208340269718,
        7.979627922563362,
        12.05738529368338
      ],
      [
        5.667935837401082,
        13.814393933798446,
        11.533735547503957,
        0.0,
        7.925310286195621,
        15.697540681155733,
        9.855151714080478
      ],
      [
        9.190834220069863,
        5.889083647602825,
        12.463208340269718,
        7.925310286195621,
        0.0,
        7.772230394960111,
        6.458096077688363
      ],
      [
        15.952137634383678,
        8.32854750777742,
        7.979627922563362,
        15.697540681155733,
        7.772230394960111,
        0.0,
        10.29576440939305
      ],
      [
        7.251540582172565,
        9.006598928150161,
        12.05738529368338,
        9.855151714080478,
        6.458096077688363,
        10.29576440939305,
        0.0
      ]
    ],
    [
      [
        0.0,
        6.048347963928176,
        6.961024871714049,
        8.188676927348087,
        6.4136864750031695,
        13.939499937955958,
        6.792763039426504
      ],
      [
        6.048347963928176,
        0.0,
        8.05352014907607,
        13.400065242542812,
        8.682435897145002,
        7.891151974027783,
        9.955988748525261
      ],
      [
        6.961024871714049,
        8.05352014907607,
        0.0,
        5.346545093466742,
        12.564534403327103,
        13.895390629581005,
        8.941118157666615
      ],
      [
        8.188676927348087,
        13.400065242542812,
        5.346545093466742,
        0.0,
        12.110179808529624,
        19.241935723047746,
        11.719566297632824
      ],
      [
        6.4136864750031695,
        8.682435897145002,
        12.564534403327103,
        12.110179808529624,
        0.0,
        8.939843729551125,
        10.870936950860207
      ],
      [
        13.939499937955958,
        7.891151974027783,
        13.895390629581005,
        19.241935723047746,
        8.939843729551125,
        0.0,
        10.806662304097472
      ],
      [
        6.792763039426504,
        9.955988748525261,
        8.941118157666615,
        11.719566297632824,
        10.870936950860207,
        10.806662304097472,
        0.0
      ]
    ]
  ],
  "edge_mi": {
    "0,1": 0.0023617604989157395,
    "0,6": 0.0011218647313693212,
    "0,2": 0.0009481243705849896,
    "0,3": 0.0002777811658806941,
    "0,4": 0.0016389713246629627,
    "1,2": 0.00031798061089347365,
    "1,6": 4.744265931185118e-05,
    "1,4": 0.0001695375880799146,
    "1,5": 0.0003740384441349486,
    "2,3": 0.00476458378784864,
    "2,4": 3.493751735401604e-06,
    "2,5": 9.23227060876399e-07,
    "2,6": 0.00013089459752576617,
    "3,4": 5.503205548356457e-06,
    "3,6": 8.133117125370395e-06,
    "4,5": 0.00013106151962353346,
    "4,6": 1.900255810300712e-05,
    "5,6": 2.026404744147228e-05
  },
  "distance_matrix": [
    [
      0.0,
      6.048347963928176,
      6.961024871714049,
      8.188676927348087,
      6.4136864750031695,
      13.76509264527039,
      6.792763039426504
    ],
    [
      6.048347963928176,
      0.0,
      8.05352014907607,
      12.05846247897336,
      8.682435897145002,
      7.891151974027783,
      9.955988748525261
    ],
    [
      6.961024871714049,
      8.05352014907607,
      0.0,
      5.346545093466742,
      12.564534403327103,
      12.238316618571814,
      8.941118157666615
    ],
    [
      8.188676927348087,
      12.05846247897336,
      5.346545093466742,
      0.0,
      12.110179808529624,
      6.891771525105072,
      11.719566297632824
    ],
    [
      6.4136864750031695,
      8.682435897145002,
      12.564534403327103,
      12.110179808529624,
      0.0,
      8.939843729551125,
      10.870936950860207
    ],
    [
      13.76509264527039,
      7.891151974027783,
      12.238316618571814,
      6.891771525105072,
      8.939843729551125,
      0.0,
      10.806662304097472
    ],
    [
      6.792763039426504,
      9.955988748525261,
      8.941118157666615,
      11.719566297632824,
      10.870936950860207,
      10.806662304097472,
      0.0
    ]
  ],
  "shortest_paths": {
    "0": {
      "0": 0,
      "1": 6.048347963928176,
      "4": 6.4136864750031695,
      "6": 6.792763039426504,
      "2": 6.961024871714049,
      "3": 8.188676927348087,
      "5": 13.76509264527039
    },
    "1": {
      "1": 0,
      "0": 6.048347963928176,
      "5": 7.891151974027783,
      "2": 8.05352014907607,
      "4": 8.682435897145002,
      "6": 9.955988748525261,
      "3": 12.05846247897336
    },
    "2": {
      "2": 0,
      "3": 5.346545093466742,
      "0": 6.961024871714049,
      "1": 8.05352014907607,
      "6": 8.941118157666615,
      "5": 12.238316618571814,
      "4": 12.564534403327103
    },
    "3": {
      "3": 0,
      "2": 5.346545093466742,
      "5": 6.891771525105072,
      "0": 8.188676927348087,
      "6": 11.719566297632824,
      "1": 12.05846247897336,
      "4": 12.110179808529624
    },
    "4": {
      "4": 0,
      "0": 6.4136864750031695,
      "1": 8.682435897145002,
      "5": 8.939843729551125,
      "6": 10.870936950860207,
      "3": 12.110179808529624,
      "2": 12.564534403327103
    },
    "5": {
      "5": 0,
      "3": 6.891771525105072,
      "1": 7.891151974027783,
      "4": 8.939843729551125,
      "6": 10.806662304097472,
      "2": 12.238316618571814,
      "0": 13.76509264527039
    },
    "6": {
      "6": 0,
      "0": 6.792763039426504,
      "2": 8.941118157666615,
      "1": 9.955988748525261,
      "5": 10.806662304097472,
      "4": 10.870936950860207,
      "3": 11.719566297632824
    }
  },
  "gromov_delta": 9.664084559194993,
  "mean_distance": 7.969005145275365,
  "angle_sums": [
    0.011602785375197901,
    0.14043021589241414,
    0.03674066843096997,
    1.2563993018412276,
    0.09393482081974021,
    0.02726944167162482,
    0.6081823576830248,
    0.0046131031062649356,
    0.01244676678187317,
    0.10064911096406638,
    0.3522589677284084,
    0.04448975816067269,
    0.2630798478056033,
    0.11886462158855723,
    0.02427164648487029,
    0.34255780615647213,
    0.016949104053271737,
    0.02775498981647715,
    0.0012980753192089302,
    0.00028372028635543757,
    0.0786510809815047,
    7.875271346660313e-05,
    0.001027625603942524,
    0.0004309393320661472,
    0.0009425889717236178,
    0.01089710769197258,
    0.0,
    0.09308959144241584,
    0.00022862964657855724,
    0.0006668245819186718,
    0.000515343048170881,
    0.027341249883852104,
    3.1732731615336944e-05,
    0.002850568713553664,
    0.00021794869584145944
  ],
  "mean_angle_sum": 0.10574420268585498,
  "min_angle_sum": 0.0,
  "max_angle_sum": 1.2563993018412276,
  "angle_sum_deviations": [
    -3.129989868214595,
    -3.001162437697379,
    -3.104851985158823,
    -1.8851933517485655,
    -3.047657832770053,
    -3.114323211918168,
    -2.5334102959067684,
    -3.1369795504835283,
    -3.12914588680792,
    -3.0409435426257265,
    -2.7893336858613846,
    -3.0971028954291207,
    -2.8785128057841898,
    -3.0227280320012357,
    -3.117321007104923,
    -2.799034847433321,
    -3.1246435495365215,
    -3.113837663773316,
    -3.1402945782705842,
    -3.1413089333034376,
    -3.0629415726082883,
    -3.1415139008763266,
    -3.1405650279858506,
    -3.141161714257727,
    -3.1406500646180695,
    -3.1306955458978205,
    -3.141592653589793,
    -3.048503062147377,
    -3.1413640239432143,
    -3.1409258290078745,
    -3.1410773105416223,
    -3.114251403705941,
    -3.141560920858178,
    -3.1387420848762395,
    -3.1413747048939515
  ],
  "triangle_inequality_violations": [],
  "embedding_coords": [
    [
      -45040243510.25405,
      -155313175207.1545
    ],
    [
      1684594088.5281575,
      4039494603.200572
    ],
    [
      -5943749473.0178385,
      -18057209294.506744
    ],
    [
      -4206879361.7353024,
      -10454054842.322554
    ],
    [
      5988754374.293362,
      16808907435.732922
    ],
    [
      46916465830.90081,
      161693330724.47607
    ],
    [
      601058051.2848638,
      1282706580.5742447
    ]
  ],
  "embedding_coords_3d": [
    [
      4742341440.21262,
      76738342371.62885,
      -142265747585.96432
    ],
    [
      -514625143.5027762,
      -2324532666.2691407,
      3672476332.357029
    ],
    [
      1090615616.405129,
      9374737387.329807,
      -16502028460.234001
    ],
    [
      1215329298.221058,
      5917923828.807331,
      -9512436080.777523
    ],
    [
      -1362842813.1199827,
      -9018629473.136696,
      15336619149.359612
    ],
    [
      -4956978953.940221,
      -79907347918.82367,
      148108514872.7139
    ],
    [
      -213839444.2758264,
      -780493529.5364696,
      1162601772.5453432
    ]
  ],
  "edge_weight_variance": 0.06986267188208617,
  "event_nodes": [
    [
      0,
      0
    ],
    [
      1,
      0
    ],
    [
      2,
      0
    ],
    [
      3,
      0
    ],
    [
      4,
      0
    ],
    [
      5,
      0
    ],
    [
      6,
      0
    ],
    [
      0,
      1
    ],
    [
      1,
      1
    ],
    [
      2,
      1
    ],
    [
      3,
      1
    ],
    [
      4,
      1
    ],
    [
      5,
      1
    ],
    [
      6,
      1
    ],
    [
      0,
      2
    ],
    [
      1,
      2
    ],
    [
      2,
      2
    ],
    [
      3,
      2
    ],
    [
      4,
      2
    ],
    [
      5,
      2
    ],
    [
      6,
      2
    ],
    [
      0,
      3
    ],
    [
      1,
      3
    ],
    [
      2,
      3
    ],
    [
      3,
      3
    ],
    [
      4,
      3
    ],
    [
      5,
      3
    ],
    [
      6,
      3
    ]
  ],
  "event_edges": [
    {
      "type": "spatial",
      "from": [
        0,
        0
      ],
      "to": [
        1,
        0
      ],
      "weight": 6.121026938679058
    },
    {
      "type": "spatial",
      "from": [
        0,
        0
      ],
      "to": [
        2,
        0
      ],
      "weight": 9.93331228327394
    },
    {
      "type": "spatial",
      "from": [
        0,
        0
      ],
      "to": [
        3,
        0
      ],
      "weight": 5.093660562059441
    },
    {
      "type": "spatial",
      "from": [
        0,
        0
      ],
      "to": [
        4,
        0
      ],
      "weight": 7.572186916339961
    },
    {
      "type": "spatial",
      "from": [
        0,
        0
      ],
      "to": [
        5,
        0
      ],
      "weight": 12.373613395092285
    },
    {
      "type": "spatial",
      "from": [
        0,
        0
      ],
      "to": [
        6,
