{
  "spec": {
    "num_qubits": 4,
    "topology": "triangulated",
    "custom_edges": "0-1:0.8504,0-2:0.6518,0-3:0.8976,1-2:1.0000,1-3:0.6218,2-3:0.6218",
    "alpha": 0.8,
    "weight": 0.6950040835621477,
    "gamma": 0.27693551935014704,
    "sigma": 0.1909460049978632,
    "init_angle": 2.35710333776452,
    "init_angles": null,
    "shots": 100,
    "device": "ibm_brisbane",
    "geometry": "spherical",
    "curvature": 4.5,
    "timesteps": 2,
    "dimension": 2,
    "mass_hinge": null,
    "mass_value": 0.0,
    "solve_regge": false,
    "lorentzian": true,
    "excite": true,
    "fast": false,
    "fast_preset": "balanced",
    "ctc_mode": false,
    "ctc_perturbation": null,
    "ctc_perturbation_strength": 1.0,
    "test_ctc_recovery": false,
    "strong_curvature": true,
    "charge_injection": true,
    "charge_strength": 2.5,
    "charge_location": null,
    "spin_injection": true,
    "spin_strength": 2.0,
    "spin_location": null,
    "edge_floor": 0.001,
    "compute_entropies": true,
    "hyperbolic_triangulation": true,
    "trotter_steps": 8,
    "dt": 0.05,
    "analyze_curvature": true,
    "einstein_solver": true,
    "page_curve": true,
    "radiation_ordering": null,
    "page_curve_timesteps": 15,
    "entropy_method": "hybrid",
    "num_shadows": 100,
    "shots_per_shadow": 1000,
    "num_bases": 20,
    "shots_per_basis": 1000,
    "enhanced_entanglement": false,
    "entanglement_strength": 1.1217618010516166,
    "interpolate_geometry": false,
    "smooth_charge_injection": false,
    "min_qubits_for_continuum": 10,
    "benchmark_against_classical_geometry": false,
    "geometry_fit_metric": "wasserstein,kl,euclidean",
    "verify_noise_robustness": false,
    "run_on_multiple_backends": false,
    "detect_and_flag_causal_loops": true,
    "restrict_information_flow_direction": "bidirectional",
    "filter_noncausal_edges": true,
    "use_ryu_takayanagi_test": true,
    "compare_MI_vs_subsystem_entropy": true,
    "embed_boundary_entropy_in_geometry": true,
    "entropy_engineering": true,
    "target_entropy_pattern": "quantum_gravity",
    "custom_target_entropies": null,
    "entropy_optimization_iterations": 200,
    "entropy_tolerance": 0.05,
    "continue_on_engineering_failure": true,
    "skip_entropy_engineering": false,
    "validate_engineered_geometry": true,
    "enhance_bell_violations": true,
    "bell_entanglement_strength": 4.0,
    "teleportation_circuits": true,
    "long_range_coupling": 3.0,
    "holographic_optimization": true,
    "rt_surface_encoding": true,
    "conformal_symmetry": true,
    "bulk_reconstruction": true,
    "scalable_entanglement": true,
    "parallel_execution": true,
    "memory_optimization": true,
    "circuit_compilation": "optimized",
    "real_hardware": false,
    "error_mitigation": true,
    "zero_noise_extrapolation": true,
    "zne_noise_factors": [
      1.0,
      2.0,
      3.0
    ],
    "zne_extrapolation_method": "polynomial",
    "hardware_calibration": true,
    "noise_characterization": true,
    "backend_name": "ibm_brisbane",
    "quantum_mode": true,
    "quantum_entanglement_strength": 5.0,
    "quantum_circuit_depth": 12,
    "geometric_teleportation": false,
    "teleportation_mode": "both",
    "bridge_strength": 1.0,
    "signal_state": "+",
    "emergent_geometry_teleportation": false,
    "teleportation_node_pairs": "auto",
    "teleportation_embedding_dim": 2,
    "teleportation_fidelity_threshold": 0.7,
    "superposition_gravity": true,
    "massive_bulk_mass_hinge": "0,1,2",
    "massive_bulk_mass_value": 2.0,
    "massless_bulk_mass_hinge": null,
    "massless_bulk_mass_value": 0.0,
    "superposition_control_qubit": 0,
    "superposition_phase": 0.0,
    "interference_analysis": true,
    "classical_mixture_comparison": true,
    "coherence_preservation": true,
    "bulk_reconstruction_method": "mi_embedding"
  },
  "uid": "TOCO10",
  "counts_per_timestep": [
    {
      "0001": 8,
      "0000": 8,
      "0011": 7,
      "1001": 5,
      "1101": 7,
      "0110": 7,
      "1011": 10,
      "1000": 6,
      "1110": 3,
      "0010": 7,
      "0111": 8,
      "1100": 5,
      "0101": 5,
      "0100": 5,
      "1010": 6,
      "1111": 3
    },
    {
      "1000": 5,
      "0111": 6,
      "0001": 6,
      "1111": 7,
      "1101": 7,
      "1010": 7,
      "0100": 7,
      "0011": 3,
      "0010": 7,
      "0101": 11,
      "1110": 9,
      "0110": 3,
      "1001": 4,
      "1100": 8,
      "0000": 7,
      "1011": 3
    }
  ],
  "job_ids_per_timestep": [
    "d27uv0boctts738jnj50",
    "d27uv1o56fsc73e6dg2g"
  ],
  "entropy_per_timestep": [
    3.9359251330025784,
    3.909997864434809
  ],
  "mutual_information_per_timestep": [
    {
      "I_0,1": 0.0007558882514448039,
      "I_0,2": 3.611928213203804e-05,
      "I_0,3": 0.001073354325310659,
      "I_1,2": 0.0007061147911165671,
      "I_1,3": 0.0007296949341719389,
      "I_2,3": 0.0015045822578383192
    },
    {
      "I_0,1": 0.0007558882514448039,
      "I_0,2": 3.611928213203804e-05,
      "I_0,3": 0.001073354325310659,
      "I_1,2": 0.0007061147911165671,
      "I_1,3": 0.0007296949341719389,
      "I_2,3": 0.0015045822578383192
    }
  ],
  "boundary_entropies_per_timestep": [
    {
      "entropy_A": -0.0,
      "entropy_B": -0.0,
      "mi_AB": 0.0,
      "pure_state_check": true,
      "entropy_difference": 0.0,
      "multiple_regions": {
        "size_1_region_0": {
          "region": [
            0
          ],
          "entropy": 0.6881388137135884,
          "rt_area": 3,
          "size": 1
        },
        "size_1_region_1": {
          "region": [
            1
          ],
          "entropy": 0.683314913574166,
          "rt_area": 3,
          "size": 1
        },
        "size_2_region_0": {
          "region": [
            0,
            1
          ],
          "entropy": 0.6108643020548935,
          "rt_area": 4,
          "size": 2
        },
        "size_2_region_1": {
          "region": [
            0,
            2
          ],
          "entropy": 0.5730569171314204,
          "rt_area": 4,
          "size": 2
        },
        "size_3_region_0": {
          "region": [
            0,
            1,
            2
          ],
          "entropy": 0.439669879401343,
          "rt_area": 3,
          "size": 3
        },
        "size_3_region_1": {
          "region": [
            0,
            1,
            3
          ],
          "entropy": 0.42270908780599087,
          "rt_area": 3,
          "size": 3
        }
      }
    },
    {
      "entropy_A": -0.0,
      "entropy_B": -0.0,
      "mi_AB": 0.0,
      "pure_state_check": true,
      "entropy_difference": 0.0,
      "multiple_regions": {
        "size_1_region_0": {
          "region": [
            0
          ],
          "entropy": 0.6931471805599453,
          "rt_area": 3,
          "size": 1
        },
        "size_1_region_1": {
          "region": [
            1
          ],
          "entropy": 0.6802920001921535,
          "rt_area": 3,
          "size": 1
        },
        "size_2_region_0": {
          "region": [
            0,
            1
          ],
          "entropy": 0.5392763414970504,
          "rt_area": 4,
          "size": 2
        },
        "size_2_region_1": {
          "region": [
            0,
            2
          ],
          "entropy": 0.6191006644255871,
          "rt_area": 4,
          "size": 2
        },
        "size_3_region_0": {
          "region": [
            0,
            1,
            2
          ],
          "entropy": 0.3863867062886037,
          "rt_area": 3,
          "size": 3
        },
        "size_3_region_1": {
          "region": [
            0,
            1,
            3
          ],
          "entropy": 0.40496348506393853,
          "rt_area": 3,
          "size": 3
        }
      }
    }
  ],
  "distance_matrix_per_timestep": [
    [
      [
        0.0,
        7.187617008259737,
        10.228683704141284,
        6.83696665054233
      ],
      [
        7.187617008259737,
        0.0,
        7.255732740038418,
        13.754972728891918
      ],
      [
        10.228683704141284,
        7.255732740038418,
        0.0,
        6.499239988853499
      ],
      [
        6.83696665054233,
        13.754972728891918,
        6.499239988853499,
        0.0
      ]
    ],
    [
      [
        0.0,
        7.187617008259737,
        10.228683704141284,
        6.83696665054233
      ],
      [
        7.187617008259737,
        0.0,
        7.255732740038418,
        13.754972728891918
      ],
      [
        10.228683704141284,
        7.255732740038418,
        0.0,
        6.499239988853499
      ],
      [
        6.83696665054233,
        13.754972728891918,
        6.499239988853499,
        0.0
      ]
    ]
  ],
  "edge_mi": {
    "0,1": 0.0007558882514448039,
    "0,3": 0.001073354325310659,
    "0,2": 3.611928213203804e-05,
    "1,2": 0.0007061147911165671,
    "2,3": 0.0015045822578383192
  },
  "distance_matrix": [
    [
      0.0,
      7.187617008259737,
      10.228683704141284,
      6.83696665054233
    ],
    [
      7.187617008259737,
      0.0,
      7.255732740038418,
      7.22288400956031
    ],
    [
      10.228683704141284,
      7.255732740038418,
      0.0,
      6.499239988853499
    ],
    [
      6.83696665054233,
      7.22288400956031,
      6.499239988853499,
      0.0
    ]
  ],
  "shortest_paths": {
    "0": {
      "0": 0,
      "3": 6.83696665054233,
      "1": 7.187617008259737,
      "2": 10.228683704141284
    },
    "1": {
      "1": 0,
      "0": 7.187617008259737,
      "3": 7.22288400956031,
      "2": 7.255732740038418
    },
    "2": {
      "2": 0,
      "3": 6.499239988853499,
      "1": 7.255732740038418,
      "0": 10.228683704141284
    },
    "3": {
      "3": 0,
      "2": 6.499239988853499,
      "0": 6.83696665054233,
      "1": 7.22288400956031
    }
  },
  "gromov_delta": 5.283205182915056,
  "mean_distance": 5.653890512674447,
  "angle_sums": [
    9.42477796076938,
    9.42477796076938,
    6.079417061410108,
    9.42477796076938
  ],
  "mean_angle_sum": 8.588437735929562,
  "min_angle_sum": 6.079417061410108,
  "max_angle_sum": 9.42477796076938,
  "angle_sum_deviations": [
    6.283185307179586,
    6.283185307179586,
    2.9378244078203153,
    6.283185307179586
  ],
  "triangle_inequality_violations": [],
  "embedding_coords": [
    [
      0.11719853766320637,
      0.13366923488093493
    ],
    [
      -0.028536434055298876,
      -0.0322270087998746
    ],
    [
      0.15105854549546485,
      0.004727478398888631
    ],
    [
      -0.23972064910337235,
      -0.10616970447994895
    ]
  ],
  "embedding_coords_3d": [
    [
      0.17532842512151395,
      -0.01783129807514503,
      -0.02336654998049396
    ],
    [
      -0.042480161012213954,
      0.004296988778406024,
      0.005440911302747094
    ],
    [
      0.11722596122299117,
      -0.0006776840618786791,
      0.0953807525421476
    ],
    [
      -0.2500742253322911,
      0.014211993358617685,
      -0.07745511386440074
    ]
  ],
  "edge_weight_variance": 0.02224206333333333,
  "event_nodes": [
    [
      0,
      0
    ],
    [
      1,
      0
    ],
    [
      2,
      0
    ],
    [
      3,
      0
    ],
    [
      0,
      1
    ],
    [
      1,
      1
    ],
    [
      2,
      1
    ],
    [
      3,
      1
    ]
  ],
  "event_edges": [
    {
      "type": "spatial",
      "from": [
        0,
        0
      ],
      "to": [
        1,
        0
      ],
      "weight": 7.187617008259737
    },
    {
      "type": "spatial",
      "from": [
        0,
        0
      ],
      "to": [
        2,
        0
      ],
      "weight": 10.228683704141284
    },
    {
      "type": "spatial",
      "from": [
        0,
        0
      ],
      "to": [
        3,
        0
      ],
      "weight": 6.83696665054233
    },
    {
      "type": "spatial",
      "from": [
        1,
        0
      ],
      "to": [
        2,
        0
      ],
      "weight": 7.255732740038418
    },
    {
      "type": "spatial",
      "from": [
        1,
        0
      ],
      "to": [
        3,
        0
      ],
      "weight": 13.754972728891918
    },
    {
      "type": "spatial",
      "from": [
        2,
        0
      ],
      "to": [
        3,
        0
      ],
      "weight": 6.499239988853499
    },
    {
      "type": "temporal",
      "from": [
        0,
        0
      ],
      "to": [
        0,
        1
      ],
      "weight": 1.0
    },
    {
      "type": "temporal",
      "from": [
        1,
        0
      ],
      "to": [
        1,
        1
      ],
      "weight": 1.0
    },
    {
      "type": "temporal",
      "from": [
        2,
        0
      ],
      "to": [
        2,
        1
      ],
      "weight": 1.0
    },
    {
      "type": "temporal",
      "from": [
        3,
        0
      ],
      "to": [
        3,
        1
      ],
      "weight": 1.0
    },
    {
      "type": "spatial",
      "from": [
        0,
        1
      ],
      "to": [
        1,
        1
      ],
      "weight": 7.187617008259737
    },
    {
      "type": "spatial",
      "from": [
        0,
        1
      ],
      "to": [
        2,
        1
      ],
      "weight": 10.228683704141284
    },
    {
      "type": "spatial",
      "from": [
        0,
        1
      ],
      "to": [
        3,
        1
      ],
      "weight": 6.83696665054233
    },
    {
      "type": "spatial",
      "from": [
        1,
        1
      ],
      "to": [
        2,
        1
      ],
      "weight": 7.255732740038418
    },
    {
      "type": "spatial",
      "from": [
        1,
        1
      ],
      "to": [
        3,
        1
      ],
      "weight": 13.754972728891918
    },
    {
      "type": "spatial",
      "from": [
        2,
        1
      ],
      "to": [
        3,
        1
      ],
      "weight": 6.499239988853499
    }
  ],
  "lorentzian_dissimilarity": [
    [
      0.0,
      51.661838257424655,
      104.62597031936546,
      46.744112980628,
      -1.0,
      50.661838257424655,
      103.62597031936546,
      45.744112980628
    ],
    [
      51.661838257424655,
      0.0,
      52.64565759486541,
      189.1992747725604,
      50.661838257424655,
      -1.0,
      51.64565759486541,
      188.1992747725604
    ],
    [
      104.62597031936546,
      52.64565759486541,
      0.0,
      42.24012043271243,
      103.62597031936546,
      51.64565759486541,
      -1.0,
      41.24012043271243
    ],
    [
      46.744112980628,
      189.1992747725604,
      42.24012043271243,
      0.0,
      45.744112980628,
      188.1992747725604,
      41.24012043271243,
      -1.0
    ],
    [
      -1.0,
      50.661838257424655,
      103.62597031936546,
      45.744112980628,
      0.0,
      51.661838257424655,
      104.62597031936546,
      46.744112980628
    ],
    [
      50.661838257424655,
      -1.0,
      51.64565759486541,
      188.1992747725604,
      51.661838257424655,
      0.0,
      52.64565759486541,
      189.1992747725604
    ],
    [
      103.62597031936546,
      51.64565759486541,
      -1.0,
      41.24012043271243,
      104.62597031936546,
      52.64565759486541,
      0.0,
      42.24012043271243
    ],
    [
      45.744112980628,
      188.1992747725604,
      41.24012043271243,
      -1.0,
      46.744112980628,
      189.1992747725604,
      42.24012043271243,
      0.0
    ]
  ],
  "lorentzian_embedding": [
    [
      -0.5120222342054881,
      -0.9506277355539459,
      3.745034489374533
    ],
    [
      2.0021759130946646,
      -6.034495960474716,
      -1.8796677067594845
    ],
    [
      -3.7829158788788537,
      1.9392298656259308,
      -6.573560092351297
    ],
    [
      4.292787211002034,
      7.249664644453813,
      2.3009194431364604
    ],
    [
      -0.5120198275389619,
      -0.950627799509712,
      3.7450347537371185
    ],
    [
      2.002164992937209,
      -6.03449308095285,
      -1.8796748436294732
    ],
    [
      -3.782922608394989,
      1.9392317485964063,
      -6.573564976100885
    ],
    [
      4.292777140353143,
      7.249662527101299,
      2.300912990930736
    ]
  ],
  "edge_length_evolution": [],
  "angle_deficit_evolution": [],
  "regge_action_evolution": [],
  "gromov_delta_evolution": [],
  "mass_hinge": null,
  "mass_value": 0.0,
  "matter": [
    {
      "(0, 1)": 0.0,
      "(1, 2)": 0.0,
      "(0, 3)": 0.0,
      "(2, 3)": 0.0,
      "(0, 2)": 0.0,
      "(1, 3)": 0.0
    },
    {
      "(0, 1)": 0.0,
      "(1, 2)": 0.0,
      "(0, 3)": 0.0,
      "(2, 3)": 0.0,
      "(0, 2)": 0.0,
      "(1, 3)": 0.0
    }
  ],
  "stationary_solution": null,
  "einstein_analysis_per_timestep": [
    {
      "ricci_tensor": [
        [
          0.00030035961512589536,
          0.0
        ],
        [
          0.0,
          0.00030035961512589536
        ]
      ],
      "metric_tensor": [
        [
          1.0000600719230253,
          3.003596151258954e-05
        ],
        [
          3.003596151258954e-05,
          1.0000600719230253
        ]
      ],
      "stress_energy_tensor": [
        [
          0.00030035961512589536,
          6.007192302517907e-06
        ],
        [
          6.007192302517907e-06,
          0.00030035961512589536
        ]
      ],
      "einstein_solution": {
        "einstein_tensor": [
          [
            0.0,
            0.0
          ],
          [
            0.0,
            0.0
          ]
        ],
        "ricci_scalar": 0.0006007192302517907,
        "metric_tensor": [
          [
            1.0,
            0.0
          ],
          [
            0.0,
            1.0
          ]
        ],
        "lhs": [
          [
            0.0,
            0.0
          ],
          [
            0.0,
            0.0
          ]
        ],
        "rhs": [
          [
            0.00030035961512589536,
            6.007192302517907e-06
          ],
          [
            6.007192302517907e-06,
            0.00030035961512589536
          ]
        ],
        "equations_satisfied": false,
        "residual": 0.0004248575873347101,
        "conservation_violation": 0.00030035961512589536,
        "gravitational_constant": 0.039788735772973836,
        "cosmological_constant": 0.0
      },
      "entropy_first_derivative": 0.0,
      "entropy_second_derivative": 0.0,
      "entropy_curvature_correlation": 0.0004247676413590585,
      "emergent_gravitational_constant": 4.780371745246546e-05,
      "average_mutual_information": 0.0006007192302517907,
      "ricci_scalar": 0.0006007192302517907,
      "analysis_summary": {
        "einstein_equations_satisfied": false,
        "residual_magnitude": 0.0004248575873347101,
        "conservation_violation": 0.00030035961512589536,
        "entropy_evolution_rate": 0.0,
        "entropy_acceleration": 0.0,
        "entanglement_curvature_coupling": 0.0004247676413590585
      }
    },
    {
      "ricci_tensor": [
        [
          0.00030035961512589536,
          0.0
        ],
        [
          0.0,
          0.00030035961512589536
        ]
      ],
      "metric_tensor": [
        [
          1.0000600719230253,
          3.003596151258954e-05
        ],
        [
          3.003596151258954e-05,
          1.0000600719230253
        ]
      ],
      "stress_energy_tensor": [
        [
          0.00030035961512589536,
          6.007192302517907e-06
        ],
        [
          6.007192302517907e-06,
          0.00030035961512589536
        ]
      ],
      "einstein_solution": {
        "einstein_tensor": [
          [
            0.0,
            0.0
          ],
          [
            0.0,
            0.0
          ]
        ],
        "ricci_scalar": 0.0006007192302517907,
        "metric_tensor": [
          [
            1.0,
            0.0
          ],
          [
            0.0,
            1.0
          ]
        ],
        "lhs": [
          [
            0.0,
            0.0
          ],
          [
            0.0,
            0.0
          ]
        ],
        "rhs": [
          [
            0.00030035961512589536,
            6.007192302517907e-06
          ],
          [
            6.007192302517907e-06,
            0.00030035961512589536
          ]
        ],
        "equations_satisfied": false,
        "residual": 0.0004248575873347101,
        "conservation_violation": 0.00030035961512589536,
        "gravitational_constant": 0.039788735772973836,
        "cosmological_constant": 0.0
      },
      "entropy_first_derivative": 0.0,
      "entropy_second_derivative": 0.0,
      "entropy_curvature_correlation": 0.0004247676413590585,
      "emergent_gravitational_constant": 4.780371745246546e-05,
      "average_mutual_information": 0.0006007192302517907,
      "ricci_scalar": 0.0006007192302517907,
      "analysis_summary": {
        "einstein_equations_satisfied": false,
        "residual_magnitude": 0.0004248575873347101,
        "conservation_violation": 0.00030035961512589536,
        "entropy_evolution_rate": 0.0,
        "entropy_acceleration": 0.0,
        "entanglement_curvature_coupling": 0.0004247676413590585
      }
    }
  ],
  "bootstrap_analysis": {
    "gromov_delta": {
      "mean": 7.255732740038418,
      "lower_ci": 7.255732740038418,
      "upper_ci": 7.255732740038418,
      "all_values": [
        7.255732740038418,
        7.255732740038418
      ],
      "uncertainty": 0.0
    },
    "entropy": {
      "mean": 3.922961498718694,
      "lower_ci": 3.909997864434809,
      "upper_ci": 3.9359251330025784,
      "uncertainty": 0.012963634283884584
    },
    "distance_matrix": {
      "mean": [
        [
          0.0,
          7.187617008259737,
          10.228683704141284,
          6.83696665054233
        ],
        [
          7.187617008259737,
          0.0,
          7.255732740038418,
          13.754972728891918
        ],
        [
          10.228683704141284,
          7.255732740038418,
          0.0,
          6.499239988853499
        ],
        [
          6.83696665054233,
          13.754972728891918,
          6.499239988853499,
          0.0
        ]
      ],
      "lower_ci": [
        [
          0.0,
          7.187617008259737,
          10.228683704141284,
          6.83696665054233
        ],
        [
          7.187617008259737,
          0.0,
          7.255732740038418,
          13.754972728891918
        ],
        [
          10.228683704141284,
          7.255732740038418,
          0.0,
          6.499239988853499
        ],
        [
          6.83696665054233,
          13.754972728891918,
          6.499239988853499,
          0.0
        ]
      ],
      "upper_ci": [
        [
          0.0,
          7.187617008259737,
          10.228683704141284,
          6.83696665054233
        ],
        [
          7.187617008259737,
          0.0,
          7.255732740038418,
          13.754972728891918
        ],
        [
          10.228683704141284,
          7.255732740038418,
          0.0,
          6.499239988853499
        ],
        [
          6.83696665054233,
          13.754972728891918,
          6.499239988853499,
          0.0
        ]
      ]
    }
  },
  "topology_compatibility": {
    "current_topology": "triangulated",
    "explanation": "Triangulated topology is specifically designed for angle-sum curvature. Creates multiple triangles per vertex, enabling robust local curvature measurements. Each vertex has multiple incident triangles for well-defined angle sums.",
    "supports_local_curvature": true
  },
  "rt_surface_analysis": {
    "region_A": [
      0
    ],
    "region_B": [
      1,
      2,
      3
    ],
    "bulk_point": 2,
    "is_complementary": true,
    "rt_area_AB": 24.25326736294335,
    "rt_area_BA": 24.25326736294335,
    "area_consistent": true,
    "edges_consistent": true,
    "area_difference": 0.0,
    "rt_edges_AB": [
      [
        0,
        1
      ],
      [
        0,
        2
      ],
      [
        0,
        3
      ]
    ],
    "rt_edges_BA": [
      [
        0,
        1
      ],
      [
        0,
        2
      ],
      [
        0,
        3
      ]
    ],
    "edge_lengths": [
      7.187617008259737,
      10.228683704141284,
      6.83696665054233,
      7.255732740038418,
      13.754972728891918,
      6.499239988853499
    ],
    "all_edges": [
      [
        0,
        1
      ],
      [
        0,
        2
      ],
      [
        0,
        3
      ],
      [
        1,
        2
      ],
      [
        1,
        3
      ],
      [
        2,
        3
      ]
    ]
  },
  "bulk_excitation_analysis": {
    "ground_state_mi": [
      [
        0.0,
        0.03757734909885384,
        0.12077308529977553,
        0.037577349098853186
      ],
      [
        0.03757734909885384,
        0.0,
        0.0375773490988531,
        0.012760759614688158
      ],
      [
        0.12077308529977553,
        0.0375773490988531,
        0.0,
        0.037577349098852825
      ],
      [
        0.037577349098853186,
        0.012760759614688158,
        0.037577349098852825,
        0.0
      ]
    ],
    "excited_state_mi": [
      [
        0.0,
        0.04983194133452851,
        0.09606550900486546,
        0.04983194133452881
      ],
      [
        0.04983194133452851,
        0.0,
        0.1970660320334078,
        0.06673679191889884
      ],
      [
        0.09606550900486546,
        0.1970660320334078,
        0.0,
        0.1970660320334079
      ],
      [
        0.04983194133452881,
        0.06673679191889884,
        0.1970660320334079,
        0.0
      ]
    ],
    "mi_difference": [
      [
        0.0,
        0.012254592235674669,
        -0.024707576294910064,
        0.012254592235675626
      ],
      [
        0.012254592235674669,
        0.0,
        0.1594886829345547,
        0.05397603230421068
      ],
      [
        -0.024707576294910064,
        0.1594886829345547,
        0.0,
        0.15948868293455506
      ],
      [
        0.012254592235675626,
        0.05397603230421068,
        0.15948868293455506,
        0.0
      ]
    ],
    "avg_mi_change": 0.052771269867447596,
    "max_mi_change": 0.15948868293455506,
    "mi_change_boundary_A": NaN,
    "mi_change_boundary_B": 0.1243177993911068,
    "bulk_point": 2,
    "ground_state_counts": {
      "counts": {
        "1111": 7,
        "0000": 12,
        "0001": 5,
        "0010": 7,
        "0110": 8,
        "0011": 5,
        "0101": 5,
        "1000": 6,
        "1100": 3,
        "0111": 5,
        "1101": 6,
        "1001": 6,
        "1011": 3,
        "0100": 5,
        "1010": 9,
        "1110": 8
      },
      "job_id": "d27uv39ogaas73ct90pg",
      "mutual_information": {
        "I_0,1": 0.004018143048492309,
        "I_0,2": 0.012653137472255487,
        "I_0,3": 0.004018143048492309,
        "I_1,2": 0.014762029278700434,
        "I_1,3": 0.004824839611172759,
        "I_2,3": 0.0024066736144804715
      }
    },
    "excited_state_counts": {
      "counts": {
        "0110": 8,
        "1101": 7,
        "0100": 5,
        "0001": 7,
        "1100": 5,
        "1000": 11,
        "0101": 6,
        "0000": 6,
        "1111": 6,
        "1001": 5,
        "0010": 5,
        "1110": 4,
        "1011": 10,
        "0111": 7,
        "1010": 3,
        "0011": 5
      },
      "job_id": "d27uv4h29u8s73f8me20",
      "mutual_information": {
        "I_0,1": 0.007619604969635943,
        "I_0,2": 0.0003638906329236462,
        "I_0,3": 0.0010905162318256521,
        "I_1,2": 0.004451918032581853,
        "I_1,3": 0.002534463659287906,
        "I_2,3": 0.007123809270285254
      }
    },
    "boundary_entropies": {
      "ground_state": {
        "entropy_A": 0.04254597521189303,
        "entropy_B": 0.04254597521188822,
        "mi_AB": 0.08509195042377767
      },
      "excited_state": {
        "entropy_A": 0.15550482486088982,
        "entropy_B": 0.15550482486088893,
        "mi_AB": 0.31100964972177175
      },
      "rt_relation_test": {
        "entropy_ratio": 0.999999999999887,
        "rt_area_ratio": 1.0,
        "rt_deviation": 1.1302070390684094e-13,
        "excited_entropy_ratio": 0.9999999999999943,
        "rt_relation_change": 1.0735856648125264e-13
      }
    }
  },
  "page_curve_analysis": null,
  "deutsch_ctc_analysis": null,
  "ctc_recovery_analysis": null,
  "einstein_analysis": null,
  "dynamic_evidence": {
    "angle_sums_per_timestep": [
      [
        9.42477796076938,
        3.141592653589793,
        6.079417061410108,
        0.0
      ],
      [
        9.42477796076938,
        3.141592653589793,
        6.079417061410108,
        0.0
      ]
    ],
    "gromov_delta_per_timestep": [
      7.255732740038418,
      7.255732740038418
    ],
    "edge_mi_per_timestep": [
      {
        "0,1": 0.0007558882514448039,
        "0,3": 0.001073354325310659,
        "0,2": 3.611928213203804e-05,
        "1,2": 0.0007061147911165671,
        "2,3": 0.0015045822578383192
      },
      {
        "0,1": 0.0007558882514448039,
        "0,3": 0.001073354325310659,
        "0,2": 3.611928213203804e-05,
        "1,2": 0.0007061147911165671,
        "2,3": 0.0015045822578383192
      }
    ],
    "shortest_paths_per_timestep": [
      {
        "0": {
          "0": 0,
          "3": 6.83696665054233,
          "1": 7.187617008259737,
          "2": 10.228683704141284
        },
        "1": {
          "1": 0,
          "0": 7.187617008259737,
          "2": 7.255732740038418,
          "3": 13.754972728891918
        },
        "2": {
          "2": 0,
          "3": 6.499239988853499,
          "1": 7.255732740038418,
          "0": 10.228683704141284
        },
        "3": {
          "3": 0,
          "2": 6.499239988853499,
          "0": 6.83696665054233,
          "1": 13.754972728891918
        }
      },
      {
        "0": {
          "0": 0,
          "3": 6.83696665054233,
          "1": 7.187617008259737,
          "2": 10.228683704141284
        },
        "1": {
          "1": 0,
          "0": 7.187617008259737,
          "2": 7.255732740038418,
          "3": 13.754972728891918
        },
        "2": {
          "2": 0,
          "3": 6.499239988853499,
          "1": 7.255732740038418,
          "0": 10.228683704141284
        },
        "3": {
          "3": 0,
          "2": 6.499239988853499,
          "0": 6.83696665054233,
          "1": 13.754972728891918
        }
      }
    ],
    "mean_distance_per_timestep": [
      6.470401602590899,
      6.470401602590899
    ],
    "triangle_violations_per_timestep": [
      0,
      0
    ],
    "embedding_coords_per_timestep": [
      [
        [
          0.061565209313082604,
          0.16996708101833122
        ],
        [
          -0.05513274459544403,
          -0.1286904464323304
        ],
        [
          0.1587164037198861,
          0.002594280059123036
        ],
        [
          -0.16514886843752466,
          -0.04387091464512385
        ]
      ],
      [
        [
          0.061565209313082604,
          0.16996708101833122
        ],
        [
          -0.05513274459544403,
          -0.1286904464323304
        ],
        [
          0.1587164037198861,
          0.002594280059123036
        ],
        [
          -0.16514886843752466,
          -0.04387091464512385
        ]
      ]
    ],
    "regge_evolution_data": null,
    "evolution_summary": {
      "total_timesteps": 2,
      "gromov_delta_range": [
        7.255732740038418,
        7.255732740038418
      ],
      "mean_distance_range": [
        6.470401602590899,
        6.470401602590899
      ],
      "total_triangle_violations": 0,
      "hyperbolic_evolution": [
        false,
        false
      ],
      "regge_corrected": false
    }
  },
  "quantum_state_outputs": [
    {
      "timestep": 1,
      "statevector": null,
      "mutual_information_matrix": [
        [
          0.0,
          0.0007558882514448039,
          3.611928213203804e-05,
          0.001073354325310659
        ],
        [
          0.0007558882514448039,
          0.0,
          0.0007061147911165671,
          0.0007296949341719389
        ],
        [
          3.611928213203804e-05,
          0.0007061147911165671,
          0.0,
          0.0015045822578383192
        ],
        [
          0.001073354325310659,
          0.0007296949341719389,
          0.0015045822578383192,
          0.0
        ]
      ],
      "counts": {
        "0001": 8,
        "0000": 8,
        "0011": 7,
        "1001": 5,
        "1101": 7,
        "0110": 7,
        "1011": 10,
        "1000": 6,
        "1110": 3,
        "0010": 7,
        "0111": 8,
        "1100": 5,
        "0101": 5,
        "0100": 5,
        "1010": 6,
        "1111": 3
      },
      "job_id": "d27uv0boctts738jnj50",
      "device": "ibm_brisbane"
    },
    {
      "timestep": 2,
      "statevector": null,
      "mutual_information_matrix": [
        [
          0.0,
          0.0037564493246712988,
          0.011599195861315942,
          0.005026615360681778
        ],
        [
          0.0037564493246712988,
          0.0,
          0.0010028738682669146,
          0.009933266886553688
        ],
        [
          0.011599195861315942,
          0.0010028738682669146,
          0.0,
          0.0032880576808997954
        ],
        [
          0.005026615360681778,
          0.009933266886553688,
          0.0032880576808997954,
          0.0
        ]
      ],
      "counts": {
        "1000": 5,
        "0111": 6,
        "0001": 6,
        "1111": 7,
        "1101": 7,
        "1010": 7,
        "0100": 7,
        "0011": 3,
        "0010": 7,
        "0101": 11,
        "1110": 9,
        "0110": 3,
        "1001": 4,
        "1100": 8,
        "0000": 7,
        "1011": 3
      },
      "job_id": "d27uv1o56fsc73e6dg2g",
      "device": "ibm_brisbane"
    }
  ],
  "emergent_geometry_teleportation": null,
  "superposition_gravity": null,
  "teleportation_geometry_correlation": null
}