[
  {
    "n_qubits": 3,
    "mi_matrix": [
      [
        0.0,
        0.19678344801520664,
        0.2097165094891591
      ],
      [
        0.19678344801520664,
        0.0,
        0.1885732867849439
      ],
      [
        0.2097165094891591,
        0.1885732867849439,
        0.0
      ]
    ],
    "mds_coords": [
      [
        0.24776381189838217,
        -0.17278063942910585,
        0.35853967958313887
      ],
      [
        -0.400598946387617,
        -0.21952473163161082,
        -0.14301984464139195
      ],
      [
        0.15283513448923483,
        0.3923053710607167,
        -0.2155198349417468
      ]
    ],
    "mds_eigenvalues": [
      0.17221593674934935,
      0.16409753277081163,
      -4.223673791356099e-17
    ],
    "bulk_volume": 2.460325330619414,
    "stress": 1.836702965829719e-07
  },
  {
    "n_qubits": 4,
    "mi_matrix": [
      [
        0.0,
        0.2091955466568467,
        0.21922396826071266,
        0.2059209746007038
      ],
      [
        0.2091955466568467,
        0.0,
        0.20701997853334175,
        0.21375048161307442
      ],
      [
        0.21922396826071266,
        0.20701997853334175,
        0.0,
        0.18181002234965304
      ],
      [
        0.2059209746007038,
        0.21375048161307442,
        0.18181002234965304,
        0.0
      ]
    ],
    "mds_coords": [
      [
        0.017044806494619768,
        -0.2924717476241695,
        0.23943175041451314,
        0.31603104333649307
      ],
      [
        0.2713493861283271,
        0.3840004207628389,
        -0.07775669675570851,
        0.13159604407855013
      ],
      [
        -0.22501932332237293,
        -0.13223783517239596,
        -0.4279055682529593,
        -0.02631274941639758
      ],
      [
        -0.06337486930057398,
        0.04070916203372645,
        0.2662305145941546,
        -0.42131433799864565
      ]
    ],
    "mds_eigenvalues": [
      0.11614988915444904,
      0.10906663693821483,
      0.10593614475112337,
      4.624866008508466e-19
    ],
    "bulk_volume": 4.882622267456263,
    "stress": 3.790457408287633e-06
  },
  {
    "n_qubits": 5,
    "mi_matrix": [
      [
        0.0,
        0.19682196390636642,
        0.21366529267830536,
        0.15995655263295205,
        0.24029195059895647
      ],
      [
        0.19682196390636642,
        0.0,
        0.18403330512503757,
        0.15841341152992428,
        0.2087178357062267
      ],
      [
        0.21366529267830536,
        0.18403330512503757,
        0.0,
        0.18764788937780996,
        0.23168016205474729
      ],
      [
        0.15995655263295205,
        0.15841341152992428,
        0.18764788937780996,
        0.0,
        0.16760666074897723
      ],
      [
        0.24029195059895647,
        0.2087178357062267,
        0.23168016205474729,
        0.16760666074897723,
        0.0
      ]
    ],
    "mds_coords": [
      [
        -0.25426427036468063,
        -0.004550297635948609,
        -0.24240702813028248,
        0.3735865667463065
      ],
      [
        -0.23344966512642454,
        0.3761923392524495,
        0.08860504556267294,
        -0.2749494481393191
      ],
      [
        -0.029639346170931165,
        -0.26365743064573766,
        0.42869249304104634,
        0.08157125168853155
      ],
      [
        0.49642577214950895,
        0.1997609940902403,
        -0.010757778925380414,
        0.11669709713348671
      ],
      [
        0.02092750951252727,
        -0.3077456050610035,
        -0.26413273154805633,
        -0.2969054674290057
      ]
    ],
    "mds_eigenvalues": [
      0.09516832184247265,
      0.08751805301447782,
      0.08044102441810569,
      0.07598076648643658
    ],
    "bulk_volume": 8.232280735946897,
    "stress": 1.0031283296656478e-05
  },
  {
    "n_qubits": 6,
    "mi_matrix": [
      [
        0.0,
        0.20107716913233364,
        0.1810053716923643,
        0.17194061868251187,
        0.17053220886344933,
        0.16329743395968688
      ],
      [
        0.20107716913233364,
        0.0,
        0.17802499187316756,
        0.19309670420055913,
        0.20765405976882212,
        0.15759429889730314
      ],
      [
        0.1810053716923643,
        0.17802499187316756,
        0.0,
        0.1765041613191316,
        0.17207182847291835,
        0.17354034871888402
      ],
      [
        0.17194061868251187,
        0.19309670420055913,
        0.1765041613191316,
        0.0,
        0.16330706668132478,
        0.1675914180522471
      ],
      [
        0.17053220886344933,
        0.20765405976882212,
        0.17207182847291835,
        0.16330706668132478,
        0.0,
        0.18398121147501234
      ],
      [
        0.16329743395968688,
        0.15759429889730314,
        0.17354034871888402,
        0.1675914180522471,
        0.18398121147501234,
        0.0
      ]
    ],
    "mds_coords": [
      [
        -0.05092216223195579,
        -0.3072656513406455,
        0.2905063831792403,
        0.3305122299488611
      ],
      [
        0.4888184154749818,
        0.09846412429486741,
        0.01910305339431062,
        0.16743831517226782
      ],
      [
        -0.15311007603652813,
        -0.3850095703276278,
        -0.3184506361653663,
        -0.13698541335182296
      ],
      [
        0.18094314423016047,
        0.003798437379357414,
        0.14214710762221017,
        -0.4898901159975353
      ],
      [
        -0.07605348786668592,
        0.3083666766731044,
        -0.38670709881008525,
        0.19088782298603463
      ],
      [
        -0.38967583356997243,
        0.28164598332094404,
        0.2534011907796906,
        -0.061962838757805255
      ]
    ],
    "mds_eigenvalues": [
      0.09188205849793561,
      0.09052545154310253,
      0.08385623942951127,
      0.08144794811553545
    ],
    "bulk_volume": 12.444039917089977,
    "stress": 0.0919227547332122
  },
  {
    "n_qubits": 7,
    "mi_matrix": [
      [
        0.0,
        0.1808513423548681,
        0.20787911085009347,
        0.2077069332879582,
        0.2147380091487734,
        0.22096495655232284,
        0.21757140670071284
      ],
      [
        0.1808513423548681,
        0.0,
        0.15520322767522732,
        0.1742836747671419,
        0.18782435254203644,
        0.22933642709624436,
        0.18059318957566872
      ],
      [
        0.20787911085009347,
        0.15520322767522732,
        0.0,
        0.2151226850869694,
        0.21448821542684282,
        0.19508574908534992,
        0.18578978176152106
      ],
      [
        0.2077069332879582,
        0.1742836747671419,
        0.2151226850869694,
        0.0,
        0.20915596150010796,
        0.20087897322989723,
        0.21050242011249343
      ],
      [
        0.2147380091487734,
        0.18782435254203644,
        0.21448821542684282,
        0.20915596150010796,
        0.0,
        0.2149152177414111,
        0.218377594055156
      ],
      [
        0.22096495655232284,
        0.22933642709624436,
        0.19508574908534992,
        0.20087897322989723,
        0.2149152177414111,
        0.0,
        0.2242122454535993
      ],
      [
        0.21757140670071284,
        0.18059318957566872,
        0.18578978176152106,
        0.21050242011249343,
        0.218377594055156,
        0.2242122454535993,
        0.0
      ]
    ],
    "mds_coords": [
      [
        0.3202873486328995,
        -0.19801538659128073,
        0.020154088751702378,
        -0.36968809799817465
      ],
      [
        -0.23479593861422912,
        0.3332440162415202,
        0.37140110297039436,
        0.06109091141581098
      ],
      [
        -0.36949591748515304,
        -0.35476350020218184,
        0.00657054864287468,
        -0.16227020181273138
      ],
      [
        -0.11086066477688425,
        -0.12357071813465716,
        -0.372819450964369,
        0.3450672848689891
      ],
      [
        -0.1520320234168922,
        0.29061125651695235,
        -0.267923261494768,
        -0.29962737766872305
      ],
      [
        0.14678056074213255,
        -0.2268569572812324,
        0.3501861916443967,
        0.26188883020318837
      ],
      [
        0.4001166349181265,
        0.27935128945087967,
        -0.10756921955023108,
        0.16353865099164067
      ]
    ],
    "mds_eigenvalues": [
      0.0933461073691284,
      0.08791717781731398,
      0.07596356631369626,
      0.07125734854474068
    ],
    "bulk_volume": 16.882401011471323,
    "stress": 0.20271095845496145
  }
]