{
  "spec": {
    "num_qubits": 4,
    "topology": "triangulated",
    "custom_edges": "0-1:0.9837,0-2:0.7540,0-3:1.0000,1-2:1.0000,1-3:0.7193,2-3:0.7193",
    "alpha": 0.8,
    "weight": 0.8039851504084268,
    "gamma": 0.3679084501040561,
    "sigma": 0.30683682331337414,
    "init_angle": 2.6753318739207086,
    "init_angles": null,
    "shots": 500,
    "device": "ibm_brisbane",
    "geometry": "spherical",
    "curvature": 4.5,
    "timesteps": 2,
    "dimension": 2,
    "mass_hinge": null,
    "mass_value": 0.0,
    "solve_regge": false,
    "lorentzian": true,
    "excite": true,
    "fast": false,
    "fast_preset": "balanced",
    "ctc_mode": false,
    "ctc_perturbation": null,
    "ctc_perturbation_strength": 1.0,
    "test_ctc_recovery": false,
    "strong_curvature": true,
    "charge_injection": true,
    "charge_strength": 2.5,
    "charge_location": null,
    "spin_injection": true,
    "spin_strength": 2.0,
    "spin_location": null,
    "edge_floor": 0.001,
    "compute_entropies": true,
    "hyperbolic_triangulation": true,
    "trotter_steps": 8,
    "dt": 0.05,
    "analyze_curvature": true,
    "einstein_solver": true,
    "page_curve": true,
    "radiation_ordering": null,
    "page_curve_timesteps": 15,
    "entropy_method": "hybrid",
    "num_shadows": 100,
    "shots_per_shadow": 1000,
    "num_bases": 20,
    "shots_per_basis": 1000,
    "enhanced_entanglement": false,
    "entanglement_strength": 0.74674318523968,
    "interpolate_geometry": false,
    "smooth_charge_injection": false,
    "min_qubits_for_continuum": 10,
    "benchmark_against_classical_geometry": false,
    "geometry_fit_metric": "wasserstein,kl,euclidean",
    "verify_noise_robustness": false,
    "run_on_multiple_backends": false,
    "detect_and_flag_causal_loops": true,
    "restrict_information_flow_direction": "bidirectional",
    "filter_noncausal_edges": true,
    "use_ryu_takayanagi_test": true,
    "compare_MI_vs_subsystem_entropy": true,
    "embed_boundary_entropy_in_geometry": true,
    "entropy_engineering": true,
    "target_entropy_pattern": "quantum_gravity",
    "custom_target_entropies": null,
    "entropy_optimization_iterations": 200,
    "entropy_tolerance": 0.05,
    "continue_on_engineering_failure": true,
    "skip_entropy_engineering": false,
    "validate_engineered_geometry": true,
    "enhance_bell_violations": true,
    "bell_entanglement_strength": 4.0,
    "teleportation_circuits": true,
    "long_range_coupling": 3.0,
    "holographic_optimization": true,
    "rt_surface_encoding": true,
    "conformal_symmetry": true,
    "bulk_reconstruction": true,
    "scalable_entanglement": true,
    "parallel_execution": true,
    "memory_optimization": true,
    "circuit_compilation": "optimized",
    "real_hardware": false,
    "error_mitigation": true,
    "zero_noise_extrapolation": true,
    "zne_noise_factors": [
      1.0,
      2.0,
      3.0
    ],
    "zne_extrapolation_method": "polynomial",
    "hardware_calibration": true,
    "noise_characterization": true,
    "backend_name": "ibm_brisbane",
    "quantum_mode": true,
    "quantum_entanglement_strength": 5.0,
    "quantum_circuit_depth": 12,
    "geometric_teleportation": false,
    "teleportation_mode": "both",
    "bridge_strength": 1.0,
    "signal_state": "+",
    "emergent_geometry_teleportation": false,
    "teleportation_node_pairs": "auto",
    "teleportation_embedding_dim": 2,
    "teleportation_fidelity_threshold": 0.7,
    "superposition_gravity": true,
    "massive_bulk_mass_hinge": "2",
    "massive_bulk_mass_value": 1.0,
    "massless_bulk_mass_hinge": "None",
    "massless_bulk_mass_value": 0.0,
    "superposition_control_qubit": 0,
    "superposition_phase": 0.0,
    "interference_analysis": true,
    "classical_mixture_comparison": true,
    "coherence_preservation": true,
    "bulk_reconstruction_method": "mi_embedding"
  },
  "uid": "NKXU9P",
  "counts_per_timestep": [
    {
      "0100": 23,
      "0101": 25,
      "0111": 16,
      "0001": 45,
      "1111": 40,
      "0000": 30,
      "1110": 36,
      "1010": 28,
      "1100": 33,
      "0011": 29,
      "1101": 35,
      "1001": 50,
      "1011": 35,
      "0110": 22,
      "0010": 23,
      "1000": 30
    },
    {
      "1010": 33,
      "0000": 28,
      "1001": 31,
      "0011": 41,
      "1100": 36,
      "0001": 28,
      "1011": 32,
      "1111": 40,
      "1101": 33,
      "0100": 28,
      "0101": 26,
      "0010": 31,
      "1110": 24,
      "1000": 30,
      "0111": 36,
      "0110": 23
    }
  ],
  "job_ids_per_timestep": [
    "d27tccroctts738jltkg",
    "d27tce3octts738jltmg"
  ],
  "entropy_per_timestep": [
    3.9457362595784846,
    3.9814272282426697
  ],
  "mutual_information_per_timestep": [
    {
      "I_0,1": 0.0011523023442361734,
      "I_0,2": 0.0035878853177894743,
      "I_0,3": 0.00015271545363733287,
      "I_1,2": 0.002433026252895286,
      "I_1,3": 0.0018834439648872502,
      "I_2,3": 0.004741553468468981
    },
    {
      "I_0,1": 0.0011523023442361734,
      "I_0,2": 0.0035878853177894743,
      "I_0,3": 0.00015271545363733287,
      "I_1,2": 0.002433026252895286,
      "I_1,3": 0.0018834439648872502,
      "I_2,3": 0.004741553468468981
    }
  ],
  "boundary_entropies_per_timestep": [
    {
      "entropy_A": -0.0,
      "entropy_B": -0.0,
      "mi_AB": 0.0,
      "pure_state_check": true,
      "entropy_difference": 0.0,
      "multiple_regions": {
        "size_1_region_0": {
          "region": [
            0
          ],
          "entropy": 0.6821548439839541,
          "rt_area": 3,
          "size": 1
        },
        "size_1_region_1": {
          "region": [
            1
          ],
          "entropy": 0.6899437584583995,
          "rt_area": 3,
          "size": 1
        },
        "size_2_region_0": {
          "region": [
            0,
            1
          ],
          "entropy": 0.5666870774074232,
          "rt_area": 4,
          "size": 2
        },
        "size_2_region_1": {
          "region": [
            0,
            2
          ],
          "entropy": 0.557897875664777,
          "rt_area": 4,
          "size": 2
        },
        "size_3_region_0": {
          "region": [
            0,
            1,
            2
          ],
          "entropy": 0.42270908780599087,
          "rt_area": 3,
          "size": 3
        },
        "size_3_region_1": {
          "region": [
            0,
            1,
            3
          ],
          "entropy": 0.33806977200113625,
          "rt_area": 3,
          "size": 3
        }
      }
    },
    {
      "entropy_A": -0.0,
      "entropy_B": -0.0,
      "mi_AB": 0.0,
      "pure_state_check": true,
      "entropy_difference": 0.0,
      "multiple_regions": {
        "size_1_region_0": {
          "region": [
            0
          ],
          "entropy": 0.6924990405193354,
          "rt_area": 3,
          "size": 1
        },
        "size_1_region_1": {
          "region": [
            1
          ],
          "entropy": 0.6930191750980527,
          "rt_area": 3,
          "size": 1
        },
        "size_2_region_0": {
          "region": [
            0,
            1
          ],
          "entropy": 0.5688313232795487,
          "rt_area": 4,
          "size": 2
        },
        "size_2_region_1": {
          "region": [
            0,
            2
          ],
          "entropy": 0.5269079614313803,
          "rt_area": 4,
          "size": 2
        },
        "size_3_region_0": {
          "region": [
            0,
            1,
            2
          ],
          "entropy": 0.35067649762003944,
          "rt_area": 3,
          "size": 3
        },
        "size_3_region_1": {
          "region": [
            0,
            1,
            3
          ],
          "entropy": 0.3629210998971987,
          "rt_area": 3,
          "size": 3
        }
      }
    }
  ],
  "distance_matrix_per_timestep": [
    [
      [
        0.0,
        6.765993299548931,
        5.630192298008369,
        8.786934148258275
      ],
      [
        6.765993299548931,
        0.0,
        6.018619424899762,
        11.370009885904693
      ],
      [
        5.630192298008369,
        6.018619424899762,
        0.0,
        5.351390461004931
      ],
      [
        8.786934148258275,
        11.370009885904693,
        5.351390461004931,
        0.0
      ]
    ],
    [
      [
        0.0,
        6.765993299548931,
        5.630192298008369,
        8.786934148258275
      ],
      [
        6.765993299548931,
        0.0,
        6.018619424899762,
        11.370009885904693
      ],
      [
        5.630192298008369,
        6.018619424899762,
        0.0,
        5.351390461004931
      ],
      [
        8.786934148258275,
        11.370009885904693,
        5.351390461004931,
        0.0
      ]
    ]
  ],
  "edge_mi": {
    "0,1": 0.0011523023442361734,
    "0,3": 0.00015271545363733287,
    "0,2": 0.0035878853177894743,
    "1,2": 0.002433026252895286,
    "2,3": 0.004741553468468981
  },
  "distance_matrix": [
    [
      0.0,
      6.765993299548931,
      5.630192298008369,
      8.786934148258275
    ],
    [
      6.765993299548931,
      0.0,
      6.018619424899762,
      6.274653281799156
    ],
    [
      5.630192298008369,
      6.018619424899762,
      0.0,
      5.351390461004931
    ],
    [
      8.786934148258275,
      6.274653281799156,
      5.351390461004931,
      0.0
    ]
  ],
  "shortest_paths": {
    "0": {
      "0": 0,
      "2": 5.630192298008369,
      "1": 6.765993299548931,
      "3": 8.786934148258275
    },
    "1": {
      "1": 0,
      "2": 6.018619424899762,
      "3": 6.274653281799156,
      "0": 6.765993299548931
    },
    "2": {
      "2": 0,
      "3": 5.351390461004931,
      "0": 5.630192298008369,
      "1": 6.018619424899762
    },
    "3": {
      "3": 0,
      "2": 5.351390461004931,
      "1": 6.274653281799156,
      "0": 8.786934148258275
    }
  },
  "gromov_delta": 4.639137083004025,
  "mean_distance": 4.8534728641899285,
  "angle_sums": [
    3.141592653589793,
    3.141592653589793,
    3.141592653589793,
    9.42477796076938
  ],
  "mean_angle_sum": 4.71238898038469,
  "min_angle_sum": 3.141592653589793,
  "max_angle_sum": 9.42477796076938,
  "angle_sum_deviations": [
    0.0,
    0.0,
    0.0,
    6.283185307179586
  ],
  "triangle_inequality_violations": [],
  "embedding_coords": [
    [
      0.10449323491843347,
      -0.036048166062953274
    ],
    [
      -0.21154217423808036,
      -0.014297876005584294
    ],
    [
      0.03112517859452113,
      0.1653225047265605
    ],
    [
      0.07592376072512579,
      -0.11497646265802292
    ]
  ],
  "embedding_coords_3d": [
    [
      0.02455656936757598,
      0.052291962547421106,
      0.08816858990840928
    ],
    [
      0.06276418467836957,
      -0.11970185850428511,
      -0.16108977857894693
    ],
    [
      -0.13674424260719242,
      0.1051826108180853,
      -0.0039656626314596875
    ],
    [
      0.04942348856124689,
      -0.03777271486122131,
      0.07688685130199734
    ]
  ],
  "edge_weight_variance": 0.017547731388888887,
  "event_nodes": [
    [
      0,
      0
    ],
    [
      1,
      0
    ],
    [
      2,
      0
    ],
    [
      3,
      0
    ],
    [
      0,
      1
    ],
    [
      1,
      1
    ],
    [
      2,
      1
    ],
    [
      3,
      1
    ]
  ],
  "event_edges": [
    {
      "type": "spatial",
      "from": [
        0,
        0
      ],
      "to": [
        1,
        0
      ],
      "weight": 6.765993299548931
    },
    {
      "type": "spatial",
      "from": [
        0,
        0
      ],
      "to": [
        2,
        0
      ],
      "weight": 5.630192298008369
    },
    {
      "type": "spatial",
      "from": [
        0,
        0
      ],
      "to": [
        3,
        0
      ],
      "weight": 8.786934148258275
    },
    {
      "type": "spatial",
      "from": [
        1,
        0
      ],
      "to": [
        2,
        0
      ],
      "weight": 6.018619424899762
    },
    {
      "type": "spatial",
      "from": [
        1,
        0
      ],
      "to": [
        3,
        0
      ],
      "weight": 11.370009885904693
    },
    {
      "type": "spatial",
      "from": [
        2,
        0
      ],
      "to": [
        3,
        0
      ],
      "weight": 5.351390461004931
    },
    {
      "type": "temporal",
      "from": [
        0,
        0
      ],
      "to": [
        0,
        1
      ],
      "weight": 1.0
    },
    {
      "type": "temporal",
      "from": [
        1,
        0
      ],
      "to": [
        1,
        1
      ],
      "weight": 1.0
    },
    {
      "type": "temporal",
      "from": [
        2,
        0
      ],
      "to": [
        2,
        1
      ],
      "weight": 1.0
    },
    {
      "type": "temporal",
      "from": [
        3,
        0
      ],
      "to": [
        3,
        1
      ],
      "weight": 1.0
    },
    {
      "type": "spatial",
      "from": [
        0,
        1
      ],
      "to": [
        1,
        1
      ],
      "weight": 6.765993299548931
    },
    {
      "type": "spatial",
      "from": [
        0,
        1
      ],
      "to": [
        2,
        1
      ],
      "weight": 5.630192298008369
    },
    {
      "type": "spatial",
      "from": [
        0,
        1
      ],
      "to": [
        3,
        1
      ],
      "weight": 8.786934148258275
    },
    {
      "type": "spatial",
      "from": [
        1,
        1
      ],
      "to": [
        2,
        1
      ],
      "weight": 6.018619424899762
    },
    {
      "type": "spatial",
      "from": [
        1,
        1
      ],
      "to": [
        3,
        1
      ],
      "weight": 11.370009885904693
    },
    {
      "type": "spatial",
      "from": [
        2,
        1
      ],
      "to": [
        3,
        1
      ],
      "weight": 5.351390461004931
    }
  ],
  "lorentzian_dissimilarity": [
    [
      0.0,
      45.778665329541035,
      31.69906531255276,
      77.21021172582738,
      -1.0,
      44.778665329541035,
      30.69906531255276,
      76.21021172582738
    ],
    [
      45.778665329541035,
      0.0,
      36.22377978178074,
      129.27712480557045,
      44.778665329541035,
      -1.0,
      35.22377978178074,
      128.27712480557045
    ],
    [
      31.69906531255276,
      36.22377978178074,
      0.0,
      28.637379866134573,
      30.69906531255276,
      35.22377978178074,
      -1.0,
      27.637379866134573
    ],
    [
      77.21021172582738,
      129.27712480557045,
      28.637379866134573,
      0.0,
      76.21021172582738,
      128.27712480557045,
      27.637379866134573,
      -1.0
    ],
    [
      -1.0,
      44.778665329541035,
      30.69906531255276,
      76.21021172582738,
      0.0,
      45.778665329541035,
      31.69906531255276,
      77.21021172582738
    ],
    [
      44.778665329541035,
      -1.0,
      35.22377978178074,
      128.27712480557045,
      45.778665329541035,
      0.0,
      36.22377978178074,
      129.27712480557045
    ],
    [
      30.69906531255276,
      35.22377978178074,
      -1.0,
      27.637379866134573,
      31.69906531255276,
      36.22377978178074,
      0.0,
      28.637379866134573
    ],
    [
      76.21021172582738,
      128.27712480557045,
      27.637379866134573,
      -1.0,
      77.21021172582738,
      129.27712480557045,
      28.637379866134573,
      0.0
    ]
  ],
  "lorentzian_embedding": [
    [
      2.350265466593315,
      -1.0228387900435045,
      3.5893987827491523
    ],
    [
      -0.4558987300806215,
      -4.638998685876923,
      -2.7805901693650203
    ],
    [
      0.6174316201243625,
      1.3940839402267193,
      -1.7829997936404107
    ],
    [
      1.6672894064196944,
      6.7228495355575095,
      -0.6155281649246639
    ],
    [
      1.264407294982702,
      -1.1480972635185265,
      3.181986366437716
    ],
    [
      -1.5439920060119545,
      -4.764511293670189,
      -3.1888366165315687
    ],
    [
      -0.47817676279968985,
      1.2677041954528616,
      -2.194075680443987
    ],
    [
      0.5786373883959756,
      6.597264079128276,
      -1.0239883927420155
    ]
  ],
  "edge_length_evolution": [],
  "angle_deficit_evolution": [],
  "regge_action_evolution": [],
  "gromov_delta_evolution": [],
  "mass_hinge": null,
  "mass_value": 0.0,
  "matter": [
    {
      "(0, 1)": 0.0,
      "(1, 2)": 0.0,
      "(0, 3)": 0.0,
      "(2, 3)": 0.0,
      "(0, 2)": 0.0,
      "(1, 3)": 0.0
    },
    {
      "(0, 1)": 0.0,
      "(1, 2)": 0.0,
      "(0, 3)": 0.0,
      "(2, 3)": 0.0,
      "(0, 2)": 0.0,
      "(1, 3)": 0.0
    }
  ],
  "stationary_solution": null,
  "einstein_analysis_per_timestep": [
    {
      "ricci_tensor": [
        [
          0.0008719329251196562,
          0.0
        ],
        [
          0.0,
          0.0008719329251196562
        ]
      ],
      "metric_tensor": [
        [
          1.000174386585024,
          8.719329251196562e-05
        ],
        [
          8.719329251196562e-05,
          1.000174386585024
        ]
      ],
      "stress_energy_tensor": [
        [
          0.0008719329251196562,
          1.7438658502393125e-05
        ],
        [
          1.7438658502393125e-05,
          0.0008719329251196562
        ]
      ],
      "einstein_solution": {
        "einstein_tensor": [
          [
            0.0,
            0.0
          ],
          [
            0.0,
            0.0
          ]
        ],
        "ricci_scalar": 0.0017438658502393124,
        "metric_tensor": [
          [
            1.0,
            0.0
          ],
          [
            0.0,
            1.0
          ]
        ],
        "lhs": [
          [
            0.0,
            0.0
          ],
          [
            0.0,
            0.0
          ]
        ],
        "rhs": [
          [
            0.0008719329251196562,
            1.7438658502393125e-05
          ],
          [
            1.7438658502393125e-05,
            0.0008719329251196562
          ]
        ],
        "equations_satisfied": false,
        "residual": 0.0012333459634004426,
        "conservation_violation": 0.0008719329251196562,
        "gravitational_constant": 0.039788735772973836,
        "cosmological_constant": 0.0
      },
      "entropy_first_derivative": 0.0,
      "entropy_second_derivative": 0.0,
      "entropy_curvature_correlation": 0.0012330943682041361,
      "emergent_gravitational_constant": 0.00013877243507736872,
      "average_mutual_information": 0.0017438658502393124,
      "ricci_scalar": 0.0017438658502393124,
      "analysis_summary": {
        "einstein_equations_satisfied": false,
        "residual_magnitude": 0.0012333459634004426,
        "conservation_violation": 0.0008719329251196562,
        "entropy_evolution_rate": 0.0,
        "entropy_acceleration": 0.0,
        "entanglement_curvature_coupling": 0.0012330943682041361
      }
    },
    {
      "ricci_tensor": [
        [
          0.0008719329251196562,
          0.0
        ],
        [
          0.0,
          0.0008719329251196562
        ]
      ],
      "metric_tensor": [
        [
          1.000174386585024,
          8.719329251196562e-05
        ],
        [
          8.719329251196562e-05,
          1.000174386585024
        ]
      ],
      "stress_energy_tensor": [
        [
          0.0008719329251196562,
          1.7438658502393125e-05
        ],
        [
          1.7438658502393125e-05,
          0.0008719329251196562
        ]
      ],
      "einstein_solution": {
        "einstein_tensor": [
          [
            0.0,
            0.0
          ],
          [
            0.0,
            0.0
          ]
        ],
        "ricci_scalar": 0.0017438658502393124,
        "metric_tensor": [
          [
            1.0,
            0.0
          ],
          [
            0.0,
            1.0
          ]
        ],
        "lhs": [
          [
            0.0,
            0.0
          ],
          [
            0.0,
            0.0
          ]
        ],
        "rhs": [
          [
            0.0008719329251196562,
            1.7438658502393125e-05
          ],
          [
            1.7438658502393125e-05,
            0.0008719329251196562
          ]
        ],
        "equations_satisfied": false,
        "residual": 0.0012333459634004426,
        "conservation_violation": 0.0008719329251196562,
        "gravitational_constant": 0.039788735772973836,
        "cosmological_constant": 0.0
      },
      "entropy_first_derivative": 0.0,
      "entropy_second_derivative": 0.0,
      "entropy_curvature_correlation": 0.0012330943682041361,
      "emergent_gravitational_constant": 0.00013877243507736872,
      "average_mutual_information": 0.0017438658502393124,
      "ricci_scalar": 0.0017438658502393124,
      "analysis_summary": {
        "einstein_equations_satisfied": false,
        "residual_magnitude": 0.0012333459634004426,
        "conservation_violation": 0.0008719329251196562,
        "entropy_evolution_rate": 0.0,
        "entropy_acceleration": 0.0,
        "entanglement_curvature_coupling": 0.0012330943682041361
      }
    }
  ],
  "bootstrap_analysis": {
    "gromov_delta": {
      "mean": 6.695475367307019,
      "lower_ci": 6.695475367307019,
      "upper_ci": 6.695475367307019,
      "all_values": [
        6.695475367307019,
        6.695475367307019
      ],
      "uncertainty": 0.0
    },
    "entropy": {
      "mean": 3.963581743910577,
      "lower_ci": 3.9457362595784846,
      "upper_ci": 3.9814272282426697,
      "uncertainty": 0.017845484332092543
    },
    "distance_matrix": {
      "mean": [
        [
          0.0,
          6.765993299548931,
          5.630192298008369,
          8.786934148258275
        ],
        [
          6.765993299548931,
          0.0,
          6.018619424899762,
          11.370009885904693
        ],
        [
          5.630192298008369,
          6.018619424899762,
          0.0,
          5.351390461004931
        ],
        [
          8.786934148258275,
          11.370009885904693,
          5.351390461004931,
          0.0
        ]
      ],
      "lower_ci": [
        [
          0.0,
          6.765993299548931,
          5.630192298008369,
          8.786934148258275
        ],
        [
          6.765993299548931,
          0.0,
          6.018619424899762,
          11.370009885904693
        ],
        [
          5.630192298008369,
          6.018619424899762,
          0.0,
          5.351390461004931
        ],
        [
          8.786934148258275,
          11.370009885904693,
          5.351390461004931,
          0.0
        ]
      ],
      "upper_ci": [
        [
          0.0,
          6.765993299548931,
          5.630192298008369,
          8.786934148258275
        ],
        [
          6.765993299548931,
          0.0,
          6.018619424899762,
          11.370009885904693
        ],
        [
          5.630192298008369,
          6.018619424899762,
          0.0,
          5.351390461004931
        ],
        [
          8.786934148258275,
          11.370009885904693,
          5.351390461004931,
          0.0
        ]
      ]
    }
  },
  "topology_compatibility": {
    "current_topology": "triangulated",
    "explanation": "Triangulated topology is specifically designed for angle-sum curvature. Creates multiple triangles per vertex, enabling robust local curvature measurements. Each vertex has multiple incident triangles for well-defined angle sums.",
    "supports_local_curvature": true
  },
  "rt_surface_analysis": {
    "region_A": [
      0
    ],
    "region_B": [
      1,
      2,
      3
    ],
    "bulk_point": 2,
    "is_complementary": true,
    "rt_area_AB": 21.183119745815574,
    "rt_area_BA": 21.183119745815574,
    "area_consistent": true,
    "edges_consistent": true,
    "area_difference": 0.0,
    "rt_edges_AB": [
      [
        0,
        1
      ],
      [
        0,
        2
      ],
      [
        0,
        3
      ]
    ],
    "rt_edges_BA": [
      [
        0,
        1
      ],
      [
        0,
        2
      ],
      [
        0,
        3
      ]
    ],
    "edge_lengths": [
      6.765993299548931,
      5.630192298008369,
      8.786934148258275,
      6.018619424899762,
      11.370009885904693,
      5.351390461004931
    ],
    "all_edges": [
      [
        0,
        1
      ],
      [
        0,
        2
      ],
      [
        0,
        3
      ],
      [
        1,
        2
      ],
      [
        1,
        3
      ],
      [
        2,
        3
      ]
    ]
  },
  "bulk_excitation_analysis": {
    "ground_state_mi": [
      [
        0.0,
        0.15065496901998005,
        0.21460859167375834,
        0.15065496901998182
      ],
      [
        0.15065496901998005,
        0.0,
        0.15065496901998132,
        0.06173389320527051
      ],
      [
        0.21460859167375834,
        0.15065496901998132,
        0.0,
        0.15065496901998
      ],
      [
        0.15065496901998182,
        0.06173389320527051,
        0.15065496901998,
        0.0
      ]
    ],
    "excited_state_mi": [
      [
        0.0,
        0.13618748418346827,
        0.21159171734252635,
        0.136187484183468
      ],
      [
        0.13618748418346827,
        0.0,
        0.09206924871084754,
        0.0636505793055045
      ],
      [
        0.21159171734252635,
        0.09206924871084754,
        0.0,
        0.09206924871084832
      ],
      [
        0.136187484183468,
        0.0636505793055045,
        0.09206924871084832,
        0.0
      ]
    ],
    "mi_difference": [
      [
        0.0,
        -0.01446748483651178,
        -0.003016874331231989,
        -0.014467484836513833
      ],
      [
        -0.01446748483651178,
        0.0,
        -0.05858572030913378,
        0.0019166861002339886
      ],
      [
        -0.003016874331231989,
        -0.05858572030913378,
        0.0,
        -0.05858572030913167
      ],
      [
        -0.014467484836513833,
        0.0019166861002339886,
        -0.05858572030913167,
        0.0
      ]
    ],
    "avg_mi_change": 0.01887999634034463,
    "max_mi_change": 0.05858572030913378,
    "mi_change_boundary_A": NaN,
    "mi_change_boundary_B": -0.03841825150601049,
    "bulk_point": 2,
    "ground_state_counts": {
      "counts": {
        "0101": 35,
        "1001": 35,
        "1101": 33,
        "0000": 34,
        "1111": 25,
        "0110": 23,
        "1000": 30,
        "0001": 52,
        "1110": 12,
        "0010": 31,
        "1010": 30,
        "0100": 20,
        "1011": 35,
        "0011": 44,
        "0111": 33,
        "1100": 28
      },
      "job_id": "d27tcf856fsc73e6bmr0",
      "mutual_information": {
        "I_0,1": 4.1107644977287586e-05,
        "I_0,2": 0.0007605014453016951,
        "I_0,3": 0.0012701833671413185,
        "I_1,2": 0.0009209527060633355,
        "I_1,3": 0.0008438998961674948,
        "I_2,3": 0.0003474036969591289
      }
    },
    "excited_state_counts": {
      "counts": {
        "0011": 44,
        "1100": 28,
        "1101": 29,
        "1000": 27,
        "0101": 23,
        "0010": 43,
        "1010": 23,
        "0001": 28,
        "1011": 36,
        "0100": 32,
        "1001": 41,
        "0000": 31,
        "1111": 30,
        "0111": 26,
        "0110": 34,
        "1110": 25
      },
      "job_id": "d27tcgg56fsc73e6bmsg",
      "mutual_information": {
        "I_0,1": 0.00015775225520705746,
        "I_0,2": 0.0035112096599782677,
        "I_0,3": 0.008026274784624421,
        "I_1,2": 0.0005695039566993923,
        "I_1,3": 0.0053693428200671245,
        "I_2,3": 0.0005695039566994287
      }
    },
    "boundary_entropies": {
      "ground_state": {
        "entropy_A": 0.17844996326201826,
        "entropy_B": 0.17844996326201673,
        "mi_AB": 0.35689992652403235
      },
      "excited_state": {
        "entropy_A": 0.158857625741443,
        "entropy_B": 0.15885762574143936,
        "mi_AB": 0.31771525148287855
      },
      "rt_relation_test": {
        "entropy_ratio": 0.9999999999999915,
        "rt_area_ratio": 1.0,
        "rt_deviation": 8.548717289613705e-15,
        "excited_entropy_ratio": 0.9999999999999771,
        "rt_relation_change": 1.432187701766452e-14
      }
    }
  },
  "page_curve_analysis": null,
  "deutsch_ctc_analysis": null,
  "ctc_recovery_analysis": null,
  "einstein_analysis": null,
  "dynamic_evidence": {
    "angle_sums_per_timestep": [
      [
        3.141592653589793,
        9.42477796076938,
        3.141592653589793,
        0.0
      ],
      [
        3.141592653589793,
        9.42477796076938,
        3.141592653589793,
        0.0
      ]
    ],
    "gromov_delta_per_timestep": [
      6.695475367307019,
      6.695475367307019
    ],
    "edge_mi_per_timestep": [
      {
        "0,1": 0.0011523023442361734,
        "0,3": 0.00015271545363733287,
        "0,2": 0.0035878853177894743,
        "1,2": 0.002433026252895286,
        "2,3": 0.004741553468468981
      },
      {
        "0,1": 0.0011523023442361734,
        "0,3": 0.00015271545363733287,
        "0,2": 0.0035878853177894743,
        "1,2": 0.002433026252895286,
        "2,3": 0.004741553468468981
      }
    ],
    "shortest_paths_per_timestep": [
      {
        "0": {
          "0": 0,
          "2": 5.630192298008369,
          "1": 6.765993299548931,
          "3": 8.786934148258275
        },
        "1": {
          "1": 0,
          "2": 6.018619424899762,
          "0": 6.765993299548931,
          "3": 11.370009885904693
        },
        "2": {
          "2": 0,
          "3": 5.351390461004931,
          "0": 5.630192298008369,
          "1": 6.018619424899762
        },
        "3": {
          "3": 0,
          "2": 5.351390461004931,
          "0": 8.786934148258275,
          "1": 11.370009885904693
        }
      },
      {
        "0": {
          "0": 0,
          "2": 5.630192298008369,
          "1": 6.765993299548931,
          "3": 8.786934148258275
        },
        "1": {
          "1": 0,
          "2": 6.018619424899762,
          "0": 6.765993299548931,
          "3": 11.370009885904693
        },
        "2": {
          "2": 0,
          "3": 5.351390461004931,
          "0": 5.630192298008369,
          "1": 6.018619424899762
        },
        "3": {
          "3": 0,
          "2": 5.351390461004931,
          "0": 8.786934148258275,
          "1": 11.370009885904693
        }
      }
    ],
    "mean_distance_per_timestep": [
      5.49039243970312,
      5.49039243970312
    ],
    "triangle_violations_per_timestep": [
      0,
      0
    ],
    "embedding_coords_per_timestep": [
      [
        [
          0.02437906567811149,
          0.14383569393768614
        ],
        [
          -0.13999550221383497,
          -0.025859089160269362
        ],
        [
          -0.025240989756620154,
          -0.13234515357762952
        ],
        [
          0.14085742629234366,
          0.014368548800212754
        ]
      ],
      [
        [
          0.02437906567811149,
          0.14383569393768614
        ],
        [
          -0.13999550221383497,
          -0.025859089160269362
        ],
        [
          -0.025240989756620154,
          -0.13234515357762952
        ],
        [
          0.14085742629234366,
          0.014368548800212754
        ]
      ]
    ],
    "regge_evolution_data": null,
    "evolution_summary": {
      "total_timesteps": 2,
      "gromov_delta_range": [
        6.695475367307019,
        6.695475367307019
      ],
      "mean_distance_range": [
        5.49039243970312,
        5.49039243970312
      ],
      "total_triangle_violations": 0,
      "hyperbolic_evolution": [
        false,
        false
      ],
      "regge_corrected": false
    }
  },
  "quantum_state_outputs": [
    {
      "timestep": 1,
      "statevector": null,
      "mutual_information_matrix": [
        [
          0.0,
          0.0011523023442361734,
          0.0035878853177894743,
          0.00015271545363733287
        ],
        [
          0.0011523023442361734,
          0.0,
          0.002433026252895286,
          0.0018834439648872502
        ],
        [
          0.0035878853177894743,
          0.002433026252895286,
          0.0,
          0.004741553468468981
        ],
        [
          0.00015271545363733287,
          0.0018834439648872502,
          0.004741553468468981,
          0.0
        ]
      ],
      "counts": {
        "0100": 23,
        "0101": 25,
        "0111": 16,
        "0001": 45,
        "1111": 40,
        "0000": 30,
        "1110": 36,
        "1010": 28,
        "1100": 33,
        "0011": 29,
        "1101": 35,
        "1001": 50,
        "1011": 35,
        "0110": 22,
        "0010": 23,
        "1000": 30
      },
      "job_id": "d27tccroctts738jltkg",
      "device": "ibm_brisbane"
    },
    {
      "timestep": 2,
      "statevector": null,
      "mutual_information_matrix": [
        [
          0.0,
          0.0033266742945081383,
          0.00042520949813353633,
          0.00017119706683988573
        ],
        [
          0.0033266742945081383,
          0.0,
          0.0007762210286330149,
          0.0010358457839013298
        ],
        [
          0.00042520949813353633,
          0.0007762210286330149,
          0.0,
          0.0009954204463663383
        ],
        [
          0.00017119706683988573,
          0.0010358457839013298,
          0.0009954204463663383,
          0.0
        ]
      ],
      "counts": {
        "1010": 33,
        "0000": 28,
        "1001": 31,
        "0011": 41,
        "1100": 36,
        "0001": 28,
        "1011": 32,
        "1111": 40,
        "1101": 33,
        "0100": 28,
        "0101": 26,
        "0010": 31,
        "1110": 24,
        "1000": 30,
        "0111": 36,
        "0110": 23
      },
      "job_id": "d27tce3octts738jltmg",
      "device": "ibm_brisbane"
    }
  ],
  "emergent_geometry_teleportation": null,
  "superposition_gravity": null,
  "teleportation_geometry_correlation": null
}