{
  "spec": {
    "num_qubits": 4,
    "topology": "triangulated",
    "custom_edges": "0-1:1.0000,0-2:1.0000,0-3:1.0000,1-2:1.0000,1-3:1.0000,2-3:1.0000",
    "alpha": 0.8,
    "weight": 2.4712625818792264,
    "gamma": 0.01,
    "sigma": 0.01,
    "init_angle": 0.0,
    "init_angles": null,
    "shots": 2048,
    "device": "simulator",
    "geometry": "hyperbolic",
    "curvature": 8.0,
    "timesteps": 3,
    "dimension": 2,
    "mass_hinge": null,
    "mass_value": 0.0,
    "solve_regge": false,
    "lorentzian": true,
    "excite": true,
    "fast": false,
    "strong_curvature": true,
    "charge_injection": true,
    "charge_strength": 2.0,
    "charge_location": 3,
    "spin_injection": true,
    "spin_strength": 1.5,
    "spin_location": 3,
    "edge_floor": 0.001,
    "compute_entropies": true,
    "hyperbolic_triangulation": true,
    "trotter_steps": 8,
    "dt": 0.05,
    "analyze_curvature": true,
    "einstein_solver": true,
    "page_curve": true,
    "radiation_ordering": "0,1,2,3,4",
    "page_curve_timesteps": 15,
    "entropy_method": "hybrid",
    "num_shadows": 100,
    "shots_per_shadow": 1000,
    "num_bases": 20,
    "shots_per_basis": 1000,
    "enhanced_entanglement": false,
    "entanglement_strength": 1.0657449900936997,
    "interpolate_geometry": false,
    "smooth_charge_injection": false,
    "min_qubits_for_continuum": 10,
    "benchmark_against_classical_geometry": false,
    "geometry_fit_metric": "wasserstein,kl,euclidean",
    "verify_noise_robustness": false,
    "run_on_multiple_backends": false,
    "detect_and_flag_causal_loops": true,
    "restrict_information_flow_direction": "bidirectional",
    "filter_noncausal_edges": true,
    "use_ryu_takayanagi_test": true,
    "compare_MI_vs_subsystem_entropy": true,
    "embed_boundary_entropy_in_geometry": true,
    "entropy_engineering": true,
    "target_entropy_pattern": "quantum_gravity",
    "custom_target_entropies": null,
    "entropy_optimization_iterations": 200,
    "entropy_tolerance": 0.05,
    "continue_on_engineering_failure": true,
    "validate_engineered_geometry": true,
    "enhance_bell_violations": true,
    "bell_entanglement_strength": 4.0,
    "teleportation_circuits": true,
    "long_range_coupling": 3.0,
    "holographic_optimization": true,
    "rt_surface_encoding": true,
    "conformal_symmetry": true,
    "bulk_reconstruction": true,
    "scalable_entanglement": true,
    "parallel_execution": true,
    "memory_optimization": true,
    "circuit_compilation": "optimized",
    "real_hardware": false,
    "error_mitigation": true,
    "zero_noise_extrapolation": true,
    "zne_noise_factors": [
      1.0,
      2.0,
      3.0
    ],
    "zne_extrapolation_method": "polynomial",
    "hardware_calibration": true,
    "noise_characterization": true,
    "backend_name": "ibm_brisbane",
    "quantum_mode": true,
    "quantum_entanglement_strength": 5.0,
    "quantum_circuit_depth": 8
  },
  "uid": "3G4AXF",
  "counts_per_timestep": [
    null,
    null,
    null
  ],
  "job_ids_per_timestep": [
    null,
    null,
    null
  ],
  "entropy_per_timestep": [
    null,
    null,
    null
  ],
  "mutual_information_per_timestep": [
    {
      "I_0,1": 0.2265934133515104,
      "I_0,2": 0.49353632045872775,
      "I_0,3": 0.2265934133515104,
      "I_1,2": 0.22659341335150995,
      "I_1,3": 0.5997745696636034,
      "I_2,3": 0.22659341335150995
    },
    {
      "I_0,1": 0.46422370827225445,
      "I_0,2": 0.8007438714074127,
      "I_0,3": 0.46422370827225445,
      "I_1,2": 0.4642237082722549,
      "I_1,3": 0.8507923282233336,
      "I_2,3": 0.4642237082722547
    },
    {
      "I_0,1": 0.20379079700155467,
      "I_0,2": 1.3473638421052012,
      "I_0,3": 0.20379079700155378,
      "I_1,2": 0.20379079700155378,
      "I_1,3": 0.3359408831381975,
      "I_2,3": 0.20379079700155467
    }
  ],
  "boundary_entropies_per_timestep": [
    {
      "entropy_A": 0.9914633355090812,
      "entropy_B": 0.9914633355090783,
      "mi_AB": 1.9829266710181552,
      "pure_state_check": true,
      "entropy_difference": 2.886579864025407e-15,
      "multiple_regions": {
        "size_1_region_0": {
          "region": [
            0
          ],
          "entropy": 0.9383442109066402,
          "rt_area": 3,
          "size": 1
        },
        "size_1_region_1": {
          "region": [
            1
          ],
          "entropy": 0.9914633355090781,
          "rt_area": 3,
          "size": 1
        },
        "size_1_region_2": {
          "region": [
            2
          ],
          "entropy": 0.9383442109066403,
          "rt_area": 3,
          "size": 1
        },
        "size_2_region_0": {
          "region": [
            0,
            1
          ],
          "entropy": 1.7032141330642085,
          "rt_area": 4,
          "size": 2
        },
        "size_2_region_1": {
          "region": [
            0,
            2
          ],
          "entropy": 1.3831521013545531,
          "rt_area": 4,
          "size": 2
        },
        "size_2_region_2": {
          "region": [
            0,
            3
          ],
          "entropy": 1.7032141330642085,
          "rt_area": 4,
          "size": 2
        },
        "size_3_region_0": {
          "region": [
            0,
            1,
            2
          ],
          "entropy": 0.9914633355090812,
          "rt_area": 3,
          "size": 3
        },
        "size_3_region_1": {
          "region": [
            0,
            1,
            3
          ],
          "entropy": 0.9383442109066444,
          "rt_area": 3,
          "size": 3
        },
        "size_3_region_2": {
          "region": [
            0,
            2,
            3
          ],
          "entropy": 0.991463335509083,
          "rt_area": 3,
          "size": 3
        }
      }
    },
    {
      "entropy_A": 0.9996313995263582,
      "entropy_B": 0.999631399526357,
      "mi_AB": 1.999262799052711,
      "pure_state_check": true,
      "entropy_difference": 1.1102230246251565e-15,
      "multiple_regions": {
        "size_1_region_0": {
          "region": [
            0
          ],
          "entropy": 0.9746071711183978,
          "rt_area": 3,
          "size": 1
        },
        "size_1_region_1": {
          "region": [
            1
          ],
          "entropy": 0.9996313995263572,
          "rt_area": 3,
          "size": 1
        },
        "size_1_region_2": {
          "region": [
            2
          ],
          "entropy": 0.9746071711183977,
          "rt_area": 3,
          "size": 1
        },
        "size_2_region_0": {
          "region": [
            0,
            1
          ],
          "entropy": 1.5100148623725005,
          "rt_area": 4,
          "size": 2
        },
        "size_2_region_1": {
          "region": [
            0,
            2
          ],
          "entropy": 1.1484704708293831,
          "rt_area": 4,
          "size": 2
        },
        "size_2_region_2": {
          "region": [
            0,
            3
          ],
          "entropy": 1.5100148623725005,
          "rt_area": 4,
          "size": 2
        },
        "size_3_region_0": {
          "region": [
            0,
            1,
            2
          ],
          "entropy": 0.9996313995263582,
          "rt_area": 3,
          "size": 3
        },
        "size_3_region_1": {
          "region": [
            0,
            1,
            3
          ],
          "entropy": 0.9746071711184005,
          "rt_area": 3,
          "size": 3
        },
        "size_3_region_2": {
          "region": [
            0,
            2,
            3
          ],
          "entropy": 0.9996313995263578,
          "rt_area": 3,
          "size": 3
        }
      }
    },
    {
      "entropy_A": 0.490801946748009,
      "entropy_B": 0.49080194674800565,
      "mi_AB": 0.9816038934960085,
      "pure_state_check": true,
      "entropy_difference": 3.3306690738754696e-15,
      "multiple_regions": {
        "size_1_region_0": {
          "region": [
            0
          ],
          "entropy": 0.9965134262315074,
          "rt_area": 3,
          "size": 1
        },
        "size_1_region_1": {
          "region": [
            1
          ],
          "entropy": 0.49080194674800715,
          "rt_area": 3,
          "size": 1
        },
        "size_1_region_2": {
          "region": [
            2
          ],
          "entropy": 0.9965134262315074,
          "rt_area": 3,
          "size": 1
        },
        "size_2_region_0": {
          "region": [
            0,
            1
          ],
          "entropy": 1.283524575977959,
          "rt_area": 4,
          "size": 2
        },
        "size_2_region_1": {
          "region": [
            0,
            2
          ],
          "entropy": 0.645663010357813,
          "rt_area": 4,
          "size": 2
        },
        "size_2_region_2": {
          "region": [
            0,
            3
          ],
          "entropy": 1.2835245759779599,
          "rt_area": 4,
          "size": 2
        },
        "size_3_region_0": {
          "region": [
            0,
            1,
            2
          ],
          "entropy": 0.490801946748009,
          "rt_area": 3,
          "size": 3
        },
        "size_3_region_1": {
          "region": [
            0,
            1,
            3
          ],
          "entropy": 0.9965134262315085,
          "rt_area": 3,
          "size": 3
        },
        "size_3_region_2": {
          "region": [
            0,
            2,
            3
          ],
          "entropy": 0.49080194674800937,
          "rt_area": 3,
          "size": 3
        }
      }
    }
  ],
  "distance_matrix_per_timestep": [
    [
      [
        0.0,
        1.4845979981032331,
        0.7061588251293861,
        1.4845979981032331
      ],
      [
        1.4845979981032331,
        0.0,
        1.4845979981032351,
        2.9691959962064662
      ],
      [
        0.7061588251293861,
        1.4845979981032351,
        0.0,
        1.4845979981032351
      ],
      [
        1.4845979981032331,
        2.9691959962064662,
        1.4845979981032351,
        0.0
      ]
    ],
    [
      [
        0.0,
        0.7673887130460572,
        0.22221414408767473,
        0.7673887130460572
      ],
      [
        0.7673887130460572,
        0.0,
        0.7673887130460562,
        1.5347774260921128
      ],
      [
        0.22221414408767473,
        0.7673887130460562,
        0.0,
        0.7673887130460566
      ],
      [
        0.7673887130460572,
        1.5347774260921128,
        0.7673887130460566,
        0.0
      ]
    ],
    [
      [
        0.0,
        1.5906613162221757,
        0.0,
        1.5906613162221757
      ],
      [
        1.5906613162221757,
        0.0,
        1.5906613162221757,
        3.1813226324443513
      ],
      [
        0.0,
        1.5906613162221757,
        0.0,
        1.5906613162221757
      ],
      [
        1.5906613162221757,
        3.1813226324443513,
        1.5906613162221757,
        0.0
      ]
    ]
  ],
  "edge_mi": {
    "0,1": 0.20379079700155467,
    "0,3": 0.20379079700155378,
    "0,2": 1.3473638421052012,
    "1,2": 0.20379079700155378,
    "2,3": 0.20379079700155467
  },
  "distance_matrix": [
    [
      0.0,
      1.5906613162221757,
      0.0,
      1.5906613162221757
    ],
    [
      1.5906613162221757,
      0.0,
      1.5906613162221757,
      1.0908200775398043
    ],
    [
      0.0,
      1.5906613162221757,
      0.0,
      1.5906613162221757
    ],
    [
      1.5906613162221757,
      1.0908200775398043,
      1.5906613162221757,
      0.0
    ]
  ],
  "shortest_paths": {
    "0": {
      "0": 0,
      "2": 0.0,
      "1": 1.5906613162221757,
      "3": 1.5906613162221757
    },
    "1": {
      "1": 0,
      "3": 1.0908200775398043,
      "0": 1.5906613162221757,
      "2": 1.5906613162221757
    },
    "2": {
      "2": 0,
      "0": 0.0,
      "3": 1.5906613162221757,
      "1": 1.5906613162221757
    },
    "3": {
      "3": 0,
      "1": 1.0908200775398043,
      "2": 1.5906613162221757,
      "0": 1.5906613162221757
    }
  },
  "gromov_delta": 1.5906613162221757,
  "mean_distance": 0.9316831678035633,
  "angle_sums": [
    0.0,
    0.9407695906504343,
    0.0,
    0.9407695906504343
  ],
  "mean_angle_sum": 0.47038479532521715,
  "min_angle_sum": 0.0,
  "max_angle_sum": 0.9407695906504343,
  "angle_sum_deviations": [
    -3.141592653589793,
    -2.200823062939359,
    -3.141592653589793,
    -2.200823062939359
  ],
  "triangle_inequality_violations": [],
  "embedding_coords": [
    [
      6.720069654001582,
      4.133754060527591
    ],
    [
      -5.710074489517528,
      -5.771169955091221
    ],
    [
      6.722668622082213,
      4.129526487091116
    ],
    [
      -7.732663786566266,
      -2.492110592527485
    ]
  ],
  "embedding_coords_3d": [
    [
      -6.001119747090332,
      -5.042937451295741,
      -0.8886377964380272
    ],
    [
      6.145896211305138,
      5.2090240295469465,
      -1.031405930571328
    ],
    [
      -5.996187027427373,
      -5.048642057886605,
      -0.8895437078722747
    ],
    [
      5.851410563212569,
      4.8825554796354,
      2.80958743488163
    ]
  ],
  "edge_weight_variance": 0.0,
  "event_nodes": [
    [
      0,
      0
    ],
    [
      1,
      0
    ],
    [
      2,
      0
    ],
    [
      3,
      0
    ],
    [
      0,
      1
    ],
    [
      1,
      1
    ],
    [
      2,
      1
    ],
    [
      3,
      1
    ],
    [
      0,
      2
    ],
    [
      1,
      2
    ],
    [
      2,
      2
    ],
    [
      3,
      2
    ]
  ],
  "event_edges": [
    {
      "type": "spatial",
      "from": [
        0,
        0
      ],
      "to": [
        1,
        0
      ],
      "weight": 1.4845979981032331
    },
    {
      "type": "spatial",
      "from": [
        0,
        0
      ],
      "to": [
        2,
        0
      ],
      "weight": 0.7061588251293861
    },
    {
      "type": "spatial",
      "from": [
        0,
        0
      ],
      "to": [
        3,
        0
      ],
      "weight": 1.4845979981032331
    },
    {
      "type": "spatial",
      "from": [
        1,
        0
      ],
      "to": [
        2,
        0
      ],
      "weight": 1.4845979981032351
    },
    {
      "type": "spatial",
      "from": [
        1,
        0
      ],
      "to": [
        3,
        0
      ],
      "weight": 2.9691959962064662
    },
    {
      "type": "spatial",
      "from": [
        2,
        0
      ],
      "to": [
        3,
        0
      ],
      "weight": 1.4845979981032351
    },
    {
      "type": "temporal",
      "from": [
        0,
        0
      ],
      "to": [
        0,
        1
      ],
      "weight": 1.0
    },
    {
      "type": "temporal",
      "from": [
        1,
        0
      ],
      "to": [
        1,
        1
      ],
      "weight": 1.0
    },
    {
      "type": "temporal",
      "from": [
        2,
        0
      ],
      "to": [
        2,
        1
      ],
      "weight": 1.0
    },
    {
      "type": "temporal",
      "from": [
        3,
        0
      ],
      "to": [
        3,
        1
      ],
      "weight": 1.0
    },
    {
      "type": "spatial",
      "from": [
        0,
        1
      ],
      "to": [
        1,
        1
      ],
      "weight": 0.7673887130460572
    },
    {
      "type": "spatial",
      "from": [
        0,
        1
      ],
      "to": [
        2,
        1
      ],
      "weight": 0.22221414408767473
    },
    {
      "type": "spatial",
      "from": [
        0,
        1
      ],
      "to": [
        3,
        1
      ],
      "weight": 0.7673887130460572
    },
    {
      "type": "spatial",
      "from": [
        1,
        1
      ],
      "to": [
        2,
        1
      ],
      "weight": 0.7673887130460562
    },
    {
      "type": "spatial",
      "from": [
        1,
        1
      ],
      "to": [
        3,
        1
      ],
      "weight": 1.5347774260921128
    },
    {
      "type": "spatial",
      "from": [
        2,
        1
      ],
      "to": [
        3,
        1
      ],
      "weight": 0.7673887130460566
    },
    {
      "type": "temporal",
      "from": [
        0,
        1
      ],
      "to": [
        0,
        2
      ],
      "weight": 1.0
    },
    {
      "type": "temporal",
      "from": [
        1,
        1
      ],
      "to": [
        1,
        2
      ],
      "weight": 1.0
    },
    {
      "type": "temporal",
      "from": [
        2,
        1
      ],
      "to": [
        2,
        2
      ],
      "weight": 1.0
    },
    {
      "type": "temporal",
      "from": [
        3,
        1
      ],
      "to": [
        3,
        2
      ],
      "weight": 1.0
    },
    {
      "type": "spatial",
      "from": [
        0,
        2
      ],
      "to": [
        1,
        2
      ],
      "weight": 1.5906613162221757
    },
    {
      "type": "spatial",
      "from": [
        0,
        2
      ],
      "to": [
        2,
        2
      ],
      "weight": 0.0
    },
    {
      "type": "spatial",
      "from": [
        0,
        2
      ],
      "to": [
        3,
        2
      ],
      "weight": 1.5906613162221757
    },
    {
      "type": "spatial",
      "from": [
        1,
        2
      ],
      "to": [
        2,
        2
      ],
      "weight": 1.5906613162221757
    },
    {
      "type": "spatial",
      "from": [
        1,
        2
      ],
      "to": [
        3,
        2
      ],
      "weight": 3.1813226324443513
    },
    {
      "type": "spatial",
      "from": [
        2,
        2
      ],
      "to": [
        3,
        2
      ],
      "weight": 1.5906613162221757
    }
  ],
  "lorentzian_dissimilarity": [
    [
      0.0,
      2.2040312159721274,
      0.4986602863081149,
      2.2040312159721274,
      -1.0,
      1.2040312159721274,
      -0.5013397136918851,
      1.2040312159721274,
      -4.0,
      -1.7959687840278726,
      -3.501339713691885,
      -1.7959687840278726
    ],
    [
      2.2040312159721274,
      0.0,
      2.204031215972133,
      8.81612486388851,
      1.2040312159721274,
      -1.0,
      1.2040312159721331,
      7.8161248638885095,
      -1.7959687840278726,
      -4.0,
      -1.7959687840278669,
      4.8161248638885095
    ],
    [
      0.4986602863081149,
      2.204031215972133,
      0.0,
      2.204031215972133,
      -0.5013397136918851,
      1.2040312159721331,
      -1.0,
      1.2040312159721331,
      -3.501339713691885,
      -1.7959687840278669,
      -4.0,
      -1.7959687840278669
    ],
    [
      2.2040312159721274,
      8.81612486388851,
      2.204031215972133,
      0.0,
      1.2040312159721274,
      7.8161248638885095,
      1.2040312159721331,
      -1.0,
      -1.7959687840278726,
      4.8161248638885095,
      -1.7959687840278669,
      -4.0
    ],
    [
      -1.0,
      1.2040312159721274,
      -0.5013397136918851,
      1.2040312159721274,
      0.0,
      0.5888854369104839,
      0.049379125832617866,
      0.5888854369104839,
      -1.0,
      -0.4111145630895161,
      -0.9506208741673822,
      -0.4111145630895161
    ],
    [
      1.2040312159721274,
      -1.0,
      1.2040312159721331,
      7.8161248638885095,
      0.5888854369104839,
      0.0,
      0.5888854369104823,
      2.3555417476419307,
      -0.4111145630895161,
      -1.0,
      -0.41111456308951766,
      1.3555417476419307
    ],
    [
      -0.5013397136918851,
      1.2040312159721331,
      -1.0,
      1.2040312159721331,
      0.049379125832617866,
      0.5888854369104823,
      0.0,
      0.588885436910483,
      -0.9506208741673822,
      -0.41111456308951766,
      -1.0,
      -0.411114563089517
    ],
    [
      1.2040312159721274,
      7.8161248638885095,
      1.2040312159721331,
      -1.0,
      0.5888854369104839,
      2.3555417476419307,
      0.588885436910483,
      0.0,
      -0.4111145630895161,
      1.3555417476419307,
      -0.411114563089517,
      -1.0
    ],
    [
      -4.0,
      -1.7959687840278726,
      -3.501339713691885,
      -1.7959687840278726,
      -1.0,
      -0.4111145630895161,
      -0.9506208741673822,
      -0.4111145630895161,
      0.0,
      2.5302034229256645,
      0.0,
      2.5302034229256645
    ],
    [
      -1.7959687840278726,
      -4.0,
      -1.7959687840278669,
      4.8161248638885095,
      -0.4111145630895161,
      -1.0,
      -0.41111456308951766,
      1.3555417476419307,
      2.5302034229256645,
      0.0,
      2.5302034229256645,
      10.120813691702658
    ],
    [
      -3.501339713691885,
      -1.7959687840278669,
      -4.0,
      -1.7959687840278669,
      -0.9506208741673822,
      -0.41111456308951766,
      -1.0,
      -0.411114563089517,
      0.0,
      2.5302034229256645,
      0.0,
      2.5302034229256645
    ],
    [
      -1.7959687840278726,
      4.8161248638885095,
      -1.7959687840278669,
      -4.0,
      -0.4111145630895161,
      1.3555417476419307,
      -0.411114563089517,
      -1.0,
      2.5302034229256645,
      10.120813691702658,
      2.5302034229256645,
      0.0
    ]
  ],
  "lorentzian_embedding": [
    [
      0.12719876304271416,
      0.5318452891956642,
      -0.7052611234390723
    ],
    [
      0.5118945470506571,
      -0.9522600067377899,
      -0.11802797321381389
    ],
    [
      0.12719536174237728,
      0.5319276390373252,
      -0.7051300145784476
    ],
    [
      -0.4622585904787383,
      2.0714182325578356,
      -1.3190234113848989
    ],
    [
      0.8549807627913357,
      0.33514555882389785,
      -0.6101886468069145
    ],
    [
      0.8406791913030923,
      -0.6537411333346833,
      -0.6083639392392259
    ],
    [
      0.854981463929997,
      0.33517210743154313,
      -0.610144209821849
    ],
    [
      0.24977132239343233,
      1.4914688369409528,
      -0.692968711836521
    ],
    [
      2.071835202152106,
      0.00616385142286605,
      -0.4513273339528358
    ],
    [
      2.7925017227923443,
      -0.9456489196265339,
      0.978281061387082
    ],
    [
      2.0718127132187663,
      0.006287653287291871,
      -0.45118707781082174
    ],
    [
      1.9594023627309833,
      0.7936804283848999,
      -1.8014435766321548
    ]
  ],
  "edge_length_evolution": [],
  "angle_deficit_evolution": [],
  "regge_action_evolution": [],
  "gromov_delta_evolution": [],
  "mass_hinge": null,
  "mass_value": 0.0,
  "matter": [
    {
      "(0, 1)": 0.0,
      "(1, 2)": 0.0,
      "(0, 3)": 0.0,
      "(2, 3)": 0.0,
      "(0, 2)": 0.0,
      "(1, 3)": 0.0
    },
    {
      "(0, 1)": 0.0,
      "(1, 2)": 0.0,
      "(0, 3)": 0.0,
      "(2, 3)": 0.0,
      "(0, 2)": 0.0,
      "(1, 3)": 0.0
    },
    {
      "(0, 1)": 0.0,
      "(1, 2)": 0.0,
      "(0, 3)": 0.0,
      "(2, 3)": 0.0,
      "(0, 2)": 0.0,
      "(1, 3)": 0.0
    }
  ],
  "stationary_solution": null,
  "einstein_analysis_per_timestep": [
    {
      "ricci_tensor": [
        [
          -0.12498028397052324,
          0.0
        ],
        [
          0.0,
          -0.12498028397052324
        ]
      ],
      "metric_tensor": [
        [
          1.0249960567941045,
          0.012498028397052325
        ],
        [
          0.012498028397052325,
          1.0249960567941045
        ]
      ],
      "stress_energy_tensor": [
        [
          0.12498028397052324,
          0.0024996056794104647
        ],
        [
          0.0024996056794104647,
          0.12498028397052324
        ]
      ],
      "einstein_solution": {
        "einstein_tensor": [
          [
            0.0,
            0.0
          ],
          [
            0.0,
            0.0
          ]
        ],
        "ricci_scalar": -0.24996056794104649,
        "metric_tensor": [
          [
            1.0,
            0.0
          ],
          [
            0.0,
            1.0
          ]
        ],
        "lhs": [
          [
            0.0,
            0.0
          ],
          [
            0.0,
            0.0
          ]
        ],
        "rhs": [
          [
            0.12498028397052324,
            0.0024996056794104647
          ],
          [
            0.0024996056794104647,
            0.12498028397052324
          ]
        ],
        "equations_satisfied": false,
        "residual": 0.17678415884860935,
        "conservation_violation": 0.37494085191156973,
        "gravitational_constant": 0.039788735772973836,
        "cosmological_constant": 0.0
      },
      "entropy_first_derivative": 0.0,
      "entropy_second_derivative": 0.0,
      "entropy_curvature_correlation": -0.17674880762035483,
      "emergent_gravitational_constant": 0.019891229982937547,
      "average_mutual_information": 0.24996056794104649,
      "ricci_scalar": -0.24996056794104649,
      "analysis_summary": {
        "einstein_equations_satisfied": false,
        "residual_magnitude": 0.17678415884860935,
        "conservation_violation": 0.37494085191156973,
        "entropy_evolution_rate": 0.0,
        "entropy_acceleration": 0.0,
        "entanglement_curvature_coupling": -0.17674880762035483
      }
    },
    {
      "ricci_tensor": [
        [
          -0.2192769395449853,
          0.0
        ],
        [
          0.0,
          -0.2192769395449853
        ]
      ],
      "metric_tensor": [
        [
          1.0438553879089971,
          0.021927693954498534
        ],
        [
          0.021927693954498534,
          1.0438553879089971
        ]
      ],
      "stress_energy_tensor": [
        [
          0.2192769395449853,
          0.004385538790899706
        ],
        [
          0.004385538790899706,
          0.2192769395449853
        ]
      ],
      "einstein_solution": {
        "einstein_tensor": [
          [
            0.0,
            0.0
          ],
          [
            0.0,
            0.0
          ]
        ],
        "ricci_scalar": -0.4385538790899706,
        "metric_tensor": [
          [
            1.0,
            0.0
          ],
          [
            0.0,
            1.0
          ]
        ],
        "lhs": [
          [
            0.0,
            0.0
          ],
          [
            0.0,
            0.0
          ]
        ],
        "rhs": [
          [
            0.2192769395449853,
            0.004385538790899706
          ],
          [
            0.004385538790899706,
            0.2192769395449853
          ]
        ],
        "equations_satisfied": false,
        "residual": 0.3101664365036992,
        "conservation_violation": 0.657830818634956,
        "gravitational_constant": 0.039788735772973836,
        "cosmological_constant": 0.0
      },
      "entropy_first_derivative": 0.0,
      "entropy_second_derivative": 0.0,
      "entropy_curvature_correlation": -0.3101044168201835,
      "emergent_gravitational_constant": 0.03489900883464711,
      "average_mutual_information": 0.4385538790899706,
      "ricci_scalar": -0.4385538790899706,
      "analysis_summary": {
        "einstein_equations_satisfied": false,
        "residual_magnitude": 0.3101664365036992,
        "conservation_violation": 0.657830818634956,
        "entropy_evolution_rate": 0.0,
        "entropy_acceleration": 0.0,
        "entanglement_curvature_coupling": -0.3101044168201835
      }
    },
    {
      "ricci_tensor": [
        [
          -0.15615424457810098,
          0.0
        ],
        [
          0.0,
          -0.15615424457810098
        ]
      ],
      "metric_tensor": [
        [
          1.0312308489156201,
          0.015615424457810098
        ],
        [
          0.015615424457810098,
          1.0312308489156201
        ]
      ],
      "stress_energy_tensor": [
        [
          0.15615424457810098,
          0.00312308489156202
        ],
        [
          0.00312308489156202,
          0.15615424457810098
        ]
      ],
      "einstein_solution": {
        "einstein_tensor": [
          [
            0.0,
            0.0
          ],
          [
            0.0,
            0.0
          ]
        ],
        "ricci_scalar": -0.31230848915620196,
        "metric_tensor": [
          [
            1.0,
            0.0
          ],
          [
            0.0,
            1.0
          ]
        ],
        "lhs": [
          [
            0.0,
            0.0
          ],
          [
            0.0,
            0.0
          ]
        ],
        "rhs": [
          [
            0.15615424457810098,
            0.00312308489156202
          ],
          [
            0.00312308489156202,
            0.15615424457810098
          ]
        ],
        "equations_satisfied": false,
        "residual": 0.22087961317875077,
        "conservation_violation": 0.4684627337343029,
        "gravitational_constant": 0.039788735772973836,
        "cosmological_constant": 0.0
      },
      "entropy_first_derivative": 0.0,
      "entropy_second_derivative": 0.0,
      "entropy_curvature_correlation": -0.22083544550447587,
      "emergent_gravitational_constant": 0.02485271990938557,
      "average_mutual_information": 0.31230848915620196,
      "ricci_scalar": -0.31230848915620196,
      "analysis_summary": {
        "einstein_equations_satisfied": false,
        "residual_magnitude": 0.22087961317875077,
        "conservation_violation": 0.4684627337343029,
        "entropy_evolution_rate": 0.0,
        "entropy_acceleration": 0.0,
        "entanglement_curvature_coupling": -0.22083544550447587
      }
    }
  ],
  "bootstrap_analysis": {
    "gromov_delta": {
      "mean": 1.2808826757904885,
      "lower_ci": 0.7673887130460565,
      "upper_ci": 1.5906613162221757,
      "all_values": [
        1.4845979981032333,
        0.7673887130460565,
        1.5906613162221759
      ],
      "uncertainty": 0.3097786404316871
    },
    "entropy": {
      "mean": null,
      "lower_ci": null,
      "upper_ci": null,
      "uncertainty": null
    },
    "distance_matrix": {
      "mean": [
        [
          0.0,
          1.2808826757904885,
          0.30945765640568695,
          1.2808826757904885
        ],
        [
          1.2808826757904885,
          0.0,
          1.2808826757904888,
          2.5617653515809766
        ],
        [
          0.30945765640568695,
          1.2808826757904888,
          0.0,
          1.2808826757904892
        ],
        [
          1.2808826757904885,
          2.5617653515809766,
          1.2808826757904892,
          0.0
        ]
      ],
      "lower_ci": [
        [
          0.0,
          0.7673887130460572,
          0.0,
          0.7673887130460572
        ],
        [
          0.7673887130460572,
          0.0,
          0.767388713046056,
          1.5347774260921128
        ],
        [
          0.0,
          0.767388713046056,
          0.0,
          0.7673887130460567
        ],
        [
          0.7673887130460572,
          1.5347774260921128,
          0.7673887130460567,
          0.0
        ]
      ],
      "upper_ci": [
        [
          0.0,
          1.5906613162221757,
          0.7061588251293861,
          1.5906613162221757
        ],
        [
          1.5906613162221757,
          0.0,
          1.5906613162221757,
          3.1813226324443513
        ],
        [
          0.7061588251293861,
          1.5906613162221757,
          0.0,
          1.5906613162221757
        ],
        [
          1.5906613162221757,
          3.1813226324443513,
          1.5906613162221757,
          0.0
        ]
      ]
    }
  },
  "topology_compatibility": {
    "current_topology": "triangulated",
    "explanation": "Triangulated topology is specifically designed for angle-sum curvature. Creates multiple triangles per vertex, enabling robust local curvature measurements. Each vertex has multiple incident triangles for well-defined angle sums.",
    "supports_local_curvature": true
  },
  "rt_surface_analysis": {
    "region_A": [
      0
    ],
    "region_B": [
      1,
      2,
      3
    ],
    "bulk_point": 2,
    "is_complementary": true,
    "rt_area_AB": 3.1813226324443513,
    "rt_area_BA": 3.1813226324443513,
    "area_consistent": true,
    "edges_consistent": true,
    "area_difference": 0.0,
    "rt_edges_AB": [
      [
        0,
        1
      ],
      [
        0,
        2
      ],
      [
        0,
        3
      ]
    ],
    "rt_edges_BA": [
      [
        0,
        1
      ],
      [
        0,
        2
      ],
      [
        0,
        3
      ]
    ],
    "edge_lengths": [
      1.5906613162221757,
      0.0,
      1.5906613162221757,
      1.5906613162221757,
      3.1813226324443513,
      1.5906613162221757
    ],
    "all_edges": [
      [
        0,
        1
      ],
      [
        0,
        2
      ],
      [
        0,
        3
      ],
      [
        1,
        2
      ],
      [
        1,
        3
      ],
      [
        2,
        3
      ]
    ]
  },
  "bulk_excitation_analysis": {
    "ground_state_mi": [
      [
        0.0,
        0.20379079700155556,
        1.3473638421052017,
        0.20379079700155311
      ],
      [
        0.20379079700155556,
        0.0,
        0.20379079700155467,
        0.3359408831381975
      ],
      [
        1.3473638421052017,
        0.20379079700155467,
        0.0,
        0.20379079700155356
      ],
      [
        0.20379079700155311,
        0.3359408831381975,
        0.20379079700155356,
        0.0
      ]
    ],
    "excited_state_mi": [
      [
        0.0,
        0.20379079700155467,
        0.7510788804890671,
        0.6724684714841382
      ],
      [
        0.20379079700155467,
        0.0,
        0.2683271764825723,
        0.14379721652363187
      ],
      [
        0.7510788804890671,
        0.2683271764825723,
        0.0,
        0.49476309269598273
      ],
      [
        0.6724684714841382,
        0.14379721652363187,
        0.49476309269598273,
        0.0
      ]
    ],
    "mi_difference": [
      [
        0.0,
        -8.881784197001252e-16,
        -0.5962849616161345,
        0.4686776744825851
      ],
      [
        -8.881784197001252e-16,
        0.0,
        0.06453637948101765,
        -0.1921436666145656
      ],
      [
        -0.5962849616161345,
        0.06453637948101765,
        0.0,
        0.2909722956944292
      ],
      [
        0.4686776744825851,
        -0.1921436666145656,
        0.2909722956944292,
        0.0
      ]
    ],
    "avg_mi_change": 0.2015768722360916,
    "max_mi_change": 0.5962849616161345,
    "mi_change_boundary_A": NaN,
    "mi_change_boundary_B": 0.05445500285362707,
    "bulk_point": 2,
    "ground_state_counts": {
      "1000 1000": 178,
      "1111 1111": 188,
      "0110 0110": 135,
      "0100 0100": 76,
      "1101 1101": 186,
      "1011 1011": 83,
      "0010 0010": 189,
      "0111 0111": 173,
      "0011 0011": 129,
      "1100 1100": 109,
      "0101 0101": 80,
      "0001 0001": 89,
      "0000 0000": 166,
      "1110 1110": 74,
      "1010 1010": 66,
      "1001 1001": 127
    },
    "excited_state_counts": {
      "1101 0001": 85,
      "1100 0000": 161,
      "1011 0111": 159,
      "1010 0110": 108,
      "1001 1101": 7,
      "0010 1110": 69,
      "0111 1111": 58,
      "0011 1011": 25,
      "0100 1100": 31,
      "0001 1101": 121,
      "0010 1010": 19,
      "0111 1011": 58,
      "0110 1010": 64,
      "1111 0011": 93,
      "1100 0100": 1,
      "1101 0101": 3,
      "0000 1100": 90,
      "1110 0010": 153,
      "0011 1111": 104,
      "0000 1000": 40,
      "1111 1111": 4,
      "0110 0110": 7,
      "1000 1000": 2,
      "0111 0111": 12,
      "1001 0101": 56,
      "1110 1010": 5,
      "0100 1000": 118,
      "0101 1101": 37,
      "1001 0001": 5,
      "1110 1110": 2,
      "0111 0011": 6,
      "1000 0100": 64,
      "1000 1100": 5,
      "0110 1110": 26,
      "0001 0101": 1,
      "0101 1001": 76,
      "0101 0001": 1,
      "1010 0010": 5,
      "1100 1100": 4,
      "0000 0100": 3,
      "0011 0011": 8,
      "0101 0101": 3,
      "0001 1001": 35,
      "0010 0010": 18,
      "1100 1000": 9,
      "1101 1001": 8,
      "0011 0111": 2,
      "0000 0000": 10,
      "1110 0110": 5,
      "1111 1011": 4,
      "0110 0010": 3,
      "1000 0000": 9,
      "1011 1111": 11,
      "0100 0000": 4,
      "0100 0100": 6,
      "1101 1101": 5,
      "0001 0001": 5,
      "1010 1110": 4,
      "0010 0110": 1,
      "1111 0111": 2,
      "1011 0011": 6,
      "1011 1011": 1,
      "1010 1010": 1
    },
    "boundary_entropies": {
      "ground_state": {
        "entropy_A": 0.490801946748009,
        "entropy_B": 0.49080194674800565,
        "mi_AB": 0.9816038934960085
      },
      "excited_state": {
        "entropy_A": 0.8383587420960066,
        "entropy_B": 0.8383587420960045,
        "mi_AB": 1.676717484192006
      },
      "rt_relation_test": {
        "entropy_ratio": 0.9999999999999932,
        "rt_area_ratio": 1.0,
        "rt_deviation": 6.772360450213455e-15,
        "excited_entropy_ratio": 0.9999999999999974,
        "rt_relation_change": 4.218847493575595e-15
      }
    }
  },
  "page_curve_analysis": null,
  "einstein_analysis": null,
  "dynamic_evidence": {
    "angle_sums_per_timestep": [
      [
        1.4811971070921115,
        0.0,
        1.4811971070921115,
        3.1415924460406344
      ],
      [
        2.6541734710943388,
        3.141592560800888,
        2.6541734710943374,
        0.0
      ],
      [
        0.0,
        0.0,
        0.0,
        0.0
      ]
    ],
    "gromov_delta_per_timestep": [
      1.4845979981032333,
      0.7673887130460565,
      1.5906613162221759
    ],
    "edge_mi_per_timestep": [
      {
        "0,1": 0.2265934133515104,
        "0,3": 0.2265934133515104,
        "0,2": 0.49353632045872775,
        "1,2": 0.22659341335150995,
        "2,3": 0.22659341335150995
      },
      {
        "0,1": 0.46422370827225445,
        "0,3": 0.46422370827225445,
        "0,2": 0.8007438714074127,
        "1,2": 0.4642237082722549,
        "2,3": 0.4642237082722547
      },
      {
        "0,1": 0.20379079700155467,
        "0,3": 0.20379079700155378,
        "0,2": 1.3473638421052012,
        "1,2": 0.20379079700155378,
        "2,3": 0.20379079700155467
      }
    ],
    "shortest_paths_per_timestep": [
      {
        "0": {
          "0": 0,
          "2": 0.7061588251293861,
          "1": 1.4845979981032331,
          "3": 1.4845979981032331
        },
        "1": {
          "1": 0,
          "0": 1.4845979981032331,
          "2": 1.4845979981032351,
          "3": 2.9691959962064662
        },
        "2": {
          "2": 0,
          "0": 0.7061588251293861,
          "1": 1.4845979981032351,
          "3": 1.4845979981032351
        },
        "3": {
          "3": 0,
          "0": 1.4845979981032331,
          "2": 1.4845979981032351,
          "1": 2.9691959962064662
        }
      },
      {
        "0": {
          "0": 0,
          "2": 0.22221414408767473,
          "1": 0.7673887130460572,
          "3": 0.7673887130460572
        },
        "1": {
          "1": 0,
          "2": 0.7673887130460562,
          "0": 0.7673887130460572,
          "3": 1.5347774260921128
        },
        "2": {
          "2": 0,
          "0": 0.22221414408767473,
          "1": 0.7673887130460562,
          "3": 0.7673887130460566
        },
        "3": {
          "3": 0,
          "2": 0.7673887130460566,
          "0": 0.7673887130460572,
          "1": 1.5347774260921128
        }
      },
      {
        "0": {
          "0": 0,
          "2": 0.0,
          "1": 1.5906613162221757,
          "3": 1.5906613162221757
        },
        "1": {
          "1": 0,
          "0": 1.5906613162221757,
          "2": 1.5906613162221757,
          "3": 3.1813226324443513
        },
        "2": {
          "2": 0,
          "0": 0.0,
