{
  "spec": {
    "num_qubits": 7,
    "topology": "triangulated",
    "custom_edges": "0-1:1.0000,0-2:0.8479,0-3:1.0000,0-4:1.0000,0-5:0.7424,0-6:0.7424,1-2:1.0000,1-3:1.0000,1-4:0.4836,1-5:1.0000,1-6:0.4902,2-3:0.4877,2-4:1.0000,2-5:0.0500,2-6:0.0500,3-4:0.3815,3-5:0.0500,3-6:1.0000,4-5:0.0500,4-6:0.0500,5-6:1.0000",
    "alpha": 0.8,
    "weight": 1.0,
    "gamma": 0.3,
    "sigma": null,
    "init_angle": 0.0,
    "init_angles": null,
    "shots": 2000,
    "device": "ibm_brisbane",
    "geometry": "hyperbolic",
    "curvature": 11.0,
    "timesteps": 4,
    "dimension": 2,
    "mass_hinge": null,
    "mass_value": 0.0,
    "solve_regge": false,
    "lorentzian": true,
    "excite": false,
    "fast": false,
    "strong_curvature": false,
    "charge_injection": false,
    "charge_strength": 1.0,
    "charge_location": 3,
    "spin_injection": false,
    "spin_strength": 1.0,
    "spin_location": 3
  },
  "uid": "NWHEWI",
  "job_tracking": {
    "job_ids_per_timestep": [
      "d20mem43s4ss73cla5g0",
      "d20meolofqqs73dbsqr0",
      "d20meqdofqqs73dbsqt0",
      "d20merslir9s73ai45q0"
    ],
    "device": "ibm_brisbane",
    "total_jobs": 4,
    "job_status": "completed"
  },
  "lorentzian_solution": {
    "stationary_edge_lengths": [
      0.0010000000000000009,
      0.0010000000000000009,
      0.0010000000000000009,
      3.324851883969462,
      0.0010000000000000009,
      0.0010000000000000009,
      0.0010000000000000009,
      0.0010000000000318643,
      0.3927684281797696,
      0.0010000000000000009,
      0.0010000000000000009,
      0.0010000000000000009,
      0.0010000000000000009,
      0.0010000000000000009,
      0.0010000000000000009,
      0.0010000000000000009,
      0.0010000000000000009,
      0.0010000000000229825,
      0.0010000000000000009,
      0.0010000000000000009,
      0.0010000000000000009,
      0.0010000000000000009,
      0.0010000000000000009,
      0.0010000000000000009,
      0.08405973940682987,
      0.0010000000000000009,
      0.62371905858141,
      0.0010000000000000009,
      0.0010000000000000009,
      0.0010000000000000009,
      0.4176220846383327,
      0.0010000000000000009,
      0.0010000000000000009,
      0.0010000000000000009,
      1.3172896695766567,
      0.0010000000000000009,
      1.1225555123285238,
      4.077501598646559,
      0.0010000000000000009,
      0.0010000000000000009,
      0.0010000000000000009,
      0.001000000000085266,
      7.757917049098907,
      0.0010000000000441878,
      0.0010000000000000009,
      1.6505208681039782,
      0.0010000000000000009,
      0.0010000000001518794,
      5.386533786736847,
      1.2043341609177787,
      0.0010000000000000009,
      0.0010000000000000009,
      13.078478379842217,
      2.433300384520571,
      0.0010000000000000009,
      0.0010000000000000009,
      0.0010000000000000009,
      0.0010000000000000009,
      0.0010000000003252962,
      1.2523683256521125,
      0.0010000000000000009,
      0.0010000000000000009,
      0.001000000000408896,
      2.2827728393628295,
      0.0010000000000000009,
      0.0010000000000000009,
      0.0010000000003856924,
      0.0010000000003723142,
      0.0010000000000000009,
      0.0010000000000000009,
      0.0010000000001240683,
      0.0010000000000000009,
      0.8101676506976381,
      0.8431565707973219,
      0.8125716742746938,
      1.0545641645055122,
      0.9257423924305307,
      1.003428276465881,
      1.1630265895704373,
      0.89971689165955,
      0.9641531692142519,
      1.1022204554172195,
      0.891519266196649,
      0.8307919639315172,
      0.9159005811655072,
      0.8644885149016018,
      1.1718790609370293,
      1.1232481518257669,
      1.0533615026041694,
      1.148584236075087,
      1.1214688307596457,
      0.8746280235544144,
      1.1570235993959912
    ],
    "stationary_action": 9.281192104676284e-11,
    "all_edges": [
      [
        [
          0,
          0
        ],
        [
          1,
          0
        ]
      ],
      [
        [
          0,
          0
        ],
        [
          6,
          0
        ]
      ],
      [
        [
          0,
          0
        ],
        [
          2,
          0
        ]
      ],
      [
        [
          0,
          0
        ],
        [
          3,
          0
        ]
      ],
      [
        [
          0,
          0
        ],
        [
          4,
          0
        ]
      ],
      [
        [
          1,
          0
        ],
        [
          2,
          0
        ]
      ],
      [
        [
          1,
          0
        ],
        [
          6,
          0
        ]
      ],
      [
        [
          1,
          0
        ],
        [
          4,
          0
        ]
      ],
      [
        [
          1,
          0
        ],
        [
          5,
          0
        ]
      ],
      [
        [
          2,
          0
        ],
        [
          3,
          0
        ]
      ],
      [
        [
          2,
          0
        ],
        [
          4,
          0
        ]
      ],
      [
        [
          2,
          0
        ],
        [
          5,
          0
        ]
      ],
      [
        [
          2,
          0
        ],
        [
          6,
          0
        ]
      ],
      [
        [
          3,
          0
        ],
        [
          4,
          0
        ]
      ],
      [
        [
          3,
          0
        ],
        [
          6,
          0
        ]
      ],
      [
        [
          4,
          0
        ],
        [
          5,
          0
        ]
      ],
      [
        [
          4,
          0
        ],
        [
          6,
          0
        ]
      ],
      [
        [
          5,
          0
        ],
        [
          6,
          0
        ]
      ],
      [
        [
          0,
          1
        ],
        [
          1,
          1
        ]
      ],
      [
        [
          0,
          1
        ],
        [
          6,
          1
        ]
      ],
      [
        [
          0,
          1
        ],
        [
          2,
          1
        ]
      ],
      [
        [
          0,
          1
        ],
        [
          3,
          1
        ]
      ],
      [
        [
          0,
          1
        ],
        [
          4,
          1
        ]
      ],
      [
        [
          1,
          1
        ],
        [
          2,
          1
        ]
      ],
      [
        [
          1,
          1
        ],
        [
          6,
          1
        ]
      ],
      [
        [
          1,
          1
        ],
        [
          4,
          1
        ]
      ],
      [
        [
          1,
          1
        ],
        [
          5,
          1
        ]
      ],
      [
        [
          2,
          1
        ],
        [
          3,
          1
        ]
      ],
      [
        [
          2,
          1
        ],
        [
          4,
          1
        ]
      ],
      [
        [
          2,
          1
        ],
        [
          5,
          1
        ]
      ],
      [
        [
          2,
          1
        ],
        [
          6,
          1
        ]
      ],
      [
        [
          3,
          1
        ],
        [
          4,
          1
        ]
      ],
      [
        [
          3,
          1
        ],
        [
          6,
          1
        ]
      ],
      [
        [
          4,
          1
        ],
        [
          5,
          1
        ]
      ],
      [
        [
          4,
          1
        ],
        [
          6,
          1
        ]
      ],
      [
        [
          5,
          1
        ],
        [
          6,
          1
        ]
      ],
      [
        [
          0,
          2
        ],
        [
          1,
          2
        ]
      ],
      [
        [
          0,
          2
        ],
        [
          6,
          2
        ]
      ],
      [
        [
          0,
          2
        ],
        [
          2,
          2
        ]
      ],
      [
        [
          0,
          2
        ],
        [
          3,
          2
        ]
      ],
      [
        [
          0,
          2
        ],
        [
          4,
          2
        ]
      ],
      [
        [
          1,
          2
        ],
        [
          2,
          2
        ]
      ],
      [
        [
          1,
          2
        ],
        [
          6,
          2
        ]
      ],
      [
        [
          1,
          2
        ],
        [
          4,
          2
        ]
      ],
      [
        [
          1,
          2
        ],
        [
          5,
          2
        ]
      ],
      [
        [
          2,
          2
        ],
        [
          3,
          2
        ]
      ],
      [
        [
          2,
          2
        ],
        [
          4,
          2
        ]
      ],
      [
        [
          2,
          2
        ],
        [
          5,
          2
        ]
      ],
      [
        [
          2,
          2
        ],
        [
          6,
          2
        ]
      ],
      [
        [
          3,
          2
        ],
        [
          4,
          2
        ]
      ],
      [
        [
          3,
          2
        ],
        [
          6,
          2
        ]
      ],
      [
        [
          4,
          2
        ],
        [
          5,
          2
        ]
      ],
      [
        [
          4,
          2
        ],
        [
          6,
          2
        ]
      ],
      [
        [
          5,
          2
        ],
        [
          6,
          2
        ]
      ],
      [
        [
          0,
          3
        ],
        [
          1,
          3
        ]
      ],
      [
        [
          0,
          3
        ],
        [
          6,
          3
        ]
      ],
      [
        [
          0,
          3
        ],
        [
          2,
          3
        ]
      ],
      [
        [
          0,
          3
        ],
        [
          3,
          3
        ]
      ],
      [
        [
          0,
          3
        ],
        [
          4,
          3
        ]
      ],
      [
        [
          1,
          3
        ],
        [
          2,
          3
        ]
      ],
      [
        [
          1,
          3
        ],
        [
          6,
          3
        ]
      ],
      [
        [
          1,
          3
        ],
        [
          4,
          3
        ]
      ],
      [
        [
          1,
          3
        ],
        [
          5,
          3
        ]
      ],
      [
        [
          2,
          3
        ],
        [
          3,
          3
        ]
      ],
      [
        [
          2,
          3
        ],
        [
          4,
          3
        ]
      ],
      [
        [
          2,
          3
        ],
        [
          5,
          3
        ]
      ],
      [
        [
          2,
          3
        ],
        [
          6,
          3
        ]
      ],
      [
        [
          3,
          3
        ],
        [
          4,
          3
        ]
      ],
      [
        [
          3,
          3
        ],
        [
          6,
          3
        ]
      ],
      [
        [
          4,
          3
        ],
        [
          5,
          3
        ]
      ],
      [
        [
          4,
          3
        ],
        [
          6,
          3
        ]
      ],
      [
        [
          5,
          3
        ],
        [
          6,
          3
        ]
      ],
      [
        [
          0,
          0
        ],
        [
          0,
          1
        ]
      ],
      [
        [
          1,
          0
        ],
        [
          1,
          1
        ]
      ],
      [
        [
          2,
          0
        ],
        [
          2,
          1
        ]
      ],
      [
        [
          3,
          0
        ],
        [
          3,
          1
        ]
      ],
      [
        [
          4,
          0
        ],
        [
          4,
          1
        ]
      ],
      [
        [
          5,
          0
        ],
        [
          5,
          1
        ]
      ],
      [
        [
          6,
          0
        ],
        [
          6,
          1
        ]
      ],
      [
        [
          0,
          1
        ],
        [
          0,
          2
        ]
      ],
      [
        [
          1,
          1
        ],
        [
          1,
          2
        ]
      ],
      [
        [
          2,
          1
        ],
        [
          2,
          2
        ]
      ],
      [
        [
          3,
          1
        ],
        [
          3,
          2
        ]
      ],
      [
        [
          4,
          1
        ],
        [
          4,
          2
        ]
      ],
      [
        [
          5,
          1
        ],
        [
          5,
          2
        ]
      ],
      [
        [
          6,
          1
        ],
        [
          6,
          2
        ]
      ],
      [
        [
          0,
          2
        ],
        [
          0,
          3
        ]
      ],
      [
        [
          1,
          2
        ],
        [
          1,
          3
        ]
      ],
      [
        [
          2,
          2
        ],
        [
          2,
          3
        ]
      ],
      [
        [
          3,
          2
        ],
        [
          3,
          3
        ]
      ],
      [
        [
          4,
          2
        ],
        [
          4,
          3
        ]
      ],
      [
        [
          5,
          2
        ],
        [
          5,
          3
        ]
      ],
      [
        [
          6,
          2
        ],
        [
          6,
          3
        ]
      ]
    ]
  },
  "counts_per_timestep": [
    {
      "0110101": 22,
      "0101010": 24,
      "1101101": 33,
      "0111110": 14,
      "1010001": 10,
      "0100000": 37,
      "0111011": 22,
      "1100111": 29,
      "0011110": 16,
      "0000011": 16,
      "0010010": 19,
      "1110000": 14,
      "1010111": 11,
      "0101011": 18,
      "1101100": 18,
      "0001101": 16,
      "1111111": 14,
      "1101111": 21,
      "0110111": 12,
      "1000110": 13,
      "0010111": 16,
      "0100110": 27,
      "1001100": 12,
      "1111000": 17,
      "0100111": 22,
      "0001001": 18,
      "1001000": 11,
      "1010000": 14,
      "0010000": 19,
      "1000000": 11,
      "1011010": 19,
      "0100101": 20,
      "1011110": 14,
      "1110011": 9,
      "0001100": 13,
      "1111101": 38,
      "1011001": 19,
      "1011101": 14,
      "0111000": 16,
      "0101101": 15,
      "1011111": 16,
      "0100001": 17,
      "0111100": 19,
      "1010100": 6,
      "0110011": 19,
      "0000100": 11,
      "1000101": 5,
      "1001101": 17,
      "0101111": 11,
      "1110101": 15,
      "0110000": 14,
      "1011100": 7,
      "1110100": 11,
      "0010100": 16,
      "0010001": 24,
      "1110111": 28,
      "1001010": 13,
      "0011100": 10,
      "0111111": 11,
      "1100010": 8,
      "1111110": 13,
      "0000110": 18,
      "0110001": 16,
      "0110010": 14,
      "1000111": 18,
      "0001010": 22,
      "0001000": 13,
      "1100001": 14,
      "1100100": 15,
      "1010101": 13,
      "0101000": 18,
      "0110110": 15,
      "1111001": 9,
      "0000111": 20,
      "0000010": 19,
      "1000001": 16,
      "1000011": 7,
      "1101110": 17,
      "0101110": 19,
      "1000100": 12,
      "1010110": 14,
      "1101010": 19,
      "1001001": 9,
      "0111001": 25,
      "1101011": 15,
      "1100000": 19,
      "1111010": 8,
      "0101100": 19,
      "0100011": 9,
      "0011001": 24,
      "0011000": 7,
      "0001011": 19,
      "1101001": 19,
      "1111011": 15,
      "0001111": 10,
      "0011011": 19,
      "1010010": 8,
      "1101000": 12,
      "1110110": 21,
      "0001110": 23,
      "0010110": 19,
      "1100110": 23,
      "0011010": 9,
      "1100101": 21,
      "1000010": 9,
      "0100010": 23,
      "1001111": 13,
      "0100100": 13,
      "0111101": 18,
      "1011011": 15,
      "0000001": 12,
      "0011101": 6,
      "1110001": 12,
      "1010011": 6,
      "0111010": 12,
      "0011111": 12,
      "0101001": 19,
      "0000101": 11,
      "0000000": 30,
      "0010011": 10,
      "1001011": 11,
      "1111100": 9,
      "0010101": 8,
      "1011000": 13,
      "1001110": 14,
      "1110010": 9,
      "0110100": 12,
      "1100011": 8
    },
    {
      "0110001": 22,
      "0010010": 15,
      "0100111": 21,
      "0101110": 29,
      "1100101": 19,
      "0110111": 21,
      "0110000": 16,
      "1101010": 14,
      "0011011": 27,
      "1011111": 16,
      "1001001": 19,
      "1000010": 13,
      "0111111": 19,
      "1000011": 9,
      "1000110": 15,
      "1101111": 17,
      "1110011": 17,
      "0011001": 16,
      "0100100": 19,
      "0110110": 20,
      "0001011": 19,
      "0011101": 22,
      "0100010": 19,
      "0011110": 20,
      "0111010": 21,
      "1100110": 13,
      "1101011": 13,
      "1010001": 7,
      "0100001": 18,
      "0100110": 21,
      "0110101": 20,
      "0000110": 12,
      "0001110": 18,
      "1011000": 13,
      "1110101": 9,
      "1011010": 10,
      "0010101": 19,
      "0000010": 20,
      "0111001": 19,
      "1010011": 14,
      "1010010": 12,
      "0101010": 21,
      "1110100": 11,
      "0000111": 20,
      "0010100": 12,
      "0111011": 22,
      "0011000": 19,
      "1001011": 18,
      "1111000": 14,
      "0010110": 21,
      "1110001": 18,
      "1101000": 13,
      "0010111": 10,
      "1110111": 13,
      "1111110": 16,
      "0010011": 21,
      "0111101": 21,
      "1001100": 19,
      "1001110": 15,
      "0000001": 20,
      "0000000": 15,
      "1010101": 14,
      "1111111": 14,
      "1011011": 18,
      "1100001": 19,
      "1100011": 17,
      "1000111": 11,
      "1011101": 14,
      "1000001": 15,
      "1001010": 19,
      "0010001": 18,
      "1001101": 12,
      "1011001": 16,
      "1100000": 9,
      "0110100": 16,
      "1111100": 9,
      "0101001": 16,
      "0110010": 16,
      "1011100": 11,
      "0101111": 19,
      "1111011": 11,
      "0001000": 7,
      "0000101": 13,
      "1101101": 14,
      "1111001": 18,
      "1010110": 18,
      "1000000": 14,
      "0011010": 18,
      "0001010": 10,
      "0101100": 18,
      "0011100": 17,
      "1100111": 12,
      "1001000": 10,
      "0100101": 14,
      "1010000": 10,
      "1011110": 15,
      "1001111": 13,
      "1110010": 12,
      "1000101": 13,
      "1111101": 12,
      "1101100": 10,
      "0111110": 16,
      "0111000": 19,
      "0011111": 20,
      "1010100": 10,
      "1101110": 14,
      "0001111": 11,
      "0001101": 21,
      "0110011": 12,
      "0101101": 20,
      "0000011": 14,
      "0101011": 17,
      "0001100": 19,
      "1101001": 14,
      "1110000": 14,
      "1010111": 14,
      "0010000": 12,
      "0100000": 25,
      "0101000": 13,
      "1100010": 14,
      "0100011": 21,
      "0000100": 17,
      "1000100": 3,
      "0001001": 14,
      "0111100": 12,
      "1100100": 6,
      "1111010": 13,
      "1110110": 11
    },
    {
      "0000100": 19,
      "0001011": 16,
      "0000111": 12,
      "1101000": 11,
      "0111100": 19,
      "0101101": 15,
      "1111000": 25,
      "0001010": 9,
      "0001100": 9,
      "1100011": 11,
      "1101011": 19,
      "1010000": 25,
      "1010010": 15,
      "1100010": 16,
      "0100011": 14,
      "1110100": 15,
      "0010010": 19,
      "0110000": 27,
      "1010101": 10,
      "0101001": 15,
      "0101010": 10,
      "0110110": 24,
      "1110110": 9,
      "0011110": 14,
      "1101010": 13,
      "0111000": 18,
      "0001001": 24,
      "0010100": 18,
      "1011000": 11,
      "1111011": 21,
      "0111010": 16,
      "1100100": 19,
      "1011100": 16,
      "1111110": 19,
      "0011001": 19,
      "0001000": 12,
      "0101100": 20,
      "0100101": 18,
      "1000111": 19,
      "0110101": 21,
      "1001001": 11,
      "1010111": 14,
      "1110000": 24,
      "1100111": 12,
      "1110011": 27,
      "1011011": 17,
      "0010011": 13,
      "1001110": 10,
      "1100110": 16,
      "1010110": 17,
      "0010000": 10,
      "0110011": 16,
      "0011011": 21,
      "1011110": 17,
      "0111011": 15,
      "1100101": 13,
      "1000001": 13,
      "0100001": 12,
      "1110010": 21,
      "0110111": 15,
      "1110001": 21,
      "1001000": 10,
      "1101101": 12,
      "1011001": 18,
      "0001111": 18,
      "1110111": 20,
      "0111110": 17,
      "0100110": 12,
      "1111100": 19,
      "0101011": 15,
      "0100000": 13,
      "1101111": 11,
      "1100000": 14,
      "1101100": 12,
      "0010001": 13,
      "0000001": 20,
      "1111010": 14,
      "1001111": 16,
      "0000110": 13,
      "1011010": 19,
      "0110010": 18,
      "0100010": 16,
      "1111101": 20,
      "0011101": 11,
      "1111001": 14,
      "0001110": 16,
      "0000000": 16,
      "1001010": 15,
      "0011010": 13,
      "1010100": 17,
      "0110001": 15,
      "1111111": 18,
      "0000010": 17,
      "0000011": 21,
      "1101110": 15,
      "1011101": 19,
      "0010111": 16,
      "1000100": 15,
      "1101001": 11,
      "1000011": 10,
      "0010110": 13,
      "0100111": 19,
      "0011111": 19,
      "0011100": 23,
      "0101111": 14,
      "0101000": 15,
      "0111101": 12,
      "1000110": 21,
      "0101110": 17,
      "0111111": 15,
      "1011111": 15,
      "1001100": 10,
      "0111001": 15,
      "1010011": 15,
      "0000101": 14,
      "1001011": 8,
      "1001101": 16,
      "0010101": 17,
      "1110101": 7,
      "0001101": 11,
      "1100001": 14,
      "0110100": 18,
      "0011000": 18,
      "0100100": 8,
      "1010001": 10,
      "1000101": 12,
      "1000010": 17,
      "1000000": 11
    },
    {
      "0000010": 16,
      "1100011": 13,
      "0111010": 17,
      "1011000": 17,
      "0101101": 27,
      "0011111": 25,
      "1001111": 19,
      "0011000": 15,
      "1100111": 17,
      "0010111": 21,
      "1001001": 13,
      "0110111": 18,
      "0000101": 15,
      "0101111": 33,
      "1100001": 13,
      "1000110": 15,
      "0010001": 23,
      "0001100": 22,
      "1000010": 9,
      "1110011": 14,
      "1101101": 7,
      "0100010": 18,
      "1101011": 15,
      "1001101": 9,
      "0111000": 11,
      "1101111": 13,
      "0101110": 17,
      "0001001": 13,
      "0010010": 11,
      "0011100": 12,
      "1011011": 14,
      "1110001": 13,
      "1101001": 11,
      "1001110": 14,
      "1011100": 16,
      "0010101": 19,
      "0001111": 21,
      "0011110": 27,
      "0100101": 22,
      "0010000": 23,
      "0111011": 16,
      "1011101": 12,
      "0101100": 26,
      "1110111": 12,
      "1001100": 13,
      "0000001": 15,
      "0100011": 20,
      "1110110": 8,
      "0100001": 17,
      "1010001": 11,
      "1010110": 23,
      "0111101": 23,
      "0111100": 15,
      "0100110": 21,
      "1000001": 9,
      "1111010": 9,
      "1110100": 11,
      "1110010": 4,
      "1111111": 18,
      "0100111": 23,
      "0000000": 17,
      "0011011": 20,
      "0101011": 21,
      "0001101": 18,
      "1110000": 10,
      "1010111": 21,
      "0000011": 17,
      "1111011": 12,
      "0111001": 21,
      "0001011": 22,
      "0010011": 18,
      "0110010": 12,
      "1111100": 15,
      "0011101": 13,
      "0101000": 21,
      "0010100": 14,
      "1101010": 16,
      "0110001": 17,
      "0101010": 17,
      "1100100": 14,
      "1101000": 14,
      "1010100": 14,
      "0110101": 20,
      "1010101": 14,
      "1001000": 6,
      "0110110": 17,
      "1110101": 10,
      "1011010": 18,
      "0001110": 16,
      "1101100": 12,
      "0111111": 23,
      "1011001": 19,
      "1011111": 19,
      "0000110": 20,
      "1101110": 10,
      "1001010": 11,
      "0110011": 20,
      "1000000": 10,
      "1010011": 10,
      "1001011": 8,
      "1100101": 15,
      "1111000": 15,
      "1010010": 15,
      "0000100": 20,
      "0101001": 26,
      "1011110": 15,
      "0010110": 16,
      "0011001": 16,
      "0110100": 14,
      "0001010": 12,
      "0100100": 16,
      "0011010": 11,
      "0111110": 26,
      "1100000": 14,
      "0000111": 15,
      "1010000": 9,
      "1100010": 6,
      "0110000": 19,
      "1000101": 13,
      "1100110": 9,
      "1000011": 13,
      "1111110": 9,
      "0100000": 8,
      "1111001": 10,
      "1000111": 12,
      "1000100": 11,
      "0001000": 16,
      "1111101": 18
    }
  ],
  "entropy_per_timestep": [
    6.89669673225178,
    6.942727820051386,
    6.949947321308635,
    6.923647490912204
  ],
  "mutual_information_per_timestep": [
    [
      [
        0.0,
        6.68594136589471,
        7.3587976617373,
        6.536746929340799,
        6.182955598195236,
        7.817502563446811,
        6.269813664344686
      ],
      [
        6.68594136589471,
        0.0,
        5.952498815378745,
        9.54419864988802,
        9.062963209233306,
        6.943235324676484,
        11.617820964620494
      ],
      [
        7.3587976617373,
        5.952498815378745,
        0.0,
        7.975847840741049,
        9.257165336310697,
        6.178737500283385,
        5.108890301276297
      ],
      [
        6.536746929340799,
        9.54419864988802,
        7.975847840741049,
        0.0,
        9.269011910139628,
        12.199466846589145,
        6.492915366593587
      ],
      [
        6.182955598195236,
        9.062963209233306,
        9.257165336310697,
        9.269011910139628,
        0.0,
        7.809271205362643,
        8.709941888588437
      ],
      [
        7.817502563446811,
        6.943235324676484,
        6.178737500283385,
        12.199466846589145,
        7.809271205362643,
        0.0,
        6.829758080516307
      ],
      [
        6.269813664344686,
        11.617820964620494,
        5.108890301276297,
        6.492915366593587,
        8.709941888588437,
        6.829758080516307,
        0.0
      ]
    ],
    [
      [
        0.0,
        6.7215638439181955,
        8.363043131470931,
        13.829492713157151,
        8.741371740694673,
        11.970888689431513,
        8.537387554874087
      ],
      [
        6.7215638439181955,
        0.0,
        8.796341519971204,
        10.208737300429526,
        14.776233005927052,
        11.54895590662095,
        10.943930521250602
      ],
      [
        8.363043131470931,
        8.796341519971204,
        0.0,
        8.389357774784274,
        10.356435755458884,
        9.587778382410074,
        7.952516647048228
      ],
      [
        13.829492713157151,
        10.208737300429526,
        8.389357774784274,
        0.0,
        8.629322574458293,
        7.5671069877003445,
        8.6240659353741
      ],
      [
        8.741371740694673,
        14.776233005927052,
        10.356435755458884,
        8.629322574458293,
        0.0,
        7.8359551022356,
        9.129521955624687
      ],
      [
        11.970888689431513,
        11.54895590662095,
        9.587778382410074,
        7.5671069877003445,
        7.8359551022356,
        0.0,
        7.796434134799232
      ],
      [
        8.537387554874087,
        10.943930521250602,
        7.952516647048228,
        8.6240659353741,
        9.129521955624687,
        7.796434134799232,
        0.0
      ]
    ],
    [
      [
        0.0,
        7.763275156589908,
        9.680012211488288,
        7.470300303052647,
        7.5262627316842154,
        8.772431570206544,
        8.590940685961032
      ],
      [
        7.763275156589908,
        0.0,
        10.319741112491993,
        10.1519476444963,
        9.24145394614958,
        10.540304419530933,
        8.309764210125698
      ],
      [
        9.680012211488288,
        10.319741112491993,
        0.0,
        8.640882624685204,
        7.988030078060505,
        9.428342161748574,
        10.296009085888596
      ],
      [
        7.470300303052647,
        10.1519476444963,
        8.640882624685204,
        0.0,
        8.024898528643254,
        11.083287702521202,
        13.974105764085529
      ],
      [
        7.5262627316842154,
        9.24145394614958,
        7.988030078060505,
        8.024898528643254,
        0.0,
        7.468154780636231,
        7.660732943362479
      ],
      [
        8.772431570206544,
        10.540304419530933,
        9.428342161748574,
        11.083287702521202,
        7.468154780636231,
        0.0,
        8.784740718313223
      ],
      [
        8.590940685961032,
        8.309764210125698,
        10.296009085888596,
        13.974105764085529,
        7.660732943362479,
        8.784740718313223,
        0.0
      ]
    ],
    [
      [
        0.0,
        7.623995693214047,
        9.408692648329943,
        11.734704337362412,
        10.76691612781361,
        7.05679678270099,
        8.664659174702848
      ],
      [
        7.623995693214047,
        0.0,
        6.981978287481225,
        9.420656901986597,
        13.359082142811369,
        7.7557434168361885,
        19.8510584436168
      ],
      [
        9.408692648329943,
        6.981978287481225,
        0.0,
        11.91614441890687,
        11.063430045586914,
        11.42648274228219,
        12.420122809473959
      ],
      [
        11.734704337362412,
        9.420656901986597,
        11.91614441890687,
        0.0,
        16.50581997270034,
        7.538532055862362,
        12.506108223694774
      ],
      [
        10.76691612781361,
        13.359082142811369,
        11.063430045586914,
        16.50581997270034,
        0.0,
        6.219288458086432,
        6.886168233580987
      ],
      [
        7.05679678270099,
        7.7557434168361885,
        11.42648274228219,
        7.538532055862362,
        6.219288458086432,
        0.0,
        6.558141584014659
      ],
      [
        8.664659174702848,
        19.8510584436168,
        12.420122809473959,
        12.506108223694774,
        6.886168233580987,
        6.558141584014659,
        0.0
      ]
    ]
  ],
  "distance_matrix_per_timestep": [
    [
      [
        0.0,
        6.68594136589471,
        7.3587976617373,
        6.536746929340799,
        6.182955598195236,
        7.817502563446811,
        6.269813664344686
      ],
      [
        6.68594136589471,
        0.0,
        5.952498815378745,
        9.54419864988802,
        9.062963209233306,
        6.943235324676484,
        11.617820964620494
      ],
      [
        7.3587976617373,
        5.952498815378745,
        0.0,
        7.975847840741049,
        9.257165336310697,
        6.178737500283385,
        5.108890301276297
      ],
      [
        6.536746929340799,
        9.54419864988802,
        7.975847840741049,
        0.0,
        9.269011910139628,
        12.199466846589145,
        6.492915366593587
      ],
      [
        6.182955598195236,
        9.062963209233306,
        9.257165336310697,
        9.269011910139628,
        0.0,
        7.809271205362643,
        8.709941888588437
      ],
      [
        7.817502563446811,
        6.943235324676484,
        6.178737500283385,
        12.199466846589145,
        7.809271205362643,
        0.0,
        6.829758080516307
      ],
      [
        6.269813664344686,
        11.617820964620494,
        5.108890301276297,
        6.492915366593587,
        8.709941888588437,
        6.829758080516307,
        0.0
      ]
    ],
    [
      [
        0.0,
        6.7215638439181955,
        8.363043131470931,
        13.829492713157151,
        8.741371740694673,
        11.970888689431513,
        8.537387554874087
      ],
      [
        6.7215638439181955,
        0.0,
        8.796341519971204,
        10.208737300429526,
        14.776233005927052,
        11.54895590662095,
        10.943930521250602
      ],
      [
        8.363043131470931,
        8.796341519971204,
        0.0,
        8.389357774784274,
        10.356435755458884,
        9.587778382410074,
        7.952516647048228
      ],
      [
        13.829492713157151,
        10.208737300429526,
        8.389357774784274,
        0.0,
        8.629322574458293,
        7.5671069877003445,
        8.6240659353741
      ],
      [
        8.741371740694673,
        14.776233005927052,
        10.356435755458884,
        8.629322574458293,
        0.0,
        7.8359551022356,
        9.129521955624687
      ],
      [
        11.970888689431513,
        11.54895590662095,
        9.587778382410074,
        7.5671069877003445,
        7.8359551022356,
        0.0,
        7.796434134799232
      ],
      [
        8.537387554874087,
        10.943930521250602,
        7.952516647048228,
        8.6240659353741,
        9.129521955624687,
        7.796434134799232,
        0.0
      ]
    ],
    [
      [
        0.0,
        7.763275156589908,
        9.680012211488288,
        7.470300303052647,
        7.5262627316842154,
        8.772431570206544,
        8.590940685961032
      ],
      [
        7.763275156589908,
        0.0,
        10.319741112491993,
        10.1519476444963,
        9.24145394614958,
        10.540304419530933,
        8.309764210125698
      ],
      [
        9.680012211488288,
        10.319741112491993,
        0.0,
        8.640882624685204,
        7.988030078060505,
        9.428342161748574,
        10.296009085888596
      ],
      [
        7.470300303052647,
        10.1519476444963,
        8.640882624685204,
        0.0,
        8.024898528643254,
        11.083287702521202,
        13.974105764085529
      ],
      [
        7.5262627316842154,
        9.24145394614958,
        7.988030078060505,
        8.024898528643254,
        0.0,
        7.468154780636231,
        7.660732943362479
      ],
      [
        8.772431570206544,
        10.540304419530933,
        9.428342161748574,
        11.083287702521202,
        7.468154780636231,
        0.0,
        8.784740718313223
      ],
      [
        8.590940685961032,
        8.309764210125698,
        10.296009085888596,
        13.974105764085529,
        7.660732943362479,
        8.784740718313223,
        0.0
      ]
    ],
    [
      [
        0.0,
        7.623995693214047,
        9.408692648329943,
        11.734704337362412,
        10.76691612781361,
        7.05679678270099,
        8.664659174702848
      ],
      [
        7.623995693214047,
        0.0,
        6.981978287481225,
        9.420656901986597,
        13.359082142811369,
        7.7557434168361885,
        19.8510584436168
      ],
      [
        9.408692648329943,
        6.981978287481225,
        0.0,
        11.91614441890687,
        11.063430045586914,
        11.42648274228219,
        12.420122809473959
      ],
      [
        11.734704337362412,
        9.420656901986597,
        11.91614441890687,
        0.0,
        16.50581997270034,
        7.538532055862362,
        12.506108223694774
      ],
      [
        10.76691612781361,
        13.359082142811369,
        11.063430045586914,
        16.50581997270034,
        0.0,
        6.219288458086432,
        6.886168233580987
      ],
      [
        7.05679678270099,
        7.7557434168361885,
        11.42648274228219,
        7.538532055862362,
        6.219288458086432,
        0.0,
        6.558141584014659
      ],
      [
        8.664659174702848,
        19.8510584436168,
        12.420122809473959,
        12.506108223694774,
        6.886168233580987,
        6.558141584014659,
        0.0
      ]
    ]
  ],
  "edge_mi": {
    "1,4": 11.609933076030325,
    "1,5": 9.197059766916139,
    "5,6": 7.492268629410856,
    "3,5": 9.597098398168264,
    "3,4": 10.607263246485378,
    "2,3": 9.23055816477935,
    "2,5": 9.155335196681055,
    "1,2": 8.012639933830792,
    "4,5": 7.333167386580227,
    "0,3": 9.892811070728253,
    "4,6": 8.096591255289148,
    "0,1": 7.1986940149042145,
    "0,2": 8.702636413256617,
    "1,3": 9.83138512420011,
    "0,4": 8.304376549596935,
    "0,5": 8.904404901446465,
    "1,6": 12.680643534903398,
    "2,6": 8.94438471092177,
    "3,6": 10.399298822436997,
    "2,4": 9.66626530385425,
    "0,6": 8.015700269970663
  },
  "distance_matrix": [
    [
      0.0,
      7.1986940149042145,
      8.702636413256617,
      9.892811070728253,
      8.304376549596935,
      8.904404901446465,
      8.015700269970663
    ],
    [
      7.1986940149042145,
      0.0,
      8.012639933830792,
      9.83138512420011,
      11.609933076030325,
      9.197059766916139,
      12.680643534903398
    ],
    [
      8.702636413256617,
      8.012639933830792,
      0.0,
      9.23055816477935,
      9.66626530385425,
      9.155335196681055,
      8.94438471092177
    ],
    [
      9.892811070728253,
      9.83138512420011,
      9.23055816477935,
      0.0,
      10.607263246485378,
      9.597098398168264,
      10.399298822436997
    ],
    [
      8.304376549596935,
      11.609933076030325,
      9.66626530385425,
      10.607263246485378,
      0.0,
      7.333167386580227,
      8.096591255289148
    ],
    [
      8.904404901446465,
      9.197059766916139,
      9.155335196681055,
      9.597098398168264,
      7.333167386580227,
      0.0,
      7.492268629410856
    ],
    [
      8.015700269970663,
      12.680643534903398,
      8.94438471092177,
      10.399298822436997,
      8.096591255289148,
      7.492268629410856,
      0.0
    ]
  ],
  "shortest_paths": {},
  "gromov_delta": 12.757307435790864,
  "mean_distance": 7.872347582464947,
  "angle_sums": [],
  "mean_angle_sum": 3.141592653589793,
  "min_angle_sum": 3.141592653589793,
  "max_angle_sum": 3.141592653589793,
  "angle_sum_deviations": [],
  "triangle_inequality_violations": [],
  "embedding_coords": [
    [
      -53.16133010052295,
      48.74020183726783
    ],
    [
      -70.35483820427133,
      -11.002315497508144
    ],
    [
      -35.7333310994738,
      -62.60362349857588
    ],
    [
      26.518523264807886,
      -66.42478935909743
    ],
    [
      68.65340398513068,
      -20.78541577078724
    ],
    [
      59.11109556721336,
      40.803953196142146
    ],
    [
      4.966476587116157,
      71.27198909255871
    ]
  ],
  "embedding_coords_3d": [
    [
      -48.0544459615577,
      -55.179237188901794,
      4.690609255011256
    ],
    [
      -57.77703802869682,
      18.132848712263232,
      -41.43340331642262
    ],
    [
      68.3448679266777,
      17.104673591003728,
      20.53917230893195
    ],
    [
      -30.359735193916272,
      49.66729477919373,
      46.685671223469875
    ],
    [
      22.54519406907069,
      53.5253195733784,
      -44.87273924844453
    ],
    [
      13.515279579764242,
      -35.891941748311716,
      62.502282206996746
    ],
    [
      31.785877608658165,
      -47.35895771862559,
      -48.111592429542675
    ]
  ],
  "edge_weight_variance": 0.14800013011337868,
  "event_nodes": [
    [
      0,
      0
    ],
    [
      1,
      0
    ],
    [
      2,
      0
    ],
    [
      3,
      0
    ],
    [
      4,
      0
    ],
    [
      5,
      0
    ],
    [
      6,
      0
    ],
    [
      0,
      1
    ],
    [
      1,
      1
    ],
    [
      2,
      1
    ],
    [
      3,
      1
    ],
    [
      4,
      1
    ],
    [
      5,
      1
    ],
    [
      6,
      1
    ],
    [
      0,
      2
    ],
    [
      1,
      2
    ],
    [
      2,
      2
    ],
    [
      3,
      2
    ],
    [
      4,
      2
    ],
    [
      5,
      2
    ],
    [
      6,
      2
    ],
    [
      0,
      3
    ],
    [
      1,
      3
    ],
    [
      2,
      3
    ],
    [
      3,
      3
    ],
    [
      4,
      3
    ],
    [
      5,
      3
    ],
    [
      6,
