{
  "spec": {
    "num_qubits": 7,
    "topology": "triangulated",
    "custom_edges": "0-1:1.0000,0-2:0.8203,0-3:1.0000,0-4:1.0000,0-5:0.6956,0-6:0.6956,1-2:1.0000,1-3:1.0000,1-4:0.3897,1-5:1.0000,1-6:0.3976,2-3:0.3946,2-4:1.0000,2-5:0.0500,2-6:0.0500,3-4:0.2690,3-5:0.0500,3-6:1.0000,4-5:0.0500,4-6:0.0500,5-6:1.0000",
    "alpha": 0.8,
    "weight": 1.0,
    "gamma": 0.3,
    "sigma": null,
    "init_angle": 0.0,
    "init_angles": null,
    "shots": 2000,
    "device": "simulator",
    "geometry": "hyperbolic",
    "curvature": 13.0,
    "timesteps": 5,
    "dimension": 2,
    "mass_hinge": null,
    "mass_value": 0.0,
    "solve_regge": false,
    "lorentzian": false,
    "excite": false,
    "fast": false,
    "strong_curvature": false,
    "charge_injection": false,
    "charge_strength": 1.0,
    "charge_location": 3,
    "spin_injection": false,
    "spin_strength": 1.0,
    "spin_location": 3,
    "edge_floor": 0.001
  },
  "uid": "U93E8M",
  "counts_per_timestep": [
    null,
    null,
    null,
    null,
    null
  ],
  "job_ids_per_timestep": [
    null,
    null,
    null,
    null,
    null
  ],
  "entropy_per_timestep": [
    null,
    null,
    null,
    null,
    null
  ],
  "mutual_information_per_timestep": [
    {
      "I_0,1": 0.3557176884600237,
      "I_0,2": 0.010734568776502473,
      "I_0,3": 0.10136435356807993,
      "I_0,4": 0.792458087592854,
      "I_0,5": 0.08655278821057277,
      "I_0,6": 0.03873668546297204,
      "I_1,2": 0.005520735968831625,
      "I_1,3": 0.42725326878962444,
      "I_1,4": 0.45352375104906195,
      "I_1,5": 0.4771625724487045,
      "I_1,6": 0.00028285486425772,
      "I_2,3": 0.007049507753476014,
      "I_2,4": 0.041350086564500455,
      "I_2,5": 0.0001122517013179003,
      "I_2,6": 0.07736725559376814,
      "I_3,4": 0.103486328829419,
      "I_3,5": 0.27868186036782905,
      "I_3,6": 0.04947209082382065,
      "I_4,5": 0.12347880794649524,
      "I_4,6": 0.0038253279170945564,
      "I_5,6": 0.0008283542741130967
    },
    {
      "I_0,1": 0.023069581595591693,
      "I_0,2": 0.7285629157167057,
      "I_0,3": 0.005291499726316262,
      "I_0,4": 0.008757409927166115,
      "I_0,5": 0.07198312417302932,
      "I_0,6": 0.008755433707325011,
      "I_1,2": 0.011889984570230272,
      "I_1,3": 0.05875671260212845,
      "I_1,4": 0.24940688077986772,
      "I_1,5": 0.17070977008396215,
      "I_1,6": 0.05387953555922431,
      "I_2,3": 0.005373155817232744,
      "I_2,4": 0.0022857333710495364,
      "I_2,5": 0.032685524805397215,
      "I_2,6": 0.057770195022109894,
      "I_3,4": 0.276425106169778,
      "I_3,5": 0.0021359792236279596,
      "I_3,6": 0.22757955974921318,
      "I_4,5": 0.03069153640932698,
      "I_4,6": 0.32266911136524357,
      "I_5,6": 0.01362287570576326
    },
    {
      "I_0,1": 0.029298299285081653,
      "I_0,2": 0.19481052194985837,
      "I_0,3": 0.0015231483245736754,
      "I_0,4": 0.007080685006159548,
      "I_0,5": 0.01509574633074573,
      "I_0,6": 0.021539660205837308,
      "I_1,2": 0.01191034999093965,
      "I_1,3": 0.04695370137950827,
      "I_1,4": 0.14884381363861565,
      "I_1,5": 0.035962856084542416,
      "I_1,6": 0.011298963076411983,
      "I_2,3": 0.0008336910814921161,
      "I_2,4": 0.0006519650874659,
      "I_2,5": 0.010554498203084295,
      "I_2,6": 0.053861045151988085,
      "I_3,4": 0.17010706796701647,
      "I_3,5": 0.00233258344788978,
      "I_3,6": 0.04050365136447609,
      "I_4,5": 0.012490385453538977,
      "I_4,6": 0.011180203636407704,
      "I_5,6": 0.06075590039656342
    },
    {
      "I_0,1": 0.10117536464840904,
      "I_0,2": 0.011129086824241297,
      "I_0,3": 0.021953617772716427,
      "I_0,4": 0.12077838255133844,
      "I_0,5": 0.24606423747008432,
      "I_0,6": 0.01400029953212889,
      "I_1,2": 0.07469804157153082,
      "I_1,3": 0.06944144475527847,
      "I_1,4": 0.06185009540132014,
      "I_1,5": 0.09127666769593845,
      "I_1,6": 0.08386395501240895,
      "I_2,3": 0.031259772633800864,
      "I_2,4": 0.010685750965855112,
      "I_2,5": 0.00653487961677679,
      "I_2,6": 0.4462588763912223,
      "I_3,4": 0.16866101700680858,
      "I_3,5": 0.04059123958071931,
      "I_3,6": 0.07356995515489118,
      "I_4,5": 0.011015427544923018,
      "I_4,6": 0.03809111675674215,
      "I_5,6": 0.04338507833600125
    },
    {
      "I_0,1": 0.03672837583335986,
      "I_0,2": 0.005733691756085957,
      "I_0,3": 0.010330088201218501,
      "I_0,4": 0.05169035300232894,
      "I_0,5": 0.40269446077973314,
      "I_0,6": 0.010339685045315683,
      "I_1,2": 0.051713255550279724,
      "I_1,3": 0.12525891433246272,
      "I_1,4": 0.0875799326005755,
      "I_1,5": 0.0058993904978410505,
      "I_1,6": 0.08970873537203627,
      "I_2,3": 0.014984925371032132,
      "I_2,4": 0.031756348085946184,
      "I_2,5": 0.0031735335149196686,
      "I_2,6": 0.4879576796264935,
      "I_3,4": 0.14700021179694556,
      "I_3,5": 0.04845898350297295,
      "I_3,6": 0.04476511511275949,
      "I_4,5": 0.010678947607475342,
      "I_4,6": 0.03270169755185548,
      "I_5,6": 0.01848452609907647
    }
  ],
  "distance_matrix_per_timestep": [
    [
      [
        0.0,
        1.023323298980452,
        3.4182964250037315,
        2.289033792351787,
        0.23261566094739736,
        1.7632213223975104,
        3.250968183182675
      ],
      [
        1.023323298980452,
        0.0,
        3.976388402089389,
        3.0590234016388833,
        0.7907076380330547,
        0.7398980234170585,
        4.274291482163127
      ],
      [
        3.4182964250037315,
        3.976388402089389,
        0.0,
        4.954797486797627,
        3.1856807640563343,
        4.716286425506447,
        2.559191642243272
      ],
      [
        2.289033792351787,
        3.0590234016388833,
        4.954797486797627,
        0.0,
        2.2683157636058286,
        3.7989214250559415,
        3.006346590155738
      ],
      [
        0.23261566094739736,
        0.7907076380330547,
        3.1856807640563343,
        2.2683157636058286,
        0.0,
        1.5306056614501131,
        3.4835838441300724
      ],
      [
        1.7632213223975104,
        0.7398980234170585,
        4.716286425506447,
        3.7989214250559415,
        1.5306056614501131,
        0.0,
        5.014189505580186
      ],
      [
        3.250968183182675,
        4.274291482163127,
        2.559191642243272,
        3.006346590155738,
        3.4835838441300724,
        5.014189505580186,
        0.0
      ]
    ],
    [
      [
        0.0,
        3.7692403432595225,
        0.3166812937036992,
        4.648218975604429,
        4.299091490918444,
        3.7375042592899823,
        3.1679635870612493
      ],
      [
        3.7692403432595225,
        0.0,
        4.085921636963222,
        2.6744850152549744,
        1.3886696567829075,
        1.7677904154127002,
        2.519797560640103
      ],
      [
        0.3166812937036992,
        4.085921636963222,
        0.0,
        4.33153768190073,
        3.9824101972147457,
        3.420822965586283,
        2.85128229335755
      ],
      [
        4.648218975604429,
        2.6744850152549744,
        4.33153768190073,
        0.0,
        1.2858153584720668,
        4.442275430667674,
        1.4802553885431797
      ],
      [
        4.299091490918445,
        1.3886696567829075,
        3.9824101972147457,
        1.2858153584720668,
        0.0,
        3.1564600721956078,
        1.1311279038571953
      ],
      [
        3.7375042592899823,
        1.7677904154127002,
        3.420822965586283,
        4.442275430667674,
        3.1564600721956078,
        0.0,
        4.287587976052803
      ],
      [
        3.1679635870612493,
        2.519797560640103,
        2.85128229335755,
        1.4802553885431797,
        1.1311279038571953,
        4.287587976052803,
        0.0
      ]
    ],
    [
      [
        0.0,
        3.5302258095215437,
        1.6357278751160962,
        6.486975820071411,
        4.950384623674287,
        6.186931015085404,
        3.8378593824090874
      ],
      [
        3.5302258095215437,
        0.0,
        4.430347509737743,
        3.6761849820371975,
        1.9048577534279347,
        3.3252686486020853,
        4.483044320623719
      ],
      [
        1.6357278751160962,
        4.430347509737743,
        0.0,
        6.127710938597313,
        6.335205263165678,
        4.551203139969308,
        2.921347786811316
      ],
      [
        6.486975820071411,
        3.6761849820371975,
        6.127710938597313,
        0.0,
        1.7713272286092625,
        6.007254227394531,
        3.206363151785997
      ],
      [
        4.950384623674287,
        1.9048577534279347,
        6.335205263165678,
        1.7713272286092625,
        0.0,
        4.3827960943489455,
        4.493610597073326
      ],
      [
        6.186931015085404,
        3.3252686486020853,
        4.551203139969308,
        6.007254227394531,
        4.3827960943489455,
        0.0,
        2.800891075608534
      ],
      [
        3.8378593824090874,
        4.483044320623719,
        2.921347786811316,
        3.206363151785997,
        4.493610597073326,
        2.800891075608534,
        0.0
      ]
    ],
    [
      [
        0.0,
        2.2908999840912045,
        4.498193163400175,
        3.8188233342395126,
        2.1137979618848943,
        4.6847600645844665,
        4.2686765544436875
      ],
      [
        2.2908999840912045,
        0.0,
        2.594301404435627,
        4.562906032612943,
        2.783041637682095,
        2.3938600804932624,
        2.4785593762670834
      ],
      [
        4.498193163400175,
        2.594301404435627,
        0.0,
        3.4163746096085,
        4.074630235038931,
        3.944495769150617,
        0.8068560550133459
      ],
      [
        3.8188233342395126,
        4.562906032612943,
        3.4163746096085,
        0.0,
        1.7798643949308488,
        5.747158268732425,
        2.6095185545951542
      ],
      [
        2.1137979618848943,
        2.783041637682095,
        4.074630235038931,
        1.7798643949308488,
        0.0,
        4.508458484690092,
        3.2677741800255853
      ],
      [
        4.6847600645844665,
        2.3938600804932624,
        3.944495769150617,
        5.747158268732425,
        4.508458484690092,
        0.0,
        3.137639714137271
      ],
      [
        4.2686765544436875,
        2.4785593762670834,
        0.8068560550133459,
        2.6095185545951542,
        3.2677741800255853,
        3.137639714137271,
        0.0
      ]
    ],
    [
      [
        0.0,
        3.3042056392036723,
        5.16139567018847,
        4.572694457530942,
        2.9624841105785307,
        7.501965099509773,
        4.571765870199838
      ],
      [
        3.3042056392036723,
        0.0,
        2.9620411367085495,
        4.3525246385935965,
        2.435203387184706,
        5.132906238857508,
        2.4111871303552928
      ],
      [
        5.16139567018847,
        2.9620411367085495,
        0.0,
        3.823852722375533,
        3.449662633913877,
        4.708347922941537,
        0.7175265989664242
      ],
      [
        4.572694457530942,
        4.3525246385935965,
        3.823852722375533,
        0.0,
        1.9173212514088906,
        6.456802240340132,
        3.106326123409109
      ],
      [
        2.9624841105785307,
        2.435203387184706,
        3.449662633913877,
        1.9173212514088906,
        0.0,
        4.539480988931242,
        3.420328289525578
      ],
      [
        7.501965099509773,
        5.132906238857508,
        4.708347922941537,
        6.456802240340132,
        4.539480988931242,
        0.0,
        3.990821323975113
      ],
      [
        4.571765870199838,
        2.4111871303552928,
        0.7175265989664242,
        3.106326123409109,
        3.420328289525578,
        3.990821323975113,
        0.0
      ]
    ]
  ],
  "edge_mi": {
    "0,1": 0.03672837583335986,
    "0,6": 0.010339685045315683,
    "0,2": 0.005733691756085957,
    "0,3": 0.010330088201218501,
    "0,4": 0.05169035300232894,
    "1,2": 0.051713255550279724,
    "1,6": 0.08970873537203627,
    "1,4": 0.0875799326005755,
    "1,5": 0.0058993904978410505,
    "2,3": 0.014984925371032132,
    "2,4": 0.031756348085946184,
    "2,5": 0.0031735335149196686,
    "2,6": 0.4879576796264935,
    "3,4": 0.14700021179694556,
    "3,6": 0.04476511511275949,
    "4,5": 0.010678947607475342,
    "4,6": 0.03270169755185548,
    "5,6": 0.01848452609907647
  },
  "distance_matrix": [
    [
      0.0,
      3.3042056392036723,
      5.16139567018847,
      3.9366147062375196,
      2.9624841105785307,
      0.9095771664223788,
      4.571765870199838
    ],
    [
      3.3042056392036723,
      0.0,
      2.9620411367085495,
      2.07737236923472,
      2.435203387184706,
      4.213782805626051,
      2.4111871303552928
    ],
    [
      5.16139567018847,
      2.9620411367085495,
      0.0,
      3.823852722375533,
      3.449662633913877,
      4.708347922941537,
      0.7175265989664242
    ],
    [
      3.9366147062375196,
      2.07737236923472,
      3.823852722375533,
      0.0,
      1.9173212514088906,
      3.0270375398151406,
      3.106326123409109
    ],
    [
      2.9624841105785307,
      2.435203387184706,
      3.449662633913877,
      1.9173212514088906,
      0.0,
      3.8720612770009097,
      3.420328289525578
    ],
    [
      0.9095771664223788,
      4.213782805626051,
      4.708347922941537,
      3.0270375398151406,
      3.8720612770009097,
      0.0,
      3.990821323975113
    ],
    [
      4.571765870199838,
      2.4111871303552928,
      0.7175265989664242,
      3.106326123409109,
      3.420328289525578,
      3.990821323975113,
      0.0
    ]
  ],
  "shortest_paths": {
    "0": {
      "0": 0,
      "5": 0.9095771664223788,
      "4": 2.9624841105785307,
      "1": 3.3042056392036723,
      "3": 3.9366147062375196,
      "6": 4.571765870199838,
      "2": 5.16139567018847
    },
    "1": {
      "1": 0,
      "3": 2.07737236923472,
      "6": 2.4111871303552928,
      "4": 2.435203387184706,
      "2": 2.9620411367085495,
      "0": 3.3042056392036723,
      "5": 4.213782805626051
    },
    "2": {
      "2": 0,
      "6": 0.7175265989664242,
      "1": 2.9620411367085495,
      "4": 3.449662633913877,
      "3": 3.823852722375533,
      "5": 4.708347922941537,
      "0": 5.16139567018847
    },
    "3": {
      "3": 0,
      "4": 1.9173212514088906,
      "1": 2.07737236923472,
      "5": 3.0270375398151406,
      "6": 3.106326123409109,
      "2": 3.823852722375533,
      "0": 3.9366147062375196
    },
    "4": {
      "4": 0,
      "3": 1.9173212514088906,
      "1": 2.435203387184706,
      "0": 2.9624841105785307,
      "6": 3.420328289525578,
      "2": 3.449662633913877,
      "5": 3.8720612770009097
    },
    "5": {
      "5": 0,
      "0": 0.9095771664223788,
      "3": 3.0270375398151406,
      "4": 3.8720612770009097,
      "6": 3.990821323975113,
      "1": 4.213782805626051,
      "2": 4.708347922941537
    },
    "6": {
      "6": 0,
      "2": 0.7175265989664242,
      "1": 2.4111871303552928,
      "3": 3.106326123409109,
      "4": 3.420328289525578,
      "5": 3.990821323975113,
      "0": 4.571765870199838
    }
  },
  "gromov_delta": 4.5078174707109415,
  "mean_distance": 2.7338332928682387,
  "angle_sums": [
    0.2741848799002952,
    0.163201055235316,
    0.061309325689306526,
    0.0,
    0.2578839320365356,
    0.01882716401044973,
    0.21068141406133783,
    1.0606094777840762,
    1.9462070255947608,
    0.37824965303663843,
    0.0,
    0.025712893022857525,
    0.0,
    0.077851527428513,
    1.283301995465714,
    0.2343320487675149,
    0.07156977330062338,
    0.027373136631306486,
    1.7997475343227032,
    0.1718710992738784,
    0.4099128660546374,
    0.1831890499171996,
    0.05938434109178453,
    0.1614677186121398,
    0.0560877684770799,
    0.1561009873895276,
    0.04386242308984505,
    0.0,
    0.019059985700065334,
    1.072542536242681,
    0.0,
    0.30426113337958566,
    0.14739631703624453,
    0.045065591196623796,
    0.009255911263588771
  ],
  "mean_angle_sum": 0.306585730428938,
  "min_angle_sum": 0.0,
  "max_angle_sum": 1.9462070255947608,
  "angle_sum_deviations": [
    -2.867407773689498,
    -2.9783915983544773,
    -3.0802833279004864,
    -3.141592653589793,
    -2.8837087215532575,
    -3.1227654895793435,
    -2.9309112395284553,
    -2.080983175805717,
    -1.1953856279950323,
    -2.7633430005531547,
    -3.141592653589793,
    -3.1158797605669357,
    -3.141592653589793,
    -3.06374112616128,
    -1.858290658124079,
    -2.9072606048222784,
    -3.07002288028917,
    -3.1142195169584865,
    -1.34184511926709,
    -2.969721554315915,
    -2.731679787535156,
    -2.9584036036725934,
    -3.0822083124980084,
    -2.9801249349776535,
    -3.085504885112713,
    -2.9854916662002653,
    -3.097730230499948,
    -3.141592653589793,
    -3.1225326678897276,
    -2.0690501173471123,
    -3.141592653589793,
    -2.8373315202102076,
    -2.9941963365535487,
    -3.0965270623931693,
    -3.1323367423262045
  ],
  "triangle_inequality_violations": [],
  "embedding_coords": [
    [
      485816.4828552462,
      2667624.8275205367
    ],
    [
      -14034.616818489663,
      -79461.15388178978
    ],
    [
      -516528.3472591884,
      -2838981.1416921816
    ],
    [
      -1664.2627106819916,
      -9093.15180669529
    ],
    [
      -2432.7255078075814,
      -13963.965104794377
    ],
    [
      107328.58717708972,
      595375.5444874511
    ],
    [
      -58485.11773616836,
      -321500.95952252665
    ]
  ],
  "embedding_coords_3d": [
    [
      -1781278.2133597573,
      -1366804.6551927559,
      1520241.0345024012
    ],
    [
      52652.33743985229,
      40875.010672830584,
      -45475.372712360586
    ],
    [
      1895202.5523039568,
      1454809.0584238467,
      -1618132.5872327716
    ],
    [
      6080.350576587174,
      4655.4618542905755,
      -5177.975911513648
    ],
    [
      9218.305154751328,
      7197.592999852518,
      -8008.08752571072
    ],
    [
      -396519.0898360481,
      -305466.3454808464,
      339785.5376225089
    ],
    [
      214643.7577206579,
      164733.8767227819,
      -183232.54874255342
    ]
  ],
  "edge_weight_variance": 0.15483835705215418,
  "event_nodes": [
    [
      0,
      0
    ],
    [
      1,
      0
    ],
    [
      2,
      0
    ],
    [
      3,
      0
    ],
    [
      4,
      0
    ],
    [
      5,
      0
    ],
    [
      6,
      0
    ],
    [
      0,
      1
    ],
    [
      1,
      1
    ],
    [
      2,
      1
    ],
    [
      3,
      1
    ],
    [
      4,
      1
    ],
    [
      5,
      1
    ],
    [
      6,
      1
    ],
    [
      0,
      2
    ],
    [
      1,
      2
    ],
    [
      2,
      2
    ],
    [
      3,
      2
    ],
    [
      4,
      2
    ],
    [
      5,
      2
    ],
    [
      6,
      2
    ],
    [
      0,
      3
    ],
    [
      1,
      3
    ],
    [
      2,
      3
    ],
    [
      3,
      3
    ],
    [
      4,
      3
    ],
    [
      5,
      3
    ],
    [
      6,
      3
    ],
    [
      0,
      4
    ],
    [
      1,
      4
    ],
    [
      2,
      4
    ],
    [
      3,
      4
    ],
    [
      4,
      4
    ],
    [
      5,
      4
    ],
    [
      6,
      4
    ]
  ],
  "event_edges": [
    {
      "type": "spatial",
      "from": [
        0,
        0
      ],
      "to": [
        1,
        0
      ],
      "weight": 1.023323298980452
    },
    {
      "type": "spatial",
      "from": [
        0,
        0
      ],
      "to": [
        2,
        0
      ],
      "weight": 3.4182964250037315
    },
    {
      "type": "spatial",
      "from": [
        0,
        0
      ],
      "to": [
        3,
        0
      ],
      "weight": 2.289033792351787
    },
    {
      "type": "spatial",
      "from": [
        0,
        0
      ],
      "to": [
        4,
        0
      ],
      "weight": 0.23261566094739736
    },
    {
      "type": "spatial",
      "from": [
        0,
        0
      ],
      "to": [
        5,
        0
      ],
      "weight": 1.7632213223975104
    },
    {
      "type": "spatial",
      "from": [
        0,
        0
      ],
      "to": [
        6,
        0
      ],
      "weight": 3.250968183182675
    },
    {
      "type": "spatial",
      "from": [
        1,
        0
      ],
      "to": [
        2,
        0
      ],
      "weight": 3.976388402089389
    },
    {
      "type": "spatial",
      "from": [
        1,
        0
      ],
      "to": [
        3,
        0
      ],
      "weight": 3.0590234016388833
    },
    {
      "type": "spatial",
      "from": [
        1,
        0
      ],
      "to": [
        4,
        0
      ],
      "weight": 0.7907076380330547
    },
    {
      "type": "spatial",
      "from": [
        1,
        0
      ],
      "to": [
        5,
        0
      ],
      "weight": 0.7398980234170585
    },
    {
      "type": "spatial",
      "from": [
        1,
        0
      ],
      "to": [
        6,
        0
      ],
      "weight": 4.274291482163127
    },
    {
      "type": "spatial",
      "from": [
        2,
        0
      ],
      "to": [
        3,
        0
      ],
      "weight": 4.954797486797627
    },
    {
      "type": "spatial",
      "from": [
        2,
        0
      ],
      "to": [
        4,
        0
      ],
      "weight": 3.1856807640563343
    },
    {
      "type": "spatial",
      "from": [
        2,
        0
      ],
      "to": [
        5,
        0
      ],
      "weight": 4.716286425506447
    },
    {
      "type": "spatial",
      "from": [
        2,
        0
      ],
      "to": [
        6,
        0
      ],
      "weight": 2.559191642243272
    },
    {
      "type": "spatial",
      "from": [
        3,
        0
      ],
      "to": [
        4,
        0
      ],
      "weight": 2.2683157636058286
    },
    {
      "type": "spatial",
      "from": [
        3,
        0
      ],
      "to": [
        5,
        0
      ],
      "weight": 3.7989214250559415
    },
    {
      "type": "spatial",
      "from": [
        3,
        0
      ],
      "to": [
        6,
        0
      ],
      "weight": 3.006346590155738
    },
    {
      "type": "spatial",
      "from": [
        4,
        0
      ],
      "to": [
        5,
        0
      ],
      "weight": 1.5306056614501131
    },
    {
      "type": "spatial",
      "from": [
        4,
        0
      ],
      "to": [
        6,
        0
      ],
      "weight": 3.4835838441300724
    },
    {
      "type": "spatial",
      "from": [
        5,
        0
      ],
      "to": [
        6,
        0
      ],
      "weight": 5.014189505580186
    },
    {
      "type": "temporal",
      "from": [
        0,
        0
      ],
      "to": [
        0,
        1
      ],
      "weight": 1.0
    },
    {
      "type": "temporal",
      "from": [
        1,
        0
      ],
      "to": [
        1,
        1
      ],
      "weight": 1.0
    },
    {
      "type": "temporal",
      "from": [
        2,
        0
      ],
      "to": [
        2,
        1
      ],
      "weight": 1.0
    },
    {
      "type": "temporal",
      "from": [
        3,
        0
      ],
      "to": [
        3,
        1
      ],
      "weight": 1.0
    },
    {
      "type": "temporal",
      "from": [
        4,
        0
      ],
      "to": [
        4,
        1
      ],
      "weight": 1.0
    },
    {
      "type": "temporal",
      "from": [
        5,
        0
      ],
      "to": [
        5,
        1
      ],
      "weight": 1.0
    },
    {
      "type": "temporal",
      "from": [
        6,
        0
      ],
      "to": [
        6,
        1
      ],
      "weight": 1.0
    },
    {
      "type": "spatial",
      "from": [
        0,
        1
      ],
      "to": [
        1,
        1
      ],
      "weight": 3.7692403432595225
    },
    {
      "type": "spatial",
      "from": [
        0,
        1
      ],
      "to": [
        2,
        1
      ],
      "weight": 0.3166812937036992
    },
    {
      "type": "spatial",
      "from": [
        0,
        1
      ],
      "to": [
        3,
        1
      ],
      "weight": 4.648218975604429
    },
    {
      "type": "spatial",
      "from": [
        0,
        1
      ],
      "to": [
        4,
        1
      ],
      "weight": 4.299091490918444
    },
    {
      "type": "spatial",
      "from": [
        0,
        1
      ],
      "to": [
        5,
        1
      ],
      "weight": 3.7375042592899823
    },
    {
      "type": "spatial",
      "from": [
        0,
        1
      ],
      "to": [
        6,
        1
      ],
      "weight": 3.1679635870612493
    },
    {
      "type": "spatial",
      "from": [
        1,
        1
      ],
      "to": [
        2,
        1
      ],
      "weight": 4.085921636963222
    },
    {
      "type": "spatial",
      "from": [
        1,
        1
      ],
      "to": [
        3,
        1
      ],
      "weight": 2.6744850152549744
    },
    {
      "type": "spatial",
      "from": [
        1,
        1
      ],
      "to": [
        4,
        1
      ],
      "weight": 1.3886696567829075
    },
    {
      "type": "spatial",
      "from": [
        1,
        1
      ],
      "to": [
        5,
        1
      ],
      "weight": 1.7677904154127002
    },
    {
      "type": "spatial",
      "from": [
        1,
        1
      ],
      "to": [
        6,
        1
      ],
      "weight": 2.519797560640103
    },
    {
      "type": "spatial",
      "from": [
        2,
        1
      ],
      "to": [
        3,
        1
      ],
      "weight": 4.33153768190073
    },
    {
      "type": "spatial",
      "from": [
        2,
        1
      ],
      "to": [
        4,
        1
      ],
      "weight": 3.9824101972147457
    },
    {
      "type": "spatial",
      "from": [
        2,
        1
      ],
      "to": [
        5,
        1
      ],
      "weight": 3.420822965586283
    },
    {
      "type": "spatial",
      "from": [
        2,
        1
      ],
      "to": [
        6,
        1
      ],
      "weight": 2.85128229335755
    },
    {
      "type": "spatial",
      "from": [
        3,
        1
      ],
      "to": [
        4,
        1
      ],
      "weight": 1.2858153584720668
    },
    {
      "type": "spatial",
      "from": [
        3,
        1
      ],
      "to": [
        5,
        1
      ],
      "weight": 4.442275430667674
    },
    {
      "type": "spatial",
      "from": [
        3,
        1
      ],
      "to": [
        6,
        1
      ],
      "weight": 1.4802553885431797
    },
    {
      "type": "spatial",
      "from": [
        4,
        1
      ],
      "to": [
        5,
        1
      ],
      "weight": 3.1564600721956078
    },
    {
      "type": "spatial",
      "from": [
        4,
        1
      ],
      "to": [
        6,
        1
      ],
      "weight": 1.1311279038571953
    },
    {
      "type": "spatial",
      "from": [
        5,
        1
      ],
      "to": [
        6,
        1
      ],
      "weight": 4.287587976052803
    },
    {
      "type": "temporal",
      "from": [
        0,
        1
      ],
      "to": [
        0,
        2
      ],
      "weight": 1.0
    },
    {
      "type": "temporal",
      "from": [
        1,
        1
      ],
      "to": [
        1,
        2
      ],
      "weight": 1.0
    },
    {
      "type": "temporal",
      "from": [
        2,
        1
      ],
      "to": [
        2,
        2
      ],
      "weight": 1.0
    },
    {
      "type": "temporal",
      "from": [
        3,
        1
      ],
      "to": [
        3,
        2
      ],
      "weight": 1.0
    },
    {
      "type": "temporal",
      "from": [
        4,
        1
      ],
      "to": [
        4,
        2
      ],
      "weight": 1.0
    },
    {
      "type": "temporal",
      "from": [
        5,
        1
      ],
      "to": [
        5,
        2
      ],
      "weight": 1.0
    },
    {
      "type": "temporal",
      "from": [
        6,
        1
      ],
      "to": [
        6,
        2
      ],
      "weight": 1.0
    },
    {
      "type": "spatial",
      "from": [
        0,
        2
      ],
      "to": [
        1,
        2
      ],
      "weight": 3.5302258095215437
    },
    {
      "type": "spatial",
      "from": [
        0,
        2
      ],
      "to": [
        2,
        2
      ],
      "weight": 1.6357278751160962
    },
    {
      "type": "spatial",
      "from": [
        0,
        2
      ],
      "to": [
        3,
        2
      ],
      "weight": 6.486975820071411
    },
    {
      "type": "spatial",
      "from": [
        0,
        2
      ],
      "to": [
        4,
        2
      ],
      "weight": 4.950384623674287
    },
    {
      "type": "spatial",
      "from": [
        0,
        2
      ],
      "to": [
        5,
        2
      ],
      "weight": 6.186931015085404
    },
    {
      "type": "spatial",
      "from": [
        0,
        2
      ],
      "to": [
        6,
        2
      ],
      "weight": 3.8378593824090874
    },
    {
      "type": "spatial",
      "from": [
        1,
        2
      ],
      "to": [
        2,
        2
      ],
      "weight": 4.430347509737743
    },
    {
      "type": "spatial",
      "from": [
        1,
        2
      ],
      "to": [
        3,
        2
      ],
      "weight": 3.6761849820371975
    },
    {
      "type": "spatial",
      "from": [
        1,
        2
      ],
      "to": [
        4,
        2
      ],
      "weight": 1.9048577534279347
    },
    {
      "type": "spatial",
      "from": [
        1,
        2
      ],
      "to": [
        5,
        2
      ],
      "weight": 3.3252686486020853
    },
    {
      "type": "spatial",
      "from": [
        1,
        2
      ],
      "to": [
        6,
        2
      ],
      "weight": 4.483044320623719
    },
    {
      "type": "spatial",
      "from": [
        2,
        2
      ],
      "to": [
        3,
        2
      ],
      "weight": 6.127710938597313
    },
    {
      "type": "spatial",
      "from": [
        2,
        2
      ],
      "to": [
        4,
        2
      ],
      "weight": 6.335205263165678
    },
    {
      "type": "spatial",
      "from": [
        2,
        2
      ],
      "to": [
        5,
        2
      ],
      "weight": 4.551203139969308
    },
    {
      "type": "spatial",
      "from": [
        2,
        2
      ],
      "to": [
        6,
        2
      ],
      "weight": 2.921347786811316
    },
    {
      "type": "spatial",
      "from": [
        3,
        2
      ],
      "to": [
        4,
        2
      ],
      "weight": 1.7713272286092625
    },
    {
      "type": "spatial",
      "from": [
        3,
        2
      ],
      "to": [
        5,
        2
      ],
      "weight": 6.007254227394531
    },
    {
      "type": "spatial",
      "from": [
        3,
        2
      ],
      "to": [
        6,
        2
      ],
      "weight": 3.206363151785997
    },
    {
      "type": "spatial",
      "from": [
        4,
        2
      ],
      "to": [
        5,
        2
      ],
      "weight": 4.3827960943489455
    },
    {
      "type": "spatial",
      "from": [
        4,
        2
      ],
      "to": [
        6,
        2
      ],
      "weight": 4.493610597073326
    },
    {
      "type": "spatial",
      "from": [
        5,
        2
      ],
      "to": [
        6,
        2
      ],
      "weight": 2.800891075608534
    },
    {
      "type": "temporal",
      "from": [
        0,
        2
      ],
      "to": [
        0,
        3
      ],
      "weight": 1.0
    },
    {
      "type": "temporal",
      "from": [
        1,
        2
      ],
      "to": [
        1,
        3
      ],
      "weight": 1.0
    },
    {
      "type": "temporal",
      "from": [
        2,
        2
      ],
      "to": [
        2,
        3
      ],
      "weight": 1.0
    },
    {
      "type": "temporal",
      "from": [
        3,
        2
      ],
      "to": [
        3,
        3
      ],
      "weight": 1.0
    },
    {
      "type": "temporal",
      "from": [
        4,
        2
      ],
      "to": [
        4,
        3
      ],
      "weight": 1.0
    },
    {
      "type": "temporal",
      "from": [
        5,
        2
      ],
      "to": [
        5,
        3
      ],
      "weight": 1.0
    },
    {
      "type": "temporal",
      "from": [
        6,
        2
      ],
      "to": [
        6,
        3
      ],
      "weight": 1.0
    },
    {
      "type": "spatial",
      "from": [
        0,
        3
      ],
      "to": [
        1,
        3
      ],
      "weight": 2.2908999840912045
    },
    {
      "type": "spatial",
      "from": [
        0,
        3
      ],
      "to": [
        2,
        3
      ],
      "weight": 4.498193163400175
    },
    {
      "type": "spatial",
      "from": [
        0,
        3
      ],
      "to": [
        3,
        3
      ],
      "weight": 3.8188233342395126
    },
    {
      "type": "spatial",
      "from": [
        0,
        3
      ],
      "to": [
        4,
        3
      ],
      "weight": 2.1137979618848943
    },
    {
      "type": "spatial",
      "from": [
        0,
        3
      ],
      "to": [
        5,
        3
      ],
      "weight": 4.6847600645844665
    },
    {
      "type": "spatial",
      "from": [
        0,
        3
      ],
      "to": [
        6,
        3
      ],
      "weight": 4.2686765544436875
    },
    {
      "type": "spatial",
      "from": [
        1,
        3
      ],
      "to": [
        2,
        3
      ],
      "weight": 2.594301404435627
    },
    {
      "type": "spatial",
      "from": [
        1,
        3
      ],
      "to": [
        3,
        3
      ],
      "weight": 4.562906032612943
    },
    {
      "type": "spatial",
      "from": [
        1,
        3
      ],
      "to": [
        4,
        3
      ],
      "weight": 2.783041637682095
    },
    {
      "type": "spatial",
      "from": [
        1,
        3
      ],
      "to": [
        5,
        3
      ],
      "weight": 2.3938600804932624
    },
    {
      "type": "spatial",
      "from": [
        1,
        3
      ],
      "to": [
        6,
        3
      ],
      "weight": 2.4785593762670834
    },
    {
      "type": "spatial",
      "from": [
        2,
        3
      ],
      "to": [
        3,
        3
      ],
      "weight": 3.4163746096085
    },
    {
      "type": "spatial",
      "from": [
        2,
        3
      ],
      "to": [
        4,
        3
      ],
      "weight": 4.074630235038931
    },
    {
      "type": "spatial",
      "from": [
        2,
        3
      ],
      "to": [
        5,
        3
      ],
      "weight": 3.944495769150617
    },
    {
      "type": "spatial",
      "from": [
        2,
        3
      ],
      "to": [
        6,
        3
      ],
      "weight": 0.8068560550133459
    },
    {
      "type": "spatial",
      "from": [
        3,
        3
      ],
      "to": [
        4,
        3
      ],
      "weight": 1.7798643949308488
    },
    {
      "type": "spatial",
      "from": [
        3,
        3
      ],
      "to": [
        5,
        3
      ],
      "weight": 5.747158268732425
    },
    {
      "type": "spatial",
      "from": [
        3,
        3
      ],
      "to": [
        6,
        3
      ],
      "weight": 2.6095185545951542
    },
    {
      "type": "spatial",
      "from": [
        4,
        3
      ],
      "to": [
        5,
        3
      ],
      "weight": 4.508458484690092
    },
    {
      "type": "spatial",
      "from": [
        4,
        3
      ],
      "to": [
        6,
        3
      ],
      "weight": 3.2677741800255853
    },
    {
      "type": "spatial",
      "from": [
        5,
        3
      ],
      "to": [
        6,
        3
      ],
      "weight": 3.137639714137271
    },
    {
      "type": "temporal",
      "from": [
        0,
        3
      ],
      "to": [
        0,
        4
      ],
      "weight": 1.0
    },
    {
      "type": "temporal",
      "from": [
        1,
        3
      ],
      "to": [
        1,
        4
      ],
      "weight": 1.0
    },
    {
      "type": "temporal",
      "from": [
        2,
        3
      ],
      "to": [
        2,
        4
      ],
      "weight": 1.0
    },
    {
      "type": "temporal",
      "from": [
        3,
        3
      ],
      "to": [
        3,
        4
      ],
      "weight": 1.0
    },
    {
      "type": "temporal",
      "from": [
        4,
        3
      ],
      "to": [
        4,
        4
      ],
      "weight": 1.0
    },
    {
      "type": "temporal",
      "from": [
        5,
        3
      ],
      "to": [
        5,
        4
      ],
      "weight": 1.0
    },
    {
      "type": "temporal",
      "from": [
        6,
        3
      ],
      "to": [
        6,
        4
      ],
      "weight": 1.0
    },
    {
      "type": "spatial",
      "from": [
        0,
        4
      ],
      "to": [
        1,
        4
      ],
      "weight": 3.3042056392036723
    },
    {
      "type": "spatial",
      "from": [
        0,
        4
      ],
      "to": [
        2,
        4
      ],
      "weight": 5.16139567018847
    },
    {
      "type": "spatial",
      "from": [
        0,
        4
      ],
      "to": [
        3,
        4
      ],
      "weight": 4.572694457530942
    },
    {
      "type": "spatial",
      "from": [
        0,
        4
      ],
      "to": [
        4,
        4
      ],
      "weight": 2.9624841105785307
    },
    {
      "type": "spatial",
      "from": [
        0,
        4
      ],
      "to": [
        5,
        4
      ],
      "weight": 7.501965099509773
    },
    {
      "type": "spatial",
      "from": [
        0,
        4
      ],
      "to": [
        6,
        4
      ],
      "weight": 4.571765870199838
    },
    {
      "type": "spatial",
      "from": [
        1,
        4
      ],
      "to": [
        2,
        4
      ],
      "weight": 2.9620411367085495
    },
    {
      "type": "spatial",
      "from": [
        1,
        4
      ],
      "to": [
        3,
        4
      ],
      "weight": 4.3525246385935965
    },
    {
      "type": "spatial",
      "from": [
        1,
        4
      ],
      "to": [
        4,
        4
      ],
      "weight": 2.435203387184706
    },
    {
      "type": "spatial",
      "from": [
        1,
        4
      ],
      "to": [
        5,
        4
      ],
      "weight": 5.132906238857508
    },
    {
      "type": "spatial",
      "from": [
        1,
        4
      ],
      "to": [
        6,
        4
      ],
      "weight": 2.4111871303552928
    },
    {
      "type": "spatial",
      "from": [
        2,
        4
      ],
      "to": [
        3,
        4
      ],
      "weight": 3.823852722375533
    },
    {
      "type": "spatial",
      "from": [
        2,
        4
      ],
      "to": [
        4,
        4
      ],
      "weight": 3.449662633913877
    },
    {
      "type": "spatial",
      "from": [
        2,
        4
      ],
      "to": [
        5,
        4
      ],
      "weight": 4.708347922941537
    },
    {
      "type": "spatial",
      "from": [
        2,
        4
      ],
      "to": [
        6,
        4
      ],
      "weight": 0.7175265989664242
    },
    {
      "type": "spatial",
      "from": [
        3,
        4
      ],
      "to": [
        4,
        4
      ],
      "weight": 1.9173212514088906
    },
    {
