{
  "spec": {
    "num_qubits": 7,
    "topology": "triangulated",
    "custom_edges": "0-1:1.0000,0-2:0.8341,0-3:1.0000,0-4:1.0000,0-5:0.7190,0-6:0.7190,1-2:1.0000,1-3:1.0000,1-4:0.4366,1-5:1.0000,1-6:0.4439,2-3:0.4411,2-4:1.0000,2-5:0.0500,2-6:0.0500,3-4:0.3253,3-5:0.0500,3-6:1.0000,4-5:0.0500,4-6:0.0500,5-6:1.0000",
    "alpha": 0.025,
    "weight": 1.0,
    "gamma": 0.3,
    "sigma": null,
    "init_angle": 0.0,
    "init_angles": null,
    "shots": 5,
    "device": "simulator",
    "geometry": "hyperbolic",
    "curvature": 12.0,
    "timesteps": 2,
    "dimension": 2,
    "mass_hinge": null,
    "mass_value": 0.0,
    "solve_regge": true,
    "lorentzian": true,
    "excite": false,
    "fast": false,
    "strong_curvature": false,
    "charge_injection": false,
    "charge_strength": 1.0,
    "charge_location": 3,
    "spin_injection": false,
    "spin_strength": 1.0,
    "spin_location": 3,
    "edge_floor": 0.05
  },
  "uid": "HRRGVY",
  "counts_per_timestep": [
    null,
    null
  ],
  "job_ids_per_timestep": [
    null,
    null
  ],
  "entropy_per_timestep": [
    null,
    null
  ],
  "mutual_information_per_timestep": [
    {
      "I_0,1": 0.3777049609589369,
      "I_0,2": 0.14620528493888862,
      "I_0,3": 0.009421558478822867,
      "I_0,4": 2.55351295663786e-15,
      "I_0,5": 0.11018670536654573,
      "I_0,6": 0.835519448729789,
      "I_1,2": 0.56274474863965,
      "I_1,3": 0.029533114486872458,
      "I_1,4": 3.8056795284013845e-06,
      "I_1,5": 0.3977701817667618,
      "I_1,6": 0.5792778873781963,
      "I_2,3": 0.027548515727208622,
      "I_2,4": 0.0520158154097764,
      "I_2,5": 0.25114743961648045,
      "I_2,6": 0.24148854786954987,
      "I_3,4": 0.07074143354978607,
      "I_3,5": 0.18372686260029014,
      "I_3,6": 0.014715467183030295,
      "I_4,5": 0.003085799282111723,
      "I_4,6": 2.220446049250313e-15,
      "I_5,6": 0.18015778761747048
    },
    {
      "I_0,1": 0.0026087949635482666,
      "I_0,2": 3.199703090861483e-05,
      "I_0,3": 0.9582548830967008,
      "I_0,4": 0.010458003120966008,
      "I_0,5": 0.00118981233198312,
      "I_0,6": 0.002879927854608333,
      "I_1,2": 0.002654633917483107,
      "I_1,3": 0.0013782227455907403,
      "I_1,4": 0.40897026179746465,
      "I_1,5": 0.020696389412699245,
      "I_1,6": 0.09018630794845173,
      "I_2,3": 0.0004941691271569404,
      "I_2,4": 0.04707365133773456,
      "I_2,5": 0.32159780708646823,
      "I_2,6": 0.11692925714805069,
      "I_3,4": 0.007568074685375237,
      "I_3,5": 0.00026418652136728227,
      "I_3,6": 0.00036635471082613336,
      "I_4,5": 0.015246270039659837,
      "I_4,6": 0.028064713534141195,
      "I_5,6": 0.011686343822735479
    }
  ],
  "distance_matrix_per_timestep": [
    [
      [
        0.0,
        0.7256746261514386,
        1.3006037569946276,
        4.398557802303402,
        4.25681122114159,
        1.6475554993744614,
        0.17970165326454718
      ],
      [
        0.7256746261514386,
        0.0,
        0.5749291308431889,
        4.166735751278158,
        3.5311365949901514,
        0.9218808732230228,
        0.5459729728868915
      ],
      [
        1.3006037569946276,
        0.5749291308431889,
        0.0,
        3.591806620434969,
        2.9562074641469627,
        1.381715103476789,
        1.1209021037300804
      ],
      [
        4.398557802303402,
        4.166735751278158,
        3.591806620434969,
        0.0,
        2.6487238303580285,
        4.973521723911758,
        4.218856149038855
      ],
      [
        4.25681122114159,
        3.5311365949901514,
        2.9562074641469627,
        2.6487238303580285,
        0.0,
        4.337922567623751,
        4.077109567877043
      ],
      [
        1.6475554993744614,
        0.9218808732230228,
        1.381715103476789,
        4.973521723911758,
        4.337922567623751,
        0.0,
        1.4678538461099144
      ],
      [
        0.17970165326454718,
        0.5459729728868915,
        1.1209021037300804,
        4.218856149038855,
        4.077109567877043,
        1.4678538461099144,
        0.0
      ]
    ],
    [
      [
        0.0,
        5.454500579912123,
        7.6164295988619575,
        0.05,
        4.56038774478767,
        8.743808138196092,
        5.849990035631269
      ],
      [
        5.454500579912123,
        0.0,
        3.9501546891987407,
        5.497142058798209,
        0.8941128351244534,
        3.87779601843182,
        2.4058776600161838
      ],
      [
        7.6164295988619575,
        3.9501546891987407,
        0.0,
        7.612632736703205,
        3.0560418540742873,
        1.1344535604615555,
        2.146186166812968
      ],
      [
        0.05,
        5.497142058798209,
        7.612632736703205,
        0.0,
        4.603029223673756,
        8.74708629716476,
        5.892631514517355
      ],
      [
        4.56038774478767,
        0.8941128351244534,
        3.0560418540742873,
        4.603029223673756,
        0.0,
        4.183420393408422,
        3.299990495140637
      ],
      [
        8.743808138196092,
        3.87779601843182,
        1.1344535604615555,
        8.74708629716476,
        4.183420393408422,
        0.0,
        3.2806397272745236
      ],
      [
        5.849990035631269,
        2.4058776600161838,
        2.146186166812968,
        5.892631514517355,
        3.299990495140637,
        3.2806397272745236,
        0.0
      ]
    ]
  ],
  "edge_mi": {
    "0,1": 0.0026087949635482666,
    "0,6": 0.002879927854608333,
    "0,2": 3.199703090861483e-05,
    "0,3": 0.9582548830967008,
    "0,4": 0.010458003120966008,
    "1,2": 0.002654633917483107,
    "1,6": 0.09018630794845173,
    "1,4": 0.40897026179746465,
    "1,5": 0.020696389412699245,
    "2,3": 0.0004941691271569404,
    "2,4": 0.04707365133773456,
    "2,5": 0.32159780708646823,
    "2,6": 0.11692925714805069,
    "3,4": 0.007568074685375237,
    "3,6": 0.00036635471082613336,
    "4,5": 0.015246270039659837,
    "4,6": 0.028064713534141195,
    "5,6": 0.011686343822735479
  },
  "distance_matrix": [
    [
      0.0,
      5.454500579912123,
      7.6164295988619575,
      0.0426414788860861,
      4.56038774478767,
      6.733959688511182,
      5.849990035631269
    ],
    [
      5.454500579912123,
      0.0,
      3.9501546891987407,
      5.497142058798209,
      0.8941128351244534,
      3.87779601843182,
      2.4058776600161838
    ],
    [
      7.6164295988619575,
      3.9501546891987407,
      0.0,
      7.612632736703205,
      3.0560418540742873,
      1.1344535604615555,
      2.146186166812968
    ],
    [
      0.0426414788860861,
      5.497142058798209,
      7.612632736703205,
      0.0,
      4.603029223673756,
      6.776601167397268,
      5.892631514517355
    ],
    [
      4.56038774478767,
      0.8941128351244534,
      3.0560418540742873,
      4.603029223673756,
      0.0,
      4.183420393408422,
      3.299990495140637
    ],
    [
      6.733959688511182,
      3.87779601843182,
      1.1344535604615555,
      6.776601167397268,
      4.183420393408422,
      0.0,
      3.2806397272745236
    ],
    [
      5.849990035631269,
      2.4058776600161838,
      2.146186166812968,
      5.892631514517355,
      3.299990495140637,
      3.2806397272745236,
      0.0
    ]
  ],
  "shortest_paths": {
    "0": {
      "0": 0,
      "3": 0.0426414788860861,
      "4": 4.56038774478767,
      "1": 5.454500579912123,
      "6": 5.849990035631269,
      "5": 6.733959688511182,
      "2": 7.6164295988619575
    },
    "1": {
      "1": 0,
      "4": 0.8941128351244534,
      "6": 2.4058776600161838,
      "5": 3.87779601843182,
      "2": 3.9501546891987407,
      "0": 5.454500579912123,
      "3": 5.497142058798209
    },
    "2": {
      "2": 0,
      "5": 1.1344535604615555,
      "6": 2.146186166812968,
      "4": 3.0560418540742873,
      "1": 3.9501546891987407,
      "3": 7.612632736703205,
      "0": 7.6164295988619575
    },
    "3": {
      "3": 0,
      "0": 0.0426414788860861,
      "4": 4.603029223673756,
      "1": 5.497142058798209,
      "6": 5.892631514517355,
      "5": 6.776601167397268,
      "2": 7.612632736703205
    },
    "4": {
      "4": 0,
      "1": 0.8941128351244534,
      "2": 3.0560418540742873,
      "6": 3.299990495140637,
      "5": 4.183420393408422,
      "0": 4.56038774478767,
      "3": 4.603029223673756
    },
    "5": {
      "5": 0,
      "2": 1.1344535604615555,
      "6": 3.2806397272745236,
      "1": 3.87779601843182,
      "4": 4.183420393408422,
      "0": 6.733959688511182,
      "3": 6.776601167397268
    },
    "6": {
      "6": 0,
      "2": 2.146186166812968,
      "1": 2.4058776600161838,
      "5": 3.2806397272745236,
      "4": 3.299990495140637,
      "0": 5.849990035631269,
      "3": 5.892631514517355
    }
  },
  "gromov_delta": 7.593210428339538,
  "mean_distance": 3.6272905807193334,
  "angle_sums": [
    0.0904236928955158,
    0.0,
    0.0,
    0.022473545157224068,
    0.07711064872767111,
    2.994598550233259,
    0.0,
    1.4514707642396054,
    1.091019687010701,
    0.0,
    0.0,
    0.0,
    0.06159511455547613,
    0.0622099570302763,
    0.03296719172360051,
    0.08343932473810896,
    0.0,
    0.5615500440132253,
    0.7250169625598413,
    0.0,
    0.02247339128184002,
    0.07711059306578913,
    0.9673316340847204,
    0.0,
    0.09875653047395241,
    2.3501579673181014,
    1.3303437266180667,
    0.998890094891602,
    2.8352649278428923,
    0.10735225269486884,
    0.0,
    0.061593885461098195,
    0.0622087267801604,
    0.03296716438490273,
    0.034317939347031604
  ],
  "mean_angle_sum": 0.4637898376322723,
  "min_angle_sum": 0.0,
  "max_angle_sum": 2.994598550233259,
  "angle_sum_deviations": [
    -3.051168960694277,
    -3.141592653589793,
    -3.141592653589793,
    -3.119119108432569,
    -3.064482004862122,
    -0.1469941033565343,
    -3.141592653589793,
    -1.6901218893501877,
    -2.050572966579092,
    -3.141592653589793,
    -3.141592653589793,
    -3.141592653589793,
    -3.079997539034317,
    -3.079382696559517,
    -3.108625461866193,
    -3.058153328851684,
    -3.141592653589793,
    -2.5800426095765676,
    -2.416575691029952,
    -3.141592653589793,
    -3.119119262307953,
    -3.064482060524004,
    -2.1742610195050727,
    -3.141592653589793,
    -3.0428361231158405,
    -0.7914346862716917,
    -1.8112489269717265,
    -2.142702558698191,
    -0.3063277257469008,
    -3.0342404008949244,
    -3.141592653589793,
    -3.079998768128695,
    -3.0793839268096326,
    -3.1086254892048903,
    -3.1072747142427617
  ],
  "triangle_inequality_violations": [],
  "embedding_coords": [
    [
      5137573243.841547,
      -3507937596.2457023
    ],
    [
      -5883981.88588551,
      4012026.9626747435
    ],
    [
      -9727106033.950565,
      6634244755.155671
    ],
    [
      5116129827.412865,
      -3485353589.044084
    ],
    [
      -231234.49670736725,
      157681.8775754736
    ],
    [
      -497220985.2994224,
      339016216.37437356
    ],
    [
      -23260835.621832527,
      15860504.919492193
    ]
  ],
  "embedding_coords_3d": [
    [
      -5328254113.64207,
      -1661645981.1925483,
      2747530946.931452
    ],
    [
      6100424.878465747,
      1899242.3598500146,
      -3145688.035968155
    ],
    [
      10085529491.11165,
      3140940913.533866,
      -5200615193.005173
    ],
    [
      -5303237488.461944,
      -1649259264.698644,
      2734609820.309338
    ],
    [
      239745.11340464617,
      74647.48252112752,
      -123624.83076859984
    ],
    [
      515505463.22534084,
      160482288.4282502,
      -265820584.21353117
    ],
    [
      24116477.775151297,
      7508154.086704876,
      -12435677.155350592
    ]
  ],
  "edge_weight_variance": 0.15104684235827662,
  "event_nodes": [
    [
      0,
      0
    ],
    [
      1,
      0
    ],
    [
      2,
      0
    ],
    [
      3,
      0
    ],
    [
      4,
      0
    ],
    [
      5,
      0
    ],
    [
      6,
      0
    ],
    [
      0,
      1
    ],
    [
      1,
      1
    ],
    [
      2,
      1
    ],
    [
      3,
      1
    ],
    [
      4,
      1
    ],
    [
      5,
      1
    ],
    [
      6,
      1
    ]
  ],
  "event_edges": [
    {
      "type": "spatial",
      "from": [
        0,
        0
      ],
      "to": [
        1,
        0
      ],
      "weight": 0.7256746261514386
    },
    {
      "type": "spatial",
      "from": [
        0,
        0
      ],
      "to": [
        2,
        0
      ],
      "weight": 1.3006037569946276
    },
    {
      "type": "spatial",
      "from": [
        0,
        0
      ],
      "to": [
        3,
        0
      ],
      "weight": 4.398557802303402
    },
    {
      "type": "spatial",
      "from": [
        0,
        0
      ],
      "to": [
        4,
        0
      ],
      "weight": 4.25681122114159
    },
    {
      "type": "spatial",
      "from": [
        0,
        0
      ],
      "to": [
        5,
        0
      ],
      "weight": 1.6475554993744614
    },
    {
      "type": "spatial",
      "from": [
        0,
        0
      ],
      "to": [
        6,
        0
      ],
      "weight": 0.17970165326454718
    },
    {
      "type": "spatial",
      "from": [
        1,
        0
      ],
      "to": [
        2,
        0
      ],
      "weight": 0.5749291308431889
    },
    {
      "type": "spatial",
      "from": [
        1,
        0
      ],
      "to": [
        3,
        0
      ],
      "weight": 4.166735751278158
    },
    {
      "type": "spatial",
      "from": [
        1,
        0
      ],
      "to": [
        4,
        0
      ],
      "weight": 3.5311365949901514
    },
    {
      "type": "spatial",
      "from": [
        1,
        0
      ],
      "to": [
        5,
        0
      ],
      "weight": 0.9218808732230228
    },
    {
      "type": "spatial",
      "from": [
        1,
        0
      ],
      "to": [
        6,
        0
      ],
      "weight": 0.5459729728868915
    },
    {
      "type": "spatial",
      "from": [
        2,
        0
      ],
      "to": [
        3,
        0
      ],
      "weight": 3.591806620434969
    },
    {
      "type": "spatial",
      "from": [
        2,
        0
      ],
      "to": [
        4,
        0
      ],
      "weight": 2.9562074641469627
    },
    {
      "type": "spatial",
      "from": [
        2,
        0
      ],
      "to": [
        5,
        0
      ],
      "weight": 1.381715103476789
    },
    {
      "type": "spatial",
      "from": [
        2,
        0
      ],
      "to": [
        6,
        0
      ],
      "weight": 1.1209021037300804
    },
    {
      "type": "spatial",
      "from": [
        3,
        0
      ],
      "to": [
        4,
        0
      ],
      "weight": 2.6487238303580285
    },
    {
      "type": "spatial",
      "from": [
        3,
        0
      ],
      "to": [
        5,
        0
      ],
      "weight": 4.973521723911758
    },
    {
      "type": "spatial",
      "from": [
        3,
        0
      ],
      "to": [
        6,
        0
      ],
      "weight": 4.218856149038855
    },
    {
      "type": "spatial",
      "from": [
        4,
        0
      ],
      "to": [
        5,
        0
      ],
      "weight": 4.337922567623751
    },
    {
      "type": "spatial",
      "from": [
        4,
        0
      ],
      "to": [
        6,
        0
      ],
      "weight": 4.077109567877043
    },
    {
      "type": "spatial",
      "from": [
        5,
        0
      ],
      "to": [
        6,
        0
      ],
      "weight": 1.4678538461099144
    },
    {
      "type": "temporal",
      "from": [
        0,
        0
      ],
      "to": [
        0,
        1
      ],
      "weight": 1.0
    },
    {
      "type": "temporal",
      "from": [
        1,
        0
      ],
      "to": [
        1,
        1
      ],
      "weight": 1.0
    },
    {
      "type": "temporal",
      "from": [
        2,
        0
      ],
      "to": [
        2,
        1
      ],
      "weight": 1.0
    },
    {
      "type": "temporal",
      "from": [
        3,
        0
      ],
      "to": [
        3,
        1
      ],
      "weight": 1.0
    },
    {
      "type": "temporal",
      "from": [
        4,
        0
      ],
      "to": [
        4,
        1
      ],
      "weight": 1.0
    },
    {
      "type": "temporal",
      "from": [
        5,
        0
      ],
      "to": [
        5,
        1
      ],
      "weight": 1.0
    },
    {
      "type": "temporal",
      "from": [
        6,
        0
      ],
      "to": [
        6,
        1
      ],
      "weight": 1.0
    },
    {
      "type": "spatial",
      "from": [
        0,
        1
      ],
      "to": [
        1,
        1
      ],
      "weight": 5.454500579912123
    },
    {
      "type": "spatial",
      "from": [
        0,
        1
      ],
      "to": [
        2,
        1
      ],
      "weight": 7.6164295988619575
    },
    {
      "type": "spatial",
      "from": [
        0,
        1
      ],
      "to": [
        3,
        1
      ],
      "weight": 0.0426414788860861
    },
    {
      "type": "spatial",
      "from": [
        0,
        1
      ],
      "to": [
        4,
        1
      ],
      "weight": 4.56038774478767
    },
    {
      "type": "spatial",
      "from": [
        0,
        1
      ],
      "to": [
        5,
        1
      ],
      "weight": 8.743808138196092
    },
    {
      "type": "spatial",
      "from": [
        0,
        1
      ],
      "to": [
        6,
        1
      ],
      "weight": 5.849990035631269
    },
    {
      "type": "spatial",
      "from": [
        1,
        1
      ],
      "to": [
        2,
        1
      ],
      "weight": 3.9501546891987407
    },
    {
      "type": "spatial",
      "from": [
        1,
        1
      ],
      "to": [
        3,
        1
      ],
      "weight": 5.497142058798209
    },
    {
      "type": "spatial",
      "from": [
        1,
        1
      ],
      "to": [
        4,
        1
      ],
      "weight": 0.8941128351244534
    },
    {
      "type": "spatial",
      "from": [
        1,
        1
      ],
      "to": [
        5,
        1
      ],
      "weight": 3.87779601843182
    },
    {
      "type": "spatial",
      "from": [
        1,
        1
      ],
      "to": [
        6,
        1
      ],
      "weight": 2.4058776600161838
    },
    {
      "type": "spatial",
      "from": [
        2,
        1
      ],
      "to": [
        3,
        1
      ],
      "weight": 7.612632736703205
    },
    {
      "type": "spatial",
      "from": [
        2,
        1
      ],
      "to": [
        4,
        1
      ],
      "weight": 3.0560418540742873
    },
    {
      "type": "spatial",
      "from": [
        2,
        1
      ],
      "to": [
        5,
        1
      ],
      "weight": 1.1344535604615555
    },
    {
      "type": "spatial",
      "from": [
        2,
        1
      ],
      "to": [
        6,
        1
      ],
      "weight": 2.146186166812968
    },
    {
      "type": "spatial",
      "from": [
        3,
        1
      ],
      "to": [
        4,
        1
      ],
      "weight": 4.603029223673756
    },
    {
      "type": "spatial",
      "from": [
        3,
        1
      ],
      "to": [
        5,
        1
      ],
      "weight": 8.74708629716476
    },
    {
      "type": "spatial",
      "from": [
        3,
        1
      ],
      "to": [
        6,
        1
      ],
      "weight": 5.892631514517355
    },
    {
      "type": "spatial",
      "from": [
        4,
        1
      ],
      "to": [
        5,
        1
      ],
      "weight": 4.183420393408422
    },
    {
      "type": "spatial",
      "from": [
        4,
        1
      ],
      "to": [
        6,
        1
      ],
      "weight": 3.299990495140637
    },
    {
      "type": "spatial",
      "from": [
        5,
        1
      ],
      "to": [
        6,
        1
      ],
      "weight": 3.2806397272745236
    }
  ],
  "lorentzian_dissimilarity": [
    [
      0.0,
      0.5266036630400303,
      1.6915701327085404,
      19.347310740204133,
      18.12044177243696,
      2.714439123519031,
      0.03229268418601154,
      -1.0,
      -0.47339633695996974,
      0.6915701327085404,
      18.347310740204133,
      17.12044177243696,
      1.714439123519031,
      -0.9677073158139885
    ],
    [
      0.5266036630400303,
      0.0,
      0.3305435054921046,
      17.361686820979557,
      12.46892565247864,
      0.849864344414443,
      0.2980864871229504,
      -0.47339633695996974,
      -1.0,
      -0.6694564945078953,
      16.361686820979557,
      11.46892565247864,
      -0.15013565558555697,
      -0.7019135128770496
    ],
    [
      1.6915701327085404,
      0.3305435054921046,
      0.0,
      12.901074798600472,
      8.739162571078216,
      1.9091366271758736,
      1.25642152614652,
      0.6915701327085404,
      -0.6694564945078953,
      -1.0,
      11.901074798600472,
      7.739162571078216,
      0.9091366271758736,
      0.2564215261465199
    ],
    [
      19.347310740204133,
      17.361686820979557,
      12.901074798600472,
      0.0,
      7.015737929506506,
      24.735918338222184,
      17.798747206282954,
      18.347310740204133,
      16.361686820979557,
      11.901074798600472,
      -1.0,
      6.015737929506506,
      23.735918338222184,
      16.798747206282954
    ],
    [
      18.12044177243696,
      12.46892565247864,
      8.739162571078216,
      7.015737929506506,
      0.0,
      18.81757220269944,
      16.62282242847453,
      17.12044177243696,
      11.46892565247864,
      7.739162571078216,
      6.015737929506506,
      -1.0,
      17.81757220269944,
      15.622822428474532
    ],
    [
      2.714439123519032,
      0.849864344414443,
      1.9091366271758736,
      24.735918338222184,
      18.81757220269944,
      0.0,
      2.1545949135396683,
      1.714439123519032,
      -0.15013565558555697,
      0.9091366271758736,
      23.735918338222184,
      17.81757220269944,
      -1.0,
      1.1545949135396683
    ],
    [
      0.03229268418601154,
      0.2980864871229504,
      1.25642152614652,
      17.798747206282954,
      16.62282242847453,
      2.1545949135396683,
      0.0,
      -0.9677073158139885,
      -0.7019135128770496,
      0.2564215261465199,
      16.798747206282954,
      15.622822428474532,
      1.1545949135396683,
      -1.0
    ],
    [
      -1.0,
      -0.47339633695996974,
      0.6915701327085404,
      18.347310740204133,
      17.12044177243696,
      1.714439123519031,
      -0.9677073158139885,
      0.0,
      29.751576576261687,
      58.00999983442052,
      0.0018182957215925263,
      20.797136382809573,
      76.45418075758421,
      34.22238341698513
    ],
    [
      -0.47339633695996974,
      -1.0,
      -0.6694564945078953,
      16.361686820979557,
      11.46892565247864,
      -0.15013565558555697,
      -0.7019135128770496,
      29.751576576261687,
      0.0,
      15.603722068598799,
      30.218570814608213,
      0.799437761934288,
      15.037301960565676,
      5.788247314964948
    ],
    [
      0.6915701327085404,
      -0.6694564945078953,
      -1.0,
      11.901074798600472,
      7.739162571078216,
      0.9091366271758736,
      0.2564215261465199,
      58.00999983442052,
      15.603722068598799,
      0.0,
      57.95217718392532,
      9.339391813853808,
      1.2869848808439002,
      4.606115062619341
    ],
    [
      18.347310740204133,
      16.361686820979557,
      11.901074798600472,
      -1.0,
      6.015737929506506,
      23.735918338222184,
      16.798747206282954,
      0.0018182957215925263,
      30.218570814608213,
      57.95217718392532,
      0.0,
      21.18787803399462,
      76.51151869004751,
      34.723106165883095
    ],
    [
      17.12044177243696,
      11.46892565247864,
      7.739162571078216,
      6.015737929506506,
      -1.0,
      17.81757220269944,
      15.622822428474532,
      20.797136382809573,
      0.799437761934288,
      9.339391813853808,
      21.18787803399462,
      0.0,
      17.501006187985478,
      10.889937268018548
    ],
    [
      1.714439123519032,
      -0.15013565558555697,
      0.9091366271758736,
      23.735918338222184,
      17.81757220269944,
      -1.0,
      1.1545949135396683,
      76.45418075758421,
      15.037301960565676,
      1.2869848808439002,
      76.51151869004751,
      17.501006187985478,
      0.0,
      10.76259702017186
    ],
    [
      -0.9677073158139885,
      -0.7019135128770496,
      0.2564215261465199,
      16.798747206282954,
      15.622822428474532,
      1.1545949135396683,
      -1.0,
      34.22238341698513,
      5.788247314964948,
      4.606115062619341,
      34.723106165883095,
      10.889937268018548,
      10.76259702017186,
      0.0
    ]
  ],
  "lorentzian_embedding": [
    [
      -1.1506964608632377,
      1.7843002864384665,
      -0.9495781273716867
    ],
    [
      -1.0881282626290274,
      1.23781724675621,
      -0.8746803547162604
    ],
    [
      -0.9771880152047424,
      0.6481031806744879,
      -0.5879682738135458
    ],
    [
      -0.4862685196744706,
      -2.3684536172730275,
      1.234631773180235
    ],
    [
      -0.41560340028797393,
      -2.2012777726921766,
      0.6406194513894955
    ],
    [
      -1.1406999911172553,
      1.9520234382443198,
      -1.3421449078779562
    ],
    [
      -1.1371250804884663,
      1.6029199547988222,
      -0.8863433724982869
    ],
    [
      3.456281240922838,
      2.4885542382218997,
      3.5972449695752227
    ],
    [
      1.1726660647222709,
      0.4086507839287073,
      -1.420553942882506
    ],
    [
      2.389628323290126,
      -1.2195412324533288,
      -3.333743577101356
    ],
    [
      2.2763571628997634,
      -0.1276533921160105,
      4.106275652180921
    ],
    [
      0.05183000427061548,
      -2.2117538157339705,
      -0.025986602630054402
    ],
    [
      3.0133010464230963,
      -0.6483935188128922,
      -4.662420304711485
    ],
    [
      1.0356279748778365,
      0.5348367745275865,
      -2.1275884405917593
    ]
  ],
  "edge_length_evolution": [],
  "angle_deficit_evolution": [],
  "regge_action_evolution": [],
  "gromov_delta_evolution": [],
  "mass_hinge": null,
  "mass_value": 0.0,
  "matter": [
    {
      "(3, 4)": 0.0,
      "(4, 6)": 0.0,
      "(0, 2)": 0.0,
      "(0, 5)": 0.0,
      "(1, 6)": 0.0,
      "(2, 5)": 0.0,
      "(1, 3)": 0.0,
      "(4, 5)": 0.0,
      "(5, 6)": 0.0,
      "(3, 6)": 0.0,
      "(0, 1)": 0.0,
      "(2, 4)": 0.0,
      "(1, 2)": 0.0,
      "(0, 4)": 0.0,
      "(1, 5)": 0.0,
      "(3, 5)": 0.0,
      "(0, 3)": 0.0,
      "(1, 4)": 0.0,
      "(0, 6)": 0.0,
      "(2, 3)": 0.0,
      "(2, 6)": 0.0
    },
    {
      "(3, 4)": 0.0,
      "(4, 6)": 0.0,
      "(0, 2)": 0.0,
      "(0, 5)": 0.0,
      "(1, 6)": 0.0,
      "(2, 5)": 0.0,
      "(1, 3)": 0.0,
      "(4, 5)": 0.0,
      "(5, 6)": 0.0,
      "(3, 6)": 0.0,
      "(0, 1)": 0.0,
      "(2, 4)": 0.0,
      "(1, 2)": 0.0,
      "(0, 4)": 0.0,
      "(1, 5)": 0.0,
      "(3, 5)": 0.0,
      "(0, 3)": 0.0,
      "(1, 4)": 0.0,
      "(0, 6)": 0.0,
      "(2, 3)": 0.0,
      "(2, 6)": 0.0
    }
  ],
  "stationary_solution": {
    "regge_evolution_data": {
      "regge_edge_lengths_per_timestep": [
        [
          0.7256746261514386,
          1.3006037569946276,
          4.398557802303402,
          4.25681122114159,
          1.6475554993744614,
          0.17970165326454718,
          0.5749291308431889,
          4.166735751278158,
          3.5311365949901514,
          0.9218808732230228,
          0.5459729728868915,
          3.591806620434969,
          2.9562074641469627,
          1.381715103476789,
          1.1209021037300804,
          2.6487238303580285,
          4.973521723911758,
          4.218856149038855,
          4.337922567623751,
          4.077109567877043,
          1.4678538461099144
        ],
        [
          5.454500579912123,
          7.6164295988619575,
          0.05,
          4.56038774478767,
          8.743808138196092,
          5.849990035631269,
          3.9501546891987407,
          5.497142058798209,
          0.8941128351244534,
          3.87779601843182,
          2.4058776600161838,
          7.612632736703205,
          3.0560418540742873,
          1.1344535604615555,
          2.146186166812968,
          4.603029223673756,
          8.74708629716476,
          5.892631514517355,
          4.183420393408422,
          3.299990495140637,
          3.2806397272745236
        ]
      ],
      "regge_angle_sums_per_timestep": [
        [
          0.0,
          1.2116925272498487,
          0.0,
          0.0,
          0.0,
          0.9250074796368373,
          0.0,
          0.5629155331338084,
          0.0,
          0.04199623299160559,
          0.355311382601661,
          0.0,
          0.23257797799448837,
          0.0,
          3.1415926412452673,
          0.0,
          0.0,
          2.15543259793432,
          0.0,
          0.06828801141666388,
          1.9765592463756771,
          1.4894320972720991,
          1.9765653031591832,
          0.0,
          0.0,
          0.07030157230269092,
          0.0,
          0.96503445672595,
          0.0,
          0.0,
          0.6739584092548279,
          0.06798922674309801,
          0.04204858911548346,
          0.6306501697876565,
          0.34698411252244327
        ],
        [
          0.0904236928955158,
          3.051259625764468,
          0.0,
          0.7383666694273952,
          0.07711064872767111,
          2.9691031620474866,
          0.0,
          2.835256972999864,
          1.091019687010701,
          3.0512596319367273,
          2.968975873263899,
          3.051259610863309,
          0.0,
          0.0622099570302763,
          1.074389814429169,
          0.08343932473810896,
          0.0,
          0.5615500440132253,
          0.7250169625598413,
          0.0,
          0.6876096125411655,
          0.07711059306578913,
          0.9673316340847204,
          0.0,
          0.09875653047395241,
          2.3501579673181014,
          0.0,
          0.998890094891602,
          2.8352649278428923,
          0.10735225269486884,
          0.0,
          2.411420813778513,
          0.0622087267801604,
          0.9967632563511281,
          0.034317939347031604
        ]
      ],
      "regge_deficits_per_timestep": [
        [
          3.141592653589793,
          1.9299001263399445,
          3.141592653589793,
          3.141592653589793,
          3.141592653589793,
          2.216585173952956,
          3.141592653589793,
          2.5786771204559846,
          3.141592653589793,
          3.0995964205981874,
          2.786281270988132,
          3.141592653589793,
          2.9090146755953046,
          3.141592653589793,
          1.234452584597534e-08,
          3.141592653589793,
          3.141592653589793,
          0.986160055655473,
          3.141592653589793,
          3.073304642173129,
          1.165033407214116,
          1.652160556317694,
          1.16502735043061,
          3.141592653589793,
          3.141592653589793,
          3.0712910812871024,
          3.141592653589793,
          2.176558196863843,
          3.141592653589793,
          3.141592653589793,
          2.467634244334965,
          3.073603426846695,
          3.0995440644743097,
          2.5109424838021366,
          2.79460854106735
        ],
        [
          3.051168960694277,
          0.09033302782532493,
          3.141592653589793,
          2.4032259841623977,
          3.064482004862122,
          0.17248949154230653,
          3.141592653589793,
          0.3063356805899291,
          2.050572966579092,
          0.09033302165306578,
          0.17261678032589423,
          0.0903330427264839,
          3.141592653589793,
          3.079382696559517,
          2.067202839160624,
          3.058153328851684,
          3.141592653589793,
          2.5800426095765676,
          2.416575691029952,
          3.141592653589793,
          2.4539830410486276,
          3.064482060524004,
          2.1742610195050727,
          3.141592653589793,
          3.0428361231158405,
          0.7914346862716917,
          3.141592653589793,
          2.142702558698191,
          0.3063277257469008,
          3.0342404008949244,
          3.141592653589793,
          0.73017183981128,
          3.0793839268096326,
          2.144829397238665,
          3.1072747142427617
        ]
      ],
      "regge_actions_per_timestep": [
        694.7971935133166,
        949.935389751147
      ],
      "regge_distance_matrices_per_timestep": [
        [
          [
            0.0,
            0.7256746261514386,
            1.3006037569946276,
            4.398557802303402,
            4.25681122114159,
            1.6475554993744614,
            0.17970165326454718
          ],
          [
            0.7256746261514386,
            0.0,
            0.5749291308431889,
            4.166735751278158,
            3.5311365949901514,
            0.9218808732230228,
            0.5459729728868915
          ],
          [
            1.3006037569946276,
            0.5749291308431889,
            0.0,
            3.591806620434969,
            2.9562074641469627,
            1.381715103476789,
            1.1209021037300804
          ],
          [
            4.398557802303402,
            4.166735751278158,
            3.591806620434969,
            0.0,
            2.6487238303580285,
            4.973521723911758,
            4.218856149038855
          ],
          [
            4.25681122114159,
            3.5311365949901514,
            2.9562074641469627,
            2.6487238303580285,
            0.0,
            4.337922567623751,
            4.077109567877043
          ],
          [
            1.6475554993744614,
            0.9218808732230228,
            1.381715103476789,
            4.973521723911758,
            4.337922567623751,
            0.0,
            1.4678538461099144
          ],
          [
            0.17970165326454718,
            0.5459729728868915,
            1.1209021037300804,
            4.218856149038855,
            4.077109567877043,
            1.4678538461099144,
            0.0
          ]
        ],
        [
          [
            0.0,
            5.454500579912123,
            7.6164295988619575,
            0.05,
            4.56038774478767,
            8.743808138196092,
            5.849990035631269
          ],
          [
            5.454500579912123,
            0.0,
            3.9501546891987407,
            5.497142058798209,
            0.8941128351244534,
            3.87779601843182,
            2.4058776600161838
          ],
          [
            7.6164295988619575,
            3.9501546891987407,
            0.0,
            7.612632736703205,
            3.0560418540742873,
            1.1344535604615555,
            2.146186166812968
          ],
          [
            0.05,
            5.497142058798209,
            7.612632736703205,
            0.0,
            4.603029223673756,
            8.74708629716476,
            5.892631514517355
          ],
          [
            4.56038774478767,
            0.8941128351244534,
            3.0560418540742873,
            4.603029223673756,
            0.0,
            4.183420393408422,
            3.299990495140637
          ],
          [
            8.743808138196092,
            3.87779601843182,
            1.1344535604615555,
            8.74708629716476,
            4.183420393408422,
            0.0,
            3.2806397272745236
          ],
          [
            5.849990035631269,
            2.4058776600161838,
            2.146186166812968,
            5.892631514517355,
            3.299990495140637,
            3.2806397272745236,
            0.0
          ]
        ]
      ]
    },
    "final_regge_action": 949.935389751147,
    "final_regge_deficits": [
      3.051168960694277,
      0.09033302782532493,
      3.141592653589793,
      2.4032259841623977,
      3.064482004862122,
      0.17248949154230653,
      3.141592653589793,
      0.3063356805899291,
      2.050572966579092,
      0.09033302165306578,
      0.17261678032589423,
      0.0903330427264839,
      3.141592653589793,
      3.079382696559517,
      2.067202839160624,
      3.058153328851684,
      3.141592653589793,
      2.5800426095765676,
      2.416575691029952,
      3.141592653589793,
      2.4539830410486276,
      3.064482060524004,
      2.1742610195050727,
      3.141592653589793,
      3.0428361231158405,
      0.7914346862716917,
      3.141592653589793,
      2.142702558698191,
      0.3063277257469008,
      3.0342404008949244,
      3.141592653589793,
      0.73017183981128,
      3.0793839268096326,
      2.144829397238665,
      3.1072747142427617
    ],
    "final_regge_angle_sums": [
      0.0904236928955158,
      3.051259625764468,
      0.0,
      0.7383666694273952,
      0.07711064872767111,
      2.9691031620474866,
      0.0,
      2.835256972999864,
      1.091019687010701,
      3.0512596319367273,
      2.968975873263899,
      3.051259610863309,
      0.0,
      0.0622099570302763,
      1.074389814429169,
      0.08343932473810896,
      0.0,
      0.5615500440132253,
      0.7250169625598413,
      0.0,
      0.6876096125411655,
      0.07711059306578913,
      0.9673316340847204,
      0.0,
      0.09875653047395241,
      2.3501579673181014,
      0.0,
      0.998890094891602,
      2.8352649278428923,
      0.10735225269486884,
      0.0,
      2.411420813778513,
      0.0622087267801604,
      0.9967632563511281,
      0.034317939347031604
    ]
  },
  "bootstrap_analysis": {
    "gromov_delta": {
      "mean": 6.4714913136381185,
      "lower_ci": 4.218856149038855,
      "upper_ci": 8.724126478237382,
      "all_values": [
        4.218856149038855,
        8.724126478237382
      ],
      "uncertainty": 2.2526351645992637
    },
    "entropy": {
      "mean": null,
      "lower_ci": null,
      "upper_ci": null,
      "uncertainty": null
    },
    "distance_matrix": {
      "mean": [
        [
          0.0,
          3.090087603031781,
          4.4585166779282925,
          2.220599640594744,
          4.408599482964631,
          5.1956818187852765,
          3.014845844447908
        ],
        [
          3.090087603031781,
          0.0,
          2.262541910020965,
          4.831938905038184,
          2.212624715057302,
          2.3998384458274216,
          1.4759253164515376
        ],
        [
          4.4585166779282925,
          2.262541910020965,
          0.0,
          5.602219678569087,
          3.006124659110625,
          1.2580843319691724,
          1.6335441352715243
        ],
        [
          2.220599640594744,
          4.831938905038184,
          5.602219678569087,
          0.0,
          3.625876527015892,
          6.860304010538259,
          5.055743831778105
        ],
        [
          4.408599482964631,
          2.212624715057302,
          3.006124659110625,
          3.625876527015892,
          0.0,
          4.260671480516087,
          3.68855003150884
        ],
        [
          5.195681818785277,
          2.3998384458274216,
          1.2580843319691724,
          6.860304010538259,
          4.260671480516087,
          0.0,
          2.3742467866922192
        ],
        [
          3.014845844447908,
          1.4759253164515376,
          1.6335441352715243,
          5.055743831778105,
          3.68855003150884,
          2.3742467866922192,
          0.0
        ]
      ],
      "lower_ci": [
        [
          0.0,
          0.7256746261514386,
