{
  "spec": {
    "num_qubits": 7,
    "topology": "triangulated",
    "custom_edges": "0-1:1.0000,0-2:0.8756,0-3:1.0000,0-4:1.0000,0-5:0.7893,0-6:0.7893,1-2:1.0000,1-3:1.0000,1-4:0.5775,1-5:1.0000,1-6:0.5829,2-3:0.5808,2-4:1.0000,2-5:0.0500,2-6:0.0500,3-4:0.4939,3-5:0.0885,3-6:1.0000,4-5:0.1828,4-6:0.0500,5-6:1.0000",
    "alpha": 0.8,
    "weight": 1.0,
    "gamma": 0.3,
    "sigma": null,
    "init_angle": 0.0,
    "init_angles": null,
    "shots": 1024,
    "device": "simulator",
    "geometry": "hyperbolic",
    "curvature": 9.0,
    "timesteps": 5,
    "dimension": 2,
    "mass_hinge": null,
    "mass_value": 0.0,
    "solve_regge": false,
    "lorentzian": false,
    "excite": true,
    "fast": true,
    "strong_curvature": false
  },
  "uid": "IIG4PE",
  "counts_per_timestep": [
    null,
    null,
    null,
    null,
    null
  ],
  "job_ids_per_timestep": [
    null,
    null,
    null,
    null,
    null
  ],
  "entropy_per_timestep": [
    null,
    null,
    null,
    null,
    null
  ],
  "mutual_information_per_timestep": [
    {
      "I_0,1": 0.000540757403733938,
      "I_0,2": 0.02432105473184798,
      "I_0,3": 0.0005184945189713464,
      "I_0,4": 1.1234648075953646,
      "I_0,5": 0.00023470675489112303,
      "I_0,6": 0.036183606319557304,
      "I_1,2": 3.018402797105857e-05,
      "I_1,3": 0.8686340318144943,
      "I_1,4": 0.0005188968452005671,
      "I_1,5": 0.9511568845170122,
      "I_1,6": 0.00015662756721090965,
      "I_2,3": 0.0022553741164201835,
      "I_2,4": 0.04084552829538679,
      "I_2,5": 9.265065850083687e-07,
      "I_2,6": 0.07737706308534556,
      "I_3,4": 0.009791682972590143,
      "I_3,5": 0.8812598468019763,
      "I_3,6": 0.03645334227301844,
      "I_4,5": 0.00036838233948177646,
      "I_4,6": 0.015788798990653108,
      "I_5,6": 1.4505156855859624e-05
    },
    {
      "I_0,1": 0.010921422479306386,
      "I_0,2": 0.16505427539798423,
      "I_0,3": 0.0027498840303170624,
      "I_0,4": 0.014055128955204,
      "I_0,5": 0.10655046782770095,
      "I_0,6": 0.01393502920054046,
      "I_1,2": 0.00041154950515887023,
      "I_1,3": 0.28839095747015686,
      "I_1,4": 0.005535023859820409,
      "I_1,5": 0.0012181490690621466,
      "I_1,6": 0.16977039912276726,
      "I_2,3": 0.0001729257916203153,
      "I_2,4": 0.0031745241707459293,
      "I_2,5": 0.004741431674924357,
      "I_2,6": 0.2573419594055055,
      "I_3,4": 0.027491963618121007,
      "I_3,5": 0.005314155670315346,
      "I_3,6": 0.09771254723065326,
      "I_4,5": 0.1350461952916544,
      "I_4,6": 0.011973256656337083,
      "I_5,6": 0.0007379447008140083
    },
    {
      "I_0,1": 0.006600694837401555,
      "I_0,2": 0.0470058384805796,
      "I_0,3": 0.0008716625453555338,
      "I_0,4": 0.012861241794510203,
      "I_0,5": 0.08619702409308383,
      "I_0,6": 0.03363606570515465,
      "I_1,2": 0.30593073531858295,
      "I_1,3": 0.20305762850592535,
      "I_1,4": 0.003482127525122003,
      "I_1,5": 0.00092489136190399,
      "I_1,6": 0.02523789333292159,
      "I_2,3": 0.12891773482533164,
      "I_2,4": 0.001939628744860089,
      "I_2,5": 4.0296375345416635e-06,
      "I_2,6": 0.011298423651218137,
      "I_3,4": 0.017541225465989685,
      "I_3,5": 0.00016322919218558773,
      "I_3,6": 0.003620753559433254,
      "I_4,5": 0.06874163683693335,
      "I_4,6": 0.04637078137417738,
      "I_5,6": 0.04687775509447745
    },
    {
      "I_0,1": 0.016463692364904192,
      "I_0,2": 0.272157652221902,
      "I_0,3": 0.01731484963414376,
      "I_0,4": 0.10802955394899083,
      "I_0,5": 0.022139045273733338,
      "I_0,6": 0.006273285384029714,
      "I_1,2": 0.2847813172186362,
      "I_1,3": 0.024390703238990286,
      "I_1,4": 0.0020102805168369375,
      "I_1,5": 0.003769749828032465,
      "I_1,6": 0.011746639444399687,
      "I_2,3": 0.001440187703932727,
      "I_2,4": 0.0005608681112860836,
      "I_2,5": 0.0028140553274269564,
      "I_2,6": 0.0002116492740746878,
      "I_3,4": 0.17746633259000388,
      "I_3,5": 0.11398538331890151,
      "I_3,6": 0.022645875882261635,
      "I_4,5": 0.009757599390565197,
      "I_4,6": 0.20429624005585167,
      "I_5,6": 0.19032742497211452
    },
    {
      "I_0,1": 0.0031755085352433987,
      "I_0,2": 0.29427793039100236,
      "I_0,3": 0.01781489351324228,
      "I_0,4": 0.10611668533570984,
      "I_0,5": 0.00307052550493081,
      "I_0,6": 0.018590470986399765,
      "I_1,2": 0.2524812455097287,
      "I_1,3": 0.007911069710107466,
      "I_1,4": 0.025543853176270837,
      "I_1,5": 0.003566809013397121,
      "I_1,6": 0.05021890279620522,
      "I_2,3": 0.0010086978764891619,
      "I_2,4": 0.002922209551786903,
      "I_2,5": 0.002570078022761324,
      "I_2,6": 0.0002722495427440741,
      "I_3,4": 0.10997442971819216,
      "I_3,5": 0.3983573944640484,
      "I_3,6": 0.021471482917933438,
      "I_4,5": 0.0026818908464747437,
      "I_4,6": 0.21403626340828708,
      "I_5,6": 0.022092784878318783
    }
  ],
  "distance_matrix_per_timestep": [
    [
      [
        0.0,
        7.522539801622545,
        3.1979579301212144,
        4.626221929901509,
        0.0,
        7.572616063718622,
        3.3191491268249544
      ],
      [
        7.522539801622545,
        0.0,
        10.408197648617742,
        12.073361884068655,
        7.522539801622545,
        0.05007626209607704,
        8.761639754070496
      ],
      [
        3.1979579301212144,
        10.408197648617742,
        0.0,
        5.870787014869345,
        3.1979579301212144,
        10.45827391071382,
        2.5590648848711854
      ],
      [
        4.626221929901509,
        12.073361884068655,
        5.870787014869345,
        0.0,
        4.626221929901509,
        12.123438146164732,
        3.311722129998159
      ],
      [
        0.0,
        7.522539801622545,
        3.1979579301212144,
        4.626221929901509,
        0.0,
        7.572616063718622,
        3.3191491268249544
      ],
      [
        7.572616063718622,
        0.05007626209607704,
        10.45827391071382,
        12.123438146164732,
        7.572616063718622,
        0.0,
        8.811716016166573
      ],
      [
        3.3191491268249544,
        8.761639754070496,
        2.5590648848711854,
        3.311722129998159,
        3.3191491268249544,
        8.811716016166573,
        0.0
      ]
    ],
    [
      [
        0.0,
        4.517029053476207,
        1.801480917365086,
        5.484555716618855,
        4.264767899624537,
        6.266906271355394,
        3.1588304145465225
      ],
      [
        4.517029053476207,
        0.0,
        3.130657845382098,
        4.099033650272995,
        5.1966594021135,
        6.710422728790713,
        1.7733083482006617
      ],
      [
        1.801480917365086,
        3.130657845382098,
        0.0,
        3.6830747992537693,
        5.752597525350333,
        5.351416147757107,
        1.3573494971814364
      ],
      [
        5.484555716618855,
        4.099033650272995,
        3.6830747992537693,
        0.0,
        3.59386154908605,
        5.595999920816906,
        2.325725302072333
      ],
      [
        4.264767899624537,
        5.1966594021135,
        5.752597525350333,
        3.59386154908605,
        0.0,
        2.0021383717308567,
        4.42507972821751
      ],
      [
        6.266906271355394,
        6.710422728790713,
        5.351416147757107,
        5.595999920816906,
        2.0021383717308567,
        0.0,
        6.427218099948366
      ],
      [
        3.1588304145465225,
        1.7733083482006617,
        1.3573494971814364,
        2.325725302072333,
        4.42507972821751,
        6.427218099948366,
        0.0
      ]
    ],
    [
      [
        0.0,
        4.241880019816044,
        3.05748346199606,
        5.10606425457524,
        4.353537002275414,
        6.452368424665699,
        3.3921564035957856
      ],
      [
        4.241880019816044,
        0.0,
        1.1843965578199835,
        3.2329773503991635,
        5.660111814205119,
        6.73962073127762,
        3.6794087102077073
      ],
      [
        3.05748346199606,
        1.1843965578199835,
        0.0,
        2.04858079257918,
        6.091782220125724,
        7.54330408395697,
        4.483092062887057
      ],
      [
        5.10606425457524,
        3.2329773503991635,
        2.04858079257918,
        0.0,
        4.043201427546544,
        6.720601623389718,
        5.621073109218611
      ],
      [
        4.353537002275414,
        5.660111814205119,
        6.091782220125724,
        4.043201427546544,
        0.0,
        2.677400195843174,
        3.0710857298650724
      ],
      [
        6.452368424665699,
        6.73962073127762,
        7.54330408395697,
        6.720601623389718,
        2.677400195843174,
        0.0,
        3.0602120210699133
      ],
      [
        3.3921564035957856,
        3.6794087102077073,
        4.483092062887057,
        5.621073109218611,
        3.0710857298650724,
        3.0602120210699133,
        0.0
      ]
    ],
    [
      [
        0.0,
        2.5574074780842615,
        1.3013737768345286,
        3.9543248052233952,
        2.2253504416167726,
        5.472544023632787,
        3.8135346229787
      ],
      [
        2.5574074780842615,
        0.0,
        1.2560337012497327,
        6.511732283307656,
        4.782757919701034,
        5.580746638336126,
        4.444188084031064
      ],
      [
        1.3013737768345286,
        1.2560337012497327,
        0.0,
        5.255698582057923,
        3.5267242184513012,
        5.873128658995322,
        5.1149083998132285
      ],
      [
        3.9543248052233952,
        6.511732283307657,
        5.255698582057924,
        0.0,
        1.7289743636066224,
        4.976167945622636,
        3.3171585449685494
      ],
      [
        2.2253504416167726,
        4.782757919701034,
        3.5267242184513012,
        1.7289743636066224,
        0.0,
        3.2471935820160143,
        1.5881841813619273
      ],
      [
        5.472544023632787,
        5.580746638336126,
        5.873128658995322,
        4.976167945622636,
        3.2471935820160143,
        0.0,
        1.6590094006540872
      ],
      [
        3.8135346229787,
        4.444188084031064,
        5.1149083998132285,
        3.3171585449685494,
        1.5881841813619273,
        1.6590094006540872,
        0.0
      ]
    ],
    [
      [
        0.0,
        2.599648924965554,
        1.2232306167312963,
        4.027720457307216,
        2.243215985257812,
        7.187049638216033,
        3.7848258083950927
      ],
      [
        2.599648924965554,
        0.0,
        1.3764183082342576,
        5.874865968780979,
        3.6673585714615733,
        5.636083916680523,
        2.991363773436306
      ],
      [
        1.2232306167312963,
        1.3764183082342576,
        0.0,
        5.250951074038512,
        3.4664466019891083,
        5.963819021484737,
        4.367782081670564
      ],
      [
        4.027720457307216,
        5.874865968780979,
        5.250951074038512,
        0.0,
        2.207507397319406,
        7.561621420314212,
        3.7491172204566867
      ],
      [
        2.243215985257812,
        3.6673585714615733,
        3.4664466019891083,
        2.207507397319406,
        0.0,
        5.354114022994806,
        1.541609823137281
      ],
      [
        7.187049638216033,
        5.636083916680523,
        5.963819021484737,
        7.5616214203142125,
        5.354114022994806,
        0.0,
        3.812504199857525
      ],
      [
        3.7848258083950927,
        2.991363773436306,
        4.367782081670564,
        3.7491172204566867,
        1.541609823137281,
        3.812504199857525,
        0.0
      ]
    ]
  ],
  "edge_mi": {
    "0,1": 0.0031755085352433987,
    "0,6": 0.018590470986399765,
    "0,2": 0.29427793039100236,
    "0,3": 0.01781489351324228,
    "0,4": 0.10611668533570984,
    "1,2": 0.2524812455097287,
    "1,6": 0.05021890279620522,
    "1,4": 0.025543853176270837,
    "1,5": 0.003566809013397121,
    "2,3": 0.0010086978764891619,
    "2,4": 0.002922209551786903,
    "2,5": 0.002570078022761324,
    "2,6": 0.0002722495427440741,
    "3,4": 0.10997442971819216,
    "3,6": 0.021471482917933438,
    "4,5": 0.0026818908464747437,
    "4,6": 0.21403626340828708,
    "5,6": 0.022092784878318783
  },
  "distance_matrix": [
    [
      0.0,
      2.599648924965554,
      1.2232306167312963,
      4.027720457307216,
      2.243215985257812,
      4.948126157903875,
      3.7848258083950927
    ],
    [
      2.599648924965554,
      0.0,
      1.3764183082342576,
      4.839492271187052,
      3.6673585714615733,
      5.636083916680523,
      2.991363773436306
    ],
    [
      1.2232306167312963,
      1.3764183082342576,
      0.0,
      5.250951074038512,
      3.4664466019891083,
      5.963819021484737,
      4.367782081670564
    ],
    [
      4.027720457307216,
      4.839492271187052,
      5.250951074038512,
      0.0,
      2.207507397319406,
      0.9204057005966594,
      3.7491172204566867
    ],
    [
      2.243215985257812,
      3.6673585714615733,
      3.4664466019891083,
      2.207507397319406,
      0.0,
      3.1279130979160654,
      1.541609823137281
    ],
    [
      4.948126157903875,
      5.636083916680523,
      5.963819021484737,
      0.9204057005966594,
      3.1279130979160654,
      0.0,
      3.812504199857525
    ],
    [
      3.7848258083950927,
      2.991363773436306,
      4.367782081670564,
      3.7491172204566867,
      1.541609823137281,
      3.812504199857525,
      0.0
    ]
  ],
  "shortest_paths": {
    "0": {
      "0": 0,
      "2": 1.2232306167312963,
      "4": 2.243215985257812,
      "1": 2.599648924965554,
      "6": 3.7848258083950927,
      "3": 4.027720457307216,
      "5": 4.948126157903875
    },
    "1": {
      "1": 0,
      "2": 1.3764183082342576,
      "0": 2.599648924965554,
      "6": 2.991363773436306,
      "4": 3.6673585714615733,
      "3": 4.839492271187052,
      "5": 5.636083916680523
    },
    "2": {
      "2": 0,
      "0": 1.2232306167312963,
      "1": 1.3764183082342576,
      "4": 3.4664466019891083,
      "6": 4.367782081670564,
      "3": 5.250951074038512,
      "5": 5.963819021484737
    },
    "3": {
      "3": 0,
      "5": 0.9204057005966594,
      "4": 2.207507397319406,
      "6": 3.7491172204566867,
      "0": 4.027720457307216,
      "1": 4.839492271187052,
      "2": 5.250951074038512
    },
    "4": {
      "4": 0,
      "6": 1.541609823137281,
      "3": 2.207507397319406,
      "0": 2.243215985257812,
      "5": 3.1279130979160654,
      "2": 3.4664466019891083,
      "1": 3.6673585714615733
    },
    "5": {
      "5": 0,
      "3": 0.9204057005966594,
      "4": 3.1279130979160654,
      "6": 3.812504199857525,
      "0": 4.948126157903875,
      "1": 5.636083916680523,
      "2": 5.963819021484737
    },
    "6": {
      "6": 0,
      "4": 1.541609823137281,
      "1": 2.991363773436306,
      "3": 3.7491172204566867,
      "0": 3.7848258083950927,
      "5": 3.812504199857525,
      "2": 4.367782081670564
    }
  },
  "gromov_delta": 5.147182197463295,
  "mean_distance": 2.9283894289806978,
  "angle_sums": [
    0.0,
    0.14910537153687056,
    0.3631073238642274,
    0.12815785855149378,
    0.1493537508219749,
    0.0,
    0.0,
    1.6907294857533908,
    0.9071444890605642,
    1.125739344583372,
    0.0,
    0.01992221106386636,
    1.1217570876255605,
    0.0,
    0.03999867909742795,
    0.6068768196734583,
    0.5287498706076224,
    0.5686282318806388,
    0.0,
    0.4388550151474418,
    2.042329827263502,
    0.12041022047137376,
    0.3544321168383855,
    0.6226271104094608,
    0.3502905301216599,
    1.1220171885158128,
    1.7580221454976765,
    0.029387415761022398,
    0.7982556756489534,
    0.8327688778481472,
    0.07269428188209437,
    0.0,
    0.0,
    0.9902272101108154,
    0.6287344175368526
  ],
  "mean_angle_sum": 0.5017235016335333,
  "min_angle_sum": 0.0,
  "max_angle_sum": 2.042329827263502,
  "angle_sum_deviations": [
    -3.141592653589793,
    -2.9924872820529225,
    -2.778485329725566,
    -3.0134347950382994,
    -2.9922389027678182,
    -3.141592653589793,
    -3.141592653589793,
    -1.4508631678364023,
    -2.234448164529229,
    -2.0158533090064212,
    -3.141592653589793,
    -3.121670442525927,
    -2.0198355659642324,
    -3.141592653589793,
    -3.1015939744923653,
    -2.534715833916335,
    -2.6128427829821708,
    -2.5729644217091545,
    -3.141592653589793,
    -2.7027376384423514,
    -1.099262826326291,
    -3.0211824331184194,
    -2.787160536751408,
    -2.5189655431803324,
    -2.7913021234681334,
    -2.0195754650739803,
    -1.3835705080921166,
    -3.112205237828771,
    -2.3433369779408397,
    -2.308823775741646,
    -3.0688983717076987,
    -3.141592653589793,
    -3.141592653589793,
    -2.1513654434789777,
    -2.5128582360529403
  ],
  "triangle_inequality_violations": [],
  "embedding_coords": null,
  "edge_weight_variance": 0.13497973555555554,
  "event_nodes": [
    [
      0,
      0
    ],
    [
      1,
      0
    ],
    [
      2,
      0
    ],
    [
      3,
      0
    ],
    [
      4,
      0
    ],
    [
      5,
      0
    ],
    [
      6,
      0
    ],
    [
      0,
      1
    ],
    [
      1,
      1
    ],
    [
      2,
      1
    ],
    [
      3,
      1
    ],
    [
      4,
      1
    ],
    [
      5,
      1
    ],
    [
      6,
      1
    ],
    [
      0,
      2
    ],
    [
      1,
      2
    ],
    [
      2,
      2
    ],
    [
      3,
      2
    ],
    [
      4,
      2
    ],
    [
      5,
      2
    ],
    [
      6,
      2
    ],
    [
      0,
      3
    ],
    [
      1,
      3
    ],
    [
      2,
      3
    ],
    [
      3,
      3
    ],
    [
      4,
      3
    ],
    [
      5,
      3
    ],
    [
      6,
      3
    ],
    [
      0,
      4
    ],
    [
      1,
      4
    ],
    [
      2,
      4
    ],
    [
      3,
      4
    ],
    [
      4,
      4
    ],
    [
      5,
      4
    ],
    [
      6,
      4
    ]
  ],
  "event_edges": [
    {
      "type": "spatial",
      "from": [
        0,
        0
      ],
      "to": [
        1,
        0
      ],
      "weight": 7.522539801622545
    },
    {
      "type": "spatial",
      "from": [
        0,
        0
      ],
      "to": [
        2,
        0
      ],
      "weight": 3.1979579301212144
    },
    {
      "type": "spatial",
      "from": [
        0,
        0
      ],
      "to": [
        3,
        0
      ],
      "weight": 4.626221929901509
    },
    {
      "type": "spatial",
      "from": [
        0,
        0
      ],
      "to": [
        4,
        0
      ],
      "weight": 0.0
    },
    {
      "type": "spatial",
      "from": [
        0,
        0
      ],
      "to": [
        5,
        0
      ],
      "weight": 7.572616063718622
    },
    {
      "type": "spatial",
      "from": [
        0,
        0
      ],
      "to": [
        6,
        0
      ],
      "weight": 3.3191491268249544
    },
    {
      "type": "spatial",
      "from": [
        1,
        0
      ],
      "to": [
        2,
        0
      ],
      "weight": 10.408197648617742
    },
    {
      "type": "spatial",
      "from": [
        1,
        0
      ],
      "to": [
        3,
        0
      ],
      "weight": 12.073361884068655
    },
    {
      "type": "spatial",
      "from": [
        1,
        0
      ],
      "to": [
        4,
        0
      ],
      "weight": 7.522539801622545
    },
    {
      "type": "spatial",
      "from": [
        1,
        0
      ],
      "to": [
        5,
        0
      ],
      "weight": 0.05007626209607704
    },
    {
      "type": "spatial",
      "from": [
        1,
        0
      ],
      "to": [
        6,
        0
      ],
      "weight": 8.761639754070496
    },
    {
      "type": "spatial",
      "from": [
        2,
        0
      ],
      "to": [
        3,
        0
      ],
      "weight": 5.870787014869345
    },
    {
      "type": "spatial",
      "from": [
        2,
        0
      ],
      "to": [
        4,
        0
      ],
      "weight": 3.1979579301212144
    },
    {
      "type": "spatial",
      "from": [
        2,
        0
      ],
      "to": [
        5,
        0
      ],
      "weight": 10.45827391071382
    },
    {
      "type": "spatial",
      "from": [
        2,
        0
      ],
      "to": [
        6,
        0
      ],
      "weight": 2.5590648848711854
    },
    {
      "type": "spatial",
      "from": [
        3,
        0
      ],
      "to": [
        4,
        0
      ],
      "weight": 4.626221929901509
    },
    {
      "type": "spatial",
      "from": [
        3,
        0
      ],
      "to": [
        5,
        0
      ],
      "weight": 12.123438146164732
    },
    {
      "type": "spatial",
      "from": [
        3,
        0
      ],
      "to": [
        6,
        0
      ],
      "weight": 3.311722129998159
    },
    {
      "type": "spatial",
      "from": [
        4,
        0
      ],
      "to": [
        5,
        0
      ],
      "weight": 7.572616063718622
    },
    {
      "type": "spatial",
      "from": [
        4,
        0
      ],
      "to": [
        6,
        0
      ],
      "weight": 3.3191491268249544
    },
    {
      "type": "spatial",
      "from": [
        5,
        0
      ],
      "to": [
        6,
        0
      ],
      "weight": 8.811716016166573
    },
    {
      "type": "temporal",
      "from": [
        0,
        0
      ],
      "to": [
        0,
        1
      ],
      "weight": 1.0
    },
    {
      "type": "temporal",
      "from": [
        1,
        0
      ],
      "to": [
        1,
        1
      ],
      "weight": 1.0
    },
    {
      "type": "temporal",
      "from": [
        2,
        0
      ],
      "to": [
        2,
        1
      ],
      "weight": 1.0
    },
    {
      "type": "temporal",
      "from": [
        3,
        0
      ],
      "to": [
        3,
        1
      ],
      "weight": 1.0
    },
    {
      "type": "temporal",
      "from": [
        4,
        0
      ],
      "to": [
        4,
        1
      ],
      "weight": 1.0
    },
    {
      "type": "temporal",
      "from": [
        5,
        0
      ],
      "to": [
        5,
        1
      ],
      "weight": 1.0
    },
    {
      "type": "temporal",
      "from": [
        6,
        0
      ],
      "to": [
        6,
        1
      ],
      "weight": 1.0
    },
    {
      "type": "spatial",
      "from": [
        0,
        1
      ],
      "to": [
        1,
        1
      ],
      "weight": 4.517029053476207
    },
    {
      "type": "spatial",
      "from": [
        0,
        1
      ],
      "to": [
        2,
        1
      ],
      "weight": 1.801480917365086
    },
    {
      "type": "spatial",
      "from": [
        0,
        1
      ],
      "to": [
        3,
        1
      ],
      "weight": 5.484555716618855
    },
    {
      "type": "spatial",
      "from": [
        0,
        1
      ],
      "to": [
        4,
        1
      ],
      "weight": 4.264767899624537
    },
    {
      "type": "spatial",
      "from": [
        0,
        1
      ],
      "to": [
        5,
        1
      ],
      "weight": 6.266906271355394
    },
    {
      "type": "spatial",
      "from": [
        0,
        1
      ],
      "to": [
        6,
        1
      ],
      "weight": 3.1588304145465225
    },
    {
      "type": "spatial",
      "from": [
        1,
        1
      ],
      "to": [
        2,
        1
      ],
      "weight": 3.130657845382098
    },
    {
      "type": "spatial",
      "from": [
        1,
        1
      ],
      "to": [
        3,
        1
      ],
      "weight": 4.099033650272995
    },
    {
      "type": "spatial",
      "from": [
        1,
        1
      ],
      "to": [
        4,
        1
      ],
      "weight": 5.1966594021135
    },
    {
      "type": "spatial",
      "from": [
        1,
        1
      ],
      "to": [
        5,
        1
      ],
      "weight": 6.710422728790713
    },
    {
      "type": "spatial",
      "from": [
        1,
        1
      ],
      "to": [
        6,
        1
      ],
      "weight": 1.7733083482006617
    },
    {
      "type": "spatial",
      "from": [
        2,
        1
      ],
      "to": [
        3,
        1
      ],
      "weight": 3.6830747992537693
    },
    {
      "type": "spatial",
      "from": [
        2,
        1
      ],
      "to": [
        4,
        1
      ],
      "weight": 5.752597525350333
    },
    {
      "type": "spatial",
      "from": [
        2,
        1
      ],
      "to": [
        5,
        1
      ],
      "weight": 5.351416147757107
    },
    {
      "type": "spatial",
      "from": [
        2,
        1
      ],
      "to": [
        6,
        1
      ],
      "weight": 1.3573494971814364
    },
    {
      "type": "spatial",
      "from": [
        3,
        1
      ],
      "to": [
        4,
        1
      ],
      "weight": 3.59386154908605
    },
    {
      "type": "spatial",
      "from": [
        3,
        1
      ],
      "to": [
        5,
        1
      ],
      "weight": 5.595999920816906
    },
    {
      "type": "spatial",
      "from": [
        3,
        1
      ],
      "to": [
        6,
        1
      ],
      "weight": 2.325725302072333
    },
    {
      "type": "spatial",
      "from": [
        4,
        1
      ],
      "to": [
        5,
        1
      ],
      "weight": 2.0021383717308567
    },
    {
      "type": "spatial",
      "from": [
        4,
        1
      ],
      "to": [
        6,
        1
      ],
      "weight": 4.42507972821751
    },
    {
      "type": "spatial",
      "from": [
        5,
        1
      ],
      "to": [
        6,
        1
      ],
      "weight": 6.427218099948366
    },
    {
      "type": "temporal",
      "from": [
        0,
        1
      ],
      "to": [
        0,
        2
      ],
      "weight": 1.0
    },
    {
      "type": "temporal",
      "from": [
        1,
        1
      ],
      "to": [
        1,
        2
      ],
      "weight": 1.0
    },
    {
      "type": "temporal",
      "from": [
        2,
        1
      ],
      "to": [
        2,
        2
      ],
      "weight": 1.0
    },
    {
      "type": "temporal",
      "from": [
        3,
        1
      ],
      "to": [
        3,
        2
      ],
      "weight": 1.0
    },
    {
      "type": "temporal",
      "from": [
        4,
        1
      ],
      "to": [
        4,
        2
      ],
      "weight": 1.0
    },
    {
      "type": "temporal",
      "from": [
        5,
        1
      ],
      "to": [
        5,
        2
      ],
      "weight": 1.0
    },
    {
      "type": "temporal",
      "from": [
        6,
        1
      ],
      "to": [
        6,
        2
      ],
      "weight": 1.0
    },
    {
      "type": "spatial",
      "from": [
        0,
        2
      ],
      "to": [
        1,
        2
      ],
      "weight": 4.241880019816044
    },
    {
      "type": "spatial",
      "from": [
        0,
        2
      ],
      "to": [
        2,
        2
      ],
      "weight": 3.05748346199606
    },
    {
      "type": "spatial",
      "from": [
        0,
        2
      ],
      "to": [
        3,
        2
      ],
      "weight": 5.10606425457524
    },
    {
      "type": "spatial",
      "from": [
        0,
        2
      ],
      "to": [
        4,
        2
      ],
      "weight": 4.353537002275414
    },
    {
      "type": "spatial",
      "from": [
        0,
        2
      ],
      "to": [
        5,
        2
      ],
      "weight": 6.452368424665699
    },
    {
      "type": "spatial",
      "from": [
        0,
        2
      ],
      "to": [
        6,
        2
      ],
      "weight": 3.3921564035957856
    },
    {
      "type": "spatial",
      "from": [
        1,
        2
      ],
      "to": [
        2,
        2
      ],
      "weight": 1.1843965578199835
    },
    {
      "type": "spatial",
      "from": [
        1,
        2
      ],
      "to": [
        3,
        2
      ],
      "weight": 3.2329773503991635
    },
    {
      "type": "spatial",
      "from": [
        1,
        2
      ],
      "to": [
        4,
        2
      ],
      "weight": 5.660111814205119
    },
    {
      "type": "spatial",
      "from": [
        1,
        2
      ],
      "to": [
        5,
        2
      ],
      "weight": 6.73962073127762
    },
    {
      "type": "spatial",
      "from": [
        1,
        2
      ],
      "to": [
        6,
        2
      ],
      "weight": 3.6794087102077073
    },
    {
      "type": "spatial",
      "from": [
        2,
        2
      ],
      "to": [
        3,
        2
      ],
      "weight": 2.04858079257918
    },
    {
      "type": "spatial",
      "from": [
        2,
        2
      ],
      "to": [
        4,
        2
      ],
      "weight": 6.091782220125724
    },
    {
      "type": "spatial",
      "from": [
        2,
        2
      ],
      "to": [
        5,
        2
      ],
      "weight": 7.54330408395697
    },
    {
      "type": "spatial",
      "from": [
        2,
        2
      ],
      "to": [
        6,
        2
      ],
      "weight": 4.483092062887057
    },
    {
      "type": "spatial",
      "from": [
        3,
        2
      ],
      "to": [
        4,
        2
      ],
      "weight": 4.043201427546544
    },
    {
      "type": "spatial",
      "from": [
        3,
        2
      ],
      "to": [
        5,
        2
      ],
      "weight": 6.720601623389718
    },
    {
      "type": "spatial",
      "from": [
        3,
        2
      ],
      "to": [
        6,
        2
      ],
      "weight": 5.621073109218611
    },
    {
      "type": "spatial",
      "from": [
        4,
        2
      ],
      "to": [
        5,
        2
      ],
      "weight": 2.677400195843174
    },
    {
      "type": "spatial",
      "from": [
        4,
        2
      ],
      "to": [
        6,
        2
      ],
      "weight": 3.0710857298650724
    },
    {
      "type": "spatial",
      "from": [
        5,
        2
      ],
      "to": [
        6,
        2
      ],
      "weight": 3.0602120210699133
    },
    {
      "type": "temporal",
      "from": [
        0,
        2
      ],
      "to": [
        0,
        3
      ],
      "weight": 1.0
    },
    {
      "type": "temporal",
      "from": [
        1,
        2
      ],
      "to": [
        1,
        3
      ],
      "weight": 1.0
    },
    {
      "type": "temporal",
      "from": [
        2,
        2
      ],
      "to": [
        2,
        3
      ],
      "weight": 1.0
    },
    {
      "type": "temporal",
      "from": [
        3,
        2
      ],
      "to": [
        3,
        3
      ],
      "weight": 1.0
    },
    {
      "type": "temporal",
      "from": [
        4,
        2
      ],
      "to": [
        4,
        3
      ],
      "weight": 1.0
    },
    {
      "type": "temporal",
      "from": [
        5,
        2
      ],
      "to": [
        5,
        3
      ],
      "weight": 1.0
    },
    {
      "type": "temporal",
      "from": [
        6,
        2
      ],
      "to": [
        6,
        3
      ],
      "weight": 1.0
    },
    {
      "type": "spatial",
      "from": [
        0,
        3
      ],
      "to": [
        1,
        3
      ],
      "weight": 2.5574074780842615
    },
    {
      "type": "spatial",
      "from": [
        0,
        3
      ],
      "to": [
        2,
        3
      ],
      "weight": 1.3013737768345286
    },
    {
      "type": "spatial",
      "from": [
        0,
        3
      ],
      "to": [
        3,
        3
      ],
      "weight": 3.9543248052233952
    },
    {
      "type": "spatial",
      "from": [
        0,
        3
      ],
      "to": [
        4,
        3
      ],
      "weight": 2.2253504416167726
    },
    {
      "type": "spatial",
      "from": [
        0,
        3
      ],
      "to": [
        5,
        3
      ],
      "weight": 5.472544023632787
    },
    {
      "type": "spatial",
      "from": [
        0,
        3
      ],
      "to": [
        6,
        3
      ],
      "weight": 3.8135346229787
    },
    {
      "type": "spatial",
      "from": [
        1,
        3
      ],
      "to": [
        2,
        3
      ],
      "weight": 1.2560337012497327
    },
    {
      "type": "spatial",
      "from": [
        1,
        3
      ],
      "to": [
        3,
        3
      ],
      "weight": 6.511732283307656
    },
    {
      "type": "spatial",
      "from": [
        1,
        3
      ],
      "to": [
        4,
        3
      ],
      "weight": 4.782757919701034
    },
    {
      "type": "spatial",
      "from": [
        1,
        3
      ],
      "to": [
        5,
        3
      ],
      "weight": 5.580746638336126
    },
    {
      "type": "spatial",
      "from": [
        1,
        3
      ],
      "to": [
        6,
        3
      ],
      "weight": 4.444188084031064
    },
    {
      "type": "spatial",
      "from": [
        2,
        3
      ],
      "to": [
        3,
        3
      ],
      "weight": 5.255698582057923
    },
    {
      "type": "spatial",
      "from": [
        2,
        3
      ],
      "to": [
        4,
        3
      ],
      "weight": 3.5267242184513012
    },
    {
      "type": "spatial",
      "from": [
        2,
        3
      ],
      "to": [
        5,
        3
      ],
      "weight": 5.873128658995322
    },
    {
      "type": "spatial",
      "from": [
        2,
        3
      ],
      "to": [
        6,
        3
      ],
      "weight": 5.1149083998132285
    },
    {
      "type": "spatial",
      "from": [
        3,
        3
      ],
      "to": [
        4,
        3
      ],
      "weight": 1.7289743636066224
    },
    {
      "type": "spatial",
      "from": [
        3,
        3
      ],
      "to": [
        5,
        3
      ],
      "weight": 4.976167945622636
    },
    {
      "type": "spatial",
      "from": [
        3,
        3
      ],
      "to": [
        6,
        3
      ],
      "weight": 3.3171585449685494
    },
    {
      "type": "spatial",
      "from": [
        4,
        3
      ],
      "to": [
        5,
        3
      ],
      "weight": 3.2471935820160143
    },
    {
      "type": "spatial",
      "from": [
        4,
        3
      ],
      "to": [
        6,
        3
      ],
      "weight": 1.5881841813619273
    },
    {
      "type": "spatial",
      "from": [
        5,
        3
      ],
      "to": [
        6,
        3
      ],
      "weight": 1.6590094006540872
    },
    {
      "type": "temporal",
      "from": [
        0,
        3
      ],
      "to": [
        0,
        4
      ],
      "weight": 1.0
    },
    {
      "type": "temporal",
      "from": [
        1,
        3
      ],
      "to": [
        1,
        4
      ],
      "weight": 1.0
    },
    {
      "type": "temporal",
      "from": [
        2,
        3
      ],
      "to": [
        2,
        4
      ],
      "weight": 1.0
    },
    {
      "type": "temporal",
      "from": [
        3,
        3
      ],
      "to": [
        3,
        4
      ],
      "weight": 1.0
    },
    {
      "type": "temporal",
      "from": [
        4,
        3
      ],
      "to": [
        4,
        4
      ],
      "weight": 1.0
    },
    {
      "type": "temporal",
      "from": [
        5,
        3
      ],
      "to": [
        5,
        4
      ],
      "weight": 1.0
    },
    {
      "type": "temporal",
      "from": [
        6,
        3
      ],
      "to": [
        6,
        4
      ],
      "weight": 1.0
    },
    {
      "type": "spatial",
      "from": [
        0,
        4
      ],
      "to": [
        1,
        4
      ],
      "weight": 2.599648924965554
    },
    {
      "type": "spatial",
      "from": [
        0,
        4
      ],
      "to": [
        2,
        4
      ],
      "weight": 1.2232306167312963
    },
    {
      "type": "spatial",
      "from": [
        0,
        4
      ],
      "to": [
        3,
        4
      ],
      "weight": 4.027720457307216
    },
    {
      "type": "spatial",
      "from": [
        0,
        4
      ],
      "to": [
        4,
        4
      ],
      "weight": 2.243215985257812
    },
    {
      "type": "spatial",
      "from": [
        0,
        4
      ],
      "to": [
        5,
        4
      ],
      "weight": 7.187049638216033
    },
    {
      "type": "spatial",
      "from": [
        0,
        4
      ],
      "to": [
        6,
        4
      ],
      "weight": 3.7848258083950927
    },
    {
      "type": "spatial",
      "from": [
        1,
        4
      ],
      "to": [
        2,
        4
      ],
      "weight": 1.3764183082342576
    },
    {
      "type": "spatial",
      "from": [
        1,
        4
      ],
      "to": [
        3,
        4
      ],
      "weight": 5.874865968780979
    },
    {
      "type": "spatial",
      "from": [
        1,
        4
      ],
      "to": [
        4,
        4
      ],
      "weight": 3.6673585714615733
    },
    {
      "type": "spatial",
      "from": [
        1,
        4
      ],
      "to": [
        5,
        4
      ],
      "weight": 5.636083916680523
    },
    {
      "type": "spatial",
      "from": [
        1,
        4
      ],
      "to": [
        6,
        4
      ],
      "weight": 2.991363773436306
    },
    {
      "type": "spatial",
      "from": [
        2,
        4
      ],
      "to": [
        3,
        4
      ],
      "weight": 5.250951074038512
    },
    {
      "type": "spatial",
      "from": [
        2,
        4
      ],
      "to": [
        4,
        4
      ],
      "weight": 3.4664466019891083
    },
    {
      "type": "spatial",
      "from": [
        2,
        4
      ],
      "to": [
        5,
        4
      ],
      "weight": 5.963819021484737
    },
    {
      "type": "spatial",
      "from": [
        2,
        4
      ],
      "to": [
        6,
        4
      ],
      "weight": 4.367782081670564
    },
    {
      "type": "spatial",
      "from": [
        3,
        4
      ],
      "to": [
        4,
        4
      ],
      "weight": 2.207507397319406
    },
    {
      "type": "spatial",
      "from": [
        3,
        4
      ],
      "to": [
        5,
        4
      ],
      "weight": 7.561621420314212
    },
    {
      "type": "spatial",
      "from": [
        3,
        4
      ],
      "to": [
        6,
        4
      ],
      "weight": 3.7491172204566867
    },
    {
      "type": "spatial",
      "from": [
        4,
        4
      ],
      "to": [
        5,
        4
      ],
      "weight": 5.354114022994806
    },
    {
      "type": "spatial",
      "from": [
        4,
        4
      ],
      "to": [
        6,
        4
      ],
      "weight": 1.541609823137281
    },
    {
      "type": "spatial",
      "from": [
        5,
        4
      ],
      "to": [
        6,
        4
      ],
      "weight": 3.812504199857525
    }
  ],
  "lorentzian_dissimilarity": [
    [
      0.0,
      56.58860506699536,
      10.226934922825162,
      21.401929344701642,
      0.0,
      57.34451404848932,
      11.016750926102857,
      -1.0,
      55.58860506699536,
      9.226934922825162,
      20.401929344701642,
      -1.0,
      56.34451404848932,
      10.016750926102857,
      -4.0,
      52.58860506699536,
      6.226934922825162,
      17.401929344701642,
      -4.0,
      53.34451404848932,
      7.016750926102857,
      -9.0,
      47.58860506699536,
      1.226934922825162,
      12.401929344701642,
      -9.0,
