{
  "spec": {
    "num_qubits": 7,
    "topology": "triangulated",
    "custom_edges": "0-1:1.0000,0-2:0.8479,0-3:1.0000,0-4:1.0000,0-5:0.7424,0-6:0.7424,1-2:1.0000,1-3:1.0000,1-4:0.4836,1-5:1.0000,1-6:0.4902,2-3:0.4877,2-4:1.0000,2-5:0.0500,2-6:0.0500,3-4:0.3815,3-5:0.0500,3-6:1.0000,4-5:0.0500,4-6:0.0500,5-6:1.0000",
    "alpha": 0.8,
    "weight": 1.0,
    "gamma": 0.3,
    "sigma": null,
    "init_angle": 0.0,
    "init_angles": null,
    "shots": 2000,
    "device": "ibm_brisbane",
    "geometry": "hyperbolic",
    "curvature": 11.0,
    "timesteps": 4,
    "dimension": 2,
    "mass_hinge": null,
    "mass_value": 0.0,
    "solve_regge": true,
    "lorentzian": true,
    "excite": false,
    "fast": false,
    "strong_curvature": false,
    "regulator_sigma": 0.05,
    "regulator_alpha": 1.2,
    "regulator_floor": 0.0001,
    "add_jitter": true,
    "charge_injection": true,
    "charge_strength": 0.1,
    "charge_location": 3,
    "spin_injection": false,
    "spin_strength": 1.0,
    "spin_location": 3
  },
  "uid": "AJI0Y6",
  "job_tracking": {
    "job_ids_per_timestep": [
      "d20n6hdofqqs73dbth40",
      "d20n6jrni11c73fcrsrg",
      "d20n6lrni11c73fcrstg",
      "d20n6nc3s4ss73clasb0"
    ],
    "device": "ibm_brisbane",
    "total_jobs": 4,
    "job_status": "completed"
  },
  "lorentzian_solution": {
    "stationary_edge_lengths": [
      0.0010000000000000009,
      0.0010000000000000009,
      0.0010000000000000009,
      3.324851883969462,
      0.0010000000000000009,
      0.0010000000000000009,
      0.0010000000000000009,
      0.0010000000000318643,
      0.3927684281797696,
      0.0010000000000000009,
      0.0010000000000000009,
      0.0010000000000000009,
      0.0010000000000000009,
      0.0010000000000000009,
      0.0010000000000000009,
      0.0010000000000000009,
      0.0010000000000000009,
      0.0010000000000229825,
      0.0010000000000000009,
      0.0010000000000000009,
      0.0010000000000000009,
      0.0010000000000000009,
      0.0010000000000000009,
      0.0010000000000000009,
      0.08405973940682987,
      0.0010000000000000009,
      0.62371905858141,
      0.0010000000000000009,
      0.0010000000000000009,
      0.0010000000000000009,
      0.4176220846383327,
      0.0010000000000000009,
      0.0010000000000000009,
      0.0010000000000000009,
      1.3172896695766567,
      0.0010000000000000009,
      1.1225555123285238,
      4.077501598646559,
      0.0010000000000000009,
      0.0010000000000000009,
      0.0010000000000000009,
      0.001000000000085266,
      7.757917049098907,
      0.0010000000000441878,
      0.0010000000000000009,
      1.6505208681039782,
      0.0010000000000000009,
      0.0010000000001518794,
      5.386533786736847,
      1.2043341609177787,
      0.0010000000000000009,
      0.0010000000000000009,
      13.078478379842217,
      2.433300384520571,
      0.0010000000000000009,
      0.0010000000000000009,
      0.0010000000000000009,
      0.0010000000000000009,
      0.0010000000003252962,
      1.2523683256521125,
      0.0010000000000000009,
      0.0010000000000000009,
      0.001000000000408896,
      2.2827728393628295,
      0.0010000000000000009,
      0.0010000000000000009,
      0.0010000000003856924,
      0.0010000000003723142,
      0.0010000000000000009,
      0.0010000000000000009,
      0.0010000000001240683,
      0.0010000000000000009,
      0.8101676506976381,
      0.8431565707973219,
      0.8125716742746938,
      1.0545641645055122,
      0.9257423924305307,
      1.003428276465881,
      1.1630265895704373,
      0.89971689165955,
      0.9641531692142519,
      1.1022204554172195,
      0.891519266196649,
      0.8307919639315172,
      0.9159005811655072,
      0.8644885149016018,
      1.1718790609370293,
      1.1232481518257669,
      1.0533615026041694,
      1.148584236075087,
      1.1214688307596457,
      0.8746280235544144,
      1.1570235993959912
    ],
    "stationary_action": 9.281192104676284e-11,
    "all_edges": [
      [
        [
          0,
          0
        ],
        [
          1,
          0
        ]
      ],
      [
        [
          0,
          0
        ],
        [
          6,
          0
        ]
      ],
      [
        [
          0,
          0
        ],
        [
          2,
          0
        ]
      ],
      [
        [
          0,
          0
        ],
        [
          3,
          0
        ]
      ],
      [
        [
          0,
          0
        ],
        [
          4,
          0
        ]
      ],
      [
        [
          1,
          0
        ],
        [
          2,
          0
        ]
      ],
      [
        [
          1,
          0
        ],
        [
          6,
          0
        ]
      ],
      [
        [
          1,
          0
        ],
        [
          4,
          0
        ]
      ],
      [
        [
          1,
          0
        ],
        [
          5,
          0
        ]
      ],
      [
        [
          2,
          0
        ],
        [
          3,
          0
        ]
      ],
      [
        [
          2,
          0
        ],
        [
          4,
          0
        ]
      ],
      [
        [
          2,
          0
        ],
        [
          5,
          0
        ]
      ],
      [
        [
          2,
          0
        ],
        [
          6,
          0
        ]
      ],
      [
        [
          3,
          0
        ],
        [
          4,
          0
        ]
      ],
      [
        [
          3,
          0
        ],
        [
          6,
          0
        ]
      ],
      [
        [
          4,
          0
        ],
        [
          5,
          0
        ]
      ],
      [
        [
          4,
          0
        ],
        [
          6,
          0
        ]
      ],
      [
        [
          5,
          0
        ],
        [
          6,
          0
        ]
      ],
      [
        [
          0,
          1
        ],
        [
          1,
          1
        ]
      ],
      [
        [
          0,
          1
        ],
        [
          6,
          1
        ]
      ],
      [
        [
          0,
          1
        ],
        [
          2,
          1
        ]
      ],
      [
        [
          0,
          1
        ],
        [
          3,
          1
        ]
      ],
      [
        [
          0,
          1
        ],
        [
          4,
          1
        ]
      ],
      [
        [
          1,
          1
        ],
        [
          2,
          1
        ]
      ],
      [
        [
          1,
          1
        ],
        [
          6,
          1
        ]
      ],
      [
        [
          1,
          1
        ],
        [
          4,
          1
        ]
      ],
      [
        [
          1,
          1
        ],
        [
          5,
          1
        ]
      ],
      [
        [
          2,
          1
        ],
        [
          3,
          1
        ]
      ],
      [
        [
          2,
          1
        ],
        [
          4,
          1
        ]
      ],
      [
        [
          2,
          1
        ],
        [
          5,
          1
        ]
      ],
      [
        [
          2,
          1
        ],
        [
          6,
          1
        ]
      ],
      [
        [
          3,
          1
        ],
        [
          4,
          1
        ]
      ],
      [
        [
          3,
          1
        ],
        [
          6,
          1
        ]
      ],
      [
        [
          4,
          1
        ],
        [
          5,
          1
        ]
      ],
      [
        [
          4,
          1
        ],
        [
          6,
          1
        ]
      ],
      [
        [
          5,
          1
        ],
        [
          6,
          1
        ]
      ],
      [
        [
          0,
          2
        ],
        [
          1,
          2
        ]
      ],
      [
        [
          0,
          2
        ],
        [
          6,
          2
        ]
      ],
      [
        [
          0,
          2
        ],
        [
          2,
          2
        ]
      ],
      [
        [
          0,
          2
        ],
        [
          3,
          2
        ]
      ],
      [
        [
          0,
          2
        ],
        [
          4,
          2
        ]
      ],
      [
        [
          1,
          2
        ],
        [
          2,
          2
        ]
      ],
      [
        [
          1,
          2
        ],
        [
          6,
          2
        ]
      ],
      [
        [
          1,
          2
        ],
        [
          4,
          2
        ]
      ],
      [
        [
          1,
          2
        ],
        [
          5,
          2
        ]
      ],
      [
        [
          2,
          2
        ],
        [
          3,
          2
        ]
      ],
      [
        [
          2,
          2
        ],
        [
          4,
          2
        ]
      ],
      [
        [
          2,
          2
        ],
        [
          5,
          2
        ]
      ],
      [
        [
          2,
          2
        ],
        [
          6,
          2
        ]
      ],
      [
        [
          3,
          2
        ],
        [
          4,
          2
        ]
      ],
      [
        [
          3,
          2
        ],
        [
          6,
          2
        ]
      ],
      [
        [
          4,
          2
        ],
        [
          5,
          2
        ]
      ],
      [
        [
          4,
          2
        ],
        [
          6,
          2
        ]
      ],
      [
        [
          5,
          2
        ],
        [
          6,
          2
        ]
      ],
      [
        [
          0,
          3
        ],
        [
          1,
          3
        ]
      ],
      [
        [
          0,
          3
        ],
        [
          6,
          3
        ]
      ],
      [
        [
          0,
          3
        ],
        [
          2,
          3
        ]
      ],
      [
        [
          0,
          3
        ],
        [
          3,
          3
        ]
      ],
      [
        [
          0,
          3
        ],
        [
          4,
          3
        ]
      ],
      [
        [
          1,
          3
        ],
        [
          2,
          3
        ]
      ],
      [
        [
          1,
          3
        ],
        [
          6,
          3
        ]
      ],
      [
        [
          1,
          3
        ],
        [
          4,
          3
        ]
      ],
      [
        [
          1,
          3
        ],
        [
          5,
          3
        ]
      ],
      [
        [
          2,
          3
        ],
        [
          3,
          3
        ]
      ],
      [
        [
          2,
          3
        ],
        [
          4,
          3
        ]
      ],
      [
        [
          2,
          3
        ],
        [
          5,
          3
        ]
      ],
      [
        [
          2,
          3
        ],
        [
          6,
          3
        ]
      ],
      [
        [
          3,
          3
        ],
        [
          4,
          3
        ]
      ],
      [
        [
          3,
          3
        ],
        [
          6,
          3
        ]
      ],
      [
        [
          4,
          3
        ],
        [
          5,
          3
        ]
      ],
      [
        [
          4,
          3
        ],
        [
          6,
          3
        ]
      ],
      [
        [
          5,
          3
        ],
        [
          6,
          3
        ]
      ],
      [
        [
          0,
          0
        ],
        [
          0,
          1
        ]
      ],
      [
        [
          1,
          0
        ],
        [
          1,
          1
        ]
      ],
      [
        [
          2,
          0
        ],
        [
          2,
          1
        ]
      ],
      [
        [
          3,
          0
        ],
        [
          3,
          1
        ]
      ],
      [
        [
          4,
          0
        ],
        [
          4,
          1
        ]
      ],
      [
        [
          5,
          0
        ],
        [
          5,
          1
        ]
      ],
      [
        [
          6,
          0
        ],
        [
          6,
          1
        ]
      ],
      [
        [
          0,
          1
        ],
        [
          0,
          2
        ]
      ],
      [
        [
          1,
          1
        ],
        [
          1,
          2
        ]
      ],
      [
        [
          2,
          1
        ],
        [
          2,
          2
        ]
      ],
      [
        [
          3,
          1
        ],
        [
          3,
          2
        ]
      ],
      [
        [
          4,
          1
        ],
        [
          4,
          2
        ]
      ],
      [
        [
          5,
          1
        ],
        [
          5,
          2
        ]
      ],
      [
        [
          6,
          1
        ],
        [
          6,
          2
        ]
      ],
      [
        [
          0,
          2
        ],
        [
          0,
          3
        ]
      ],
      [
        [
          1,
          2
        ],
        [
          1,
          3
        ]
      ],
      [
        [
          2,
          2
        ],
        [
          2,
          3
        ]
      ],
      [
        [
          3,
          2
        ],
        [
          3,
          3
        ]
      ],
      [
        [
          4,
          2
        ],
        [
          4,
          3
        ]
      ],
      [
        [
          5,
          2
        ],
        [
          5,
          3
        ]
      ],
      [
        [
          6,
          2
        ],
        [
          6,
          3
        ]
      ]
    ]
  },
  "counts_per_timestep": [
    {
      "0101000": 36,
      "0111011": 31,
      "0011011": 12,
      "1011011": 8,
      "0111110": 32,
      "0010110": 19,
      "1001010": 14,
      "0001000": 20,
      "0110010": 28,
      "1111000": 20,
      "1010110": 9,
      "0010010": 27,
      "1110101": 5,
      "0101011": 17,
      "0011100": 24,
      "0111000": 30,
      "1000000": 17,
      "0001100": 34,
      "0100100": 22,
      "1111101": 8,
      "1100111": 15,
      "0101001": 10,
      "1111110": 17,
      "0011110": 29,
      "0010111": 15,
      "1011110": 9,
      "1101001": 9,
      "0001110": 40,
      "0011111": 18,
      "1100000": 8,
      "0100111": 15,
      "0000111": 15,
      "0000110": 18,
      "0011000": 26,
      "1110010": 12,
      "0010011": 17,
      "0100010": 27,
      "0110001": 14,
      "1101000": 14,
      "1111010": 22,
      "1010010": 16,
      "0000010": 18,
      "1000110": 8,
      "0100110": 22,
      "1100101": 7,
      "1000101": 6,
      "1111100": 15,
      "0010000": 27,
      "1110100": 10,
      "0110100": 20,
      "0100000": 28,
      "0101100": 35,
      "0000001": 11,
      "0111100": 39,
      "1010100": 9,
      "1010001": 9,
      "1001110": 9,
      "1111001": 10,
      "0000000": 33,
      "1100010": 10,
      "1001001": 10,
      "1101010": 20,
      "0010100": 24,
      "0001011": 25,
      "0000011": 12,
      "0010101": 16,
      "0111010": 21,
      "1001100": 15,
      "1110011": 16,
      "1000010": 12,
      "1101011": 9,
      "1000011": 13,
      "1110001": 11,
      "0101110": 25,
      "0011001": 11,
      "1010000": 12,
      "0110000": 17,
      "0000100": 22,
      "1110000": 15,
      "1101101": 8,
      "1001011": 6,
      "0101111": 12,
      "0001010": 28,
      "0111111": 19,
      "0110101": 24,
      "0110111": 17,
      "0111101": 23,
      "1011111": 11,
      "1001000": 9,
      "0011010": 23,
      "0001001": 12,
      "1100011": 8,
      "0000101": 14,
      "1111011": 8,
      "1111111": 11,
      "1100100": 7,
      "1101110": 17,
      "0101101": 15,
      "1011001": 9,
      "0101010": 28,
      "0001111": 14,
      "1001111": 4,
      "0100011": 14,
      "0001101": 8,
      "1010111": 9,
      "1001101": 10,
      "1011010": 10,
      "0100001": 13,
      "1011100": 15,
      "0110011": 15,
      "0010001": 15,
      "0011101": 10,
      "1101100": 11,
      "1011101": 10,
      "0111001": 15,
      "0110110": 18,
      "1010101": 3,
      "0100101": 14,
      "1000111": 5,
      "1100110": 11,
      "1000100": 11,
      "1010011": 8,
      "1110111": 6,
      "1101111": 7,
      "1000001": 6,
      "1110110": 11,
      "1011000": 4,
      "1100001": 3
    },
    {
      "1101001": 13,
      "0100000": 11,
      "0111000": 12,
      "1110010": 11,
      "0010110": 26,
      "1001000": 16,
      "1100000": 19,
      "1110111": 19,
      "0001001": 12,
      "0011011": 22,
      "1101100": 11,
      "1000000": 13,
      "0011001": 17,
      "0100100": 12,
      "0111010": 21,
      "1100001": 16,
      "1111010": 4,
      "0010010": 23,
      "0000000": 9,
      "1111110": 13,
      "0000111": 20,
      "0110001": 16,
      "1000011": 20,
      "0010000": 25,
      "0000110": 23,
      "1001001": 10,
      "1011011": 20,
      "1010010": 32,
      "1010100": 20,
      "0011000": 18,
      "1001101": 16,
      "0011110": 24,
      "0110110": 18,
      "0011111": 25,
      "1011001": 21,
      "0001110": 22,
      "1110011": 15,
      "0001100": 13,
      "1011100": 17,
      "1001111": 16,
      "0010001": 9,
      "0110010": 24,
      "1100011": 28,
      "0000001": 13,
      "1101101": 12,
      "1111111": 19,
      "0110111": 20,
      "0010011": 16,
      "0010111": 22,
      "1010111": 22,
      "1100111": 18,
      "1010101": 22,
      "0101010": 11,
      "0111100": 15,
      "0110101": 19,
      "1000101": 13,
      "1110001": 17,
      "0110100": 10,
      "0100011": 16,
      "0000010": 13,
      "0011010": 16,
      "0101011": 20,
      "1110101": 15,
      "1101010": 12,
      "0010101": 16,
      "0001111": 12,
      "0001011": 18,
      "0101100": 15,
      "0101001": 14,
      "0111101": 10,
      "1011111": 12,
      "1000110": 28,
      "1000010": 15,
      "0000101": 15,
      "0111111": 15,
      "1100101": 17,
      "1110100": 9,
      "0110000": 19,
      "1011101": 6,
      "0000011": 22,
      "1000100": 9,
      "0111001": 16,
      "1110000": 13,
      "0100110": 20,
      "1111001": 10,
      "1010000": 19,
      "1100100": 15,
      "1111000": 14,
      "1010110": 17,
      "0101101": 11,
      "1000001": 12,
      "0101111": 25,
      "1001011": 13,
      "1001100": 14,
      "0101000": 9,
      "0100010": 13,
      "1011110": 17,
      "1100010": 15,
      "0000100": 18,
      "1001010": 18,
      "1101011": 8,
      "1101110": 14,
      "0110011": 12,
      "1101000": 11,
      "0011101": 18,
      "0011100": 19,
      "0001010": 20,
      "1001110": 15,
      "0001000": 8,
      "1101111": 9,
      "0111110": 16,
      "1010011": 25,
      "1111011": 19,
      "1011000": 19,
      "1111101": 13,
      "0010100": 11,
      "1111100": 7,
      "0100111": 16,
      "0111011": 13,
      "0001101": 14,
      "0101110": 9,
      "1100110": 9,
      "1010001": 8,
      "1110110": 12,
      "1000111": 8,
      "0100101": 10,
      "1011010": 12,
      "0100001": 11
    },
    {
      "1101011": 14,
      "1100100": 22,
      "1000000": 18,
      "0010110": 20,
      "1101100": 19,
      "0100110": 19,
      "1111111": 15,
      "1001110": 21,
      "0100001": 15,
      "0010000": 20,
      "1100010": 21,
      "0000011": 10,
      "0001111": 12,
      "1100000": 14,
      "0110010": 15,
      "0100111": 9,
      "0110110": 21,
      "0111111": 13,
      "0110101": 8,
      "1110000": 18,
      "1111011": 21,
      "1010010": 21,
      "0010011": 26,
      "0011000": 17,
      "1011010": 20,
      "1011101": 13,
      "0001011": 10,
      "0000000": 26,
      "1100101": 10,
      "1100110": 16,
      "0111110": 23,
      "1000110": 12,
      "1001000": 21,
      "1110010": 15,
      "0101001": 17,
      "0011100": 25,
      "1000100": 18,
      "1111101": 16,
      "1110101": 15,
      "1101000": 13,
      "0010101": 19,
      "0110100": 13,
      "1100001": 10,
      "0111010": 30,
      "1010001": 19,
      "1101010": 16,
      "1001011": 18,
      "1011111": 17,
      "1111110": 15,
      "1000111": 16,
      "0000010": 20,
      "0000100": 19,
      "0010001": 13,
      "1010000": 13,
      "1001010": 19,
      "1110100": 26,
      "0101100": 21,
      "0101010": 24,
      "1101101": 16,
      "0011101": 15,
      "0100010": 19,
      "0100100": 17,
      "1010100": 21,
      "0011010": 24,
      "0111000": 23,
      "1110111": 11,
      "0110000": 14,
      "1000001": 11,
      "1001001": 13,
      "1001111": 19,
      "0111001": 16,
      "0001000": 17,
      "0101011": 9,
      "0101110": 13,
      "1011110": 20,
      "1110110": 25,
      "0011110": 17,
      "0001110": 12,
      "0011001": 15,
      "1011000": 24,
      "1001101": 17,
      "1100011": 13,
      "0000111": 6,
      "1100111": 12,
      "0010100": 18,
      "0011011": 9,
      "0010010": 11,
      "1011100": 22,
      "1000010": 13,
      "1010111": 9,
      "0001010": 13,
      "0100101": 9,
      "0101000": 15,
      "0101101": 15,
      "0100000": 13,
      "0110111": 12,
      "1110011": 14,
      "0001001": 10,
      "0111100": 25,
      "1101110": 18,
      "0000110": 17,
      "1010110": 24,
      "1010011": 9,
      "1111100": 18,
      "0100011": 6,
      "0001101": 14,
      "1111000": 19,
      "1111001": 10,
      "1111010": 18,
      "1011001": 20,
      "0111011": 12,
      "1101001": 12,
      "0010111": 16,
      "0001100": 22,
      "1011011": 12,
      "1001100": 14,
      "0110011": 11,
      "0101111": 7,
      "0111101": 9,
      "1110001": 15,
      "0000001": 9,
      "1000011": 8,
      "1101111": 10,
      "0000101": 6,
      "1010101": 7,
      "0011111": 6,
      "1000101": 9,
      "0110001": 8
    },
    {
      "1000101": 13,
      "0011000": 15,
      "0100010": 19,
      "0001100": 17,
      "1011010": 18,
      "1011001": 10,
      "0001010": 22,
      "1000000": 17,
      "1110110": 23,
      "0000000": 14,
      "0100111": 19,
      "0101011": 12,
      "0000110": 25,
      "0110001": 17,
      "0001110": 17,
      "0001111": 27,
      "1000011": 20,
      "0110111": 25,
      "1101110": 13,
      "0000010": 21,
      "0001011": 16,
      "1001010": 15,
      "0111110": 19,
      "0011010": 15,
      "0110110": 18,
      "0100100": 7,
      "0010111": 13,
      "0110010": 19,
      "0010110": 20,
      "1110101": 20,
      "1010111": 15,
      "0101100": 15,
      "1010000": 15,
      "1011101": 16,
      "0011101": 18,
      "0010001": 24,
      "0111100": 18,
      "0101001": 18,
      "1010100": 10,
      "1111011": 13,
      "0111000": 12,
      "0110101": 12,
      "1001101": 13,
      "1000111": 19,
      "1010110": 12,
      "1000010": 10,
      "1111100": 17,
      "0001000": 11,
      "1000110": 21,
      "1101001": 10,
      "1001110": 12,
      "1101100": 10,
      "0010100": 13,
      "0011011": 16,
      "0011100": 12,
      "1101011": 17,
      "0010010": 23,
      "0110100": 14,
      "0100001": 18,
      "0100000": 16,
      "0011001": 18,
      "0111011": 29,
      "0111001": 23,
      "0100011": 20,
      "0001001": 20,
      "1101010": 15,
      "1110010": 11,
      "1001100": 11,
      "1110100": 11,
      "0100101": 15,
      "1111110": 19,
      "1011110": 13,
      "1010010": 17,
      "1001000": 16,
      "1001111": 16,
      "0111101": 18,
      "0101000": 15,
      "1100101": 16,
      "1010011": 15,
      "1100010": 14,
      "1010001": 12,
      "0101101": 23,
      "0011110": 15,
      "1010101": 16,
      "0111111": 19,
      "0010101": 17,
      "0000101": 13,
      "1001011": 12,
      "1000001": 13,
      "1101111": 11,
      "0000111": 19,
      "1110000": 12,
      "1100111": 18,
      "1100011": 19,
      "1111010": 18,
      "0010000": 16,
      "0010011": 11,
      "1101000": 9,
      "1100100": 10,
      "1011011": 15,
      "1100000": 9,
      "1110001": 10,
      "1011111": 34,
      "0011111": 19,
      "1111001": 18,
      "0101010": 10,
      "1111101": 9,
      "1110011": 21,
      "0101111": 13,
      "0111010": 14,
      "1111111": 10,
      "0000011": 22,
      "0000001": 12,
      "0001101": 15,
      "1110111": 24,
      "1011100": 15,
      "0110011": 23,
      "1000100": 11,
      "1101101": 8,
      "1111000": 7,
      "0100110": 15,
      "1100110": 6,
      "1100001": 12,
      "1001001": 13,
      "0101110": 10,
      "0000100": 13,
      "1011000": 9,
      "0110000": 12
    }
  ],
  "entropy_per_timestep": [
    6.816483608568151,
    6.922642549941055,
    6.919419721383705,
    6.93490806018552
  ],
  "mutual_information_per_timestep": [
    [
      [
        0.0,
        4.562781220076631,
        10.808058442100235,
        4.747953080141036,
        4.440763002158989,
        7.415427623508091,
        5.574334324063567
      ],
      [
        4.562781220076631,
        0.0,
        5.762754465746904,
        8.854443025049124,
        10.816837112912697,
        10.732060962214439,
        6.424840302764697
      ],
      [
        10.808058442100235,
        5.762754465746904,
        0.0,
        4.560507715729692,
        9.395255635299204,
        10.955184374544723,
        5.060560305544635
      ],
      [
        4.747953080141036,
        8.854443025049124,
        4.560507715729692,
        0.0,
        8.931791112440113,
        4.666113708958987,
        10.198562268705402
      ],
      [
        4.440763002158989,
        10.816837112912697,
        9.395255635299204,
        8.931791112440113,
        0.0,
        5.1122692412984625,
        7.459743342841586
      ],
      [
        7.415427623508091,
        10.732060962214439,
        10.955184374544723,
        4.666113708958987,
        5.1122692412984625,
        0.0,
        6.840335648287008
      ],
      [
        5.574334324063567,
        6.424840302764697,
        5.060560305544635,
        10.198562268705402,
        7.459743342841586,
        6.840335648287008,
        0.0
      ]
    ],
    [
      [
        0.0,
        7.371415956477582,
        11.052355524448444,
        8.083601398121818,
        7.876326348023385,
        3.958753399540593,
        7.224498376011686
      ],
      [
        7.371415956477582,
        0.0,
        8.019691627657995,
        6.294558140836976,
        7.628263665104133,
        5.882152839281479,
        5.212450964411832
      ],
      [
        11.052355524448444,
        8.019691627657995,
        0.0,
        9.838250121858088,
        6.948618954659239,
        7.6287598976865105,
        5.1620531565808365
      ],
      [
        8.083601398121818,
        6.294558140836976,
        9.838250121858088,
        0.0,
        11.001179379018454,
        6.593371783228619,
        4.784567477772602
      ],
      [
        7.876326348023385,
        7.628263665104133,
        6.948618954659239,
        11.001179379018454,
        0.0,
        4.9148062665081325,
        6.2031107419546325
      ],
      [
        3.958753399540593,
        5.882152839281479,
        7.6287598976865105,
        6.593371783228619,
        4.9148062665081325,
        0.0,
        8.860191780408785
      ],
      [
        7.224498376011686,
        5.212450964411832,
        5.1620531565808365,
        4.784567477772602,
        6.2031107419546325,
        8.860191780408785,
        0.0
      ]
    ],
    [
      [
        0.0,
        9.136270995705416,
        5.782155396375139,
        6.454053858609771,
        9.179287598386601,
        7.48481147467248,
        4.989738243488904
      ],
      [
        9.136270995705416,
        0.0,
        6.721867114977513,
        6.69264611636173,
        7.252677754670102,
        6.398097535139306,
        7.205127629978622
      ],
      [
        5.782155396375139,
        6.721867114977513,
        0.0,
        7.581009013330493,
        10.951622025278322,
        8.919387962910436,
        6.602904866370334
      ],
      [
        6.454053858609771,
        6.69264611636173,
        7.581009013330493,
        0.0,
        10.863836850917087,
        9.036377417624115,
        9.996631485165596
      ],
      [
        9.179287598386601,
        7.252677754670102,
        10.951622025278322,
        10.863836850917087,
        0.0,
        9.474701736587903,
        8.482315535966556
      ],
      [
        7.48481147467248,
        6.398097535139306,
        8.919387962910436,
        9.036377417624115,
        9.474701736587903,
        0.0,
        10.864899336962576
      ],
      [
        4.989738243488904,
        7.205127629978622,
        6.602904866370334,
        9.996631485165596,
        8.482315535966556,
        10.864899336962576,
        0.0
      ]
    ],
    [
      [
        0.0,
        7.0613500644977005,
        8.48454292369529,
        9.819555399631222,
        10.287401184498131,
        5.443415883398238,
        9.968199458216091
      ],
      [
        7.0613500644977005,
        0.0,
        7.857379337035849,
        5.3235410221225505,
        9.623105699924794,
        10.018718592216226,
        5.993706478869005
      ],
      [
        8.48454292369529,
        7.857379337035849,
        0.0,
        7.1056458194568,
        6.508219720464797,
        7.793701377402886,
        6.029588935209276
      ],
      [
        9.819555399631222,
        5.3235410221225505,
        7.1056458194568,
        0.0,
        6.880592606619061,
        7.061596906449027,
        7.341309740770571
      ],
      [
        10.287401184498131,
        9.623105699924794,
        6.508219720464797,
        6.880592606619061,
        0.0,
        4.358236433359051,
        6.885629457336825
      ],
      [
        5.443415883398238,
        10.018718592216226,
        7.793701377402886,
        7.061596906449027,
        4.358236433359051,
        0.0,
        7.587324967135668
      ],
      [
        9.968199458216091,
        5.993706478869005,
        6.029588935209276,
        7.341309740770571,
        6.885629457336825,
        7.587324967135668,
        0.0
      ]
    ]
  ],
  "distance_matrix_per_timestep": [
    [
      [
        0.0,
        4.562781220076631,
        10.808058442100235,
        4.747953080141036,
        4.440763002158989,
        7.415427623508091,
        5.574334324063567
      ],
      [
        4.562781220076631,
        0.0,
        5.762754465746904,
        8.854443025049124,
        10.816837112912697,
        10.732060962214439,
        6.424840302764697
      ],
      [
        10.808058442100235,
        5.762754465746904,
        0.0,
        4.560507715729692,
        9.395255635299204,
        10.955184374544723,
        5.060560305544635
      ],
      [
        4.747953080141036,
        8.854443025049124,
        4.560507715729692,
        0.0,
        8.931791112440113,
        4.666113708958987,
        10.198562268705402
      ],
      [
        4.440763002158989,
        10.816837112912697,
        9.395255635299204,
        8.931791112440113,
        0.0,
        5.1122692412984625,
        7.459743342841586
      ],
      [
        7.415427623508091,
        10.732060962214439,
        10.955184374544723,
        4.666113708958987,
        5.1122692412984625,
        0.0,
        6.840335648287008
      ],
      [
        5.574334324063567,
        6.424840302764697,
        5.060560305544635,
        10.198562268705402,
        7.459743342841586,
        6.840335648287008,
        0.0
      ]
    ],
    [
      [
        0.0,
        7.371415956477582,
        11.052355524448444,
        8.083601398121818,
        7.876326348023385,
        3.958753399540593,
        7.224498376011686
      ],
      [
        7.371415956477582,
        0.0,
        8.019691627657995,
        6.294558140836976,
        7.628263665104133,
        5.882152839281479,
        5.212450964411832
      ],
      [
        11.052355524448444,
        8.019691627657995,
        0.0,
        9.838250121858088,
        6.948618954659239,
        7.6287598976865105,
        5.1620531565808365
      ],
      [
        8.083601398121818,
        6.294558140836976,
        9.838250121858088,
        0.0,
        11.001179379018454,
        6.593371783228619,
        4.784567477772602
      ],
      [
        7.876326348023385,
        7.628263665104133,
        6.948618954659239,
        11.001179379018454,
        0.0,
        4.9148062665081325,
        6.2031107419546325
      ],
      [
        3.958753399540593,
        5.882152839281479,
        7.6287598976865105,
        6.593371783228619,
        4.9148062665081325,
        0.0,
        8.860191780408785
      ],
      [
        7.224498376011686,
        5.212450964411832,
        5.1620531565808365,
        4.784567477772602,
        6.2031107419546325,
        8.860191780408785,
        0.0
      ]
    ],
    [
      [
        0.0,
        9.136270995705416,
        5.782155396375139,
        6.454053858609771,
        9.179287598386601,
        7.48481147467248,
        4.989738243488904
      ],
      [
        9.136270995705416,
        0.0,
        6.721867114977513,
        6.69264611636173,
        7.252677754670102,
        6.398097535139306,
        7.205127629978622
      ],
      [
        5.782155396375139,
        6.721867114977513,
        0.0,
        7.581009013330493,
        10.951622025278322,
        8.919387962910436,
        6.602904866370334
      ],
      [
        6.454053858609771,
        6.69264611636173,
        7.581009013330493,
        0.0,
        10.863836850917087,
        9.036377417624115,
        9.996631485165596
      ],
      [
        9.179287598386601,
        7.252677754670102,
        10.951622025278322,
        10.863836850917087,
        0.0,
        9.474701736587903,
        8.482315535966556
      ],
      [
        7.48481147467248,
        6.398097535139306,
        8.919387962910436,
        9.036377417624115,
        9.474701736587903,
        0.0,
        10.864899336962576
      ],
      [
        4.989738243488904,
        7.205127629978622,
        6.602904866370334,
        9.996631485165596,
        8.482315535966556,
        10.864899336962576,
        0.0
      ]
    ],
    [
      [
        0.0,
        7.0613500644977005,
        8.48454292369529,
        9.819555399631222,
        10.287401184498131,
        5.443415883398238,
        9.968199458216091
      ],
      [
        7.0613500644977005,
        0.0,
        7.857379337035849,
        5.3235410221225505,
        9.623105699924794,
        10.018718592216226,
        5.993706478869005
      ],
      [
        8.48454292369529,
        7.857379337035849,
        0.0,
        7.1056458194568,
        6.508219720464797,
        7.793701377402886,
        6.029588935209276
      ],
      [
        9.819555399631222,
        5.3235410221225505,
        7.1056458194568,
        0.0,
        6.880592606619061,
        7.061596906449027,
        7.341309740770571
      ],
      [
        10.287401184498131,
        9.623105699924794,
        6.508219720464797,
        6.880592606619061,
        0.0,
        4.358236433359051,
        6.885629457336825
      ],
      [
        5.443415883398238,
        10.018718592216226,
        7.793701377402886,
        7.061596906449027,
        4.358236433359051,
        0.0,
        7.587324967135668
      ],
      [
        9.968199458216091,
        5.993706478869005,
        6.029588935209276,
        7.341309740770571,
        6.885629457336825,
        7.587324967135668,
        0.0
      ]
    ]
  ],
  "edge_mi": {
    "0,2": 9.031778071654777,
    "3,4": 9.41934998724868,
    "2,4": 8.45092908392539,
    "3,6": 8.080267743103542,
    "4,6": 7.2576997695249,
    "1,5": 8.257757482212863,
    "1,6": 6.209031344006039,
    "2,6": 5.71377681592627,
    "0,4": 7.945944533266777,
    "0,6": 6.939192600445062,
    "0,3": 7.276290934125962,
    "2,3": 7.271353167593769,
    "1,4": 8.830221058152931,
    "2,5": 8.824258403136138,
    "1,3": 6.7912970760925955,
    "4,5": 5.9650034194383865,
    "0,1": 7.032954559189333,
    "1,2": 7.090423136354565,
    "5,6": 8.53818793319851,
    "0,5": 6.07560209527985,
    "3,5": 6.839364954065187
  },
  "distance_matrix": [
    [
      0.0,
      7.032954559189333,
      9.031778071654777,
      7.276290934125962,
      7.945944533266777,
      6.07560209527985,
      6.939192600445062
    ],
    [
      7.032954559189333,
      0.0,
      7.090423136354565,
      6.7912970760925955,
      8.830221058152931,
      8.257757482212863,
      6.209031344006039
    ],
    [
      9.031778071654777,
      7.090423136354565,
      0.0,
      7.271353167593769,
      8.45092908392539,
      8.824258403136138,
      5.71377681592627
    ],
    [
      7.276290934125962,
      6.7912970760925955,
      7.271353167593769,
      0.0,
      9.41934998724868,
      6.839364954065187,
      8.080267743103542
    ],
    [
      7.945944533266777,
      8.830221058152931,
      8.45092908392539,
      9.41934998724868,
      0.0,
      5.9650034194383865,
      7.2576997695249
    ],
    [
      6.07560209527985,
      8.257757482212863,
      8.824258403136138,
      6.839364954065187,
      5.9650034194383865,
      0.0,
      8.53818793319851
    ],
    [
      6.939192600445062,
      6.209031344006039,
      5.71377681592627,
      8.080267743103542,
      7.2576997695249,
      8.53818793319851,
      0.0
    ]
  ],
  "shortest_paths": {},
  "gromov_delta": 9.618485465228266,
  "mean_distance": 6.4424769048139385,
  "angle_sums": [],
  "mean_angle_sum": 3.141592653589793,
  "min_angle_sum": 3.141592653589793,
  "max_angle_sum": 3.141592653589793,
  "angle_sum_deviations": [],
  "triangle_inequality_violations": [],
  "embedding_coords": [
    [
      -53.16133010052295,
      48.74020183726783
    ],
    [
      -70.35483820427133,
      -11.002315497508144
    ],
    [
      -35.7333310994738,
      -62.60362349857588
    ],
    [
      26.518523264807886,
      -66.42478935909743
    ],
    [
      68.65340398513068,
      -20.78541577078724
    ],
    [
      59.11109556721336,
      40.803953196142146
    ],
    [
      4.966476587116157,
      71.27198909255871
    ]
  ],
  "embedding_coords_3d": [
    [
      -48.0544459615577,
      -55.179237188901794,
      4.690609255011256
    ],
    [
      -57.77703802869682,
      18.132848712263232,
      -41.43340331642262
    ],
    [
      68.3448679266777,
      17.104673591003728,
      20.53917230893195
    ],
    [
      -30.359735193916272,
      49.66729477919373,
      46.685671223469875
    ],
    [
      22.54519406907069,
      53.5253195733784,
      -44.87273924844453
    ],
    [
      13.515279579764242,
      -35.891941748311716,
      62.502282206996746
    ],
    [
      31.785877608658165,
      -47.35895771862559,
      -48.111592429542675
    ]
  ],
  "edge_weight_variance": 0.14800013011337868,
  "event_nodes": [
    [
      0,
      0
    ],
    [
      1,
      0
    ],
    [
      2,
      0
    ],
    [
      3,
      0
    ],
    [
      4,
      0
    ],
    [
      5,
      0
    ],
    [
      6,
      0
    ],
    [
      0,
      1
    ],
    [
      1,
      1
    ],
    [
      2,
      1
    ],
    [
      3,
      1
    ],
    [
      4,
      1
    ],
    [
      5,
      1
    ],
    [
      6,
      1
    ],
    [
      0,
      2
    ],
    [
      1,
      2
    ],
    [
      2,
      2
    ],
    [
      3,
      2
    ],
    [
      4,
      2
    ],
    [
      5,
      2
    ],
    [
      6,
      2
    ],
    [
      0,
      3
    ],
    [
      1,
      3
    ],
    [
      2,
      3
    ],
    [
      3,
      3
