{
  "spec": {
    "num_qubits": 7,
    "topology": "triangulated",
    "custom_edges": "0-1:1.0000,0-2:0.8617,0-3:1.0000,0-4:1.0000,0-5:0.7658,0-6:0.7659,1-2:1.0000,1-3:1.0000,1-4:0.5305,1-5:1.0000,1-6:0.5366,2-3:0.5343,2-4:1.0000,2-5:0.0500,2-6:0.0500,3-4:0.4377,3-5:0.0500,3-6:1.0000,4-5:0.0920,4-6:0.0500,5-6:1.0000",
    "alpha": 0.8,
    "weight": 1.0,
    "gamma": 0.3,
    "sigma": null,
    "init_angle": 0.0,
    "init_angles": null,
    "shots": 1024,
    "device": "simulator",
    "geometry": "hyperbolic",
    "curvature": 10.0,
    "timesteps": 5,
    "dimension": 2,
    "mass_hinge": null,
    "mass_value": 0.0,
    "solve_regge": false,
    "lorentzian": false,
    "excite": true,
    "fast": true
  },
  "uid": "1DXRKY",
  "counts_per_timestep": [
    null,
    null,
    null,
    null,
    null
  ],
  "job_ids_per_timestep": [
    null,
    null,
    null,
    null,
    null
  ],
  "entropy_per_timestep": [
    null,
    null,
    null,
    null,
    null
  ],
  "mutual_information_per_timestep": [
    {
      "I_0,1": 0.011371685548272836,
      "I_0,2": 0.02218845837025296,
      "I_0,3": 0.00690845736346124,
      "I_0,4": 1.0432628012090173,
      "I_0,5": 0.00504864974381336,
      "I_0,6": 0.036374777520486345,
      "I_1,2": 0.0003725178877387325,
      "I_1,3": 0.8186035228463895,
      "I_1,4": 0.013910097425317458,
      "I_1,5": 0.8978526022039173,
      "I_1,6": 0.0004253748985936223,
      "I_2,3": 0.002979344142766127,
      "I_2,4": 0.04087392111371835,
      "I_2,5": 7.059892878302776e-06,
      "I_2,6": 0.07737483634408315,
      "I_3,4": 0.013889649709072138,
      "I_3,5": 0.779987070071555,
      "I_3,6": 0.03789415095371007,
      "I_4,5": 0.007819716034862534,
      "I_4,6": 0.013160915848401844,
      "I_5,6": 8.874386926449596e-05
    },
    {
      "I_0,1": 0.002656164130955929,
      "I_0,2": 0.3429079630026004,
      "I_0,3": 0.0010323566485521685,
      "I_0,4": 0.018426067898733134,
      "I_0,5": 0.05116785137062263,
      "I_0,6": 0.0024774960005335966,
      "I_1,2": 0.0006909192357631433,
      "I_1,3": 0.23181388224487076,
      "I_1,4": 0.0012167791464179345,
      "I_1,5": 0.008943510133160082,
      "I_1,6": 0.2337243028711138,
      "I_2,3": 0.000631535898601987,
      "I_2,4": 0.004097447645343699,
      "I_2,5": 0.008189927938608843,
      "I_2,6": 0.15836275011635537,
      "I_3,4": 0.019187596727286094,
      "I_3,5": 0.0010430448192764175,
      "I_3,6": 0.16342118938101846,
      "I_4,5": 0.07171671309557803,
      "I_4,6": 0.03922560874915293,
      "I_5,6": 0.003295866378173473
    },
    {
      "I_0,1": 0.0010073906103185148,
      "I_0,2": 0.0874004488969975,
      "I_0,3": 0.005168016507021589,
      "I_0,4": 0.010171123156499817,
      "I_0,5": 0.020758052157509255,
      "I_0,6": 0.00988796510374823,
      "I_1,2": 0.19056499413215833,
      "I_1,3": 0.14993162865676757,
      "I_1,4": 0.00032882681961932114,
      "I_1,5": 0.005084779229011849,
      "I_1,6": 0.0027647787460063356,
      "I_2,3": 0.04155923135598494,
      "I_2,4": 0.0012518824036782394,
      "I_2,5": 0.00010594705425259754,
      "I_2,6": 0.0043042850372094765,
      "I_3,4": 0.011526889806883878,
      "I_3,5": 0.0007535799353894923,
      "I_3,6": 0.011994020194471489,
      "I_4,5": 0.02758985046558249,
      "I_4,6": 0.004781321098565883,
      "I_5,6": 0.09736257450436603
    },
    {
      "I_0,1": 0.011912021978772724,
      "I_0,2": 0.11207666245387848,
      "I_0,3": 0.011309985625695518,
      "I_0,4": 0.37923050340853726,
      "I_0,5": 0.002068473935006754,
      "I_0,6": 0.003655265178380107,
      "I_1,2": 0.37916717409179457,
      "I_1,3": 0.024988103633318604,
      "I_1,4": 0.0013997458987877742,
      "I_1,5": 0.05733140182888974,
      "I_1,6": 0.14420787536939605,
      "I_2,3": 0.006273339851224691,
      "I_2,4": 0.0040740864046946434,
      "I_2,5": 0.025352033912703575,
      "I_2,6": 0.007630042429434658,
      "I_3,4": 0.12456506839280213,
      "I_3,5": 0.11707888728144988,
      "I_3,6": 0.09221999546773274,
      "I_4,5": 0.007234793365462178,
      "I_4,6": 0.02445216781585602,
      "I_5,6": 0.14959339566244045
    },
    {
      "I_0,1": 0.009146701656435496,
      "I_0,2": 0.1471209929567847,
      "I_0,3": 0.009540928979305141,
      "I_0,4": 0.3161341593981375,
      "I_0,5": 0.0037089295049839155,
      "I_0,6": 0.010608666523132637,
      "I_1,2": 0.3309169235035925,
      "I_1,3": 0.0034160158652869477,
      "I_1,4": 0.060673818181721906,
      "I_1,5": 0.04279812624123536,
      "I_1,6": 0.13710616686535038,
      "I_2,3": 0.0032624418569200397,
      "I_2,4": 0.01240586756875306,
      "I_2,5": 0.009995001879861354,
      "I_2,6": 0.009556873761114915,
      "I_3,4": 0.09065183434966517,
      "I_3,5": 0.2195117171747134,
      "I_3,6": 0.08537393385784009,
      "I_4,5": 0.0020762143135313327,
      "I_4,6": 0.021132361739703454,
      "I_5,6": 0.04941734331224712
    }
  ],
  "distance_matrix_per_timestep": [
    [
      [
        0.0,
        4.275140269094501,
        3.197263044884484,
        4.276611341463179,
        0.0,
        4.3828896333316205,
        3.3138796697844746
      ],
      [
        4.275140269094501,
        0.0,
        7.472403313978985,
        8.55175161055768,
        4.275140269094501,
        0.10774936423712006,
        7.589019938878975
      ],
      [
        3.197263044884484,
        7.472403313978985,
        0.0,
        5.816052089007464,
        3.197263044884484,
        7.580152678216105,
        2.5590936630803163
      ],
      [
        4.276611341463179,
        8.55175161055768,
        5.816052089007464,
        0.0,
        4.276611341463179,
        8.6595009747948,
        3.27295850720176
      ],
      [
        0.0,
        4.275140269094501,
        3.197263044884484,
        4.276611341463179,
        0.0,
        4.3828896333316205,
        3.3138796697844746
      ],
      [
        4.3828896333316205,
        0.10774936423712006,
        7.580152678216105,
        8.659500974794799,
        4.3828896333316205,
        0.0,
        7.6967693031160955
      ],
      [
        3.3138796697844746,
        7.589019938878975,
        2.5590936630803163,
        3.27295850720176,
        3.3138796697844746,
        7.696769303116095,
        0.0
      ]
    ],
    [
      [
        0.0,
        4.36677323902315,
        1.0702931972614649,
        4.724584614914661,
        3.993988883360629,
        5.875143377121992,
        2.9131601879253735
      ],
      [
        4.36677323902315,
        0.0,
        3.2964800417616855,
        3.2650374780870637,
        4.6920385121637045,
        4.716827134512095,
        1.4536130510977767
      ],
      [
        1.0702931972614649,
        3.2964800417616855,
        0.0,
        3.6542914176531958,
        5.064282080622094,
        4.8048501798605265,
        1.8428669906639088
      ],
      [
        4.724584614914661,
        3.2650374780870637,
        3.6542914176531958,
        0.0,
        3.9534912124859374,
        6.58852267345818,
        1.811424426989287
      ],
      [
        3.993988883360629,
        4.6920385121637045,
        5.064282080622094,
        3.9534912124859374,
        0.0,
        2.6350314609722427,
        3.2384254610659275
      ],
      [
        5.875143377121992,
        4.716827134512095,
        4.8048501798605265,
        6.58852267345818,
        2.6350314609722427,
        0.0,
        5.715086208359413
      ],
      [
        2.9131601879253735,
        1.4536130510977767,
        1.8428669906639088,
        1.811424426989287,
        3.2384254610659275,
        5.715086208359413,
        0.0
      ]
    ],
    [
      [
        0.0,
        4.095016826268687,
        2.437254860212584,
        5.265266318423812,
        4.588202636818946,
        6.945750294934559,
        4.616436907424705
      ],
      [
        4.095016826268687,
        0.0,
        1.657761966056102,
        4.8383975737813,
        8.01997932992347,
        5.281503666547652,
        5.890794666737118
      ],
      [
        2.437254860212584,
        1.657761966056102,
        0.0,
        3.1806356077251987,
        6.683106937490195,
        6.939265632603753,
        5.448144232198063
      ],
      [
        5.265266318423812,
        4.8383975737813,
        3.1806356077251987,
        0.0,
        4.463072728974854,
        6.752660458032609,
        4.423347070522755
      ],
      [
        4.588202636818946,
        8.01997932992347,
        6.683106937490195,
        4.463072728974854,
        0.0,
        3.5903073106450316,
        5.3430383902117
      ],
      [
        6.945750294934559,
        5.281503666547652,
        6.939265632603753,
        6.752660458032609,
        3.5903073106450316,
        0.0,
        2.3293133875098535
      ],
      [
        4.616436907424705,
        5.890794666737118,
        5.448144232198063,
        4.423347070522755,
        5.3430383902117,
        2.3293133875098535,
        0.0
      ]
    ],
    [
      [
        0.0,
        3.158350234207494,
        2.188572155645531,
        3.0525381322699987,
        0.9696110703583024,
        5.863468474566245,
        4.680647474124715
      ],
      [
        3.158350234207494,
        0.0,
        0.9697780785619632,
        4.320077742760242,
        4.127961304565797,
        2.858906780435275,
        1.9364994414104122
      ],
      [
        2.188572155645531,
        0.9697780785619632,
        0.0,
        5.071446394509809,
        3.158183226003833,
        3.6748963189207147,
        2.9062775199723756
      ],
      [
        3.0525381322699987,
        4.320077742760242,
        5.071446394509809,
        0.0,
        2.0829270619116964,
        4.283412662407522,
        2.3835783013498295
      ],
      [
        0.9696110703583024,
        4.127961304565797,
        3.158183226003833,
        2.0829270619116964,
        0.0,
        4.928853479712603,
        3.7110364037664123
      ],
      [
        5.863468474566245,
        2.858906780435275,
        3.6748963189207147,
        4.283412662407522,
        4.928853479712603,
        0.0,
        1.8998343610576927
      ],
      [
        4.680647474124715,
        1.9364994414104122,
        2.9062775199723756,
        2.3835783013498295,
        3.7110364037664123,
        1.8998343610576927,
        0.0
      ]
    ],
    [
      [
        0.0,
        3.022387870911831,
        1.91649994941042,
        3.5523177069042964,
        1.151588600435826,
        6.173648827674953,
        4.546084015392139
      ],
      [
        3.022387870911831,
        0.0,
        1.1058879215014108,
        4.447714161567521,
        2.8022430054047067,
        3.1512609567631213,
        1.9869997126424657
      ],
      [
        1.91649994941042,
        1.1058879215014108,
        0.0,
        5.468817656314717,
        3.0680885498462462,
        4.257148878264532,
        3.0928876341438762
      ],
      [
        3.5523177069042964,
        4.447714161567521,
        5.468817656314716,
        0.0,
        2.4007291064684706,
        5.46816828613191,
        2.460714448925055
      ],
      [
        1.151588600435826,
        2.8022430054047067,
        3.0680885498462462,
        2.4007291064684706,
        0.0,
        5.953503962167828,
        3.856949681725906
      ],
      [
        6.173648827674953,
        3.1512609567631213,
        4.257148878264532,
        5.46816828613191,
        5.953503962167828,
        0.0,
        3.0074538372068544
      ],
      [
        4.546084015392139,
        1.9869997126424657,
        3.0928876341438762,
        2.460714448925055,
        3.856949681725906,
        3.0074538372068544,
        0.0
      ]
    ]
  ],
  "edge_mi": {
    "0,1": 0.009146701656435496,
    "0,6": 0.010608666523132637,
    "0,2": 0.1471209929567847,
    "0,3": 0.009540928979305141,
    "0,4": 0.3161341593981375,
    "1,2": 0.3309169235035925,
    "1,6": 0.13710616686535038,
    "1,4": 0.060673818181721906,
    "1,5": 0.04279812624123536,
    "2,3": 0.0032624418569200397,
    "2,4": 0.01240586756875306,
    "2,5": 0.009995001879861354,
    "2,6": 0.009556873761114915,
    "3,4": 0.09065183434966517,
    "3,6": 0.08537393385784009,
    "4,5": 0.0020762143135313327,
    "4,6": 0.021132361739703454,
    "5,6": 0.04941734331224712
  },
  "distance_matrix": [
    [
      0.0,
      3.022387870911831,
      1.91649994941042,
      3.5523177069042964,
      1.151588600435826,
      5.06866737358995,
      4.546084015392139
    ],
    [
      3.022387870911831,
      0.0,
      1.1058879215014108,
      4.447714161567521,
      2.8022430054047067,
      3.1512609567631213,
      1.9869997126424657
    ],
    [
      1.91649994941042,
      1.1058879215014108,
      0.0,
      5.468817656314717,
      3.0680885498462462,
      4.257148878264532,
      3.0928876341438762
    ],
    [
      3.5523177069042964,
      4.447714161567521,
      5.468817656314716,
      0.0,
      2.4007291064684706,
      1.5163496666856533,
      2.460714448925055
    ],
    [
      1.151588600435826,
      2.8022430054047067,
      3.0680885498462462,
      2.4007291064684706,
      0.0,
      3.917078773154124,
      3.856949681725906
    ],
    [
      5.06866737358995,
      3.1512609567631213,
      4.257148878264532,
      1.5163496666856533,
      3.917078773154124,
      0.0,
      3.0074538372068544
    ],
    [
      4.546084015392139,
      1.9869997126424657,
      3.0928876341438762,
      2.460714448925055,
      3.856949681725906,
      3.0074538372068544,
      0.0
    ]
  ],
  "shortest_paths": {
    "0": {
      "0": 0,
      "4": 1.151588600435826,
      "2": 1.91649994941042,
      "1": 3.022387870911831,
      "3": 3.5523177069042964,
      "6": 4.546084015392139,
      "5": 5.06866737358995
    },
    "1": {
      "1": 0,
      "2": 1.1058879215014108,
      "6": 1.9869997126424657,
      "4": 2.8022430054047067,
      "0": 3.022387870911831,
      "5": 3.1512609567631213,
      "3": 4.447714161567521
    },
    "2": {
      "2": 0,
      "1": 1.1058879215014108,
      "0": 1.91649994941042,
      "4": 3.0680885498462462,
      "6": 3.0928876341438762,
      "5": 4.257148878264532,
      "3": 5.468817656314717
    },
    "3": {
      "3": 0,
      "5": 1.5163496666856533,
      "4": 2.4007291064684706,
      "6": 2.460714448925055,
      "0": 3.5523177069042964,
      "1": 4.447714161567521,
      "2": 5.468817656314716
    },
    "4": {
      "4": 0,
      "0": 1.151588600435826,
      "3": 2.4007291064684706,
      "1": 2.8022430054047067,
      "2": 3.0680885498462462,
      "6": 3.856949681725906,
      "5": 3.917078773154124
    },
    "5": {
      "5": 0,
      "3": 1.5163496666856533,
      "6": 3.0074538372068544,
      "1": 3.1512609567631213,
      "4": 3.917078773154124,
      "2": 4.257148878264532,
      "0": 5.06866737358995
    },
    "6": {
      "6": 0,
      "1": 1.9869997126424657,
      "3": 2.460714448925055,
      "5": 3.0074538372068544,
      "2": 3.0928876341438762,
      "4": 3.856949681725906,
      "0": 4.546084015392139
    }
  },
  "gromov_delta": 4.405321948190413,
  "mean_distance": 2.685627326826903,
  "angle_sums": [
    0.0,
    0.07411325662112418,
    0.6840314702976216,
    0.3516656573041905,
    1.0099299954910879,
    0.0,
    0.0,
    0.37668892105122553,
    1.011576111538613,
    0.0,
    0.0,
    0.2056886459072267,
    0.0,
    1.0986339996006753,
    0.04692244759682593,
    2.1620730837397693,
    0.7549605537935445,
    0.0,
    0.0,
    0.6196512727089373,
    1.5851756002824546,
    0.0,
    0.08938080004806537,
    0.47913957510407146,
    0.17994744518779623,
    0.0,
    1.3526193761967116,
    2.1295031134843128,
    0.03653475083945401,
    0.06134376194608298,
    0.11334155902715035,
    0.0,
    0.4202984867978725,
    0.513458680412188,
    0.03564840332389454
  ],
  "mean_angle_sum": 0.4397807705228828,
  "min_angle_sum": 0.0,
  "max_angle_sum": 2.1620730837397693,
  "angle_sum_deviations": [
    -3.141592653589793,
    -3.067479396968669,
    -2.4575611832921718,
    -2.789926996285603,
    -2.1316626580987053,
    -3.141592653589793,
    -3.141592653589793,
    -2.7649037325385675,
    -2.1300165420511803,
    -3.141592653589793,
    -3.141592653589793,
    -2.9359040076825664,
    -3.141592653589793,
    -2.0429586539891176,
    -3.0946702059929674,
    -0.9795195698500239,
    -2.3866320997962487,
    -3.141592653589793,
    -3.141592653589793,
    -2.5219413808808557,
    -1.5564170533073385,
    -3.141592653589793,
    -3.0522118535417277,
    -2.6624530784857217,
    -2.961645208401997,
    -3.141592653589793,
    -1.7889732773930815,
    -1.0120895401054804,
    -3.105057902750339,
    -3.08024889164371,
    -3.0282510945626426,
    -3.141592653589793,
    -2.7212941667919206,
    -2.628133973177605,
    -3.1059442502658987
  ],
  "triangle_inequality_violations": [],
  "embedding_coords": null,
  "edge_weight_variance": 0.14337412535147392,
  "event_nodes": [
    [
      0,
      0
    ],
    [
      1,
      0
    ],
    [
      2,
      0
    ],
    [
      3,
      0
    ],
    [
      4,
      0
    ],
    [
      5,
      0
    ],
    [
      6,
      0
    ],
    [
      0,
      1
    ],
    [
      1,
      1
    ],
    [
      2,
      1
    ],
    [
      3,
      1
    ],
    [
      4,
      1
    ],
    [
      5,
      1
    ],
    [
      6,
      1
    ],
    [
      0,
      2
    ],
    [
      1,
      2
    ],
    [
      2,
      2
    ],
    [
      3,
      2
    ],
    [
      4,
      2
    ],
    [
      5,
      2
    ],
    [
      6,
      2
    ],
    [
      0,
      3
    ],
    [
      1,
      3
    ],
    [
      2,
      3
    ],
    [
      3,
      3
    ],
    [
      4,
      3
    ],
    [
      5,
      3
    ],
    [
      6,
      3
    ],
    [
      0,
      4
    ],
    [
      1,
      4
    ],
    [
      2,
      4
    ],
    [
      3,
      4
    ],
    [
      4,
      4
    ],
    [
      5,
      4
    ],
    [
      6,
      4
    ]
  ],
  "event_edges": [
    {
      "type": "spatial",
      "from": [
        0,
        0
      ],
      "to": [
        1,
        0
      ],
      "weight": 4.275140269094501
    },
    {
      "type": "spatial",
      "from": [
        0,
        0
      ],
      "to": [
        2,
        0
      ],
      "weight": 3.197263044884484
    },
    {
      "type": "spatial",
      "from": [
        0,
        0
      ],
      "to": [
        3,
        0
      ],
      "weight": 4.276611341463179
    },
    {
      "type": "spatial",
      "from": [
        0,
        0
      ],
      "to": [
        4,
        0
      ],
      "weight": 0.0
    },
    {
      "type": "spatial",
      "from": [
        0,
        0
      ],
      "to": [
        5,
        0
      ],
      "weight": 4.3828896333316205
    },
    {
      "type": "spatial",
      "from": [
        0,
        0
      ],
      "to": [
        6,
        0
      ],
      "weight": 3.3138796697844746
    },
    {
      "type": "spatial",
      "from": [
        1,
        0
      ],
      "to": [
        2,
        0
      ],
      "weight": 7.472403313978985
    },
    {
      "type": "spatial",
      "from": [
        1,
        0
      ],
      "to": [
        3,
        0
      ],
      "weight": 8.55175161055768
    },
    {
      "type": "spatial",
      "from": [
        1,
        0
      ],
      "to": [
        4,
        0
      ],
      "weight": 4.275140269094501
    },
    {
      "type": "spatial",
      "from": [
        1,
        0
      ],
      "to": [
        5,
        0
      ],
      "weight": 0.10774936423712006
    },
    {
      "type": "spatial",
      "from": [
        1,
        0
      ],
      "to": [
        6,
        0
      ],
      "weight": 7.589019938878975
    },
    {
      "type": "spatial",
      "from": [
        2,
        0
      ],
      "to": [
        3,
        0
      ],
      "weight": 5.816052089007464
    },
    {
      "type": "spatial",
      "from": [
        2,
        0
      ],
      "to": [
        4,
        0
      ],
      "weight": 3.197263044884484
    },
    {
      "type": "spatial",
      "from": [
        2,
        0
      ],
      "to": [
        5,
        0
      ],
      "weight": 7.580152678216105
    },
    {
      "type": "spatial",
      "from": [
        2,
        0
      ],
      "to": [
        6,
        0
      ],
      "weight": 2.5590936630803163
    },
    {
      "type": "spatial",
      "from": [
        3,
        0
      ],
      "to": [
        4,
        0
      ],
      "weight": 4.276611341463179
    },
    {
      "type": "spatial",
      "from": [
        3,
        0
      ],
      "to": [
        5,
        0
      ],
      "weight": 8.6595009747948
    },
    {
      "type": "spatial",
      "from": [
        3,
        0
      ],
      "to": [
        6,
        0
      ],
      "weight": 3.27295850720176
    },
    {
      "type": "spatial",
      "from": [
        4,
        0
      ],
      "to": [
        5,
        0
      ],
      "weight": 4.3828896333316205
    },
    {
      "type": "spatial",
      "from": [
        4,
        0
      ],
      "to": [
        6,
        0
      ],
      "weight": 3.3138796697844746
    },
    {
      "type": "spatial",
      "from": [
        5,
        0
      ],
      "to": [
        6,
        0
      ],
      "weight": 7.6967693031160955
    },
    {
      "type": "temporal",
      "from": [
        0,
        0
      ],
      "to": [
        0,
        1
      ],
      "weight": 1.0
    },
    {
      "type": "temporal",
      "from": [
        1,
        0
      ],
      "to": [
        1,
        1
      ],
      "weight": 1.0
    },
    {
      "type": "temporal",
      "from": [
        2,
        0
      ],
      "to": [
        2,
        1
      ],
      "weight": 1.0
    },
    {
      "type": "temporal",
      "from": [
        3,
        0
      ],
      "to": [
        3,
        1
      ],
      "weight": 1.0
    },
    {
      "type": "temporal",
      "from": [
        4,
        0
      ],
      "to": [
        4,
        1
      ],
      "weight": 1.0
    },
    {
      "type": "temporal",
      "from": [
        5,
        0
      ],
      "to": [
        5,
        1
      ],
      "weight": 1.0
    },
    {
      "type": "temporal",
      "from": [
        6,
        0
      ],
      "to": [
        6,
        1
      ],
      "weight": 1.0
    },
    {
      "type": "spatial",
      "from": [
        0,
        1
      ],
      "to": [
        1,
        1
      ],
      "weight": 4.36677323902315
    },
    {
      "type": "spatial",
      "from": [
        0,
        1
      ],
      "to": [
        2,
        1
      ],
      "weight": 1.0702931972614649
    },
    {
      "type": "spatial",
      "from": [
        0,
        1
      ],
      "to": [
        3,
        1
      ],
      "weight": 4.724584614914661
    },
    {
      "type": "spatial",
      "from": [
        0,
        1
      ],
      "to": [
        4,
        1
      ],
      "weight": 3.993988883360629
    },
    {
      "type": "spatial",
      "from": [
        0,
        1
      ],
      "to": [
        5,
        1
      ],
      "weight": 5.875143377121992
    },
    {
      "type": "spatial",
      "from": [
        0,
        1
      ],
      "to": [
        6,
        1
      ],
      "weight": 2.9131601879253735
    },
    {
      "type": "spatial",
      "from": [
        1,
        1
      ],
      "to": [
        2,
        1
      ],
      "weight": 3.2964800417616855
    },
    {
      "type": "spatial",
      "from": [
        1,
        1
      ],
      "to": [
        3,
        1
      ],
      "weight": 3.2650374780870637
    },
    {
      "type": "spatial",
      "from": [
        1,
        1
      ],
      "to": [
        4,
        1
      ],
      "weight": 4.6920385121637045
    },
    {
      "type": "spatial",
      "from": [
        1,
        1
      ],
      "to": [
        5,
        1
      ],
      "weight": 4.716827134512095
    },
    {
      "type": "spatial",
      "from": [
        1,
        1
      ],
      "to": [
        6,
        1
      ],
      "weight": 1.4536130510977767
    },
    {
      "type": "spatial",
      "from": [
        2,
        1
      ],
      "to": [
        3,
        1
      ],
      "weight": 3.6542914176531958
    },
    {
      "type": "spatial",
      "from": [
        2,
        1
      ],
      "to": [
        4,
        1
      ],
      "weight": 5.064282080622094
    },
    {
      "type": "spatial",
      "from": [
        2,
        1
      ],
      "to": [
        5,
        1
      ],
      "weight": 4.8048501798605265
    },
    {
      "type": "spatial",
      "from": [
        2,
        1
      ],
      "to": [
        6,
        1
      ],
      "weight": 1.8428669906639088
    },
    {
      "type": "spatial",
      "from": [
        3,
        1
      ],
      "to": [
        4,
        1
      ],
      "weight": 3.9534912124859374
    },
    {
      "type": "spatial",
      "from": [
        3,
        1
      ],
      "to": [
        5,
        1
      ],
      "weight": 6.58852267345818
    },
    {
      "type": "spatial",
      "from": [
        3,
        1
      ],
      "to": [
        6,
        1
      ],
      "weight": 1.811424426989287
    },
    {
      "type": "spatial",
      "from": [
        4,
        1
      ],
      "to": [
        5,
        1
      ],
      "weight": 2.6350314609722427
    },
    {
      "type": "spatial",
      "from": [
        4,
        1
      ],
      "to": [
        6,
        1
      ],
      "weight": 3.2384254610659275
    },
    {
      "type": "spatial",
      "from": [
        5,
        1
      ],
      "to": [
        6,
        1
      ],
      "weight": 5.715086208359413
    },
    {
      "type": "temporal",
      "from": [
        0,
        1
      ],
      "to": [
        0,
        2
      ],
      "weight": 1.0
    },
    {
      "type": "temporal",
      "from": [
        1,
        1
      ],
      "to": [
        1,
        2
      ],
      "weight": 1.0
    },
    {
      "type": "temporal",
      "from": [
        2,
        1
      ],
      "to": [
        2,
        2
      ],
      "weight": 1.0
    },
    {
      "type": "temporal",
      "from": [
        3,
        1
      ],
      "to": [
        3,
        2
      ],
      "weight": 1.0
    },
    {
      "type": "temporal",
      "from": [
        4,
        1
      ],
      "to": [
        4,
        2
      ],
      "weight": 1.0
    },
    {
      "type": "temporal",
      "from": [
        5,
        1
      ],
      "to": [
        5,
        2
      ],
      "weight": 1.0
    },
    {
      "type": "temporal",
      "from": [
        6,
        1
      ],
      "to": [
        6,
        2
      ],
      "weight": 1.0
    },
    {
      "type": "spatial",
      "from": [
        0,
        2
      ],
      "to": [
        1,
        2
      ],
      "weight": 4.095016826268687
    },
    {
      "type": "spatial",
      "from": [
        0,
        2
      ],
      "to": [
        2,
        2
      ],
      "weight": 2.437254860212584
    },
    {
      "type": "spatial",
      "from": [
        0,
        2
      ],
      "to": [
        3,
        2
      ],
      "weight": 5.265266318423812
    },
    {
      "type": "spatial",
      "from": [
        0,
        2
      ],
      "to": [
        4,
        2
      ],
      "weight": 4.588202636818946
    },
    {
      "type": "spatial",
      "from": [
        0,
        2
      ],
      "to": [
        5,
        2
      ],
      "weight": 6.945750294934559
    },
    {
      "type": "spatial",
      "from": [
        0,
        2
      ],
      "to": [
        6,
        2
      ],
      "weight": 4.616436907424705
    },
    {
      "type": "spatial",
      "from": [
        1,
        2
      ],
      "to": [
        2,
        2
      ],
      "weight": 1.657761966056102
    },
    {
      "type": "spatial",
      "from": [
        1,
        2
      ],
      "to": [
        3,
        2
      ],
      "weight": 4.8383975737813
    },
    {
      "type": "spatial",
      "from": [
        1,
        2
      ],
      "to": [
        4,
        2
      ],
      "weight": 8.01997932992347
    },
    {
      "type": "spatial",
      "from": [
        1,
        2
      ],
      "to": [
        5,
        2
      ],
      "weight": 5.281503666547652
    },
    {
      "type": "spatial",
      "from": [
        1,
        2
      ],
      "to": [
        6,
        2
      ],
      "weight": 5.890794666737118
    },
    {
      "type": "spatial",
      "from": [
        2,
        2
      ],
      "to": [
        3,
        2
      ],
      "weight": 3.1806356077251987
    },
    {
      "type": "spatial",
      "from": [
        2,
        2
      ],
      "to": [
        4,
        2
      ],
      "weight": 6.683106937490195
    },
    {
      "type": "spatial",
      "from": [
        2,
        2
      ],
      "to": [
        5,
        2
      ],
      "weight": 6.939265632603753
    },
    {
      "type": "spatial",
      "from": [
        2,
        2
      ],
      "to": [
        6,
        2
      ],
      "weight": 5.448144232198063
    },
    {
      "type": "spatial",
      "from": [
        3,
        2
      ],
      "to": [
        4,
        2
      ],
      "weight": 4.463072728974854
    },
    {
      "type": "spatial",
      "from": [
        3,
        2
      ],
      "to": [
        5,
        2
      ],
      "weight": 6.752660458032609
    },
    {
      "type": "spatial",
      "from": [
        3,
        2
      ],
      "to": [
        6,
        2
      ],
      "weight": 4.423347070522755
    },
    {
      "type": "spatial",
      "from": [
        4,
        2
      ],
      "to": [
        5,
        2
      ],
      "weight": 3.5903073106450316
    },
    {
      "type": "spatial",
      "from": [
        4,
        2
      ],
      "to": [
        6,
        2
      ],
      "weight": 5.3430383902117
    },
    {
      "type": "spatial",
      "from": [
        5,
        2
      ],
      "to": [
        6,
        2
      ],
      "weight": 2.3293133875098535
    },
    {
      "type": "temporal",
      "from": [
        0,
        2
      ],
      "to": [
        0,
        3
      ],
      "weight": 1.0
    },
    {
      "type": "temporal",
      "from": [
        1,
        2
      ],
      "to": [
        1,
        3
      ],
      "weight": 1.0
    },
    {
      "type": "temporal",
      "from": [
        2,
        2
      ],
      "to": [
        2,
        3
      ],
      "weight": 1.0
    },
    {
      "type": "temporal",
      "from": [
        3,
        2
      ],
      "to": [
        3,
        3
      ],
      "weight": 1.0
    },
    {
      "type": "temporal",
      "from": [
        4,
        2
      ],
      "to": [
        4,
        3
      ],
      "weight": 1.0
    },
    {
      "type": "temporal",
      "from": [
        5,
        2
      ],
      "to": [
        5,
        3
      ],
      "weight": 1.0
    },
    {
      "type": "temporal",
      "from": [
        6,
        2
      ],
      "to": [
        6,
        3
      ],
      "weight": 1.0
    },
    {
      "type": "spatial",
      "from": [
        0,
        3
      ],
      "to": [
        1,
        3
      ],
      "weight": 3.158350234207494
    },
    {
      "type": "spatial",
      "from": [
        0,
        3
      ],
      "to": [
        2,
        3
      ],
      "weight": 2.188572155645531
    },
    {
      "type": "spatial",
      "from": [
        0,
        3
      ],
      "to": [
        3,
        3
      ],
      "weight": 3.0525381322699987
    },
    {
      "type": "spatial",
      "from": [
        0,
        3
      ],
      "to": [
        4,
        3
      ],
      "weight": 0.9696110703583024
    },
    {
      "type": "spatial",
      "from": [
        0,
        3
      ],
      "to": [
        5,
        3
      ],
      "weight": 5.863468474566245
    },
    {
      "type": "spatial",
      "from": [
        0,
        3
      ],
      "to": [
        6,
        3
      ],
      "weight": 4.680647474124715
    },
    {
      "type": "spatial",
      "from": [
        1,
        3
      ],
      "to": [
        2,
        3
      ],
      "weight": 0.9697780785619632
    },
    {
      "type": "spatial",
      "from": [
        1,
        3
      ],
      "to": [
        3,
        3
      ],
      "weight": 4.320077742760242
    },
    {
      "type": "spatial",
      "from": [
        1,
        3
      ],
      "to": [
        4,
        3
      ],
      "weight": 4.127961304565797
    },
    {
      "type": "spatial",
      "from": [
        1,
        3
      ],
      "to": [
        5,
        3
      ],
      "weight": 2.858906780435275
    },
    {
      "type": "spatial",
      "from": [
        1,
        3
      ],
      "to": [
        6,
        3
      ],
      "weight": 1.9364994414104122
    },
    {
      "type": "spatial",
      "from": [
        2,
        3
      ],
      "to": [
        3,
        3
      ],
      "weight": 5.071446394509809
    },
    {
      "type": "spatial",
      "from": [
        2,
        3
      ],
      "to": [
        4,
        3
      ],
      "weight": 3.158183226003833
    },
    {
      "type": "spatial",
      "from": [
        2,
        3
      ],
      "to": [
        5,
        3
      ],
      "weight": 3.6748963189207147
    },
    {
      "type": "spatial",
      "from": [
        2,
        3
      ],
      "to": [
        6,
        3
      ],
      "weight": 2.9062775199723756
    },
    {
      "type": "spatial",
      "from": [
        3,
        3
      ],
      "to": [
        4,
        3
      ],
      "weight": 2.0829270619116964
    },
    {
      "type": "spatial",
      "from": [
        3,
        3
      ],
      "to": [
        5,
        3
      ],
      "weight": 4.283412662407522
    },
    {
      "type": "spatial",
      "from": [
        3,
        3
      ],
      "to": [
        6,
        3
      ],
      "weight": 2.3835783013498295
    },
    {
      "type": "spatial",
      "from": [
        4,
        3
      ],
      "to": [
        5,
        3
      ],
      "weight": 4.928853479712603
    },
    {
      "type": "spatial",
      "from": [
        4,
        3
      ],
      "to": [
        6,
        3
      ],
      "weight": 3.7110364037664123
    },
    {
      "type": "spatial",
      "from": [
        5,
        3
      ],
      "to": [
        6,
        3
      ],
      "weight": 1.8998343610576927
    },
    {
      "type": "temporal",
      "from": [
        0,
        3
      ],
      "to": [
        0,
        4
      ],
      "weight": 1.0
    },
    {
      "type": "temporal",
      "from": [
        1,
        3
      ],
      "to": [
        1,
        4
      ],
      "weight": 1.0
    },
    {
      "type": "temporal",
      "from": [
        2,
        3
      ],
      "to": [
        2,
        4
      ],
      "weight": 1.0
    },
    {
      "type": "temporal",
      "from": [
        3,
        3
      ],
      "to": [
        3,
        4
      ],
      "weight": 1.0
    },
    {
      "type": "temporal",
      "from": [
        4,
        3
      ],
      "to": [
        4,
        4
      ],
      "weight": 1.0
    },
    {
      "type": "temporal",
      "from": [
        5,
        3
      ],
      "to": [
        5,
        4
      ],
      "weight": 1.0
    },
    {
      "type": "temporal",
      "from": [
        6,
        3
      ],
      "to": [
        6,
        4
      ],
      "weight": 1.0
    },
    {
      "type": "spatial",
      "from": [
        0,
        4
      ],
      "to": [
        1,
        4
      ],
      "weight": 3.022387870911831
    },
    {
      "type": "spatial",
      "from": [
        0,
        4
      ],
      "to": [
        2,
        4
      ],
      "weight": 1.91649994941042
    },
    {
      "type": "spatial",
      "from": [
        0,
        4
      ],
      "to": [
        3,
        4
      ],
      "weight": 3.5523177069042964
    },
    {
      "type": "spatial",
      "from": [
        0,
        4
      ],
      "to": [
        4,
        4
      ],
      "weight": 1.151588600435826
    },
    {
      "type": "spatial",
      "from": [
        0,
        4
      ],
      "to": [
        5,
        4
      ],
      "weight": 6.173648827674953
    },
    {
      "type": "spatial",
      "from": [
        0,
        4
      ],
      "to": [
        6,
        4
      ],
      "weight": 4.546084015392139
    },
    {
      "type": "spatial",
      "from": [
        1,
        4
      ],
      "to": [
        2,
        4
      ],
      "weight": 1.1058879215014108
    },
    {
      "type": "spatial",
      "from": [
        1,
        4
      ],
      "to": [
        3,
        4
      ],
      "weight": 4.447714161567521
    },
    {
      "type": "spatial",
      "from": [
        1,
        4
      ],
      "to": [
        4,
        4
      ],
      "weight": 2.8022430054047067
    },
    {
      "type": "spatial",
      "from": [
        1,
        4
      ],
      "to": [
        5,
        4
      ],
      "weight": 3.1512609567631213
    },
    {
      "type": "spatial",
      "from": [
        1,
        4
      ],
      "to": [
        6,
        4
      ],
      "weight": 1.9869997126424657
    },
    {
      "type": "spatial",
      "from": [
        2,
        4
      ],
      "to": [
        3,
        4
      ],
      "weight": 5.468817656314717
    },
    {
      "type": "spatial",
      "from": [
        2,
        4
      ],
      "to": [
        4,
        4
      ],
      "weight": 3.0680885498462462
    },
    {
      "type": "spatial",
      "from": [
        2,
        4
      ],
      "to": [
        5,
        4
      ],
      "weight": 4.257148878264532
    },
    {
      "type": "spatial",
      "from": [
        2,
        4
      ],
      "to": [
        6,
        4
      ],
      "weight": 3.0928876341438762
    },
    {
      "type": "spatial",
      "from": [
        3,
        4
      ],
      "to": [
        4,
        4
      ],
      "weight": 2.4007291064684706
    },
    {
      "type": "spatial",
      "from": [
        3,
        4
      ],
      "to": [
        5,
        4
      ],
      "weight": 5.46816828613191
    },
    {
      "type": "spatial",
      "from": [
        3,
        4
      ],
      "to": [
        6,
        4
      ],
      "weight": 2.460714448925055
    },
    {
      "type": "spatial",
      "from": [
        4,
        4
      ],
      "to": [
        5,
        4
      ],
      "weight": 5.953503962167828
    },
    {
      "type": "spatial",
      "from": [
        4,
        4
      ],
      "to": [
        6,
        4
      ],
      "weight": 3.856949681725906
    },
    {
      "type": "spatial",
      "from": [
        5,
        4
      ],
      "to": [
        6,
        4
      ],
      "weight": 3.0074538372068544
    }
  ],
  "lorentzian_dissimilarity": [
    [
      0.0,
      18.276824320433402,
      10.222490978184002,
      18.289404565931488,
      0.0,
      19.209721537965788,
      10.981798465810858,
      -1.0,
      17.276824320433402,
      9.222490978184002,
      17.289404565931488,
      -1.0,
      18.209721537965788,
      9.981798465810858,
      -4.0,
      14.276824320433402,
      6.222490978184002,
      14.289404565931488,
      -4.0,
      15.209721537965788,
      6.981798465810858,
      -9.0,
      9.276824320433402,
      1.2224909781840019,
      9.289404565931488,
      -9.0,
      10.209721537965788,
      1.9817984658108578,
      -16.0,
      2.276824320433402,
