{
  "spec": {
    "num_qubits": 5,
    "topology": "triangulated",
    "custom_edges": "0-1:1.0000,0-2:0.9862,0-3:1.0000,0-4:1.0000,1-2:0.9766,1-3:0.9766,1-4:1.0000,2-3:1.0000,2-4:0.9531,3-4:1.0000",
    "alpha": 0.8,
    "weight": 1.0,
    "gamma": 0.3,
    "sigma": null,
    "init_angle": 0.0,
    "init_angles": null,
    "shots": 100,
    "device": "simulator",
    "geometry": "hyperbolic",
    "curvature": 1.0,
    "timesteps": 2,
    "dimension": 2,
    "mass_hinge": null,
    "mass_value": 0.0,
    "solve_regge": false,
    "lorentzian": false,
    "excite": false,
    "fast": true,
    "strong_curvature": false,
    "charge_injection": false,
    "charge_strength": 1.0,
    "charge_location": 3,
    "spin_injection": false,
    "spin_strength": 1.0,
    "spin_location": 3,
    "edge_floor": 0.001,
    "compute_entropies": false,
    "hyperbolic_triangulation": false,
    "trotter_steps": 4,
    "dt": 0.1,
    "analyze_curvature": true,
    "gravitational_waves": false,
    "einstein_analog": true
  },
  "uid": "N1LBWY",
  "counts_per_timestep": [
    null,
    null
  ],
  "job_ids_per_timestep": [
    null,
    null
  ],
  "entropy_per_timestep": [
    null,
    null
  ],
  "mutual_information_per_timestep": [
    {
      "I_0,1": 0.09796983336859977,
      "I_0,2": 0.09409996068727422,
      "I_0,3": 0.14645755400220306,
      "I_0,4": 0.5960672444523718,
      "I_1,2": 0.5742302714558354,
      "I_1,3": 0.07504588544006552,
      "I_1,4": 0.1868517272078115,
      "I_2,3": 0.06635653836426447,
      "I_2,4": 0.14288648472265997,
      "I_3,4": 0.3433974872584047
    },
    {
      "I_0,1": 0.2202794801624144,
      "I_0,2": 0.14710344156782962,
      "I_0,3": 0.26871967798744734,
      "I_0,4": 0.9480774250543582,
      "I_1,2": 0.6955832767984063,
      "I_1,3": 0.11237461962438577,
      "I_1,4": 0.2881786228388312,
      "I_2,3": 0.09890156328629407,
      "I_2,4": 0.19903825283061272,
      "I_3,4": 0.35239924282444524
    }
  ],
  "boundary_entropies_per_timestep": [
    {
      "entropy_A": 0.6011224495399753,
      "entropy_B": 0.6011224495399718,
      "mi_AB": 1.202244899079938,
      "pure_state_check": true,
      "entropy_difference": 3.4416913763379853e-15,
      "multiple_regions": {
        "size_1_region_0": {
          "region": [
            0
          ],
          "entropy": 0.4572546945962392,
          "rt_area": 4,
          "size": 1
        },
        "size_1_region_1": {
          "region": [
            1
          ],
          "entropy": 0.48063128480829864,
          "rt_area": 4,
          "size": 1
        },
        "size_1_region_2": {
          "region": [
            2
          ],
          "entropy": 0.4475488988290989,
          "rt_area": 4,
          "size": 1
        },
        "size_2_region_0": {
          "region": [
            0,
            1
          ],
          "entropy": 0.8399161460359373,
          "rt_area": 6,
          "size": 2
        },
        "size_2_region_1": {
          "region": [
            0,
            2
          ],
          "entropy": 0.8107036327380636,
          "rt_area": 6,
          "size": 2
        },
        "size_2_region_2": {
          "region": [
            0,
            3
          ],
          "entropy": 0.6197571043884182,
          "rt_area": 6,
          "size": 2
        },
        "size_3_region_0": {
          "region": [
            0,
            1,
            2
          ],
          "entropy": 0.6011224495399753,
          "rt_area": 6,
          "size": 3
        },
        "size_3_region_1": {
          "region": [
            0,
            1,
            3
          ],
          "entropy": 0.9402223871104313,
          "rt_area": 6,
          "size": 3
        },
        "size_3_region_2": {
          "region": [
            0,
            1,
            4
          ],
          "entropy": 0.6901523242592221,
          "rt_area": 6,
          "size": 3
        },
        "size_4_region_0": {
          "region": [
            0,
            1,
            2,
            3
          ],
          "entropy": 0.635559973003996,
          "rt_area": 4,
          "size": 4
        },
        "size_4_region_1": {
          "region": [
            0,
            1,
            2,
            4
          ],
          "entropy": 0.3089599637943869,
          "rt_area": 4,
          "size": 4
        },
        "size_4_region_2": {
          "region": [
            0,
            1,
            3,
            4
          ],
          "entropy": 0.4475488988291037,
          "rt_area": 4,
          "size": 4
        }
      }
    },
    {
      "entropy_A": 0.9732980372198701,
      "entropy_B": 0.9732980372198677,
      "mi_AB": 1.9465960744397304,
      "pure_state_check": true,
      "entropy_difference": 2.3314683517128287e-15,
      "multiple_regions": {
        "size_1_region_0": {
          "region": [
            0
          ],
          "entropy": 0.8253488228281963,
          "rt_area": 4,
          "size": 1
        },
        "size_1_region_1": {
          "region": [
            1
          ],
          "entropy": 0.7480635439600953,
          "rt_area": 4,
          "size": 1
        },
        "size_1_region_2": {
          "region": [
            2
          ],
          "entropy": 0.6608477865046198,
          "rt_area": 4,
          "size": 1
        },
        "size_2_region_0": {
          "region": [
            0,
            1
          ],
          "entropy": 1.3531328866258772,
          "rt_area": 6,
          "size": 2
        },
        "size_2_region_1": {
          "region": [
            0,
            2
          ],
          "entropy": 1.3390931677649875,
          "rt_area": 6,
          "size": 2
        },
        "size_2_region_2": {
          "region": [
            0,
            3
          ],
          "entropy": 0.94683791130321,
          "rt_area": 6,
          "size": 2
        },
        "size_3_region_0": {
          "region": [
            0,
            1,
            2
          ],
          "entropy": 0.9732980372198701,
          "rt_area": 6,
          "size": 3
        },
        "size_3_region_1": {
          "region": [
            0,
            1,
            3
          ],
          "entropy": 1.397298047255863,
          "rt_area": 6,
          "size": 3
        },
        "size_3_region_2": {
          "region": [
            0,
            1,
            4
          ],
          "entropy": 0.9521549896807882,
          "rt_area": 6,
          "size": 3
        },
        "size_4_region_0": {
          "region": [
            0,
            1,
            2,
            3
          ],
          "entropy": 0.9354885135818573,
          "rt_area": 4,
          "size": 4
        },
        "size_4_region_1": {
          "region": [
            0,
            1,
            2,
            4
          ],
          "entropy": 0.3902087664624615,
          "rt_area": 4,
          "size": 4
        },
        "size_4_region_2": {
          "region": [
            0,
            1,
            3,
            4
          ],
          "entropy": 0.6608477865046275,
          "rt_area": 4,
          "size": 4
        }
      }
    }
  ],
  "distance_matrix_per_timestep": [
    [
      [
        0.0,
        2.194841671291952,
        2.363397650166935,
        1.5862684398083722,
        0.5174017920188225
      ],
      [
        2.194841671291952,
        0.0,
        0.5547247933259684,
        2.7463065270626794,
        1.6774398792731298
      ],
      [
        2.363397650166935,
        0.5547247933259684,
        0.0,
        2.7127129795132072,
        1.94570477708696
      ],
      [
        1.5862684398083722,
        2.7463065270626794,
        2.7127129795132072,
        0.0,
        1.0688666477895497
      ],
      [
        0.5174017920188225,
        1.6774398792731298,
        1.94570477708696,
        1.0688666477895497,
        0.0
      ]
    ],
    [
      [
        0.0,
        1.2974938809754404,
        1.660498419171845,
        1.0963096416115412,
        0.05331910806382316
      ],
      [
        1.2974938809754404,
        0.0,
        0.3630045381964047,
        2.287165306459335,
        1.2441747729116173
      ],
      [
        1.660498419171845,
        0.3630045381964047,
        0.0,
        2.3136302337413475,
        1.607179311108022
      ],
      [
        1.0963096416115412,
        2.287165306459335,
        2.3136302337413475,
        0.0,
        1.042990533547718
      ],
      [
        0.05331910806382316,
        1.2441747729116173,
        1.607179311108022,
        1.042990533547718,
        0.0
      ]
    ]
  ],
  "edge_mi": {
    "0,1": 0.2202794801624144,
    "0,4": 0.9480774250543582,
    "0,2": 0.14710344156782962,
    "1,2": 0.6955832767984063,
    "1,4": 0.2881786228388312,
    "2,3": 0.09890156328629407,
    "2,4": 0.19903825283061272,
    "3,4": 0.35239924282444524
  },
  "distance_matrix": [
    [
      0.0,
      1.2974938809754404,
      1.660498419171845,
      1.0963096416115412,
      0.05331910806382316
    ],
    [
      1.2974938809754404,
      0.0,
      0.3630045381964047,
      2.185917171073627,
      1.2441747729116173
    ],
    [
      1.660498419171845,
      0.3630045381964047,
      0.0,
      2.3136302337413475,
      1.607179311108022
    ],
    [
      1.0963096416115412,
      2.185917171073627,
      2.3136302337413475,
      0.0,
      1.042990533547718
    ],
    [
      0.05331910806382316,
      1.2441747729116173,
      1.607179311108022,
      1.042990533547718,
      0.0
    ]
  ],
  "shortest_paths": {
    "0": {
      "0": 0,
      "4": 0.05331910806382316,
      "3": 1.0963096416115412,
      "1": 1.2974938809754404,
      "2": 1.660498419171845
    },
    "1": {
      "1": 0,
      "2": 0.3630045381964047,
      "4": 1.2441747729116173,
      "0": 1.2974938809754404,
      "3": 2.185917171073627
    },
    "2": {
      "2": 0,
      "1": 0.3630045381964047,
      "4": 1.607179311108022,
      "0": 1.660498419171845,
      "3": 2.3136302337413475
    },
    "3": {
      "3": 0,
      "4": 1.042990533547718,
      "0": 1.0963096416115412,
      "1": 2.185917171073627,
      "2": 2.3136302337413475
    },
    "4": {
      "4": 0,
      "0": 0.05331910806382316,
      "3": 1.042990533547718,
      "1": 1.2441747729116173,
      "2": 1.607179311108022
    }
  },
  "gromov_delta": 2.0682714333092846,
  "mean_distance": 1.0291614088321108,
  "angle_sums": [
    0.0,
    2.7350129952235886,
    0.0,
    2.5282888446625553,
    0.0,
    0.0,
    2.8688622540197586,
    0.0,
    2.85883462836617,
    2.6079912818591424
  ],
  "mean_angle_sum": 1.3598990004131215,
  "min_angle_sum": 0.0,
  "max_angle_sum": 2.8688622540197586,
  "angle_sum_deviations": [
    -3.141592653589793,
    -0.40657965836620447,
    -3.141592653589793,
    -0.6133038089272378,
    -3.141592653589793,
    -3.141592653589793,
    -0.27273039957003453,
    -3.141592653589793,
    -0.28275802522362303,
    -0.5336013717306507
  ],
  "triangle_inequality_violations": [],
  "embedding_coords": null,
  "edge_weight_variance": 0.00023295450000000029,
  "event_nodes": [
    [
      0,
      0
    ],
    [
      1,
      0
    ],
    [
      2,
      0
    ],
    [
      3,
      0
    ],
    [
      4,
      0
    ],
    [
      0,
      1
    ],
    [
      1,
      1
    ],
    [
      2,
      1
    ],
    [
      3,
      1
    ],
    [
      4,
      1
    ]
  ],
  "event_edges": [
    {
      "type": "spatial",
      "from": [
        0,
        0
      ],
      "to": [
        1,
        0
      ],
      "weight": 2.194841671291952
    },
    {
      "type": "spatial",
      "from": [
        0,
        0
      ],
      "to": [
        2,
        0
      ],
      "weight": 2.363397650166935
    },
    {
      "type": "spatial",
      "from": [
        0,
        0
      ],
      "to": [
        3,
        0
      ],
      "weight": 1.5862684398083722
    },
    {
      "type": "spatial",
      "from": [
        0,
        0
      ],
      "to": [
        4,
        0
      ],
      "weight": 0.5174017920188225
    },
    {
      "type": "spatial",
      "from": [
        1,
        0
      ],
      "to": [
        2,
        0
      ],
      "weight": 0.5547247933259684
    },
    {
      "type": "spatial",
      "from": [
        1,
        0
      ],
      "to": [
        3,
        0
      ],
      "weight": 2.7463065270626794
    },
    {
      "type": "spatial",
      "from": [
        1,
        0
      ],
      "to": [
        4,
        0
      ],
      "weight": 1.6774398792731298
    },
    {
      "type": "spatial",
      "from": [
        2,
        0
      ],
      "to": [
        3,
        0
      ],
      "weight": 2.7127129795132072
    },
    {
      "type": "spatial",
      "from": [
        2,
        0
      ],
      "to": [
        4,
        0
      ],
      "weight": 1.94570477708696
    },
    {
      "type": "spatial",
      "from": [
        3,
        0
      ],
      "to": [
        4,
        0
      ],
      "weight": 1.0688666477895497
    },
    {
      "type": "temporal",
      "from": [
        0,
        0
      ],
      "to": [
        0,
        1
      ],
      "weight": 1.0
    },
    {
      "type": "temporal",
      "from": [
        1,
        0
      ],
      "to": [
        1,
        1
      ],
      "weight": 1.0
    },
    {
      "type": "temporal",
      "from": [
        2,
        0
      ],
      "to": [
        2,
        1
      ],
      "weight": 1.0
    },
    {
      "type": "temporal",
      "from": [
        3,
        0
      ],
      "to": [
        3,
        1
      ],
      "weight": 1.0
    },
    {
      "type": "temporal",
      "from": [
        4,
        0
      ],
      "to": [
        4,
        1
      ],
      "weight": 1.0
    },
    {
      "type": "spatial",
      "from": [
        0,
        1
      ],
      "to": [
        1,
        1
      ],
      "weight": 1.2974938809754404
    },
    {
      "type": "spatial",
      "from": [
        0,
        1
      ],
      "to": [
        2,
        1
      ],
      "weight": 1.660498419171845
    },
    {
      "type": "spatial",
      "from": [
        0,
        1
      ],
      "to": [
        3,
        1
      ],
      "weight": 1.0963096416115412
    },
    {
      "type": "spatial",
      "from": [
        0,
        1
      ],
      "to": [
        4,
        1
      ],
      "weight": 0.05331910806382316
    },
    {
      "type": "spatial",
      "from": [
        1,
        1
      ],
      "to": [
        2,
        1
      ],
      "weight": 0.3630045381964047
    },
    {
      "type": "spatial",
      "from": [
        1,
        1
      ],
      "to": [
        3,
        1
      ],
      "weight": 2.287165306459335
    },
    {
      "type": "spatial",
      "from": [
        1,
        1
      ],
      "to": [
        4,
        1
      ],
      "weight": 1.2441747729116173
    },
    {
      "type": "spatial",
      "from": [
        2,
        1
      ],
      "to": [
        3,
        1
      ],
      "weight": 2.3136302337413475
    },
    {
      "type": "spatial",
      "from": [
        2,
        1
      ],
      "to": [
        4,
        1
      ],
      "weight": 1.607179311108022
    },
    {
      "type": "spatial",
      "from": [
        3,
        1
      ],
      "to": [
        4,
        1
      ],
      "weight": 1.042990533547718
    }
  ],
  "lorentzian_dissimilarity": [
    [
      0.0,
      4.81732996203965,
      5.585648452814589,
      2.516247563132087,
      0.2677046143842889,
      -1.0,
      3.8173299620396497,
      4.585648452814589,
      1.516247563132087,
      -0.7322953856157111
    ],
    [
      4.81732996203965,
      0.0,
      0.3077195963305383,
      7.542199540587076,
      2.813804548575852,
      3.8173299620396497,
      -1.0,
      -0.6922804036694616,
      6.542199540587076,
      1.813804548575852
    ],
    [
      5.585648452814589,
      0.3077195963305383,
      0.0,
      7.358811709219422,
      3.7857670795790166,
      4.585648452814589,
      -0.6922804036694616,
      -1.0,
      6.358811709219422,
      2.7857670795790166
    ],
    [
      2.516247563132087,
      7.542199540587076,
      7.358811709219422,
      0.0,
      1.1424759107568692,
      1.516247563132087,
      6.542199540587076,
      6.358811709219422,
      -1.0,
      0.14247591075686916
    ],
    [
      0.2677046143842889,
      2.813804548575852,
      3.7857670795790166,
      1.1424759107568692,
      0.0,
      -0.7322953856157111,
      1.813804548575852,
      2.7857670795790166,
      0.14247591075686916,
      -1.0
    ],
    [
      -1.0,
      3.8173299620396497,
      4.585648452814589,
      1.516247563132087,
      -0.7322953856157111,
      0.0,
      1.6834903711687104,
      2.7572550000721963,
      1.201894830290426,
      0.002842927284721652
    ],
    [
      3.8173299620396497,
      -1.0,
      -0.6922804036694616,
      6.542199540587076,
      1.813804548575852,
      1.6834903711687104,
      0.0,
      0.13177229475118504,
      5.231125139071224,
      1.5479708655496744
    ],
    [
      4.585648452814589,
      -0.6922804036694616,
      -1.0,
      6.358811709219422,
      2.7857670795790166,
      2.7572550000721963,
      0.13177229475118504,
      0.0,
      5.352884858482042,
      2.583025338053656
    ],
    [
      1.516247563132087,
      6.542199540587076,
      6.358811709219422,
      -1.0,
      0.14247591075686916,
      1.201894830290426,
      5.231125139071224,
      5.352884858482042,
      0.0,
      1.0878292530701537
    ],
    [
      -0.7322953856157111,
      1.813804548575852,
      2.7857670795790166,
      0.14247591075686916,
      -1.0,
      0.002842927284721652,
      1.5479708655496744,
      2.583025338053656,
      1.0878292530701537,
      0.0
    ]
  ],
  "lorentzian_embedding": [
    [
      0.0,
      0.0,
      0.0
    ],
    [
      0.0,
      0.0,
      0.0
    ],
    [
      0.0,
      0.0,
      0.0
    ],
    [
      0.0,
      0.0,
      0.0
    ],
    [
      0.0,
      0.0,
      0.0
    ],
    [
      0.0,
      0.0,
      0.0
    ],
    [
      0.0,
      0.0,
      0.0
    ],
    [
      0.0,
      0.0,
      0.0
    ],
    [
      0.0,
      0.0,
      0.0
    ],
    [
      0.0,
      0.0,
      0.0
    ]
  ],
  "edge_length_evolution": [],
  "angle_deficit_evolution": [],
  "regge_action_evolution": [],
  "gromov_delta_evolution": [],
  "mass_hinge": null,
  "mass_value": 0.0,
  "matter": {
    "(0, 1)": 0.0,
    "(2, 4)": 0.0,
    "(1, 2)": 0.0,
    "(0, 4)": 0.0,
    "(3, 4)": 0.0,
    "(0, 3)": 0.0,
    "(1, 4)": 0.0,
    "(2, 3)": 0.0,
    "(0, 2)": 0.0,
    "(1, 3)": 0.0
  },
  "stationary_solution": null,
  "bootstrap_analysis": {
    "gromov_delta": {
      "mean": 2.285521428813549,
      "lower_ci": 2.1188955010021386,
      "upper_ci": 2.452147356624959,
      "all_values": [
        2.452147356624959,
        2.1188955010021386
      ],
      "uncertainty": 0.16662592781141017
    },
    "entropy": {
      "mean": null,
      "lower_ci": null,
      "upper_ci": null,
      "uncertainty": null
    },
    "distance_matrix": {
      "mean": [
        [
          0.0,
          1.7461677761336962,
          2.01194803466939,
          1.3412890407099567,
          0.2853604500413228
        ],
        [
          1.7461677761336962,
          0.0,
          0.45886466576118656,
          2.5167359167610073,
          1.4608073260923735
        ],
        [
          2.01194803466939,
          0.45886466576118656,
          0.0,
          2.513171606627277,
          1.7764420440974908
        ],
        [
          1.3412890407099567,
          2.5167359167610073,
          2.513171606627277,
          0.0,
          1.0559285906686338
        ],
        [
          0.2853604500413228,
          1.4608073260923735,
          1.7764420440974908,
          1.0559285906686338,
          0.0
        ]
      ],
      "lower_ci": [
        [
          0.0,
          1.2974938809754404,
          1.660498419171845,
          1.0963096416115412,
          0.05331910806382316
        ],
        [
          1.2974938809754404,
          0.0,
          0.3630045381964047,
          2.287165306459335,
          1.2441747729116173
        ],
        [
          1.660498419171845,
          0.3630045381964047,
          0.0,
          2.3136302337413475,
          1.607179311108022
        ],
        [
          1.0963096416115412,
          2.287165306459335,
          2.3136302337413475,
          0.0,
          1.042990533547718
        ],
        [
          0.05331910806382316,
          1.2441747729116173,
          1.607179311108022,
          1.042990533547718,
          0.0
        ]
      ],
      "upper_ci": [
        [
          0.0,
          2.194841671291952,
          2.363397650166935,
          1.5862684398083722,
          0.5174017920188225
        ],
        [
          2.194841671291952,
          0.0,
          0.5547247933259684,
          2.7463065270626794,
          1.6774398792731298
        ],
        [
          2.363397650166935,
          0.5547247933259684,
          0.0,
          2.7127129795132072,
          1.94570477708696
        ],
        [
          1.5862684398083722,
          2.7463065270626794,
          2.7127129795132072,
          0.0,
          1.0688666477895497
        ],
        [
          0.5174017920188225,
          1.6774398792731298,
          1.94570477708696,
          1.0688666477895497,
          0.0
        ]
      ]
    }
  },
  "topology_compatibility": {
    "current_topology": "triangulated",
    "explanation": "Triangulated topology is specifically designed for angle-sum curvature. Creates multiple triangles per vertex, enabling robust local curvature measurements. Each vertex has multiple incident triangles for well-defined angle sums.",
    "supports_local_curvature": true
  },
  "rt_surface_analysis": {
    "region_A": [
      0,
      1
    ],
    "region_B": [
      2,
      3,
      4
    ],
    "bulk_point": 2,
    "is_complementary": true,
    "rt_area_AB": 6.704471786414567,
    "rt_area_BA": 6.704471786414567,
    "area_consistent": true,
    "edges_consistent": true,
    "area_difference": 0.0,
    "rt_edges_AB": [
      [
        0,
        2
      ],
      [
        0,
        3
      ],
      [
        0,
        4
      ],
      [
        1,
        2
      ],
      [
        1,
        3
      ],
      [
        1,
        4
      ]
    ],
    "rt_edges_BA": [
      [
        0,
        2
      ],
      [
        0,
        3
      ],
      [
        0,
        4
      ],
      [
        1,
        2
      ],
      [
        1,
        3
      ],
      [
        1,
        4
      ]
    ],
    "edge_lengths": [
      1.2974938809754404,
      1.660498419171845,
      1.0963096416115412,
      0.05331910806382316,
      0.3630045381964047,
      2.287165306459335,
      1.2441747729116173,
      2.3136302337413475,
      1.607179311108022,
      1.042990533547718
    ],
    "all_edges": [
      [
        0,
        1
      ],
      [
        0,
        2
      ],
      [
        0,
        3
      ],
      [
        0,
        4
      ],
      [
        1,
        2
      ],
      [
        1,
        3
      ],
      [
        1,
        4
      ],
      [
        2,
        3
      ],
      [
        2,
        4
      ],
      [
        3,
        4
      ]
    ]
  },
  "bulk_excitation_analysis": null,
  "curvature_analysis": null,
  "dynamic_curvature_evolution": [],
  "gravitational_wave_analysis": null,
  "holographic_entropy_analysis": null,
  "einstein_equations_analysis": null,
  "dynamic_evidence": {
    "angle_sums_per_timestep": [
      [
        2.71930320886553,
        2.0488682260138655,
        0.0,
        1.9874291185178534,
        2.904113782617329,
        0.0,
        2.663576312913213,
        2.8007283933602327,
        0.0,
        2.5710804593226864
      ],
      [
        0.0,
        2.837188952053644,
        0.0,
        2.5282888446625553,
        0.0,
        0.0,
        2.8478602771703168,
        0.0,
        0.0,
        2.6079912818591424
      ]
    ],
    "gromov_delta_per_timestep": [
      2.452147356624959,
      2.1188955010021386
    ],
    "edge_mi_per_timestep": [
      {
        "0,1": 0.09796983336859977,
        "0,4": 0.5960672444523718,
        "0,2": 0.09409996068727422,
        "1,2": 0.5742302714558354,
        "1,4": 0.1868517272078115,
        "2,3": 0.06635653836426447,
        "2,4": 0.14288648472265997,
        "3,4": 0.3433974872584047
      },
      {
        "0,1": 0.2202794801624144,
        "0,4": 0.9480774250543582,
        "0,2": 0.14710344156782962,
        "1,2": 0.6955832767984063,
        "1,4": 0.2881786228388312,
        "2,3": 0.09890156328629407,
        "2,4": 0.19903825283061272,
        "3,4": 0.35239924282444524
      }
    ],
    "shortest_paths_per_timestep": [
      {
        "0": {
          "0": 0,
          "4": 0.5174017920188225,
          "3": 1.5862684398083722,
          "1": 2.194841671291952,
          "2": 2.363397650166935
        },
        "1": {
          "1": 0,
          "2": 0.5547247933259684,
          "4": 1.6774398792731298,
          "0": 2.194841671291952,
          "3": 2.7463065270626794
        },
        "2": {
          "2": 0,
          "1": 0.5547247933259684,
          "4": 1.94570477708696,
          "0": 2.363397650166935,
          "3": 2.7127129795132072
        },
        "3": {
          "3": 0,
          "4": 1.0688666477895497,
          "0": 1.5862684398083722,
          "2": 2.7127129795132072,
          "1": 2.7463065270626794
        },
        "4": {
          "4": 0,
          "0": 0.5174017920188225,
          "3": 1.0688666477895497,
          "1": 1.6774398792731298,
          "2": 1.94570477708696
        }
      },
      {
        "0": {
          "0": 0,
          "4": 0.05331910806382316,
          "3": 1.0963096416115412,
          "1": 1.2974938809754404,
          "2": 1.660498419171845
        },
        "1": {
          "1": 0,
          "2": 0.3630045381964047,
          "4": 1.2441747729116173,
          "0": 1.2974938809754404,
          "3": 2.287165306459335
        },
        "2": {
          "2": 0,
          "1": 0.3630045381964047,
          "4": 1.607179311108022,
          "0": 1.660498419171845,
          "3": 2.3136302337413475
        },
        "3": {
          "3": 0,
          "4": 1.042990533547718,
          "0": 1.0963096416115412,
          "1": 2.287165306459335,
          "2": 2.3136302337413475
        },
        "4": {
          "4": 0,
          "0": 0.05331910806382316,
          "3": 1.042990533547718,
          "1": 1.2441747729116173,
          "2": 1.607179311108022
        }
      }
    ],
    "mean_distance_per_timestep": [
      1.389413212587006,
      1.0372612596629676
    ],
    "triangle_violations_per_timestep": [
      0,
      0
    ],
    "embedding_coords_per_timestep": [
      [
        [
          -0.995279704634212,
          -1.2420528675302371
        ],
        [
          2.1723613935281265,
          1.8677615578813533
        ],
        [
          2.2606916877767174,
          2.4494469927951585
        ],
        [
          -2.824378805668321,
          -2.500266717379649
        ],
        [
          -0.6133945710023108,
          -0.5748889657666262
        ]
      ],
      [
        [
          -0.1739620857360502,
          -0.5644241735036069
        ],
        [
          0.4432836722896018,
          1.4929370756530473
        ],
        [
          0.6139552101002704,
          1.9677846101869705
        ],
        [
          -0.7227601966562096,
          -2.382979652929874
        ],
        [
          -0.16051659999761242,
          -0.5133178594065368
        ]
      ]
    ],
    "regge_evolution_data": null,
    "evolution_summary": {
      "total_timesteps": 2,
      "gromov_delta_range": [
        2.1188955010021386,
        2.452147356624959
      ],
      "mean_distance_range": [
        1.0372612596629676,
        1.389413212587006
      ],
      "total_triangle_violations": 0,
      "hyperbolic_evolution": [
        false,
        false
      ],
      "regge_corrected": false
    }
  }
}