{
  "spec": {
    "num_qubits": 7,
    "topology": "triangulated",
    "custom_edges": "0-1:1.0000,0-2:0.9585,0-3:1.0000,0-4:1.0000,0-5:0.9298,0-6:0.9298,1-2:1.0000,1-3:1.0000,1-4:0.8592,1-5:1.0000,1-6:0.8610,2-3:0.8603,2-4:1.0000,2-5:0.4260,2-6:0.4825,3-4:0.8313,3-5:0.6962,3-6:1.0000,4-5:0.7276,4-6:0.5763,5-6:1.0000",
    "alpha": 0.1,
    "weight": 1.0,
    "gamma": 0.3,
    "sigma": null,
    "init_angle": 0.0,
    "init_angles": null,
    "shots": 100,
    "device": "ibm_brisbane",
    "geometry": "hyperbolic",
    "curvature": 3.0,
    "timesteps": 2,
    "dimension": 2,
    "mass_hinge": null,
    "mass_value": 0.0,
    "solve_regge": true,
    "lorentzian": false,
    "excite": false,
    "fast": false,
    "strong_curvature": false,
    "charge_injection": true,
    "charge_strength": 0.1,
    "charge_location": 3,
    "spin_injection": false,
    "spin_strength": 1.0,
    "spin_location": 3
  },
  "uid": "H3G2E8",
  "counts_per_timestep": [
    null,
    null
  ],
  "job_ids_per_timestep": [
    "d20o2vs3s4ss73clbm3g",
    "d20o31bni11c73fcsn2g"
  ],
  "entropy_per_timestep": [
    null,
    null
  ],
  "mutual_information_per_timestep": [
    {
      "I_0,1": 0.1,
      "I_0,2": 0.1,
      "I_0,3": 0.1,
      "I_0,4": 0.1,
      "I_0,5": 0.1,
      "I_0,6": 0.1,
      "I_1,2": 0.1,
      "I_1,3": 0.1,
      "I_1,4": 0.1,
      "I_1,5": 0.1,
      "I_1,6": 0.1,
      "I_2,3": 0.1,
      "I_2,4": 0.1,
      "I_2,5": 0.1,
      "I_2,6": 0.1,
      "I_3,4": 0.1,
      "I_3,5": 0.1,
      "I_3,6": 0.1,
      "I_4,5": 0.1,
      "I_4,6": 0.1,
      "I_5,6": 0.1
    },
    {
      "I_0,1": 0.1,
      "I_0,2": 0.1,
      "I_0,3": 0.1,
      "I_0,4": 0.1,
      "I_0,5": 0.1,
      "I_0,6": 0.1,
      "I_1,2": 0.1,
      "I_1,3": 0.1,
      "I_1,4": 0.1,
      "I_1,5": 0.1,
      "I_1,6": 0.1,
      "I_2,3": 0.1,
      "I_2,4": 0.1,
      "I_2,5": 0.1,
      "I_2,6": 0.1,
      "I_3,4": 0.1,
      "I_3,5": 0.1,
      "I_3,6": 0.1,
      "I_4,5": 0.1,
      "I_4,6": 0.1,
      "I_5,6": 0.1
    }
  ],
  "distance_matrix_per_timestep": [
    [
      [
        0.0,
        0.0010073196556976464,
        0.0010073774595280606,
        0.0010054454462827965,
        0.0010151905145764722,
        0.0010015878718884954,
        0.0010223557157754463
      ],
      [
        0.0010073196556976464,
        0.0,
        0.001018641932291342,
        0.0019982277023347433,
        0.0010050173557421063,
        0.0010048793900701814,
        0.0010192991219090174
      ],
      [
        0.0010073774595280606,
        0.001018641932291342,
        0.0,
        0.002000995228203358,
        0.0010137302172335263,
        0.0010052670869002097,
        0.0010176956866993455
      ],
      [
        0.0010054454462827965,
        0.0019982277023347433,
        0.002000995228203358,
        0.0,
        0.0010113794976340496,
        0.0010044847917133305,
        0.001016761937373384
      ],
      [
        0.0010151905145764722,
        0.0010050173557421063,
        0.0010137302172335263,
        0.0010113794976340496,
        0.0,
        0.0010165114997085297,
        0.0010116446406870682
      ],
      [
        0.0010015878718884954,
        0.0010048793900701814,
        0.0010052670869002097,
        0.0010044847917133305,
        0.0010165114997085297,
        0.0,
        0.0010201110740186896
      ],
      [
        0.0010223557157754463,
        0.0010192991219090174,
        0.0010176956866993455,
        0.001016761937373384,
        0.0010116446406870682,
        0.0010201110740186896,
        0.0
      ]
    ],
    [
      [
        0.0,
        0.0010073196556976464,
        0.0010073774595280606,
        0.0010054454462827965,
        0.0010151905145764722,
        0.0010015878718884954,
        0.0010223557157754463
      ],
      [
        0.0010073196556976464,
        0.0,
        0.001018641932291342,
        0.0019982277023347433,
        0.0010050173557421063,
        0.0010048793900701814,
        0.0010192991219090174
      ],
      [
        0.0010073774595280606,
        0.001018641932291342,
        0.0,
        0.002000995228203358,
        0.0010137302172335263,
        0.0010052670869002097,
        0.0010176956866993455
      ],
      [
        0.0010054454462827965,
        0.0019982277023347433,
        0.002000995228203358,
        0.0,
        0.0010113794976340496,
        0.0010044847917133305,
        0.001016761937373384
      ],
      [
        0.0010151905145764722,
        0.0010050173557421063,
        0.0010137302172335263,
        0.0010113794976340496,
        0.0,
        0.0010165114997085297,
        0.0010116446406870682
      ],
      [
        0.0010015878718884954,
        0.0010048793900701814,
        0.0010052670869002097,
        0.0010044847917133305,
        0.0010165114997085297,
        0.0,
        0.0010201110740186896
      ],
      [
        0.0010223557157754463,
        0.0010192991219090174,
        0.0010176956866993455,
        0.001016761937373384,
        0.0010116446406870682,
        0.0010201110740186896,
        0.0
      ]
    ]
  ],
  "edge_mi": {
    "0,1": 0.1,
    "0,6": 0.1,
    "0,2": 0.1,
    "0,3": 0.1,
    "0,4": 0.1,
    "1,2": 0.1,
    "1,6": 0.1,
    "1,4": 0.1,
    "1,5": 0.1,
    "2,3": 0.1,
    "2,4": 0.1,
    "2,5": 0.1,
    "2,6": 0.1,
    "3,4": 0.1,
    "3,6": 0.1,
    "4,5": 0.1,
    "4,6": 0.1,
    "5,6": 0.1
  },
  "distance_matrix": [
    [
      0.0,
      2.3025850929940455,
      2.3025850929940455,
      2.3025850929940455,
      2.3025850929940455,
      2.3025850929940455,
      2.3025850929940455
    ],
    [
      2.3025850929940455,
      0.0,
      2.3025850929940455,
      2.3025850929940455,
      2.3025850929940455,
      2.3025850929940455,
      2.3025850929940455
    ],
    [
      2.3025850929940455,
      2.3025850929940455,
      0.0,
      2.3025850929940455,
      2.3025850929940455,
      2.3025850929940455,
      2.3025850929940455
    ],
    [
      2.3025850929940455,
      2.3025850929940455,
      2.3025850929940455,
      0.0,
      2.3025850929940455,
      2.3025850929940455,
      2.3025850929940455
    ],
    [
      2.3025850929940455,
      2.3025850929940455,
      2.3025850929940455,
      2.3025850929940455,
      0.0,
      2.3025850929940455,
      2.3025850929940455
    ],
    [
      2.3025850929940455,
      2.3025850929940455,
      2.3025850929940455,
      2.3025850929940455,
      2.3025850929940455,
      0.0,
      2.3025850929940455
    ],
    [
      2.3025850929940455,
      2.3025850929940455,
      2.3025850929940455,
      2.3025850929940455,
      2.3025850929940455,
      2.3025850929940455,
      0.0
    ]
  ],
  "shortest_paths": {
    "0": {
      "0": 0,
      "1": 2.3025850929940455,
      "2": 2.3025850929940455,
      "3": 2.3025850929940455,
      "4": 2.3025850929940455,
      "5": 2.3025850929940455,
      "6": 2.3025850929940455
    },
    "1": {
      "1": 0,
      "0": 2.3025850929940455,
      "2": 2.3025850929940455,
      "3": 2.3025850929940455,
      "4": 2.3025850929940455,
      "5": 2.3025850929940455,
      "6": 2.3025850929940455
    },
    "2": {
      "2": 0,
      "0": 2.3025850929940455,
      "1": 2.3025850929940455,
      "3": 2.3025850929940455,
      "4": 2.3025850929940455,
      "5": 2.3025850929940455,
      "6": 2.3025850929940455
    },
    "3": {
      "3": 0,
      "0": 2.3025850929940455,
      "1": 2.3025850929940455,
      "2": 2.3025850929940455,
      "4": 2.3025850929940455,
      "5": 2.3025850929940455,
      "6": 2.3025850929940455
    },
    "4": {
      "4": 0,
      "0": 2.3025850929940455,
      "1": 2.3025850929940455,
      "2": 2.3025850929940455,
      "3": 2.3025850929940455,
      "5": 2.3025850929940455,
      "6": 2.3025850929940455
    },
    "5": {
      "5": 0,
      "0": 2.3025850929940455,
      "1": 2.3025850929940455,
      "2": 2.3025850929940455,
      "3": 2.3025850929940455,
      "4": 2.3025850929940455,
      "6": 2.3025850929940455
    },
    "6": {
      "6": 0,
      "0": 2.3025850929940455,
      "1": 2.3025850929940455,
      "2": 2.3025850929940455,
      "3": 2.3025850929940455,
      "4": 2.3025850929940455,
      "5": 2.3025850929940455
    }
  },
  "gromov_delta": 1.1512925464970227,
  "mean_distance": 1.9736443654234674,
  "angle_sums": [
    0.8043634593045942,
    0.8043634593045942,
    0.8043634593045942,
    0.8043634593045942,
    0.8043634593045942,
    0.8043634593045942,
    0.8043634593045942,
    0.8043634593045942,
    0.8043634593045942,
    0.8043634593045942,
    0.8043634593045942,
    0.8043634593045942,
    0.8043634593045942,
    0.8043634593045942,
    0.8043634593045942,
    0.8043634593045942,
    0.8043634593045942,
    0.8043634593045942,
    0.8043634593045942,
    0.8043634593045942,
    0.8043634593045942,
    0.8043634593045942,
    0.8043634593045942,
    0.8043634593045942,
    0.8043634593045942,
    0.8043634593045942,
    0.8043634593045942,
    0.8043634593045942,
    0.8043634593045942,
    0.8043634593045942,
    0.8043634593045942,
    0.8043634593045942,
    0.8043634593045942,
    0.8043634593045942,
    0.8043634593045942
  ],
  "mean_angle_sum": 0.8043634593045941,
  "min_angle_sum": 0.8043634593045942,
  "max_angle_sum": 0.8043634593045942,
  "angle_sum_deviations": [
    -2.337229194285199,
    -2.337229194285199,
    -2.337229194285199,
    -2.337229194285199,
    -2.337229194285199,
    -2.337229194285199,
    -2.337229194285199,
    -2.337229194285199,
    -2.337229194285199,
    -2.337229194285199,
    -2.337229194285199,
    -2.337229194285199,
    -2.337229194285199,
    -2.337229194285199,
    -2.337229194285199,
    -2.337229194285199,
    -2.337229194285199,
    -2.337229194285199,
    -2.337229194285199,
    -2.337229194285199,
    -2.337229194285199,
    -2.337229194285199,
    -2.337229194285199,
    -2.337229194285199,
    -2.337229194285199,
    -2.337229194285199,
    -2.337229194285199,
    -2.337229194285199,
    -2.337229194285199,
    -2.337229194285199,
    -2.337229194285199,
    -2.337229194285199,
    -2.337229194285199,
    -2.337229194285199,
    -2.337229194285199
  ],
  "triangle_inequality_violations": [],
  "embedding_coords": [
    [
      -7.22520588923429,
      6.624326229069114
    ],
    [
      -9.56199158990994,
      -1.4953349469904906
    ],
    [
      -4.856550312298097,
      -8.508516779659486
    ],
    [
      3.604157196676344,
      -9.027854990855035
    ],
    [
      9.330748080444797,
      -2.824965217260393
    ],
    [
      8.033844055514324,
      5.545703284310912
    ],
    [
      0.6749984588068644,
      9.686642421385379
    ]
  ],
  "embedding_coords_3d": [
    [
      -6.531124509277885,
      -7.499461521125238,
      0.6375050727534533
    ],
    [
      -7.852531052893036,
      2.4644523576950506,
      -5.631252436437653
    ],
    [
      9.288814657365277,
      2.3247121193067053,
      2.7914980390047295
    ],
    [
      -4.126219887724733,
      6.750328294314744,
      6.34509305972674
    ],
    [
      3.0641383248643956,
      7.274676037515414,
      -6.0986957864086
    ],
    [
      1.836874236022923,
      -4.87810723331403,
      8.494743390330148
    ],
    [
      4.320048231643061,
      -6.436600054392643,
      -6.538891338968814
    ]
  ],
  "edge_weight_variance": 0.031051735691609975,
  "event_nodes": [
    [
      0,
      0
    ],
    [
      1,
      0
    ],
    [
      2,
      0
    ],
    [
      3,
      0
    ],
    [
      4,
      0
    ],
    [
      5,
      0
    ],
    [
      6,
      0
    ],
    [
      0,
      1
    ],
    [
      1,
      1
    ],
    [
      2,
      1
    ],
    [
      3,
      1
    ],
    [
      4,
      1
    ],
    [
      5,
      1
    ],
    [
      6,
      1
    ]
  ],
  "event_edges": [
    {
      "type": "spatial",
      "from": [
        0,
        0
      ],
      "to": [
        1,
        0
      ],
      "weight": 2.3025850929940455
    },
    {
      "type": "spatial",
      "from": [
        0,
        0
      ],
      "to": [
        2,
        0
      ],
      "weight": 2.3025850929940455
    },
    {
      "type": "spatial",
      "from": [
        0,
        0
      ],
      "to": [
        3,
        0
      ],
      "weight": 2.3025850929940455
    },
    {
      "type": "spatial",
      "from": [
        0,
        0
      ],
      "to": [
        4,
        0
      ],
      "weight": 2.3025850929940455
    },
    {
      "type": "spatial",
      "from": [
        0,
        0
      ],
      "to": [
        5,
        0
      ],
      "weight": 4.605170185988091
    },
    {
      "type": "spatial",
      "from": [
        0,
        0
      ],
      "to": [
        6,
        0
      ],
      "weight": 2.3025850929940455
    },
    {
      "type": "spatial",
      "from": [
        1,
        0
      ],
      "to": [
        2,
        0
      ],
      "weight": 2.3025850929940455
    },
    {
      "type": "spatial",
      "from": [
        1,
        0
      ],
      "to": [
        3,
        0
      ],
      "weight": 4.605170185988091
    },
    {
      "type": "spatial",
      "from": [
        1,
        0
      ],
      "to": [
        4,
        0
      ],
      "weight": 2.3025850929940455
    },
    {
      "type": "spatial",
      "from": [
        1,
        0
      ],
      "to": [
        5,
        0
      ],
      "weight": 2.3025850929940455
    },
    {
      "type": "spatial",
      "from": [
        1,
        0
      ],
      "to": [
        6,
        0
      ],
      "weight": 2.3025850929940455
    },
    {
      "type": "spatial",
      "from": [
        2,
        0
      ],
      "to": [
        3,
        0
      ],
      "weight": 2.3025850929940455
    },
    {
      "type": "spatial",
      "from": [
        2,
        0
      ],
      "to": [
        4,
        0
      ],
      "weight": 2.3025850929940455
    },
    {
      "type": "spatial",
      "from": [
        2,
        0
      ],
      "to": [
        5,
        0
      ],
      "weight": 2.3025850929940455
    },
    {
      "type": "spatial",
      "from": [
        2,
        0
      ],
      "to": [
        6,
        0
      ],
      "weight": 2.3025850929940455
    },
    {
      "type": "spatial",
      "from": [
        3,
        0
      ],
      "to": [
        4,
        0
      ],
      "weight": 2.3025850929940455
    },
    {
      "type": "spatial",
      "from": [
        3,
        0
      ],
      "to": [
        5,
        0
      ],
      "weight": 4.605170185988091
    },
    {
      "type": "spatial",
      "from": [
        3,
        0
      ],
      "to": [
        6,
        0
      ],
      "weight": 2.3025850929940455
    },
    {
      "type": "spatial",
      "from": [
        4,
        0
      ],
      "to": [
        5,
        0
      ],
      "weight": 2.3025850929940455
    },
    {
      "type": "spatial",
      "from": [
        4,
        0
      ],
      "to": [
        6,
        0
      ],
      "weight": 2.3025850929940455
    },
    {
      "type": "spatial",
      "from": [
        5,
        0
      ],
      "to": [
        6,
        0
      ],
      "weight": 2.3025850929940455
    },
    {
      "type": "temporal",
      "from": [
        0,
        0
      ],
      "to": [
        0,
        1
      ],
      "weight": 1.0
    },
    {
      "type": "temporal",
      "from": [
        1,
        0
      ],
      "to": [
        1,
        1
      ],
      "weight": 1.0
    },
    {
      "type": "temporal",
      "from": [
        2,
        0
      ],
      "to": [
        2,
        1
      ],
      "weight": 1.0
    },
    {
      "type": "temporal",
      "from": [
        3,
        0
      ],
      "to": [
        3,
        1
      ],
      "weight": 1.0
    },
    {
      "type": "temporal",
      "from": [
        4,
        0
      ],
      "to": [
        4,
        1
      ],
      "weight": 1.0
    },
    {
      "type": "temporal",
      "from": [
        5,
        0
      ],
      "to": [
        5,
        1
      ],
      "weight": 1.0
    },
    {
      "type": "temporal",
      "from": [
        6,
        0
      ],
      "to": [
        6,
        1
      ],
      "weight": 1.0
    },
    {
      "type": "spatial",
      "from": [
        0,
        1
      ],
      "to": [
        1,
        1
      ],
      "weight": 2.3025850929940455
    },
    {
      "type": "spatial",
      "from": [
        0,
        1
      ],
      "to": [
        2,
        1
      ],
      "weight": 2.3025850929940455
    },
    {
      "type": "spatial",
      "from": [
        0,
        1
      ],
      "to": [
        3,
        1
      ],
      "weight": 2.3025850929940455
    },
    {
      "type": "spatial",
      "from": [
        0,
        1
      ],
      "to": [
        4,
        1
      ],
      "weight": 2.3025850929940455
    },
    {
      "type": "spatial",
      "from": [
        0,
        1
      ],
      "to": [
        5,
        1
      ],
      "weight": 4.605170185988091
    },
    {
      "type": "spatial",
      "from": [
        0,
        1
      ],
      "to": [
        6,
        1
      ],
      "weight": 2.3025850929940455
    },
    {
      "type": "spatial",
      "from": [
        1,
        1
      ],
      "to": [
        2,
        1
      ],
      "weight": 2.3025850929940455
    },
    {
      "type": "spatial",
      "from": [
        1,
        1
      ],
      "to": [
        3,
        1
      ],
      "weight": 4.605170185988091
    },
    {
      "type": "spatial",
      "from": [
        1,
        1
      ],
      "to": [
        4,
        1
      ],
      "weight": 2.3025850929940455
    },
    {
      "type": "spatial",
      "from": [
        1,
        1
      ],
      "to": [
        5,
        1
      ],
      "weight": 2.3025850929940455
    },
    {
      "type": "spatial",
      "from": [
        1,
        1
      ],
      "to": [
        6,
        1
      ],
      "weight": 2.3025850929940455
    },
    {
      "type": "spatial",
      "from": [
        2,
        1
      ],
      "to": [
        3,
        1
      ],
      "weight": 2.3025850929940455
    },
    {
      "type": "spatial",
      "from": [
        2,
        1
      ],
      "to": [
        4,
        1
      ],
      "weight": 2.3025850929940455
    },
    {
      "type": "spatial",
      "from": [
        2,
        1
      ],
      "to": [
        5,
        1
      ],
      "weight": 2.3025850929940455
    },
    {
      "type": "spatial",
      "from": [
        2,
        1
      ],
      "to": [
        6,
        1
      ],
      "weight": 2.3025850929940455
    },
    {
      "type": "spatial",
      "from": [
        3,
        1
      ],
      "to": [
        4,
        1
      ],
      "weight": 2.3025850929940455
    },
    {
      "type": "spatial",
      "from": [
        3,
        1
      ],
      "to": [
        5,
        1
      ],
      "weight": 4.605170185988091
    },
    {
      "type": "spatial",
      "from": [
        3,
        1
      ],
      "to": [
        6,
        1
      ],
      "weight": 2.3025850929940455
    },
    {
      "type": "spatial",
      "from": [
        4,
        1
      ],
      "to": [
        5,
        1
      ],
      "weight": 2.3025850929940455
    },
    {
      "type": "spatial",
      "from": [
        4,
        1
      ],
      "to": [
        6,
        1
      ],
      "weight": 2.3025850929940455
    },
    {
      "type": "spatial",
      "from": [
        5,
        1
      ],
      "to": [
        6,
        1
      ],
      "weight": 2.3025850929940455
    }
  ],
  "lorentzian_dissimilarity": [
    [
      0.0,
      5.301898110478397,
      5.301898110478397,
      5.301898110478397,
      5.301898110478397,
      21.207592441913587,
      5.301898110478397,
      -1.0,
      4.301898110478397,
      4.301898110478397,
      4.301898110478397,
      4.301898110478397,
      20.207592441913587,
      4.301898110478397
    ],
    [
      5.301898110478397,
      0.0,
      5.301898110478397,
      21.207592441913587,
      5.301898110478397,
      5.301898110478397,
      5.301898110478397,
      4.301898110478397,
      -1.0,
      4.301898110478397,
      20.207592441913587,
      4.301898110478397,
      4.301898110478397,
      4.301898110478397
    ],
    [
      5.301898110478397,
      5.301898110478397,
      0.0,
      5.301898110478397,
      5.301898110478397,
      5.301898110478397,
      5.301898110478397,
      4.301898110478397,
      4.301898110478397,
      -1.0,
      4.301898110478397,
      4.301898110478397,
      4.301898110478397,
      4.301898110478397
    ],
    [
      5.301898110478397,
      21.207592441913587,
      5.301898110478397,
      0.0,
      5.301898110478397,
      21.207592441913587,
      5.301898110478397,
      4.301898110478397,
      20.207592441913587,
      4.301898110478397,
      -1.0,
      4.301898110478397,
      20.207592441913587,
      4.301898110478397
    ],
    [
      5.301898110478397,
      5.301898110478397,
      5.301898110478397,
      5.301898110478397,
      0.0,
      5.301898110478397,
      5.301898110478397,
      4.301898110478397,
      4.301898110478397,
      4.301898110478397,
      4.301898110478397,
      -1.0,
      4.301898110478397,
      4.301898110478397
    ],
    [
      21.207592441913587,
      5.301898110478397,
      5.301898110478397,
      21.207592441913587,
      5.301898110478397,
      0.0,
      5.301898110478397,
      20.207592441913587,
      4.301898110478397,
      4.301898110478397,
      20.207592441913587,
      4.301898110478397,
      -1.0,
      4.301898110478397
    ],
    [
      5.301898110478397,
      5.301898110478397,
      5.301898110478397,
      5.301898110478397,
      5.301898110478397,
      5.301898110478397,
      0.0,
      4.301898110478397,
      4.301898110478397,
      4.301898110478397,
      4.301898110478397,
      4.301898110478397,
      4.301898110478397,
      -1.0
    ],
    [
      -1.0,
      4.301898110478397,
      4.301898110478397,
      4.301898110478397,
      4.301898110478397,
      20.207592441913587,
      4.301898110478397,
      0.0,
      5.301898110478397,
      5.301898110478397,
      5.301898110478397,
      5.301898110478397,
      21.207592441913587,
      5.301898110478397
    ],
    [
      4.301898110478397,
      -1.0,
      4.301898110478397,
      20.207592441913587,
      4.301898110478397,
      4.301898110478397,
      4.301898110478397,
      5.301898110478397,
      0.0,
      5.301898110478397,
      21.207592441913587,
      5.301898110478397,
      5.301898110478397,
      5.301898110478397
    ],
    [
      4.301898110478397,
      4.301898110478397,
      -1.0,
      4.301898110478397,
      4.301898110478397,
      4.301898110478397,
      4.301898110478397,
      5.301898110478397,
      5.301898110478397,
      0.0,
      5.301898110478397,
      5.301898110478397,
      5.301898110478397,
      5.301898110478397
    ],
    [
      4.301898110478397,
      20.207592441913587,
      4.301898110478397,
      -1.0,
      4.301898110478397,
      20.207592441913587,
      4.301898110478397,
      5.301898110478397,
      21.207592441913587,
      5.301898110478397,
      0.0,
      5.301898110478397,
      21.207592441913587,
      5.301898110478397
    ],
    [
      4.301898110478397,
      4.301898110478397,
      4.301898110478397,
      4.301898110478397,
      -1.0,
      4.301898110478397,
      4.301898110478397,
      5.301898110478397,
      5.301898110478397,
      5.301898110478397,
      5.301898110478397,
      0.0,
      5.301898110478397,
      5.301898110478397
    ],
    [
      20.207592441913587,
      4.301898110478397,
      4.301898110478397,
      20.207592441913587,
      4.301898110478397,
      -1.0,
      4.301898110478397,
      21.207592441913587,
      5.301898110478397,
      5.301898110478397,
      21.207592441913587,
      5.301898110478397,
      0.0,
      5.301898110478397
    ],
    [
      4.301898110478397,
      4.301898110478397,
      4.301898110478397,
      4.301898110478397,
      4.301898110478397,
      4.301898110478397,
      -1.0,
      5.301898110478397,
      5.301898110478397,
      5.301898110478397,
      5.301898110478397,
      5.301898110478397,
      5.301898110478397,
      0.0
    ]
  ],
  "lorentzian_embedding": [
    [
      -0.438861221433959,
      0.11844079146047033,
      1.643300812467558
    ],
    [
      1.5532532836699304,
      -2.033784023479075,
      -0.3771299437639534
    ],
    [
      0.4856249676909832,
      0.4084951757413714,
      -0.7516612276226677
    ],
    [
      1.0336146872328988,
      2.445400716431202,
      0.47449467109365895
    ],
    [
      0.48562919804771,
      0.408579214408458,
      -0.75173667523638
    ],
    [
      -0.10485970041531469,
      -0.8156508800222524,
      -2.8016334175590916
    ],
    [
      0.4856369002437038,
      0.40856602549880355,
      -0.7517327647676149
    ],
    [
      -0.4388992942012787,
      0.11843063321819679,
      1.6433077083557712
    ],
    [
      1.5532584317928504,
      -2.0337810124382165,
      -0.37712320574207636
    ],
    [
      0.48562142009574455,
      0.40850446394709544,
      -0.7516757782730256
    ],
    [
      1.0336272635941661,
      2.4454161722122287,
      0.4745012843343106
    ],
    [
      0.48561963679178777,
      0.40858076542385846,
      -0.7517497142918542
    ],
    [
      -0.10487685087065823,
      -0.8156463643707077,
      -2.801640521457856
    ],
    [
      0.4856096230831486,
      0.40858458023571104,
      -0.7517513433546228
    ]
  ],
  "edge_length_evolution": [],
  "angle_deficit_evolution": [],
  "regge_action_evolution": [],
  "gromov_delta_evolution": [],
  "mass_hinge": null,
  "mass_value": 0.0,
  "matter": {
    "(3, 4)": 0.0,
    "(4, 6)": 0.0,
    "(0, 2)": 0.0,
    "(0, 5)": 0.0,
    "(1, 6)": 0.0,
    "(2, 5)": 0.0,
    "(1, 3)": 0.0,
    "(4, 5)": 0.0,
    "(5, 6)": 0.0,
    "(3, 6)": 0.0,
    "(0, 1)": 0.0,
    "(2, 4)": 0.0,
    "(1, 2)": 0.0,
    "(0, 4)": 0.0,
    "(1, 5)": 0.0,
    "(3, 5)": 0.0,
    "(0, 3)": 0.0,
    "(1, 4)": 0.0,
    "(0, 6)": 0.0,
    "(2, 3)": 0.0,
    "(2, 6)": 0.0
  },
  "stationary_solution": {
    "regge_evolution_data": {
      "regge_edge_lengths_per_timestep": [
        [
          0.0010073196556976464,
          0.0010073774595280606,
          0.0010054454462827965,
          0.0010151905145764722,
          0.0010015878718884954,
          0.0010223557157754463,
          0.001018641932291342,
          0.0019982277023347433,
          0.0010050173557421063,
          0.0010048793900701814,
          0.0010192991219090174,
          0.002000995228203358,
          0.0010137302172335263,
          0.0010052670869002097,
          0.0010176956866993455,
          0.0010113794976340496,
          0.0010044847917133305,
          0.001016761937373384,
          0.0010165114997085297,
          0.0010116446406870682,
          0.0010201110740186896
        ],
        [
          0.0010073196556976464,
          0.0010073774595280606,
          0.0010054454462827965,
          0.0010151905145764722,
          0.0010015878718884954,
          0.0010223557157754463,
          0.001018641932291342,
          0.0019982277023347433,
          0.0010050173557421063,
          0.0010048793900701814,
          0.0010192991219090174,
          0.002000995228203358,
          0.0010137302172335263,
          0.0010052670869002097,
          0.0010176956866993455,
          0.0010113794976340496,
          0.0010044847917133305,
          0.001016761937373384,
          0.0010165114997085297,
          0.0010116446406870682,
          0.0010201110740186896
        ]
      ],
      "regge_angle_sums_per_timestep": [
        [
          3.141591325655594,
          3.141592291832296,
          3.1415913307739767,
          3.1415913425214086,
          3.1415913119124927,
          3.141592326364574,
          3.141591323062208,
          3.141591342163486,
          3.141591313387764,
          3.14159132679307,
          3.1415913445311396,
          3.141591315847668,
          3.1415913257990566,
          3.141591311741019,
          3.1415913164635105,
          3.141589699005364,
          3.1415913221419403,
          3.141591329725231,
          3.1415913059099325,
          3.141592248513766,
          3.14159233704716,
          3.1415920680526597,
          3.141591331649351,
          3.141591323226218,
          3.141591316036229,
          3.141592185925577,
          3.1415923724421946,
          3.1415921022725914,
          3.1415913237987496,
          3.141591317060781,
          3.141591317250252,
          3.141591326439073,
          3.1415913198634096,
          3.1415913186647204,
          3.1415913124222783
        ],
        [
          3.141591325655594,
          3.141592291832296,
          3.1415913307739767,
          3.1415913425214086,
          3.1415913119124927,
          3.141592326364574,
          3.141591323062208,
          3.141591342163486,
          3.141591313387764,
          3.14159132679307,
          3.1415913445311396,
          3.141591315847668,
          3.1415913257990566,
          3.141591311741019,
          3.1415913164635105,
          3.141589699005364,
          3.1415913221419403,
          3.141591329725231,
          3.1415913059099325,
          3.141592248513766,
          3.14159233704716,
          3.1415920680526597,
          3.141591331649351,
          3.141591323226218,
          3.141591316036229,
          3.141592185925577,
          3.1415923724421946,
          3.1415921022725914,
          3.1415913237987496,
          3.141591317060781,
          3.141591317250252,
          3.141591326439073,
          3.1415913198634096,
          3.1415913186647204,
          3.1415913124222783
        ]
      ],
      "regge_deficits_per_timestep": [
        [
          1.3279341990468652e-06,
          3.6175749729139284e-07,
          1.322815816440226e-06,
          1.3110683845241056e-06,
          1.3416773003704918e-06,
          3.2722521892125656e-07,
          1.3305275849972986e-06,
          1.3114263071045684e-06,
          1.3402020289099426e-06,
          1.32679672315561e-06,
          1.3090586534758586e-06,
          1.3377421250737598e-06,
          1.3277907364717123e-06,
          1.3418487743166452e-06,
          1.3371262825856434e-06,
          2.9545844291156698e-06,
          1.3314478528592133e-06,
          1.3238645619750855e-06,
          1.3476798605971396e-06,
          4.050760269436182e-07,
          3.1654263299429886e-07,
          5.855371334462234e-07,
          1.3219404420006242e-06,
          1.3303635753025844e-06,
          1.337553563907079e-06,
          4.6766421624155896e-07,
          2.811475985353695e-07,
          5.513172016691215e-07,
          1.329791043502837e-06,
          1.3365290119082829e-06,
          1.3363395412469004e-06,
          1.3271507199874577e-06,
          1.333726383556666e-06,
          1.334925072704607e-06,
          1.3411675148233826e-06
        ],
        [
          1.3279341990468652e-06,
          3.6175749729139284e-07,
          1.322815816440226e-06,
          1.3110683845241056e-06,
          1.3416773003704918e-06,
          3.2722521892125656e-07,
          1.3305275849972986e-06,
          1.3114263071045684e-06,
          1.3402020289099426e-06,
          1.32679672315561e-06,
          1.3090586534758586e-06,
          1.3377421250737598e-06,
          1.3277907364717123e-06,
          1.3418487743166452e-06,
          1.3371262825856434e-06,
          2.9545844291156698e-06,
          1.3314478528592133e-06,
          1.3238645619750855e-06,
          1.3476798605971396e-06,
          4.050760269436182e-07,
          3.1654263299429886e-07,
          5.855371334462234e-07,
          1.3219404420006242e-06,
          1.3303635753025844e-06,
          1.337553563907079e-06,
          4.6766421624155896e-07,
          2.811475985353695e-07,
          5.513172016691215e-07,
          1.329791043502837e-06,
          1.3365290119082829e-06,
          1.3363395412469004e-06,
          1.3271507199874577e-06,
          1.333726383556666e-06,
          1.334925072704607e-06,
          1.3411675148233826e-06
        ]
      ],
      "regge_actions_per_timestep": [
        1.3505401603386199e-07,
        1.3505401603386199e-07
      ],
      "regge_distance_matrices_per_timestep": [
        [
          [
            0.0,
            0.0010073196556976464,
            0.0010073774595280606,
            0.0010054454462827965,
            0.0010151905145764722,
            0.0010015878718884954,
            0.0010223557157754463
          ],
          [
            0.0010073196556976464,
            0.0,
            0.001018641932291342,
            0.0019982277023347433,
            0.0010050173557421063,
            0.0010048793900701814,
            0.0010192991219090174
          ],
          [
            0.0010073774595280606,
            0.001018641932291342,
            0.0,
            0.002000995228203358,
            0.0010137302172335263,
            0.0010052670869002097,
            0.0010176956866993455
          ],
          [
            0.0010054454462827965,
            0.0019982277023347433,
            0.002000995228203358,
            0.0,
            0.0010113794976340496,
            0.0010044847917133305,
            0.001016761937373384
          ],
          [
            0.0010151905145764722,
            0.0010050173557421063,
            0.0010137302172335263,
            0.0010113794976340496,
            0.0,
            0.0010165114997085297,
            0.0010116446406870682
          ],
          [
            0.0010015878718884954,
            0.0010048793900701814,
            0.0010052670869002097,
            0.0010044847917133305,
            0.0010165114997085297,
            0.0,
            0.0010201110740186896
          ],
          [
            0.0010223557157754463,
            0.0010192991219090174,
            0.0010176956866993455,
            0.001016761937373384,
            0.0010116446406870682,
            0.0010201110740186896,
            0.0
          ]
        ],
        [
          [
            0.0,
            0.0010073196556976464,
            0.0010073774595280606,
            0.0010054454462827965,
            0.0010151905145764722,
            0.0010015878718884954,
            0.0010223557157754463
          ],
          [
            0.0010073196556976464,
            0.0,
            0.001018641932291342,
            0.0019982277023347433,
            0.0010050173557421063,
            0.0010048793900701814,
            0.0010192991219090174
          ],
          [
            0.0010073774595280606,
            0.001018641932291342,
            0.0,
            0.002000995228203358,
            0.0010137302172335263,
            0.0010052670869002097,
            0.0010176956866993455
          ],
          [
            0.0010054454462827965,
            0.0019982277023347433,
            0.002000995228203358,
            0.0,
            0.0010113794976340496,
            0.0010044847917133305,
            0.001016761937373384
          ],
          [
            0.0010151905145764722,
            0.0010050173557421063,
            0.0010137302172335263,
            0.0010113794976340496,
            0.0,
            0.0010165114997085297,
            0.0010116446406870682
          ],
          [
            0.0010015878718884954,
            0.0010048793900701814,
            0.0010052670869002097,
            0.0010044847917133305,
            0.0010165114997085297,
            0.0,
            0.0010201110740186896
          ],
          [
            0.0010223557157754463,
            0.0010192991219090174,
            0.0010176956866993455,
            0.001016761937373384,
            0.0010116446406870682,
            0.0010201110740186896,
            0.0
          ]
        ]
      ]
    },
    "final_regge_action": 1.3505401603386199e-07,
    "final_regge_deficits": [
      1.3279341990468652e-06,
      3.6175749729139284e-07,
      1.322815816440226e-06,
      1.3110683845241056e-06,
      1.3416773003704918e-06,
      3.2722521892125656e-07,
      1.3305275849972986e-06,
      1.3114263071045684e-06,
      1.3402020289099426e-06,
      1.32679672315561e-06,
      1.3090586534758586e-06,
      1.3377421250737598e-06,
      1.3277907364717123e-06,
      1.3418487743166452e-06,
      1.3371262825856434e-06,
      2.9545844291156698e-06,
      1.3314478528592133e-06,
      1.3238645619750855e-06,
      1.3476798605971396e-06,
      4.050760269436182e-07,
      3.1654263299429886e-07,
      5.855371334462234e-07,
      1.3219404420006242e-06,
      1.3303635753025844e-06,
      1.337553563907079e-06,
      4.6766421624155896e-07,
      2.811475985353695e-07,
      5.513172016691215e-07,
      1.329791043502837e-06,
      1.3365290119082829e-06,
      1.3363395412469004e-06,
      1.3271507199874577e-06,
      1.333726383556666e-06,
      1.334925072704607e-06,
      1.3411675148233826e-06
    ],
    "final_regge_angle_sums": [
      3.141591325655594,
      3.141592291832296,
      3.1415913307739767,
      3.1415913425214086,
      3.1415913119124927,
      3.141592326364574,
      3.141591323062208,
      3.141591342163486,
      3.141591313387764,
      3.14159132679307,
      3.1415913445311396,
      3.141591315847668,
      3.1415913257990566,
      3.141591311741019,
      3.1415913164635105,
      3.141589699005364,
      3.1415913221419403,
      3.141591329725231,
      3.1415913059099325,
      3.141592248513766,
      3.14159233704716,
      3.1415920680526597,
      3.141591331649351,
      3.141591323226218,
      3.141591316036229,
      3.141592185925577,
      3.1415923724421946,
      3.1415921022725914,
      3.1415913237987496,
      3.141591317060781,
      3.141591317250252,
      3.141591326439073,
      3.1415913198634096,
      3.1415913186647204,
      3.1415913124222783
    ]
  },
  "bootstrap_analysis": {
    "gromov_delta": {
      "mean": 1.0,
      "lower_ci": 1.0,
      "upper_ci": 1.0,
      "all_values": [
        1.0,
        1.0
      ],
      "uncertainty": 0.0
    },
    "entropy": {
      "mean": null,
      "lower_ci": null,
      "upper_ci": null,
      "uncertainty": null
    },
    "distance_matrix": {
      "mean": [
        [
          0.0,
          2.0,
          2.0,
          2.0,
          2.0,
          2.0,
          2.0
        ],
        [
          2.0,
          0.0,
          2.0,
          2.0,
          2.0,
          2.0,
          2.0
        ],
        [
          2.0,
          2.0,
          0.0,
          2.0,
          2.0,
          2.0,
          2.0
        ],
        [
          2.0,
          2.0,
          2.0,
          0.0,
          2.0,
          2.0,
          2.0
        ],
        [
          2.0,
          2.0,
          2.0,
          2.0,
          0.0,
          2.0,
          2.0
        ],
        [
          2.0,
          2.0,
          2.0,
          2.0,
          2.0,
          0.0,
          2.0
        ],
        [
          2.0,
          2.0,
          2.0,
          2.0,
          2.0,
          2.0,
          0.0
        ]
      ],
      "lower_ci": [
        [
          0.0,
          2.0,
          2.0,
          2.0,
          2.0,
          2.0,
          2.0
        ],
        [
          2.0,
          0.0,
          2.0,
          2.0,
          2.0,
          2.0,
          2.0
        ],
        [
          2.0,
          2.0,
          0.0,
          2.0,
          2.0,
          2.0,
          2.0
        ],
        [
          2.0,
          2.0,
          2.0,
          0.0,
          2.0,
          2.0,
