{
  "spec": {
    "num_qubits": 5,
    "topology": "triangulated",
    "custom_edges": "0-1:1.0000,0-2:0.9585,0-3:1.0000,0-4:1.0000,1-2:0.9298,1-3:0.9298,1-4:1.0000,2-3:1.0000,2-4:0.8592,3-4:1.0000",
    "alpha": 0.8,
    "weight": 1.0,
    "gamma": 0.3,
    "sigma": null,
    "init_angle": 0.0,
    "init_angles": null,
    "shots": 100,
    "device": "simulator",
    "geometry": "hyperbolic",
    "curvature": 3.0,
    "timesteps": 3,
    "dimension": 2,
    "mass_hinge": null,
    "mass_value": 0.0,
    "solve_regge": true,
    "lorentzian": false,
    "excite": false,
    "fast": true,
    "strong_curvature": false,
    "charge_injection": true,
    "charge_strength": 1.0,
    "charge_location": 3,
    "spin_injection": false,
    "spin_strength": 1.0,
    "spin_location": 3,
    "edge_floor": 0.001,
    "compute_entropies": true,
    "hyperbolic_triangulation": false,
    "trotter_steps": 4,
    "dt": 0.1,
    "analyze_curvature": false,
    "gravitational_waves": false,
    "einstein_analog": false
  },
  "uid": "8VTYQA",
  "counts_per_timestep": [
    null,
    null,
    null
  ],
  "job_ids_per_timestep": [
    null,
    null,
    null
  ],
  "entropy_per_timestep": [
    null,
    null,
    null
  ],
  "mutual_information_per_timestep": [
    {
      "I_0,1": 0.07609521506603145,
      "I_0,2": 0.08815584607210258,
      "I_0,3": 0.4063782775747513,
      "I_0,4": 0.5532222258409085,
      "I_1,2": 0.6874916525280543,
      "I_1,3": 0.011865067872639967,
      "I_1,4": 0.01238984802940224,
      "I_2,3": 0.08837540666750932,
      "I_2,4": 0.007437812815271894,
      "I_3,4": 0.6183188365032437
    },
    {
      "I_0,1": 0.15371145898138838,
      "I_0,2": 0.3151899976886021,
      "I_0,3": 1.0438408766688667e-05,
      "I_0,4": 0.00014966356525869529,
      "I_1,2": 0.3531757956443826,
      "I_1,3": 0.1528813603294974,
      "I_1,4": 0.24471314559205948,
      "I_2,3": 0.1970279881541317,
      "I_2,4": 0.13394388676271274,
      "I_3,4": 0.6468237820379479
    },
    {
      "I_0,1": 0.10311870218366392,
      "I_0,2": 0.04475039605352871,
      "I_0,3": 0.17336852560125582,
      "I_0,4": 0.09809631559141496,
      "I_1,2": 0.2489641656473054,
      "I_1,3": 0.13328473894233994,
      "I_1,4": 0.3162688293317375,
      "I_2,3": 0.18052496664799822,
      "I_2,4": 0.37299138524929787,
      "I_3,4": 0.08210912152089467
    }
  ],
  "boundary_entropies_per_timestep": [
    {
      "entropy_A": 1.3508871021004465,
      "entropy_B": 1.350887102100444,
      "mi_AB": 2.701774204200885,
      "pure_state_check": true,
      "entropy_difference": 2.4424906541753444e-15,
      "multiple_regions": {
        "size_1_region_0": {
          "region": [
            0
          ],
          "entropy": 0.9740814672879209,
          "rt_area": 4,
          "size": 1
        },
        "size_1_region_1": {
          "region": [
            1
          ],
          "entropy": 0.9995550043650475,
          "rt_area": 4,
          "size": 1
        },
        "size_1_region_2": {
          "region": [
            2
          ],
          "entropy": 0.999232632939321,
          "rt_area": 4,
          "size": 1
        },
        "size_2_region_0": {
          "region": [
            0,
            1
          ],
          "entropy": 1.8975412565869372,
          "rt_area": 6,
          "size": 2
        },
        "size_2_region_1": {
          "region": [
            0,
            2
          ],
          "entropy": 1.8851582541551395,
          "rt_area": 6,
          "size": 2
        },
        "size_2_region_2": {
          "region": [
            0,
            3
          ],
          "entropy": 1.537219175179552,
          "rt_area": 6,
          "size": 2
        },
        "size_3_region_0": {
          "region": [
            0,
            1,
            2
          ],
          "entropy": 1.3508871021004465,
          "rt_area": 6,
          "size": 3
        },
        "size_3_region_1": {
          "region": [
            0,
            1,
            3
          ],
          "entropy": 1.9914847732613543,
          "rt_area": 6,
          "size": 3
        },
        "size_3_region_2": {
          "region": [
            0,
            1,
            4
          ],
          "entropy": 1.8803732117381968,
          "rt_area": 6,
          "size": 3
        },
        "size_4_region_0": {
          "region": [
            0,
            1,
            2,
            3
          ],
          "entropy": 0.9996899531373087,
          "rt_area": 4,
          "size": 4
        },
        "size_4_region_1": {
          "region": [
            0,
            1,
            2,
            4
          ],
          "entropy": 0.9695159854663847,
          "rt_area": 4,
          "size": 4
        },
        "size_4_region_2": {
          "region": [
            0,
            1,
            3,
            4
          ],
          "entropy": 0.9992326329393242,
          "rt_area": 4,
          "size": 4
        }
      }
    },
    {
      "entropy_A": 1.3525075493221341,
      "entropy_B": 1.3525075493221304,
      "mi_AB": 2.705015098644259,
      "pure_state_check": true,
      "entropy_difference": 3.774758283725532e-15,
      "multiple_regions": {
        "size_1_region_0": {
          "region": [
            0
          ],
          "entropy": 0.5835671292515653,
          "rt_area": 4,
          "size": 1
        },
        "size_1_region_1": {
          "region": [
            1
          ],
          "entropy": 0.9738323486731673,
          "rt_area": 4,
          "size": 1
        },
        "size_1_region_2": {
          "region": [
            2
          ],
          "entropy": 0.9970930257205215,
          "rt_area": 4,
          "size": 1
        },
        "size_2_region_0": {
          "region": [
            0,
            1
          ],
          "entropy": 1.403688018943344,
          "rt_area": 6,
          "size": 2
        },
        "size_2_region_1": {
          "region": [
            0,
            2
          ],
          "entropy": 1.2654701572834846,
          "rt_area": 6,
          "size": 2
        },
        "size_2_region_2": {
          "region": [
            0,
            3
          ],
          "entropy": 1.5828920271218974,
          "rt_area": 6,
          "size": 2
        },
        "size_3_region_0": {
          "region": [
            0,
            1,
            2
          ],
          "entropy": 1.3525075493221341,
          "rt_area": 6,
          "size": 3
        },
        "size_3_region_1": {
          "region": [
            0,
            1,
            3
          ],
          "entropy": 1.8631451340387906,
          "rt_area": 6,
          "size": 3
        },
        "size_3_region_2": {
          "region": [
            0,
            1,
            4
          ],
          "entropy": 1.79940037384549,
          "rt_area": 6,
          "size": 3
        },
        "size_4_region_0": {
          "region": [
            0,
            1,
            2,
            3
          ],
          "entropy": 0.9999959950809845,
          "rt_area": 4,
          "size": 4
        },
        "size_4_region_1": {
          "region": [
            0,
            1,
            2,
            4
          ],
          "entropy": 0.9993353362791001,
          "rt_area": 4,
          "size": 4
        },
        "size_4_region_2": {
          "region": [
            0,
            1,
            3,
            4
          ],
          "entropy": 0.9970930257205256,
          "rt_area": 4,
          "size": 4
        }
      }
    },
    {
      "entropy_A": 1.9178479234386552,
      "entropy_B": 1.9178479234386538,
      "mi_AB": 3.8356958468773037,
      "pure_state_check": true,
      "entropy_difference": 1.3322676295501878e-15,
      "multiple_regions": {
        "size_1_region_0": {
          "region": [
            0
          ],
          "entropy": 0.9613924971460575,
          "rt_area": 4,
          "size": 1
        },
        "size_1_region_1": {
          "region": [
            1
          ],
          "entropy": 0.9998521657098152,
          "rt_area": 4,
          "size": 1
        },
        "size_1_region_2": {
          "region": [
            2
          ],
          "entropy": 0.9921695438728027,
          "rt_area": 4,
          "size": 1
        },
        "size_2_region_0": {
          "region": [
            0,
            1
          ],
          "entropy": 1.8581259606722087,
          "rt_area": 6,
          "size": 2
        },
        "size_2_region_1": {
          "region": [
            0,
            2
          ],
          "entropy": 1.9088116449653314,
          "rt_area": 6,
          "size": 2
        },
        "size_2_region_2": {
          "region": [
            0,
            3
          ],
          "entropy": 1.788023172580261,
          "rt_area": 6,
          "size": 2
        },
        "size_3_region_0": {
          "region": [
            0,
            1,
            2
          ],
          "entropy": 1.9178479234386552,
          "rt_area": 6,
          "size": 3
        },
        "size_3_region_1": {
          "region": [
            0,
            1,
            3
          ],
          "entropy": 1.6191360025475956,
          "rt_area": 6,
          "size": 3
        },
        "size_3_region_2": {
          "region": [
            0,
            1,
            4
          ],
          "entropy": 1.8116437782602648,
          "rt_area": 6,
          "size": 3
        },
        "size_4_region_0": {
          "region": [
            0,
            1,
            2,
            3
          ],
          "entropy": 0.9999578439240914,
          "rt_area": 4,
          "size": 4
        },
        "size_4_region_1": {
          "region": [
            0,
            1,
            2,
            4
          ],
          "entropy": 0.999999201035464,
          "rt_area": 4,
          "size": 4
        },
        "size_4_region_2": {
          "region": [
            0,
            1,
            3,
            4
          ],
          "entropy": 0.9921695438728069,
          "rt_area": 4,
          "size": 4
        }
      }
    }
  ],
  "distance_matrix_per_timestep": [
    [
      [
        0.0,
        2.5757698930160187,
        2.428649052744536,
        1.0727465410268466,
        0.5919955031350658
      ],
      [
        2.5757698930160187,
        0.0,
        0.3747055912924982,
        2.800867144455933,
        3.1677653961510845
      ],
      [
        2.428649052744536,
        0.3747055912924982,
        0.0,
        2.426161553163435,
        2.906912591055216
      ],
      [
        1.0727465410268466,
        2.800867144455933,
        2.426161553163435,
        0.0,
        0.4807510378917809
      ],
      [
        0.5919955031350658,
        3.1677653961510845,
        2.906912591055216,
        0.4807510378917809,
        0.0
      ]
    ],
    [
      [
        0.0,
        1.8726780770110938,
        1.1545796547233622,
        2.7789891432103757,
        3.1649139769593018
      ],
      [
        1.8726780770110938,
        0.0,
        1.040789341353698,
        1.8433499719065056,
        1.407668588717519
      ],
      [
        1.1545796547233622,
        1.040789341353698,
        0.0,
        1.6244094884870135,
        2.0103343222359396
      ],
      [
        2.7789891432103757,
        1.8433499719065056,
        1.6244094884870135,
        0.0,
        0.4356813831889866
      ],
      [
        3.1649139769593018,
        1.407668588717519,
        2.0103343222359396,
        0.4356813831889866,
        0.0
      ]
    ],
    [
      [
        0.0,
        2.2718745059262924,
        3.1066549839422533,
        4.818541175337207,
        2.3218054707979316
      ],
      [
        2.2718745059262924,
        0.0,
        1.3904463059369385,
        3.1023324973318918,
        1.1511627013239127
      ],
      [
        3.1066549839422533,
        1.3904463059369385,
        0.0,
        1.7118861913949532,
        0.9861999554514211
      ],
      [
        4.818541175337207,
        3.1023324973318918,
        1.7118861913949532,
        0.0,
        2.499706166126434
      ],
      [
        2.3218054707979316,
        1.1511627013239127,
        0.9861999554514211,
        2.499706166126434,
        0.0
      ]
    ]
  ],
  "edge_mi": {
    "0,1": 0.10311870218366392,
    "0,4": 0.09809631559141496,
    "0,2": 0.04475039605352871,
    "1,2": 0.2489641656473054,
    "1,4": 0.3162688293317375,
    "2,3": 0.18052496664799822,
    "2,4": 0.37299138524929787,
    "3,4": 0.08210912152089467
  },
  "distance_matrix": [
    [
      0.0,
      2.2718745059262924,
      3.1066549839422533,
      1.7523357443681074,
      2.3218054707979316
    ],
    [
      2.2718745059262924,
      0.0,
      1.3904463059369385,
      2.0152675449056487,
      1.1511627013239127
    ],
    [
      3.1066549839422533,
      1.3904463059369385,
      0.0,
      1.7118861913949532,
      0.9861999554514211
    ],
    [
      1.7523357443681074,
      2.0152675449056487,
      1.7118861913949532,
      0.0,
      2.499706166126434
    ],
    [
      2.3218054707979316,
      1.1511627013239127,
      0.9861999554514211,
      2.499706166126434,
      0.0
    ]
  ],
  "shortest_paths": {
    "0": {
      "0": 0,
      "3": 1.7523357443681074,
      "1": 2.2718745059262924,
      "4": 2.3218054707979316,
      "2": 3.1066549839422533
    },
    "1": {
      "1": 0,
      "4": 1.1511627013239127,
      "2": 1.3904463059369385,
      "3": 2.0152675449056487,
      "0": 2.2718745059262924
    },
    "2": {
      "2": 0,
      "4": 0.9861999554514211,
      "1": 1.3904463059369385,
      "3": 1.7118861913949532,
      "0": 3.1066549839422533
    },
    "3": {
      "3": 0,
      "2": 1.7118861913949532,
      "0": 1.7523357443681074,
      "1": 2.0152675449056487,
      "4": 2.499706166126434
    },
    "4": {
      "4": 0,
      "2": 0.9861999554514211,
      "1": 1.1511627013239127,
      "0": 2.3218054707979316,
      "3": 2.499706166126434
    }
  },
  "gromov_delta": 2.2211302496443817,
  "mean_distance": 1.5365871656139114,
  "angle_sums": [
    1.601009379990271,
    1.092296629007181,
    1.5016228339345488,
    1.8272787236677372,
    2.2336524283284103,
    1.0054484179137522,
    1.4397998695990855,
    2.0313738807046153,
    1.6574911712983575,
    2.279873029874321
  ],
  "mean_angle_sum": 1.666984636431828,
  "min_angle_sum": 1.0054484179137522,
  "max_angle_sum": 2.279873029874321,
  "angle_sum_deviations": [
    -1.5405832735995222,
    -2.0492960245826124,
    -1.6399698196552444,
    -1.3143139299220559,
    -0.9079402252613828,
    -2.136144235676041,
    -1.7017927839907077,
    -1.1102187728851778,
    -1.4841014822914356,
    -0.8617196237154721
  ],
  "triangle_inequality_violations": [],
  "embedding_coords": null,
  "edge_weight_variance": 0.002098944100000001,
  "event_nodes": [
    [
      0,
      0
    ],
    [
      1,
      0
    ],
    [
      2,
      0
    ],
    [
      3,
      0
    ],
    [
      4,
      0
    ],
    [
      0,
      1
    ],
    [
      1,
      1
    ],
    [
      2,
      1
    ],
    [
      3,
      1
    ],
    [
      4,
      1
    ],
    [
      0,
      2
    ],
    [
      1,
      2
    ],
    [
      2,
      2
    ],
    [
      3,
      2
    ],
    [
      4,
      2
    ]
  ],
  "event_edges": [
    {
      "type": "spatial",
      "from": [
        0,
        0
      ],
      "to": [
        1,
        0
      ],
      "weight": 2.5757698930160187
    },
    {
      "type": "spatial",
      "from": [
        0,
        0
      ],
      "to": [
        2,
        0
      ],
      "weight": 2.428649052744536
    },
    {
      "type": "spatial",
      "from": [
        0,
        0
      ],
      "to": [
        3,
        0
      ],
      "weight": 1.0727465410268466
    },
    {
      "type": "spatial",
      "from": [
        0,
        0
      ],
      "to": [
        4,
        0
      ],
      "weight": 0.5919955031350658
    },
    {
      "type": "spatial",
      "from": [
        1,
        0
      ],
      "to": [
        2,
        0
      ],
      "weight": 0.3747055912924982
    },
    {
      "type": "spatial",
      "from": [
        1,
        0
      ],
      "to": [
        3,
        0
      ],
      "weight": 2.800867144455933
    },
    {
      "type": "spatial",
      "from": [
        1,
        0
      ],
      "to": [
        4,
        0
      ],
      "weight": 3.1677653961510845
    },
    {
      "type": "spatial",
      "from": [
        2,
        0
      ],
      "to": [
        3,
        0
      ],
      "weight": 2.426161553163435
    },
    {
      "type": "spatial",
      "from": [
        2,
        0
      ],
      "to": [
        4,
        0
      ],
      "weight": 2.906912591055216
    },
    {
      "type": "spatial",
      "from": [
        3,
        0
      ],
      "to": [
        4,
        0
      ],
      "weight": 0.4807510378917809
    },
    {
      "type": "temporal",
      "from": [
        0,
        0
      ],
      "to": [
        0,
        1
      ],
      "weight": 1.0
    },
    {
      "type": "temporal",
      "from": [
        1,
        0
      ],
      "to": [
        1,
        1
      ],
      "weight": 1.0
    },
    {
      "type": "temporal",
      "from": [
        2,
        0
      ],
      "to": [
        2,
        1
      ],
      "weight": 1.0
    },
    {
      "type": "temporal",
      "from": [
        3,
        0
      ],
      "to": [
        3,
        1
      ],
      "weight": 1.0
    },
    {
      "type": "temporal",
      "from": [
        4,
        0
      ],
      "to": [
        4,
        1
      ],
      "weight": 1.0
    },
    {
      "type": "spatial",
      "from": [
        0,
        1
      ],
      "to": [
        1,
        1
      ],
      "weight": 1.8726780770110938
    },
    {
      "type": "spatial",
      "from": [
        0,
        1
      ],
      "to": [
        2,
        1
      ],
      "weight": 1.1545796547233622
    },
    {
      "type": "spatial",
      "from": [
        0,
        1
      ],
      "to": [
        3,
        1
      ],
      "weight": 2.7789891432103757
    },
    {
      "type": "spatial",
      "from": [
        0,
        1
      ],
      "to": [
        4,
        1
      ],
      "weight": 3.1649139769593018
    },
    {
      "type": "spatial",
      "from": [
        1,
        1
      ],
      "to": [
        2,
        1
      ],
      "weight": 1.040789341353698
    },
    {
      "type": "spatial",
      "from": [
        1,
        1
      ],
      "to": [
        3,
        1
      ],
      "weight": 1.8433499719065056
    },
    {
      "type": "spatial",
      "from": [
        1,
        1
      ],
      "to": [
        4,
        1
      ],
      "weight": 1.407668588717519
    },
    {
      "type": "spatial",
      "from": [
        2,
        1
      ],
      "to": [
        3,
        1
      ],
      "weight": 1.6244094884870135
    },
    {
      "type": "spatial",
      "from": [
        2,
        1
      ],
      "to": [
        4,
        1
      ],
      "weight": 2.0103343222359396
    },
    {
      "type": "spatial",
      "from": [
        3,
        1
      ],
      "to": [
        4,
        1
      ],
      "weight": 0.4356813831889866
    },
    {
      "type": "temporal",
      "from": [
        0,
        1
      ],
      "to": [
        0,
        2
      ],
      "weight": 1.0
    },
    {
      "type": "temporal",
      "from": [
        1,
        1
      ],
      "to": [
        1,
        2
      ],
      "weight": 1.0
    },
    {
      "type": "temporal",
      "from": [
        2,
        1
      ],
      "to": [
        2,
        2
      ],
      "weight": 1.0
    },
    {
      "type": "temporal",
      "from": [
        3,
        1
      ],
      "to": [
        3,
        2
      ],
      "weight": 1.0
    },
    {
      "type": "temporal",
      "from": [
        4,
        1
      ],
      "to": [
        4,
        2
      ],
      "weight": 1.0
    },
    {
      "type": "spatial",
      "from": [
        0,
        2
      ],
      "to": [
        1,
        2
      ],
      "weight": 2.2718745059262924
    },
    {
      "type": "spatial",
      "from": [
        0,
        2
      ],
      "to": [
        2,
        2
      ],
      "weight": 3.1066549839422533
    },
    {
      "type": "spatial",
      "from": [
        0,
        2
      ],
      "to": [
        3,
        2
      ],
      "weight": 4.818541175337207
    },
    {
      "type": "spatial",
      "from": [
        0,
        2
      ],
      "to": [
        4,
        2
      ],
      "weight": 2.3218054707979316
    },
    {
      "type": "spatial",
      "from": [
        1,
        2
      ],
      "to": [
        2,
        2
      ],
      "weight": 1.3904463059369385
    },
    {
      "type": "spatial",
      "from": [
        1,
        2
      ],
      "to": [
        3,
        2
      ],
      "weight": 3.1023324973318918
    },
    {
      "type": "spatial",
      "from": [
        1,
        2
      ],
      "to": [
        4,
        2
      ],
      "weight": 1.1511627013239127
    },
    {
      "type": "spatial",
      "from": [
        2,
        2
      ],
      "to": [
        3,
        2
      ],
      "weight": 1.7118861913949532
    },
    {
      "type": "spatial",
      "from": [
        2,
        2
      ],
      "to": [
        4,
        2
      ],
      "weight": 0.9861999554514211
    },
    {
      "type": "spatial",
      "from": [
        3,
        2
      ],
      "to": [
        4,
        2
      ],
      "weight": 2.499706166126434
    }
  ],
  "lorentzian_dissimilarity": [
    [
      0.0,
      6.634590541767753,
      5.8983362213969315,
      1.150785141285064,
      0.3504586757321397,
      -1.0,
      5.634590541767753,
      4.8983362213969315,
      0.15078514128506404,
      -0.6495413242678603,
      -4.0,
      2.6345905417677526,
      1.8983362213969315,
      -2.849214858714936,
      -3.6495413242678603
    ],
    [
      6.634590541767753,
      0.0,
      0.1404042801458607,
      7.844856760892734,
      10.034737605052237,
      5.634590541767753,
      -1.0,
      -0.8595957198541393,
      6.844856760892734,
      9.034737605052237,
      2.6345905417677526,
      -4.0,
      -3.8595957198541395,
      3.8448567608927338,
      6.034737605052237
    ],
    [
      5.8983362213969315,
      0.1404042801458607,
      0.0,
      5.886259882048412,
      8.45014081203535,
      4.8983362213969315,
      -0.8595957198541393,
      -1.0,
      4.886259882048412,
      7.45014081203535,
      1.8983362213969315,
      -3.8595957198541395,
      -4.0,
      1.886259882048412,
      4.45014081203535
    ],
    [
      1.150785141285064,
      7.844856760892734,
      5.886259882048412,
      0.0,
      0.23112156043402457,
      0.15078514128506404,
      6.844856760892734,
      4.886259882048412,
      -1.0,
      -0.7688784395659755,
      -2.849214858714936,
      3.8448567608927338,
      1.886259882048412,
      -4.0,
      -3.7688784395659756
    ],
    [
      0.3504586757321397,
      10.034737605052237,
      8.45014081203535,
      0.23112156043402457,
      0.0,
      -0.6495413242678603,
      9.034737605052237,
      7.45014081203535,
      -0.7688784395659755,
      -1.0,
      -3.6495413242678603,
      6.034737605052237,
      4.45014081203535,
      -3.7688784395659756,
      -4.0
    ],
    [
      -1.0,
      5.634590541767753,
      4.8983362213969315,
      0.15078514128506404,
      -0.6495413242678603,
      0.0,
      3.506923180117968,
      1.3330541791011183,
      7.722780658081138,
      10.016680481552344,
      -1.0,
      2.506923180117968,
      0.33305417910111834,
      6.722780658081138,
      9.016680481552344
    ],
    [
      5.634590541767753,
      -1.0,
      -0.8595957198541393,
      6.844856760892734,
      9.034737605052237,
      3.506923180117968,
      0.0,
      1.0832424530754643,
      3.3979391189277153,
      1.981530855661972,
      2.506923180117968,
      -1.0,
      0.0832424530754643,
      2.3979391189277153,
      0.981530855661972
    ],
    [
      4.8983362213969315,
      -0.8595957198541393,
      -1.0,
      4.886259882048412,
      7.45014081203535,
      1.3330541791011183,
      1.0832424530754643,
      0.0,
      2.6387061862866408,
      4.041444087159834,
      0.33305417910111834,
      0.0832424530754643,
      -1.0,
      1.6387061862866408,
      3.0414440871598343
    ],
    [
      0.15078514128506404,
      6.844856760892734,
      4.886259882048412,
      -1.0,
      -0.7688784395659755,
      7.722780658081138,
      3.3979391189277153,
      2.6387061862866408,
      0.0,
      0.18981826765746856,
      6.722780658081138,
      2.3979391189277153,
      1.6387061862866408,
      -1.0,
      -0.8101817323425314
    ],
    [
      -0.6495413242678603,
      9.034737605052237,
      7.45014081203535,
      -0.7688784395659755,
      -1.0,
      10.016680481552344,
      1.981530855661972,
      4.041444087159834,
      0.18981826765746856,
      0.0,
      9.016680481552344,
      0.981530855661972,
      3.0414440871598343,
      -0.8101817323425314,
      -1.0
    ],
    [
      -4.0,
      2.6345905417677526,
      1.8983362213969315,
      -2.849214858714936,
      -3.6495413242678603,
      -1.0,
      2.506923180117968,
      0.33305417910111834,
      6.722780658081138,
      9.016680481552344,
      0.0,
      5.161413770677835,
      9.651305189253241,
      23.21833905842007,
      5.390780644227205
    ],
    [
      2.6345905417677526,
      -4.0,
      -3.8595957198541395,
      3.8448567608927338,
      6.034737605052237,
      2.506923180117968,
      -1.0,
      0.0832424530754643,
      2.3979391189277153,
      0.981530855661972,
      5.161413770677835,
      0.0,
      1.9333409296936783,
      9.624466924001533,
      1.325175564919368
    ],
    [
      1.8983362213969315,
      -3.8595957198541395,
      -4.0,
      1.886259882048412,
      4.45014081203535,
      0.33305417910111834,
      0.0832424530754643,
      -1.0,
      1.6387061862866408,
      3.0414440871598343,
      9.651305189253241,
      1.9333409296936783,
      0.0,
      2.9305543322887186,
      0.9725903521323851
    ],
    [
      -2.849214858714936,
      3.8448567608927338,
      1.886259882048412,
      -4.0,
      -3.7688784395659756,
      6.722780658081138,
      2.3979391189277153,
      1.6387061862866408,
      -1.0,
      -0.8101817323425314,
      23.21833905842007,
      9.624466924001533,
      2.9305543322887186,
      0.0,
      6.248530916970516
    ],
    [
      -3.6495413242678603,
      6.034737605052237,
      4.45014081203535,
      -3.7688784395659756,
      -4.0,
      9.016680481552344,
      0.981530855661972,
      3.0414440871598343,
      -0.8101817323425314,
      -1.0,
      5.390780644227205,
      1.325175564919368,
      0.9725903521323851,
      6.248530916970516,
      0.0
    ]
  ],
  "lorentzian_embedding": [
    [
      0.0,
      0.0,
      0.0
    ],
    [
      0.0,
      0.0,
      0.0
    ],
    [
      0.0,
      0.0,
      0.0
    ],
    [
      0.0,
      0.0,
      0.0
    ],
    [
      0.0,
      0.0,
      0.0
    ],
    [
      0.0,
      0.0,
      0.0
    ],
    [
      0.0,
      0.0,
      0.0
    ],
    [
      0.0,
      0.0,
      0.0
    ],
    [
      0.0,
      0.0,
      0.0
    ],
    [
      0.0,
      0.0,
      0.0
    ],
    [
      0.0,
      0.0,
      0.0
    ],
    [
      0.0,
      0.0,
      0.0
    ],
    [
      0.0,
      0.0,
      0.0
    ],
    [
      0.0,
      0.0,
      0.0
    ],
    [
      0.0,
      0.0,
      0.0
    ]
  ],
  "edge_length_evolution": [],
  "angle_deficit_evolution": [],
  "regge_action_evolution": [],
  "gromov_delta_evolution": [],
  "mass_hinge": null,
  "mass_value": 0.0,
  "matter": {
    "(0, 1)": 0.0,
    "(2, 4)": 0.0,
    "(1, 2)": 0.0,
    "(0, 4)": 0.0,
    "(3, 4)": 0.0,
    "(0, 3)": 0.0,
    "(1, 4)": 0.0,
    "(2, 3)": 0.0,
    "(0, 2)": 0.0,
    "(1, 3)": 0.0
  },
  "stationary_solution": null,
  "bootstrap_analysis": {
    "gromov_delta": {
      "mean": 2.9035840167965,
      "lower_ci": 2.7541108684903453,
      "upper_ci": 3.106654983942254,
      "all_values": [
        2.849986197956901,
        2.7541108684903453,
        3.1066549839422537
      ],
      "uncertainty": 0.203070967145754
    },
    "entropy": {
      "mean": null,
      "lower_ci": null,
      "upper_ci": null,
      "uncertainty": null
    },
    "distance_matrix": {
      "mean": [
        [
          0.0,
          2.2401074919844683,
          2.2299612304700505,
          2.8900922865248098,
          2.0262383169641
        ],
        [
          2.2401074919844683,
          0.0,
          0.9353137461943781,
          2.582183204564777,
          1.9088655620641723
        ],
        [
          2.2299612304700505,
          0.9353137461943781,
          0.0,
          1.9208190776818004,
          1.967815622914192
        ],
        [
          2.8900922865248098,
          2.582183204564777,
          1.9208190776818004,
          0.0,
          1.1387128624024005
        ],
        [
          2.0262383169641,
          1.9088655620641723,
          1.967815622914192,
          1.1387128624024005,
          0.0
        ]
      ],
      "lower_ci": [
        [
          0.0,
          1.8726780770110938,
          1.356307309410049,
          1.0727465410268466,
          0.5919955031350658
        ],
        [
          1.8726780770110938,
          0.0,
          0.3747055912924982,
          1.8433499719065056,
          1.2366646637884482
        ],
        [
          1.356307309410049,
          0.3747055912924982,
          0.0,
          1.6535683894563267,
          0.9861999554514211
        ],
        [
          1.0727465410268466,
          1.8433499719065056,
          1.6535683894563267,
          0.0,
          0.4356813831889866
        ],
        [
          0.8658820813483543,
          1.1511627013239127,
          1.3275780777129274,
          0.45070460142325136,
          0.0
        ]
      ],
      "upper_ci": [
        [
          0.0,
          2.5757698930160187,
          3.1066549839422533,
          4.818541175337207,
          3.0314217968170825
        ],
        [
          2.5757698930160187,
          0.0,
          1.3350839532112577,
          3.1023324973318918,
          3.1677653961510845
        ],
        [
          3.1066549839422533,
          1.3350839532112577,
          0.0,
          2.426161553163435,
          2.906912591055216
        ],
        [
          4.818541175337207,
          3.054600483126531,
          2.1880697659072745,
          0.0,
          2.1800382708226085
        ],
        [
          3.0314217968170825,
          3.1677653961510845,
          2.906912591055216,
          1.8267211233815497,
          0.0
        ]
      ]
    }
  },
  "topology_compatibility": {
    "current_topology": "triangulated",
    "explanation": "Triangulated topology is specifically designed for angle-sum curvature. Creates multiple triangles per vertex, enabling robust local curvature measurements. Each vertex has multiple incident triangles for well-defined angle sums.",
    "supports_local_curvature": true
  },
  "rt_surface_analysis": {
    "region_A": [
      0,
      1
    ],
    "region_B": [
      2,
      3,
      4
    ],
    "bulk_point": 2,
    "is_complementary": true,
    "rt_area_AB": 15.890943134670135,
    "rt_area_BA": 15.890943134670135,
    "area_consistent": true,
    "edges_consistent": true,
    "area_difference": 0.0,
    "rt_edges_AB": [
      [
        0,
        2
      ],
      [
        0,
        3
      ],
      [
        0,
        4
      ],
      [
        1,
        2
      ],
      [
        1,
        3
      ],
      [
        1,
        4
      ]
    ],
    "rt_edges_BA": [
      [
        0,
        2
      ],
      [
        0,
        3
      ],
      [
        0,
        4
      ],
      [
        1,
        2
      ],
      [
        1,
        3
      ],
      [
        1,
        4
      ]
    ],
    "edge_lengths": [
      2.2718745059262924,
      3.1066549839422533,
      4.818541175337207,
      2.3218054707979316,
      1.3904463059369385,
      3.1023324973318918,
      1.1511627013239127,
      1.7118861913949532,
      0.9861999554514211,
      2.499706166126434
    ],
    "all_edges": [
      [
        0,
        1
      ],
      [
        0,
        2
      ],
      [
        0,
        3
      ],
      [
        0,
        4
      ],
      [
        1,
        2
      ],
      [
        1,
        3
      ],
      [
        1,
        4
      ],
      [
        2,
        3
      ],
      [
        2,
        4
      ],
      [
        3,
        4
      ]
    ]
  },
  "bulk_excitation_analysis": null,
  "curvature_analysis": null,
  "dynamic_curvature_evolution": [],
  "gravitational_wave_analysis": null,
  "holographic_entropy_analysis": null,
  "einstein_equations_analysis": null,
  "dynamic_evidence": {
    "angle_sums_per_timestep": [
      [
        2.570666089308045,
        1.5800632117288413,
        0.0,
        1.5674304896871547,
        2.574523944488659,
        0.0,
        0.0,
        2.6885530728734377,
        2.624694970975268,
        0.0
      ],
      [
        2.1922910441444206,
        1.2364203697522504,
        2.376809965765141,
        0.0,
        0.0,
        2.8035783531748755,
        1.7694190173340743,
        2.006456991677017,
        0.0,
        2.829365483490177
      ],
      [
        1.601009379990271,
        1.393484811554299,
        1.5016228339345488,
        0.0,
        2.2336524283284103,
        3.002628582885089,
        0.0,
        2.0313738807046153,
        1.6983899825091102,
        2.279873029874321
      ]
    ],
    "gromov_delta_per_timestep": [
      2.849986197956901,
      2.7541108684903453,
      3.1066549839422537
    ],
    "edge_mi_per_timestep": [
      {
        "0,1": 0.07609521506603145,
        "0,4": 0.5532222258409085,
        "0,2": 0.08815584607210258,
        "1,2": 0.6874916525280543,
        "1,4": 0.01238984802940224,
        "2,3": 0.08837540666750932,
        "2,4": 0.007437812815271894,
        "3,4": 0.6183188365032437
      },
      {
        "0,1": 0.15371145898138838,
        "0,4": 0.00014966356525869529,
        "0,2": 0.3151899976886021,
        "1,2": 0.3531757956443826,
        "1,4": 0.24471314559205948,
        "2,3": 0.1970279881541317,
        "2,4": 0.13394388676271274,
        "3,4": 0.6468237820379479
      },
      {
        "0,1": 0.10311870218366392,
        "0,4": 0.09809631559141496,
        "0,2": 0.04475039605352871,
        "1,2": 0.2489641656473054,
        "1,4": 0.3162688293317375,
        "2,3": 0.18052496664799822,
        "2,4": 0.37299138524929787,
        "3,4": 0.08210912152089467
      }
    ],
    "shortest_paths_per_timestep": [
      {
        "0": {
          "0": 0,
          "4": 0.5919955031350658,
          "3": 1.0727465410268466,
          "2": 2.428649052744536,
          "1": 2.5757698930160187
        },
        "1": {
          "1": 0,
          "2": 0.3747055912924982,
          "0": 2.5757698930160187,
          "3": 2.800867144455933,
          "4": 3.1677653961510845
        },
        "2": {
          "2": 0,
          "1": 0.3747055912924982,
          "3": 2.426161553163435,
          "0": 2.428649052744536,
          "4": 2.906912591055216
        },
        "3": {
          "3": 0,
          "4": 0.4807510378917809,
          "0": 1.0727465410268466,
          "2": 2.426161553163435,
          "1": 2.800867144455933
        },
        "4": {
          "4": 0,
          "3": 0.4807510378917809,
          "0": 0.5919955031350658,
          "2": 2.906912591055216,
          "1": 3.1677653961510845
        }
      },
      {
        "0": {
          "0": 0,
          "2": 1.1545796547233622,
          "1": 1.8726780770110938,
          "3": 2.7789891432103757,
          "4": 3.1649139769593018
        },
        "1": {
          "1": 0,
          "2": 1.040789341353698,
          "4": 1.407668588717519,
          "3": 1.8433499719065056,
          "0": 1.8726780770110938
        },
        "2": {
          "2": 0,
          "1": 1.040789341353698,
          "0": 1.1545796547233622,
          "3": 1.6244094884870135,
          "4": 2.0103343222359396
        },
        "3": {
          "3": 0,
          "4": 0.4356813831889866,
          "2": 1.6244094884870135,
          "1": 1.8433499719065056,
          "0": 2.7789891432103757
        },
        "4": {
          "4": 0,
          "3": 0.4356813831889866,
          "1": 1.407668588717519,
          "2": 2.0103343222359396,
          "0": 3.1649139769593018
        }
      },
      {
        "0": {
          "0": 0,
          "1": 2.2718745059262924,
          "4": 2.3218054707979316,
          "2": 3.1066549839422533,
          "3": 4.818541175337207
        },
        "1": {
          "1": 0,
          "4": 1.1511627013239127,
          "2": 1.3904463059369385,
          "0": 2.2718745059262924,
          "3": 3.1023324973318918
        },
        "2": {
          "2": 0,
          "4": 0.9861999554514211,
          "1": 1.3904463059369385,
          "3": 1.7118861913949532,
          "0": 3.1066549839422533
        },
        "3": {
          "3": 0,
          "2": 1.7118861913949532,
          "4": 2.499706166126434,
          "1": 3.1023324973318918,
          "0": 4.818541175337207
        },
        "4": {
          "4": 0,
          "2": 0.9861999554514211,
          "1": 1.1511627013239127,
          "0": 2.3218054707979316,
          "3": 2.499706166126434
        }
      }
    ],
    "mean_distance_per_timestep": [
      1.5061059443145934,
      1.3866715158235037,
      1.8688487962855391
    ],
    "triangle_violations_per_timestep": [
      0,
      0,
      0
    ],
    "embedding_coords_per_timestep": [
      [
        [
          2.2219082060199544,
          -8.072456869909349
        ],
        [
          -7.052614463755122,
          25.44518008176674
        ],
        [
          -4.382120829508581,
          15.933272925540173
        ],
        [
          3.0703585123714663,
          -11.077559261437818
        ],
        [
          6.142468574872283,
          -22.22843687595975
        ]
      ],
      [
        [
          -12.80845769069749,
          18.955574726648273
        ],
        [
          -0.12530270293218349,
          0.20746005121025718
        ],
        [
          -1.5481754829255818,
          2.28121102521048
        ],
        [
          5.240094852450227,
          -7.7754004048178125
        ],
        [
          9.241841024105026,
          -13.668845398251193
        ]
      ],
      [
        [
          252.29896788177894,
          70.47636446393567
        ],
        [
          10.159972909949241,
          2.831007495212757
        ],
        [
          -11.911686350679483,
          -3.3302299763955747
        ],
        [
          -251.56216933198962,
          -70.26370250763107
        ],
        [
          1.014914890940983,
          0.2865605248782236
        ]
      ]
    ],
    "regge_evolution_data": null,
    "evolution_summary": {
      "total_timesteps": 3,
      "gromov_delta_range": [
        2.7541108684903453,
        3.1066549839422537
      ],
      "mean_distance_range": [
        1.3866715158235037,
        1.8688487962855391
      ],
      "total_triangle_violations": 0,
      "hyperbolic_evolution": [
        false,
        false,
        false
      ],
      "regge_corrected": false
    }
  }
}