{
  "spec": {
    "num_qubits": 4,
    "topology": "triangulated",
    "custom_edges": "0-1:1.0000,0-2:0.9378,0-3:1.0000,1-2:1.0000,1-3:0.8946,2-3:0.8946",
    "alpha": 0.8,
    "weight": 1.0,
    "gamma": 0.3,
    "sigma": null,
    "init_angle": 0.0,
    "init_angles": null,
    "shots": 1024,
    "device": "simulator",
    "geometry": "spherical",
    "curvature": 4.5,
    "timesteps": 5,
    "dimension": 2,
    "mass_hinge": null,
    "mass_value": 0.0,
    "solve_regge": false,
    "lorentzian": false,
    "excite": false,
    "fast": false,
    "strong_curvature": false,
    "charge_injection": false,
    "charge_strength": 1.0,
    "charge_location": 3,
    "spin_injection": false,
    "spin_strength": 1.0,
    "spin_location": 3,
    "edge_floor": 0.001,
    "compute_entropies": false,
    "hyperbolic_triangulation": false,
    "trotter_steps": 4,
    "dt": 0.1,
    "analyze_curvature": false,
    "einstein_solver": false,
    "page_curve": true,
    "radiation_ordering": null,
    "page_curve_timesteps": 3,
    "entropy_method": "shadow",
    "num_shadows": 10,
    "shots_per_shadow": 100,
    "num_bases": 10,
    "shots_per_basis": 500
  },
  "uid": "ZHW3G1",
  "counts_per_timestep": [
    null,
    null,
    null,
    null,
    null
  ],
  "job_ids_per_timestep": [
    null,
    null,
    null,
    null,
    null
  ],
  "entropy_per_timestep": [
    null,
    null,
    null,
    null,
    null
  ],
  "mutual_information_per_timestep": [
    {
      "I_0,1": 0.2716127865025266,
      "I_0,2": 0.27313717521356085,
      "I_0,3": 0.6104008976962625,
      "I_1,2": 0.26930925162684816,
      "I_1,3": 0.5975538038696233,
      "I_2,3": 0.6025843580803288
    },
    {
      "I_0,1": 0.021425352457799862,
      "I_0,2": 0.3148991950769362,
      "I_0,3": 0.02318481558394314,
      "I_1,2": 0.5829147241641788,
      "I_1,3": 1.029796910127952,
      "I_2,3": 0.5317306306523624
    },
    {
      "I_0,1": 0.18174519623703667,
      "I_0,2": 0.7273869645475783,
      "I_0,3": 0.14135827179143234,
      "I_1,2": 0.2830934400335332,
      "I_1,3": 0.5801786949490213,
      "I_2,3": 0.03999699810671076
    },
    {
      "I_0,1": 0.140184523262177,
      "I_0,2": 0.14663492039016046,
      "I_0,3": 0.9132352115172679,
      "I_1,2": 0.8842596855849363,
      "I_1,3": 0.11729658651363861,
      "I_2,3": 0.16912623679297778
    },
    {
      "I_0,1": 0.07009064725202951,
      "I_0,2": 0.6327895019990524,
      "I_0,3": 0.8593107280125485,
      "I_1,2": 0.2959634411457559,
      "I_1,3": 0.06942597414206797,
      "I_2,3": 0.633436892894711
    }
  ],
  "boundary_entropies_per_timestep": [
    {
      "entropy_A": 0.8159710502375138,
      "entropy_B": 0.8159710502375119,
      "mi_AB": 1.63194210047502,
      "pure_state_check": true,
      "entropy_difference": 1.887379141862766e-15,
      "multiple_regions": {
        "size_1_region_0": {
          "region": [
            0
          ],
          "entropy": 0.48827695012058053,
          "rt_area": 3,
          "size": 1
        },
        "size_1_region_1": {
          "region": [
            1
          ],
          "entropy": 0.47993944141390565,
          "rt_area": 3,
          "size": 1
        },
        "size_1_region_2": {
          "region": [
            2
          ],
          "entropy": 0.4832169128747743,
          "rt_area": 3,
          "size": 1
        },
        "size_2_region_0": {
          "region": [
            0,
            1
          ],
          "entropy": 0.6966036050319586,
          "rt_area": 4,
          "size": 2
        },
        "size_2_region_1": {
          "region": [
            0,
            2
          ],
          "entropy": 0.6983566877817936,
          "rt_area": 4,
          "size": 2
        },
        "size_2_region_2": {
          "region": [
            0,
            3
          ],
          "entropy": 0.69384710266183,
          "rt_area": 4,
          "size": 2
        },
        "size_3_region_0": {
          "region": [
            0,
            1,
            2
          ],
          "entropy": 0.8159710502375138,
          "rt_area": 3,
          "size": 3
        },
        "size_3_region_1": {
          "region": [
            0,
            1,
            3
          ],
          "entropy": 0.483216912874779,
          "rt_area": 3,
          "size": 3
        },
        "size_3_region_2": {
          "region": [
            0,
            2,
            3
          ],
          "entropy": 0.47993944141390754,
          "rt_area": 3,
          "size": 3
        }
      }
    },
    {
      "entropy_A": 0.8872829707154394,
      "entropy_B": 0.887282970715435,
      "mi_AB": 1.77456594143087,
      "pure_state_check": true,
      "entropy_difference": 4.3298697960381105e-15,
      "multiple_regions": {
        "size_1_region_0": {
          "region": [
            0
          ],
          "entropy": 0.27468147409264576,
          "rt_area": 3,
          "size": 1
        },
        "size_1_region_1": {
          "region": [
            1
          ],
          "entropy": 0.9119952859082702,
          "rt_area": 3,
          "size": 1
        },
        "size_1_region_2": {
          "region": [
            2
          ],
          "entropy": 0.8096990674800435,
          "rt_area": 3,
          "size": 1
        },
        "size_2_region_0": {
          "region": [
            0,
            1
          ],
          "entropy": 1.1652514075431162,
          "rt_area": 4,
          "size": 2
        },
        "size_2_region_1": {
          "region": [
            0,
            2
          ],
          "entropy": 0.7694813464957535,
          "rt_area": 4,
          "size": 2
        },
        "size_2_region_2": {
          "region": [
            0,
            3
          ],
          "entropy": 1.1387796292241363,
          "rt_area": 4,
          "size": 2
        },
        "size_3_region_0": {
          "region": [
            0,
            1,
            2
          ],
          "entropy": 0.8872829707154394,
          "rt_area": 3,
          "size": 3
        },
        "size_3_region_1": {
          "region": [
            0,
            1,
            3
          ],
          "entropy": 0.809699067480047,
          "rt_area": 3,
          "size": 3
        },
        "size_3_region_2": {
          "region": [
            0,
            2,
            3
          ],
          "entropy": 0.911995285908278,
          "rt_area": 3,
          "size": 3
        }
      }
    },
    {
      "entropy_A": 0.8555147819313977,
      "entropy_B": 0.855514781931394,
      "mi_AB": 1.7110295638627888,
      "pure_state_check": true,
      "entropy_difference": 3.774758283725532e-15,
      "multiple_regions": {
        "size_1_region_0": {
          "region": [
            0
          ],
          "entropy": 0.999993015795836,
          "rt_area": 3,
          "size": 1
        },
        "size_1_region_1": {
          "region": [
            1
          ],
          "entropy": 0.9972564651176075,
          "rt_area": 3,
          "size": 1
        },
        "size_1_region_2": {
          "region": [
            2
          ],
          "entropy": 0.9999865008517227,
          "rt_area": 3,
          "size": 1
        },
        "size_2_region_0": {
          "region": [
            0,
            1
          ],
          "entropy": 1.8155042846764067,
          "rt_area": 4,
          "size": 2
        },
        "size_2_region_1": {
          "region": [
            0,
            2
          ],
          "entropy": 1.2725925520999806,
          "rt_area": 4,
          "size": 2
        },
        "size_2_region_2": {
          "region": [
            0,
            3
          ],
          "entropy": 1.714149525935798,
          "rt_area": 4,
          "size": 2
        },
        "size_3_region_0": {
          "region": [
            0,
            1,
            2
          ],
          "entropy": 0.8555147819313977,
          "rt_area": 3,
          "size": 3
        },
        "size_3_region_1": {
          "region": [
            0,
            1,
            3
          ],
          "entropy": 0.9999865008517251,
          "rt_area": 3,
          "size": 3
        },
        "size_3_region_2": {
          "region": [
            0,
            2,
            3
          ],
          "entropy": 0.9972564651176089,
          "rt_area": 3,
          "size": 3
        }
      }
    },
    {
      "entropy_A": 0.9998016844231301,
      "entropy_B": 0.9998016844231292,
      "mi_AB": 1.9996033688462553,
      "pure_state_check": true,
      "entropy_difference": 8.881784197001252e-16,
      "multiple_regions": {
        "size_1_region_0": {
          "region": [
            0
          ],
          "entropy": 0.9999999945959905,
          "rt_area": 3,
          "size": 1
        },
        "size_1_region_1": {
          "region": [
            1
          ],
          "entropy": 0.9708430646915638,
          "rt_area": 3,
          "size": 1
        },
        "size_1_region_2": {
          "region": [
            2
          ],
          "entropy": 0.999983088395225,
          "rt_area": 3,
          "size": 1
        },
        "size_2_region_0": {
          "region": [
            0,
            1
          ],
          "entropy": 1.830658536025377,
          "rt_area": 4,
          "size": 2
        },
        "size_2_region_1": {
          "region": [
            0,
            2
          ],
          "entropy": 1.8533481626010553,
          "rt_area": 4,
          "size": 2
        },
        "size_2_region_2": {
          "region": [
            0,
            3
          ],
          "entropy": 1.0865664675018518,
          "rt_area": 4,
          "size": 2
        },
        "size_3_region_0": {
          "region": [
            0,
            1,
            2
          ],
          "entropy": 0.9998016844231301,
          "rt_area": 3,
          "size": 3
        },
        "size_3_region_1": {
          "region": [
            0,
            1,
            3
          ],
          "entropy": 0.9999830883952283,
          "rt_area": 3,
          "size": 3
        },
        "size_3_region_2": {
          "region": [
            0,
            2,
            3
          ],
          "entropy": 0.9708430646915671,
          "rt_area": 3,
          "size": 3
        }
      }
    },
    {
      "entropy_A": 0.9999912514103713,
      "entropy_B": 0.9999912514103695,
      "mi_AB": 1.999982502820739,
      "pure_state_check": true,
      "entropy_difference": 1.7763568394002505e-15,
      "multiple_regions": {
        "size_1_region_0": {
          "region": [
            0
          ],
          "entropy": 0.9999998925175204,
          "rt_area": 3,
          "size": 1
        },
        "size_1_region_1": {
          "region": [
            1
          ],
          "entropy": 0.43664448515563153,
          "rt_area": 3,
          "size": 1
        },
        "size_1_region_2": {
          "region": [
            2
          ],
          "entropy": 0.9999993719054656,
          "rt_area": 3,
          "size": 1
        },
        "size_2_region_0": {
          "region": [
            0,
            1
          ],
          "entropy": 1.3665537304211228,
          "rt_area": 4,
          "size": 2
        },
        "size_2_region_1": {
          "region": [
            0,
            2
          ],
          "entropy": 1.3672097624239337,
          "rt_area": 4,
          "size": 2
        },
        "size_2_region_2": {
          "region": [
            0,
            3
          ],
          "entropy": 1.1406804159153412,
          "rt_area": 4,
          "size": 2
        },
        "size_3_region_0": {
          "region": [
            0,
            1,
            2
          ],
          "entropy": 0.9999912514103713,
          "rt_area": 3,
          "size": 3
        },
        "size_3_region_1": {
          "region": [
            0,
            1,
            3
          ],
          "entropy": 0.9999993719054657,
          "rt_area": 3,
          "size": 3
        },
        "size_3_region_2": {
          "region": [
            0,
            2,
            3
          ],
          "entropy": 0.43664448515563214,
          "rt_area": 3,
          "size": 3
        }
      }
    }
  ],
  "distance_matrix_per_timestep": [
    [
      [
        0.0,
        1.3033778059722947,
        1.0001669383510827,
        0.49363932834412705
      ],
      [
        1.3033778059722947,
        0.0,
        1.311894925403221,
        1.7970171343164218
      ],
      [
        1.0001669383510827,
        1.311894925403221,
        0.0,
        0.5065276100069557
      ],
      [
        0.49363932834412705,
        1.7970171343164218,
        0.5065276100069557,
        0.0
      ]
    ],
    [
      [
        0.0,
        1.695217081061854,
        1.1555027070012063,
        1.7871209582319425
      ],
      [
        1.695217081061854,
        0.0,
        0.5397143740606478,
        1.171332625291384
      ],
      [
        1.1555027070012063,
        0.5397143740606478,
        0.0,
        0.6316182512307362
      ],
      [
        1.7871209582319425,
        1.171332625291384,
        0.6316182512307362,
        0.0
      ]
    ],
    [
      [
        0.0,
        1.580274926239123,
        0.3182966672007973,
        1.956457676629524
      ],
      [
        1.580274926239123,
        0.0,
        1.2619782590383257,
        3.536732602868647
      ],
      [
        0.3182966672007973,
        1.2619782590383257,
        0.0,
        2.2747543438303213
      ],
      [
        1.956457676629524,
        3.536732602868647,
        2.2747543438303213,
        0.0
      ]
    ],
    [
      [
        0.0,
        1.9647957009018164,
        1.8678716863099827,
        0.0907618066847579
      ],
      [
        1.9647957009018164,
        0.0,
        0.12300449751018414,
        1.9001143771354088
      ],
      [
        1.8678716863099827,
        0.12300449751018414,
        0.0,
        1.7771098796252247
      ],
      [
        0.0907618066847579,
        1.9001143771354088,
        1.7771098796252247,
        0.0
      ]
    ],
    [
      [
        0.0,
        1.675136794356337,
        0.45761745242759977,
        0.151624690145816
      ],
      [
        1.675136794356337,
        0.0,
        1.2175193419287373,
        1.6741142426946767
      ],
      [
        0.45761745242759977,
        1.2175193419287373,
        0.0,
        0.4565949007659392
      ],
      [
        0.151624690145816,
        1.6741142426946767,
        0.4565949007659392,
        0.0
      ]
    ]
  ],
  "edge_mi": {
    "0,1": 0.07009064725202951,
    "0,3": 0.8593107280125485,
    "0,2": 0.6327895019990524,
    "1,2": 0.2959634411457559,
    "2,3": 0.633436892894711
  },
  "distance_matrix": [
    [
      0.0,
      1.675136794356337,
      0.45761745242759977,
      0.151624690145816
    ],
    [
      1.675136794356337,
      0.0,
      1.2175193419287373,
      1.6741142426946767
    ],
    [
      0.45761745242759977,
      1.2175193419287373,
      0.0,
      0.4565949007659392
    ],
    [
      0.151624690145816,
      1.6741142426946767,
      0.4565949007659392,
      0.0
    ]
  ],
  "shortest_paths": {
    "0": {
      "0": 0,
      "3": 0.151624690145816,
      "2": 0.45761745242759977,
      "1": 1.675136794356337
    },
    "1": {
      "1": 0,
      "2": 1.2175193419287373,
      "3": 1.6741142426946767,
      "0": 1.675136794356337
    },
    "2": {
      "2": 0,
      "3": 0.4565949007659392,
      "0": 0.45761745242759977,
      "1": 1.2175193419287373
    },
    "3": {
      "3": 0,
      "0": 0.151624690145816,
      "2": 0.4565949007659392,
      "1": 1.6741142426946767
    }
  },
  "gromov_delta": 1.5988131734525988,
  "mean_distance": 0.7040759277898883,
  "angle_sums": [
    0.0,
    3.2035280254470107,
    3.309442162760468,
    0.0
  ],
  "mean_angle_sum": 1.6282425470518698,
  "min_angle_sum": 0.0,
  "max_angle_sum": 3.309442162760468,
  "angle_sum_deviations": [
    -3.141592653589793,
    0.061935371857217536,
    0.16784950917067487,
    -3.141592653589793
  ],
  "triangle_inequality_violations": [],
  "embedding_coords": [
    [
      -0.023904788767926524,
      0.07690075506973697
    ],
    [
      -0.08069120401188827,
      0.11548476796115766
    ],
    [
      0.0504648722940759,
      -0.25072351312998603
    ],
    [
      0.054131120485738884,
      0.05833799009909141
    ]
  ],
  "embedding_coords_3d": [
    [
      0.015406433697813266,
      -0.0592988444700553,
      0.06088013957043467
    ],
    [
      0.04159046499079654,
      -0.11708259022898966,
      -0.025507289154437677
    ],
    [
      -0.12443326948590346,
      0.2059572976713387,
      -0.08615812263723051
    ],
    [
      0.06743637079729367,
      -0.029575862972293768,
      0.05078527222123354
    ]
  ],
  "edge_weight_variance": 0.002277610000000002,
  "event_nodes": [
    [
      0,
      0
    ],
    [
      1,
      0
    ],
    [
      2,
      0
    ],
    [
      3,
      0
    ],
    [
      0,
      1
    ],
    [
      1,
      1
    ],
    [
      2,
      1
    ],
    [
      3,
      1
    ],
    [
      0,
      2
    ],
    [
      1,
      2
    ],
    [
      2,
      2
    ],
    [
      3,
      2
    ],
    [
      0,
      3
    ],
    [
      1,
      3
    ],
    [
      2,
      3
    ],
    [
      3,
      3
    ],
    [
      0,
      4
    ],
    [
      1,
      4
    ],
    [
      2,
      4
    ],
    [
      3,
      4
    ]
  ],
  "event_edges": [
    {
      "type": "spatial",
      "from": [
        0,
        0
      ],
      "to": [
        1,
        0
      ],
      "weight": 1.3033778059722947
    },
    {
      "type": "spatial",
      "from": [
        0,
        0
      ],
      "to": [
        2,
        0
      ],
      "weight": 1.0001669383510827
    },
    {
      "type": "spatial",
      "from": [
        0,
        0
      ],
      "to": [
        3,
        0
      ],
      "weight": 0.49363932834412705
    },
    {
      "type": "spatial",
      "from": [
        1,
        0
      ],
      "to": [
        2,
        0
      ],
      "weight": 1.311894925403221
    },
    {
      "type": "spatial",
      "from": [
        1,
        0
      ],
      "to": [
        3,
        0
      ],
      "weight": 1.7970171343164218
    },
    {
      "type": "spatial",
      "from": [
        2,
        0
      ],
      "to": [
        3,
        0
      ],
      "weight": 0.5065276100069557
    },
    {
      "type": "temporal",
      "from": [
        0,
        0
      ],
      "to": [
        0,
        1
      ],
      "weight": 1.0
    },
    {
      "type": "temporal",
      "from": [
        1,
        0
      ],
      "to": [
        1,
        1
      ],
      "weight": 1.0
    },
    {
      "type": "temporal",
      "from": [
        2,
        0
      ],
      "to": [
        2,
        1
      ],
      "weight": 1.0
    },
    {
      "type": "temporal",
      "from": [
        3,
        0
      ],
      "to": [
        3,
        1
      ],
      "weight": 1.0
    },
    {
      "type": "spatial",
      "from": [
        0,
        1
      ],
      "to": [
        1,
        1
      ],
      "weight": 1.695217081061854
    },
    {
      "type": "spatial",
      "from": [
        0,
        1
      ],
      "to": [
        2,
        1
      ],
      "weight": 1.1555027070012063
    },
    {
      "type": "spatial",
      "from": [
        0,
        1
      ],
      "to": [
        3,
        1
      ],
      "weight": 1.7871209582319425
    },
    {
      "type": "spatial",
      "from": [
        1,
        1
      ],
      "to": [
        2,
        1
      ],
      "weight": 0.5397143740606478
    },
    {
      "type": "spatial",
      "from": [
        1,
        1
      ],
      "to": [
        3,
        1
      ],
      "weight": 1.171332625291384
    },
    {
      "type": "spatial",
      "from": [
        2,
        1
      ],
      "to": [
        3,
        1
      ],
      "weight": 0.6316182512307362
    },
    {
      "type": "temporal",
      "from": [
        0,
        1
      ],
      "to": [
        0,
        2
      ],
      "weight": 1.0
    },
    {
      "type": "temporal",
      "from": [
        1,
        1
      ],
      "to": [
        1,
        2
      ],
      "weight": 1.0
    },
    {
      "type": "temporal",
      "from": [
        2,
        1
      ],
      "to": [
        2,
        2
      ],
      "weight": 1.0
    },
    {
      "type": "temporal",
      "from": [
        3,
        1
      ],
      "to": [
        3,
        2
      ],
      "weight": 1.0
    },
    {
      "type": "spatial",
      "from": [
        0,
        2
      ],
      "to": [
        1,
        2
      ],
      "weight": 1.580274926239123
    },
    {
      "type": "spatial",
      "from": [
        0,
        2
      ],
      "to": [
        2,
        2
      ],
      "weight": 0.3182966672007973
    },
    {
      "type": "spatial",
      "from": [
        0,
        2
      ],
      "to": [
        3,
        2
      ],
      "weight": 1.956457676629524
    },
    {
      "type": "spatial",
      "from": [
        1,
        2
      ],
      "to": [
        2,
        2
      ],
      "weight": 1.2619782590383257
    },
    {
      "type": "spatial",
      "from": [
        1,
        2
      ],
      "to": [
        3,
        2
      ],
      "weight": 3.536732602868647
    },
    {
      "type": "spatial",
      "from": [
        2,
        2
      ],
      "to": [
        3,
        2
      ],
      "weight": 2.2747543438303213
    },
    {
      "type": "temporal",
      "from": [
        0,
        2
      ],
      "to": [
        0,
        3
      ],
      "weight": 1.0
    },
    {
      "type": "temporal",
      "from": [
        1,
        2
      ],
      "to": [
        1,
        3
      ],
      "weight": 1.0
    },
    {
      "type": "temporal",
      "from": [
        2,
        2
      ],
      "to": [
        2,
        3
      ],
      "weight": 1.0
    },
    {
      "type": "temporal",
      "from": [
        3,
        2
      ],
      "to": [
        3,
        3
      ],
      "weight": 1.0
    },
    {
      "type": "spatial",
      "from": [
        0,
        3
      ],
      "to": [
        1,
        3
      ],
      "weight": 1.9647957009018164
    },
    {
      "type": "spatial",
      "from": [
        0,
        3
      ],
      "to": [
        2,
        3
      ],
      "weight": 1.8678716863099827
    },
    {
      "type": "spatial",
      "from": [
        0,
        3
      ],
      "to": [
        3,
        3
      ],
      "weight": 0.0907618066847579
    },
    {
      "type": "spatial",
      "from": [
        1,
        3
      ],
      "to": [
        2,
        3
      ],
      "weight": 0.12300449751018414
    },
    {
      "type": "spatial",
      "from": [
        1,
        3
      ],
      "to": [
        3,
        3
      ],
      "weight": 1.9001143771354088
    },
    {
      "type": "spatial",
      "from": [
        2,
        3
      ],
      "to": [
        3,
        3
      ],
      "weight": 1.7771098796252247
    },
    {
      "type": "temporal",
      "from": [
        0,
        3
      ],
      "to": [
        0,
        4
      ],
      "weight": 1.0
    },
    {
      "type": "temporal",
      "from": [
        1,
        3
      ],
      "to": [
        1,
        4
      ],
      "weight": 1.0
    },
    {
      "type": "temporal",
      "from": [
        2,
        3
      ],
      "to": [
        2,
        4
      ],
      "weight": 1.0
    },
    {
      "type": "temporal",
      "from": [
        3,
        3
      ],
      "to": [
        3,
        4
      ],
      "weight": 1.0
    },
    {
      "type": "spatial",
      "from": [
        0,
        4
      ],
      "to": [
        1,
        4
      ],
      "weight": 1.675136794356337
    },
    {
      "type": "spatial",
      "from": [
        0,
        4
      ],
      "to": [
        2,
        4
      ],
      "weight": 0.45761745242759977
    },
    {
      "type": "spatial",
      "from": [
        0,
        4
      ],
      "to": [
        3,
        4
      ],
      "weight": 0.151624690145816
    },
    {
      "type": "spatial",
      "from": [
        1,
        4
      ],
      "to": [
        2,
        4
      ],
      "weight": 1.2175193419287373
    },
    {
      "type": "spatial",
      "from": [
        1,
        4
      ],
      "to": [
        3,
        4
      ],
      "weight": 1.6741142426946767
    },
    {
      "type": "spatial",
      "from": [
        2,
        4
      ],
      "to": [
        3,
        4
      ],
      "weight": 0.4565949007659392
    }
  ],
  "lorentzian_dissimilarity": [
    [
      0.0,
      1.6987937051011526,
      1.0003339045705786,
      0.24367978648804087,
      -1.0,
      0.6987937051011526,
      0.00033390457057858036,
      -0.7563202135119591,
      -4.0,
      -2.301206294898847,
      -2.999666095429421,
      -3.7563202135119593,
      -9.0,
      -7.301206294898847,
      -7.999666095429421,
      -8.756320213511959,
      -16.0,
      -14.301206294898847,
      -14.999666095429422,
      -15.756320213511959
    ],
    [
      1.6987937051011526,
      0.0,
      1.7210682952987229,
      3.229270581026805,
      0.6987937051011526,
      -1.0,
      0.7210682952987229,
      2.229270581026805,
      -2.301206294898847,
      -4.0,
      -2.278931704701277,
      -0.770729418973195,
      -7.301206294898847,
      -9.0,
      -7.278931704701277,
      -5.770729418973195,
      -14.301206294898847,
      -16.0,
      -14.278931704701277,
      -12.770729418973195
    ],
    [
      1.0003339045705786,
      1.7210682952987229,
      0.0,
      0.25657021969935856,
      0.00033390457057858036,
      0.7210682952987229,
      -1.0,
      -0.7434297803006414,
      -2.999666095429421,
      -2.278931704701277,
      -4.0,
      -3.7434297803006413,
      -7.999666095429421,
      -7.278931704701277,
      -9.0,
      -8.74342978030064,
      -14.999666095429422,
      -14.278931704701277,
      -16.0,
      -15.74342978030064
    ],
    [
      0.24367978648804087,
      3.229270581026805,
      0.25657021969935856,
      0.0,
      -0.7563202135119591,
      2.229270581026805,
      -0.7434297803006414,
      -1.0,
      -3.7563202135119593,
      -0.770729418973195,
      -3.7434297803006413,
      -4.0,
      -8.756320213511959,
      -5.770729418973195,
      -8.74342978030064,
      -9.0,
      -15.756320213511959,
      -12.770729418973195,
      -15.74342978030064,
      -16.0
    ],
    [
      -1.0,
      0.6987937051011526,
      0.00033390457057858036,
      -0.7563202135119591,
      0.0,
      2.873760951923873,
      1.3351865058871155,
      3.193801319351856,
      -1.0,
      1.873760951923873,
      0.3351865058871155,
      2.193801319351856,
      -4.0,
      -1.126239048076127,
      -2.6648134941128845,
      -0.8061986806481438,
      -9.0,
      -6.126239048076127,
      -7.6648134941128845,
      -5.806198680648144
    ],
    [
      0.6987937051011526,
      -1.0,
      0.7210682952987229,
      2.229270581026805,
      2.873760951923873,
      0.0,
      0.29129160556767686,
      1.3720201190720058,
      1.873760951923873,
      -1.0,
      -0.7087083944323231,
      0.37202011907200583,
      -1.126239048076127,
      -4.0,
      -3.708708394432323,
      -2.6279798809279944,
      -6.126239048076127,
      -9.0,
      -8.708708394432323,
      -7.627979880927994
    ],
    [
      0.00033390457057858036,
      0.7210682952987229,
      -1.0,
      -0.7434297803006414,
      1.3351865058871155,
      0.29129160556767686,
      0.0,
      0.39894161528777344,
      0.3351865058871155,
      -0.7087083944323231,
      -1.0,
      -0.6010583847122266,
      -2.6648134941128845,
      -3.708708394432323,
      -4.0,
      -3.6010583847122266,
      -7.6648134941128845,
      -8.708708394432323,
      -9.0,
      -8.601058384712227
    ],
    [
      -0.7563202135119591,
      2.229270581026805,
      -0.7434297803006414,
      -1.0,
      3.193801319351856,
      1.3720201190720058,
      0.39894161528777344,
      0.0,
      2.193801319351856,
      0.37202011907200583,
      -0.6010583847122266,
      -1.0,
      -0.8061986806481438,
      -2.6279798809279944,
      -3.6010583847122266,
      -4.0,
      -5.806198680648144,
      -7.627979880927994,
      -8.601058384712227,
      -9.0
    ],
    [
      -4.0,
      -2.301206294898847,
      -2.999666095429421,
      -3.7563202135119593,
      -1.0,
      1.873760951923873,
      0.3351865058871155,
      2.193801319351856,
      0.0,
      2.4972688425000653,
      0.10131276835113512,
      3.8277266404425956,
      -1.0,
      1.4972688425000653,
      -0.8986872316488649,
      2.8277266404425956,
      -4.0,
      -1.5027311574999347,
      -3.8986872316488648,
      -0.17227335955740442
    ],
    [
      -2.301206294898847,
      -4.0,
      -2.278931704701277,
      -0.770729418973195,
      1.873760951923873,
      -1.0,
      -0.7087083944323231,
      0.37202011907200583,
      2.4972688425000653,
      0.0,
      1.5925891262854035,
      12.508477504194037,
      1.4972688425000653,
      -1.0,
      0.5925891262854035,
      11.508477504194037,
      -1.5027311574999347,
      -4.0,
      -2.4074108737145963,
      8.508477504194037
    ],
    [
      -2.999666095429421,
      -2.278931704701277,
      -4.0,
      -3.7434297803006413,
      0.3351865058871155,
      -0.7087083944323231,
      -1.0,
      -0.6010583847122266,
      0.10131276835113512,
      1.5925891262854035,
      0.0,
      5.174507324774916,
      -0.8986872316488649,
      0.5925891262854035,
      -1.0,
      4.174507324774916,
      -3.8986872316488648,
      -2.4074108737145963,
      -4.0,
      1.1745073247749156
    ],
    [
      -3.7563202135119593,
      -0.770729418973195,
      -3.7434297803006413,
      -4.0,
      2.193801319351856,
      0.37202011907200583,
      -0.6010583847122266,
      -1.0,
      3.8277266404425956,
      12.508477504194037,
      5.174507324774916,
      0.0,
      2.8277266404425956,
      11.508477504194037,
      4.174507324774916,
      -1.0,
      -0.17227335955740442,
      8.508477504194037,
      1.1745073247749156,
      -4.0
    ],
    [
      -9.0,
      -7.301206294898847,
      -7.999666095429421,
      -8.756320213511959,
      -4.0,
      -1.126239048076127,
      -2.6648134941128845,
      -0.8061986806481438,
      -1.0,
      1.4972688425000653,
      -0.8986872316488649,
      2.8277266404425956,
      0.0,
      3.86042214628226,
      3.4889446365184984,
      0.008237705552681364,
      -1.0,
      2.86042214628226,
      2.4889446365184984,
      -0.9917622944473187
    ],
    [
      -7.301206294898847,
      -9.0,
      -7.278931704701277,
      -5.770729418973195,
      -1.126239048076127,
      -4.0,
      -3.708708394432323,
      -2.6279798809279944,
      1.4972688425000653,
      -1.0,
      0.5925891262854035,
      11.508477504194037,
      3.86042214628226,
      0.0,
      0.015130106407732895,
      3.6104346461966825,
      2.86042214628226,
      -1.0,
      -0.9848698935922671,
      2.6104346461966825
    ],
    [
      -7.999666095429421,
      -7.278931704701277,
      -9.0,
      -8.74342978030064,
      -2.6648134941128845,
      -3.708708394432323,
      -4.0,
      -3.6010583847122266,
      -0.8986872316488649,
      0.5925891262854035,
      -1.0,
      4.174507324774916,
      3.4889446365184984,
      0.015130106407732895,
      0.0,
      3.1581195242615805,
      2.4889446365184984,
      -0.9848698935922671,
      -1.0,
      2.1581195242615805
    ],
    [
      -8.756320213511959,
      -5.770729418973195,
      -8.74342978030064,
      -9.0,
      -0.8061986806481438,
      -2.6279798809279944,
      -3.6010583847122266,
      -4.0,
      2.8277266404425956,
      11.508477504194037,
      4.174507324774916,
      -1.0,
      0.008237705552681364,
      3.6104346461966825,
      3.1581195242615805,
      0.0,
      -0.9917622944473187,
      2.6104346461966825,
      2.1581195242615805,
      -1.0
    ],
    [
      -16.0,
      -14.301206294898847,
      -14.999666095429422,
      -15.756320213511959,
      -9.0,
      -6.126239048076127,
      -7.6648134941128845,
      -5.806198680648144,
      -4.0,
      -1.5027311574999347,
      -3.8986872316488648,
      -0.17227335955740442,
      -1.0,
      2.86042214628226,
      2.4889446365184984,
      -0.9917622944473187,
      0.0,
      2.8060832798064252,
      0.20941373276632655,
      0.022990046661814714
    ],
    [
      -14.301206294898847,
      -16.0,
      -14.278931704701277,
      -12.770729418973195,
      -6.126239048076127,
      -9.0,
      -8.708708394432323,
      -7.627979880927994,
      -1.5027311574999347,
      -4.0,
      -2.4074108737145963,
      8.508477504194037,
      2.86042214628226,
      -1.0,
      -0.9848698935922671,
      2.6104346461966825,
      2.8060832798064252,
      0.0,
      1.4823533479705857,
      2.8026584975931708
    ],
    [
      -14.999666095429422,
      -14.278931704701277,
      -16.0,
      -15.74342978030064,
      -7.6648134941128845,
      -8.708708394432323,
      -9.0,
      -8.601058384712227,
      -3.8986872316488648,
      -2.4074108737145963,
      -4.0,
      1.1745073247749156,
      2.4889446365184984,
      -0.9848698935922671,
      -1.0,
      2.1581195242615805,
      0.20941373276632655,
      1.4823533479705857,
      0.0,
      0.20847890340545788
    ],
    [
      -15.756320213511959,
      -12.770729418973195,
      -15.74342978030064,
      -16.0,
      -5.806198680648144,
      -7.627979880927994,
      -8.601058384712227,
      -9.0,
      -0.17227335955740442,
      8.508477504194037,
      1.1745073247749156,
      -4.0,
      -0.9917622944473187,
      2.6104346461966825,
      2.1581195242615805,
      -1.0,
      0.022990046661814714,
      2.8026584975931708,
      0.20847890340545788,
      0.0
    ]
  ],
  "lorentzian_embedding": [
    [
      -0.331890721330855,
      0.8309687809235916,
      0.2698022435421754
    ],
    [
      -0.01854383605308156,
      0.42125034982071163,
      -0.8484371314645129
    ],
    [
      -0.1578114489731913,
      0.4049085155168077,
      0.12926177785530438
    ],
    [
      -0.3875587871468809,
      0.8759892645151371,
      0.565754106540703
    ],
    [
      0.5824745381710685,
      1.1466143559596866,
      0.014715358800769369
    ],
    [
      1.0595492519234277,
      -0.546379052965295,
      -0.6633413798400665
    ],
    [
      0.8865181621142085,
      -0.09919552233248556,
      -0.22219930154555637
    ],
    [
      1.085971547307962,
      -0.5778120955109337,
      -0.04049690086813437
    ],
    [
      1.6199275959324377,
      0.7670810313475073,
      -0.24984289694849798
    ],
    [
      2.323871566846867,
      0.18049984847024608,
      -1.8554546899656073
    ],
    [
      1.8887528698300415,
      0.3650942080329616,
      -0.690026047999564
    ],
    [
      2.620940267241483,
      -0.9255751488531037,
      1.4265443670918048
    ],
    [
      2.727774063896692,
      0.2395528976877616,
      0.18389039230937013
    ],
    [
      3.245075735307564,
      -0.7835209171153874,
      -1.5470061360527347
    ],
    [
      3.18652053113091,
      -0.7496016086519943,
      -0.9375277790660256
    ],
    [
      3.203809417980189,
      -1.1420417421961317,
      0.7846691249379725
    ],
    [
      3.823080610870838,
      -0.28634800190709214,
      -0.001310883998379096
    ],
    [
      4.288980430053042,
      -1.131581715941064,
      -1.578853358801067
    ],
    [
      4.104939224529716,
      -0.9310735023559076,
      -0.6880274378083296
    ],
    [
      4.247582227667732,
      -1.484802910844757,
      0.6283773316549728
    ]
  ],
  "edge_length_evolution": [],
  "angle_deficit_evolution": [],
  "regge_action_evolution": [],
  "gromov_delta_evolution": [],
  "mass_hinge": null,
  "mass_value": 0.0,
  "matter": {
    "(0, 1)": 0.0,
    "(1, 2)": 0.0,
    "(0, 3)": 0.0,
    "(2, 3)": 0.0,
    "(0, 2)": 0.0,
    "(1, 3)": 0.0
  },
  "stationary_solution": null,
  "einstein_analysis_per_timestep": [
    null,
    null,
    null,
    null,
    null
  ],
  "bootstrap_analysis": {
    "gromov_delta": {
      "mean": 1.6439044331865311,
      "lower_ci": 1.3328882855218285,
      "upper_ci": 2.004377875679232,
      "all_values": [
        1.303377805972295,
        1.1555027070012063,
        2.2747543438303213,
        1.8870741356762337,
        1.5988131734525988
      ],
      "uncertainty": 0.36047344249270097
    },
    "entropy": {
      "mean": null,
      "lower_ci": null,
      "upper_ci": null,
      "uncertainty": null
    },
    "distance_matrix": {
      "mean": [
        [
          0.0,
          1.6437604617062849,
          0.9598910902581338,
          0.8959208920072335
        ],
        [
          1.6437604617062849,
          0.0,
          0.8908222795882231,
          2.0158621964613075
        ],
        [
          0.9598910902581338,
          0.8908222795882231,
          0.0,
          1.1293209970918354
        ],
        [
          0.8959208920072335,
          2.0158621964613075,
          1.1293209970918354,
          0.0
        ]
      ],
      "lower_ci": [
        [
          0.0,
          1.460013114574591,
          0.48565780024376265,
          0.19568246440105497
        ],
        [
          1.4560974586670148,
          0.0,
          0.4252494417039875,
          1.4422258774651966
        ],
        [
          0.5103990355215754,
          0.5072859415574932,
          0.0,
          0.5115726545553052
        ],
        [
          0.19568246440105497,
          1.4216064289013992,
          0.5115726545553052,
          0.0
        ]
      ],
      "upper_ci": [
        [
          0.0,
          1.8325121219159122,
          1.416107071928848,
          1.5954910793327826
        ],
        [
          1.8343497299083436,
          0.0,
          1.273053142162366,
          2.792299773257167
        ],
        [
          1.4433470436717506,
          1.2641613587404485,
          0.0,
          1.8215801042246287
        ],
        [
          1.5622919759338958,
          2.836885285687205,
          1.8215801042246287,
          0.0
        ]
      ]
    }
  },
  "topology_compatibility": {
    "current_topology": "triangulated",
    "explanation": "Triangulated topology is specifically designed for angle-sum curvature. Creates multiple triangles per vertex, enabling robust local curvature measurements. Each vertex has multiple incident triangles for well-defined angle sums.",
    "supports_local_curvature": true
  },
  "rt_surface_analysis": {
    "region_A": [
      0
    ],
    "region_B": [
      1,
      2,
      3
    ],
    "bulk_point": 2,
    "is_complementary": true,
    "rt_area_AB": 2.2843789369297527,
    "rt_area_BA": 2.2843789369297527,
    "area_consistent": true,
    "edges_consistent": true,
    "area_difference": 0.0,
    "rt_edges_AB": [
      [
        0,
        1
      ],
      [
        0,
        2
      ],
      [
        0,
        3
      ]
    ],
    "rt_edges_BA": [
      [
        0,
        1
      ],
      [
        0,
        2
      ],
      [
        0,
        3
      ]
    ],
    "edge_lengths": [
      1.675136794356337,
      0.45761745242759977,
      0.151624690145816,
      1.2175193419287373,
      1.6741142426946767,
      0.4565949007659392
    ],
    "all_edges": [
      [
        0,
        1
      ],
      [
        0,
        2
      ],
      [
        0,
        3
      ],
      [
        1,
        2
