{
  "spec": {
    "num_qubits": 6,
    "topology": "triangulated",
    "custom_edges": "0-1:1.0000,0-2:1.0000,0-3:1.0000,0-4:1.0000,0-5:1.0000,1-2:1.0000,1-3:1.0000,1-4:1.0000,1-5:1.0000,2-3:1.0000,2-4:1.0000,2-5:1.0000,3-4:1.0000,3-5:0.8647,4-5:0.8848",
    "alpha": 0.8,
    "weight": 1.0692673372636752,
    "gamma": 0.4054299833278459,
    "sigma": 1.0982591376905144,
    "init_angle": -0.4374154705105475,
    "init_angles": null,
    "shots": 100,
    "device": "simulator",
    "geometry": "spherical",
    "curvature": 1.0,
    "timesteps": 1,
    "dimension": 2,
    "mass_hinge": null,
    "mass_value": 0.0,
    "solve_regge": false,
    "lorentzian": true,
    "excite": true,
    "fast": true,
    "fast_preset": "balanced",
    "ctc_mode": false,
    "strong_curvature": true,
    "charge_injection": true,
    "charge_strength": 2.5,
    "charge_location": null,
    "spin_injection": true,
    "spin_strength": 2.0,
    "spin_location": null,
    "edge_floor": 0.001,
    "compute_entropies": true,
    "hyperbolic_triangulation": true,
    "trotter_steps": 8,
    "dt": 0.05,
    "analyze_curvature": true,
    "einstein_solver": true,
    "page_curve": true,
    "radiation_ordering": null,
    "page_curve_timesteps": 15,
    "entropy_method": "hybrid",
    "num_shadows": 100,
    "shots_per_shadow": 1000,
    "num_bases": 20,
    "shots_per_basis": 1000,
    "enhanced_entanglement": false,
    "entanglement_strength": -0.09155248197785032,
    "interpolate_geometry": false,
    "smooth_charge_injection": false,
    "min_qubits_for_continuum": 10,
    "benchmark_against_classical_geometry": false,
    "geometry_fit_metric": "wasserstein,kl,euclidean",
    "verify_noise_robustness": false,
    "run_on_multiple_backends": false,
    "detect_and_flag_causal_loops": true,
    "restrict_information_flow_direction": "bidirectional",
    "filter_noncausal_edges": true,
    "use_ryu_takayanagi_test": true,
    "compare_MI_vs_subsystem_entropy": true,
    "embed_boundary_entropy_in_geometry": true,
    "entropy_engineering": true,
    "target_entropy_pattern": "quantum_gravity",
    "custom_target_entropies": null,
    "entropy_optimization_iterations": 200,
    "entropy_tolerance": 0.05,
    "continue_on_engineering_failure": true,
    "validate_engineered_geometry": true,
    "enhance_bell_violations": true,
    "bell_entanglement_strength": 4.0,
    "teleportation_circuits": true,
    "long_range_coupling": 3.0,
    "holographic_optimization": true,
    "rt_surface_encoding": true,
    "conformal_symmetry": true,
    "bulk_reconstruction": true,
    "scalable_entanglement": true,
    "parallel_execution": true,
    "memory_optimization": true,
    "circuit_compilation": "optimized",
    "real_hardware": false,
    "error_mitigation": true,
    "zero_noise_extrapolation": true,
    "zne_noise_factors": [
      1.0,
      2.0,
      3.0
    ],
    "zne_extrapolation_method": "polynomial",
    "hardware_calibration": true,
    "noise_characterization": true,
    "backend_name": "ibm_brisbane",
    "quantum_mode": true,
    "quantum_entanglement_strength": 5.0,
    "quantum_circuit_depth": 12
  },
  "uid": "5T2UC5",
  "counts_per_timestep": [
    null
  ],
  "job_ids_per_timestep": [
    null
  ],
  "entropy_per_timestep": [
    null
  ],
  "mutual_information_per_timestep": [
    {
      "I_0,1": 0.025252036131102523,
      "I_0,2": 0.06038109284191534,
      "I_0,3": 0.025252036131103106,
      "I_0,4": 0.0603810928419158,
      "I_0,5": 0.02525203613110308,
      "I_1,2": 0.02525203613110255,
      "I_1,3": 0.008316381636943385,
      "I_1,4": 0.02525203613110301,
      "I_1,5": 0.008316381636941969,
      "I_2,3": 0.025252036131102926,
      "I_2,4": 0.06038109284191638,
      "I_2,5": 0.025252036131103106,
      "I_3,4": 0.025252036131103314,
      "I_3,5": 0.008316381636942705,
      "I_4,5": 0.02525203613110455
    }
  ],
  "boundary_entropies_per_timestep": [
    {
      "entropy_A": 0.10718886274148966,
      "entropy_B": 0.10718886274148941,
      "mi_AB": 0.21437772548297548,
      "pure_state_check": true,
      "entropy_difference": 2.498001805406602e-16,
      "multiple_regions": {
        "size_1_region_0": {
          "region": [
            0
          ],
          "entropy": 0.08607533386259217,
          "rt_area": 5,
          "size": 1
        },
        "size_1_region_1": {
          "region": [
            1
          ],
          "entropy": 0.03805749144224874,
          "rt_area": 5,
          "size": 1
        },
        "size_1_region_2": {
          "region": [
            2
          ],
          "entropy": 0.08607533386259276,
          "rt_area": 5,
          "size": 1
        },
        "size_2_region_0": {
          "region": [
            0,
            1
          ],
          "entropy": 0.0988807891737382,
          "rt_area": 8,
          "size": 2
        },
        "size_2_region_1": {
          "region": [
            0,
            2
          ],
          "entropy": 0.11176957488327116,
          "rt_area": 8,
          "size": 2
        },
        "size_2_region_2": {
          "region": [
            0,
            3
          ],
          "entropy": 0.09888078917373802,
          "rt_area": 8,
          "size": 2
        },
        "size_3_region_0": {
          "region": [
            0,
            1,
            2
          ],
          "entropy": 0.10718886274148966,
          "rt_area": 9,
          "size": 3
        },
        "size_3_region_1": {
          "region": [
            0,
            1,
            3
          ],
          "entropy": 0.10718886274148935,
          "rt_area": 9,
          "size": 3
        },
        "size_3_region_2": {
          "region": [
            0,
            1,
            4
          ],
          "entropy": 0.10718886274148978,
          "rt_area": 9,
          "size": 3
        },
        "size_4_region_0": {
          "region": [
            0,
            1,
            2,
            3
          ],
          "entropy": 0.09888078917373812,
          "rt_area": 8,
          "size": 4
        },
        "size_4_region_1": {
          "region": [
            0,
            1,
            2,
            4
          ],
          "entropy": 0.0677986012475554,
          "rt_area": 8,
          "size": 4
        },
        "size_4_region_2": {
          "region": [
            0,
            1,
            2,
            5
          ],
          "entropy": 0.09888078917373885,
          "rt_area": 8,
          "size": 4
        },
        "size_5_region_0": {
          "region": [
            0,
            1,
            2,
            3,
            4
          ],
          "entropy": 0.038057491442249264,
          "rt_area": 5,
          "size": 5
        },
        "size_5_region_1": {
          "region": [
            0,
            1,
            2,
            3,
            5
          ],
          "entropy": 0.08607533386259542,
          "rt_area": 5,
          "size": 5
        },
        "size_5_region_2": {
          "region": [
            0,
            1,
            2,
            4,
            5
          ],
          "entropy": 0.03805749144224892,
          "rt_area": 5,
          "size": 5
        }
      }
    }
  ],
  "distance_matrix_per_timestep": [
    [
      [
        0.0,
        3.6788484876563605,
        2.8070792554648625,
        3.6788484876563374,
        2.807079255464855,
        3.6788484876563383
      ],
      [
        3.6788484876563605,
        0.0,
        3.678848487656359,
        7.35769697531267,
        3.6788484876563414,
        7.357696975312622
      ],
      [
        2.8070792554648625,
        3.678848487656359,
        0.0,
        3.6788484876563445,
        2.807079255464845,
        3.6788484876563374
      ],
      [
        3.6788484876563374,
        7.35769697531267,
        3.6788484876563445,
        0.0,
        3.678848487656329,
        7.357696975312609
      ],
      [
        2.807079255464855,
        3.6788484876563414,
        2.807079255464845,
        3.678848487656329,
        0.0,
        3.67884848765628
      ],
      [
        3.6788484876563383,
        7.357696975312622,
        3.6788484876563374,
        7.357696975312609,
        3.67884848765628,
        0.0
      ]
    ]
  ],
  "edge_mi": {
    "0,1": 0.025252036131102523,
    "0,5": 0.02525203613110308,
    "0,2": 0.06038109284191534,
    "0,4": 0.0603810928419158,
    "0,3": 0.025252036131103106,
    "1,2": 0.02525203613110255,
    "1,4": 0.02525203613110301,
    "2,3": 0.025252036131102926,
    "2,4": 0.06038109284191638,
    "2,5": 0.025252036131103106,
    "3,4": 0.025252036131103314,
    "4,5": 0.02525203613110455
  },
  "distance_matrix": [
    [
      0.0,
      3.6788484876563605,
      2.8070792554648625,
      3.6788484876563374,
      2.807079255464855,
      3.6788484876563383
    ],
    [
      3.6788484876563605,
      0.0,
      3.678848487656359,
      4.789528018151037,
      3.6788484876563414,
      4.789528018151207
    ],
    [
      2.8070792554648625,
      3.678848487656359,
      0.0,
      3.6788484876563445,
      2.807079255464845,
      3.6788484876563374
    ],
    [
      3.6788484876563374,
      4.789528018151037,
      3.6788484876563445,
      0.0,
      3.678848487656329,
      4.789528018151119
    ],
    [
      2.807079255464855,
      3.6788484876563414,
      2.807079255464845,
      3.678848487656329,
      0.0,
      3.67884848765628
    ],
    [
      3.6788484876563383,
      4.789528018151207,
      3.6788484876563374,
      4.789528018151119,
      3.67884848765628,
      0.0
    ]
  ],
  "shortest_paths": {
    "0": {
      "0": 0,
      "4": 2.807079255464855,
      "2": 2.8070792554648625,
      "3": 3.6788484876563374,
      "5": 3.6788484876563383,
      "1": 3.6788484876563605
    },
    "1": {
      "1": 0,
      "4": 3.6788484876563414,
      "2": 3.678848487656359,
      "0": 3.6788484876563605,
      "3": 4.789528018151037,
      "5": 4.789528018151207
    },
    "2": {
      "2": 0,
      "4": 2.807079255464845,
      "0": 2.8070792554648625,
      "5": 3.6788484876563374,
      "3": 3.6788484876563445,
      "1": 3.678848487656359
    },
    "3": {
      "3": 0,
      "4": 3.678848487656329,
      "0": 3.6788484876563374,
      "2": 3.6788484876563445,
      "1": 4.789528018151037,
      "5": 4.789528018151119
    },
    "4": {
      "4": 0,
      "2": 2.807079255464845,
      "0": 2.807079255464855,
      "5": 3.67884848765628,
      "3": 3.678848487656329,
      "1": 3.6788484876563414
    },
    "5": {
      "5": 0,
      "4": 3.67884848765628,
      "2": 3.6788484876563374,
      "0": 3.6788484876563383,
      "3": 4.789528018151119,
      "1": 4.789528018151207
    }
  },
  "gromov_delta": 2.3947640090756446,
  "mean_distance": 3.1055254560974976,
  "angle_sums": [
    3.141592653589793,
    9.42477796076938,
    3.141592653589793,
    9.42477796076938,
    3.141592653589793,
    9.42477796076938,
    3.141592653589793,
    3.141592653589793,
    9.42477796076938,
    3.141592653589793,
    9.42477796076938,
    3.141592653589793,
    9.42477796076938,
    9.42477796076938,
    4.497558949529599,
    9.42477796076938,
    3.141592653589793,
    9.42477796076938,
    3.141592653589793,
    9.42477796076938
  ],
  "mean_angle_sum": 6.350983621976576,
  "min_angle_sum": 3.141592653589793,
  "max_angle_sum": 9.42477796076938,
  "angle_sum_deviations": [
    0.0,
    6.283185307179586,
    0.0,
    6.283185307179586,
    0.0,
    6.283185307179586,
    0.0,
    0.0,
    6.283185307179586,
    0.0,
    6.283185307179586,
    0.0,
    6.283185307179586,
    6.283185307179586,
    1.3559662959398056,
    6.283185307179586,
    0.0,
    6.283185307179586,
    0.0,
    6.283185307179586
  ],
  "triangle_inequality_violations": [],
  "embedding_coords": null,
  "edge_weight_variance": 0.0018262519999999993,
  "event_nodes": [
    [
      0,
      0
    ],
    [
      1,
      0
    ],
    [
      2,
      0
    ],
    [
      3,
      0
    ],
    [
      4,
      0
    ],
    [
      5,
      0
    ]
  ],
  "event_edges": [
    {
      "type": "spatial",
      "from": [
        0,
        0
      ],
      "to": [
        1,
        0
      ],
      "weight": 3.6788484876563605
    },
    {
      "type": "spatial",
      "from": [
        0,
        0
      ],
      "to": [
        2,
        0
      ],
      "weight": 2.8070792554648625
    },
    {
      "type": "spatial",
      "from": [
        0,
        0
      ],
      "to": [
        3,
        0
      ],
      "weight": 3.6788484876563374
    },
    {
      "type": "spatial",
      "from": [
        0,
        0
      ],
      "to": [
        4,
        0
      ],
      "weight": 2.807079255464855
    },
    {
      "type": "spatial",
      "from": [
        0,
        0
      ],
      "to": [
        5,
        0
      ],
      "weight": 3.6788484876563383
    },
    {
      "type": "spatial",
      "from": [
        1,
        0
      ],
      "to": [
        2,
        0
      ],
      "weight": 3.678848487656359
    },
    {
      "type": "spatial",
      "from": [
        1,
        0
      ],
      "to": [
        3,
        0
      ],
      "weight": 7.35769697531267
    },
    {
      "type": "spatial",
      "from": [
        1,
        0
      ],
      "to": [
        4,
        0
      ],
      "weight": 3.6788484876563414
    },
    {
      "type": "spatial",
      "from": [
        1,
        0
      ],
      "to": [
        5,
        0
      ],
      "weight": 7.357696975312622
    },
    {
      "type": "spatial",
      "from": [
        2,
        0
      ],
      "to": [
        3,
        0
      ],
      "weight": 3.6788484876563445
    },
    {
      "type": "spatial",
      "from": [
        2,
        0
      ],
      "to": [
        4,
        0
      ],
      "weight": 2.807079255464845
    },
    {
      "type": "spatial",
      "from": [
        2,
        0
      ],
      "to": [
        5,
        0
      ],
      "weight": 3.6788484876563374
    },
    {
      "type": "spatial",
      "from": [
        3,
        0
      ],
      "to": [
        4,
        0
      ],
      "weight": 3.678848487656329
    },
    {
      "type": "spatial",
      "from": [
        3,
        0
      ],
      "to": [
        5,
        0
      ],
      "weight": 7.357696975312609
    },
    {
      "type": "spatial",
      "from": [
        4,
        0
      ],
      "to": [
        5,
        0
      ],
      "weight": 3.67884848765628
    }
  ],
  "lorentzian_dissimilarity": [
    [
      0.0,
      13.53392619513149,
      7.879693946461167,
      13.533926195131322,
      7.879693946461124,
      13.533926195131327
    ],
    [
      13.53392619513149,
      0.0,
      13.533926195131482,
      54.13570478052522,
      13.53392619513135,
      54.1357047805245
    ],
    [
      7.879693946461167,
      13.533926195131482,
      0.0,
      13.533926195131373,
      7.879693946461069,
      13.533926195131322
    ],
    [
      13.533926195131322,
      54.13570478052522,
      13.533926195131373,
      0.0,
      13.53392619513126,
      54.135704780524314
    ],
    [
      7.879693946461124,
      13.53392619513135,
      7.879693946461069,
      13.53392619513126,
      0.0,
      13.5339261951309
    ],
    [
      13.533926195131327,
      54.1357047805245,
      13.533926195131322,
      54.135704780524314,
      13.5339261951309,
      0.0
    ]
  ],
  "lorentzian_embedding": [
    [
      0.0,
      0.0,
      0.0
    ],
    [
      0.0,
      0.0,
      0.0
    ],
    [
      0.0,
      0.0,
      0.0
    ],
    [
      0.0,
      0.0,
      0.0
    ],
    [
      0.0,
      0.0,
      0.0
    ],
    [
      0.0,
      0.0,
      0.0
    ]
  ],
  "edge_length_evolution": [],
  "angle_deficit_evolution": [],
  "regge_action_evolution": [],
  "gromov_delta_evolution": [],
  "mass_hinge": null,
  "mass_value": 0.0,
  "matter": {
    "(0, 1)": 0.0,
    "(2, 4)": 0.0,
    "(1, 2)": 0.0,
    "(0, 4)": 0.0,
    "(3, 4)": 0.0,
    "(1, 5)": 0.0,
    "(0, 3)": 0.0,
    "(1, 4)": 0.0,
    "(2, 3)": 0.0,
    "(0, 2)": 0.0,
    "(4, 5)": 0.0,
    "(0, 5)": 0.0,
    "(2, 5)": 0.0,
    "(1, 3)": 0.0,
    "(3, 5)": 0.0
  },
  "stationary_solution": null,
  "einstein_analysis_per_timestep": [
    {
      "ricci_tensor": [
        [
          0.01203779857268066,
          0.0
        ],
        [
          0.0,
          0.01203779857268066
        ]
      ],
      "metric_tensor": [
        [
          1.002407559714536,
          0.001203779857268066
        ],
        [
          0.001203779857268066,
          1.002407559714536
        ]
      ],
      "stress_energy_tensor": [
        [
          0.01203779857268066,
          0.0002407559714536132
        ],
        [
          0.0002407559714536132,
          0.01203779857268066
        ]
      ],
      "einstein_solution": {
        "einstein_tensor": [
          [
            0.0,
            0.0
          ],
          [
            0.0,
            0.0
          ]
        ],
        "ricci_scalar": 0.02407559714536132,
        "metric_tensor": [
          [
            1.0,
            0.0
          ],
          [
            0.0,
            1.0
          ]
        ],
        "lhs": [
          [
            0.0,
            0.0
          ],
          [
            0.0,
            0.0
          ]
        ],
        "rhs": [
          [
            0.01203779857268066,
            0.0002407559714536132
          ],
          [
            0.0002407559714536132,
            0.01203779857268066
          ]
        ],
        "equations_satisfied": false,
        "residual": 0.017027422465788714,
        "conservation_violation": 0.01203779857268066,
        "gravitational_constant": 0.039788735772973836,
        "cosmological_constant": 0.0
      },
      "entropy_first_derivative": 0.0,
      "entropy_second_derivative": 0.0,
      "entropy_curvature_correlation": 0.017024013002601944,
      "emergent_gravitational_constant": 0.0019158751467866894,
      "average_mutual_information": 0.02407559714536132,
      "ricci_scalar": 0.02407559714536132,
      "analysis_summary": {
        "einstein_equations_satisfied": false,
        "residual_magnitude": 0.017027422465788714,
        "conservation_violation": 0.01203779857268066,
        "entropy_evolution_rate": 0.0,
        "entropy_acceleration": 0.0,
        "entanglement_curvature_coupling": 0.017024013002601944
      }
    }
  ],
  "bootstrap_analysis": {
    "gromov_delta": {
      "mean": 3.6788484876563468,
      "lower_ci": 3.6788484876563468,
      "upper_ci": 3.6788484876563468,
      "all_values": [
        3.6788484876563468
      ],
      "uncertainty": 0.0
    },
    "entropy": {
      "mean": null,
      "lower_ci": null,
      "upper_ci": null,
      "uncertainty": null
    },
    "distance_matrix": {
      "mean": [
        [
          0.0,
          3.6788484876563605,
          2.8070792554648625,
          3.6788484876563374,
          2.807079255464855,
          3.6788484876563383
        ],
        [
          3.6788484876563605,
          0.0,
          3.678848487656359,
          7.35769697531267,
          3.6788484876563414,
          7.357696975312622
        ],
        [
          2.8070792554648625,
          3.678848487656359,
          0.0,
          3.6788484876563445,
          2.807079255464845,
          3.6788484876563374
        ],
        [
          3.6788484876563374,
          7.35769697531267,
          3.6788484876563445,
          0.0,
          3.678848487656329,
          7.357696975312609
        ],
        [
          2.807079255464855,
          3.6788484876563414,
          2.807079255464845,
          3.678848487656329,
          0.0,
          3.67884848765628
        ],
        [
          3.6788484876563383,
          7.357696975312622,
          3.6788484876563374,
          7.357696975312609,
          3.67884848765628,
          0.0
        ]
      ],
      "lower_ci": [
        [
          0.0,
          3.6788484876563605,
          2.8070792554648625,
          3.6788484876563374,
          2.807079255464855,
          3.6788484876563383
        ],
        [
          3.6788484876563605,
          0.0,
          3.678848487656359,
          7.35769697531267,
          3.6788484876563414,
          7.357696975312622
        ],
        [
          2.8070792554648625,
          3.678848487656359,
          0.0,
          3.6788484876563445,
          2.807079255464845,
          3.6788484876563374
        ],
        [
          3.6788484876563374,
          7.35769697531267,
          3.6788484876563445,
          0.0,
          3.678848487656329,
          7.357696975312609
        ],
        [
          2.807079255464855,
          3.6788484876563414,
          2.807079255464845,
          3.678848487656329,
          0.0,
          3.67884848765628
        ],
        [
          3.6788484876563383,
          7.357696975312622,
          3.6788484876563374,
          7.357696975312609,
          3.67884848765628,
          0.0
        ]
      ],
      "upper_ci": [
        [
          0.0,
          3.6788484876563605,
          2.8070792554648625,
          3.6788484876563374,
          2.807079255464855,
          3.6788484876563383
        ],
        [
          3.6788484876563605,
          0.0,
          3.678848487656359,
          7.35769697531267,
          3.6788484876563414,
          7.357696975312622
        ],
        [
          2.8070792554648625,
          3.678848487656359,
          0.0,
          3.6788484876563445,
          2.807079255464845,
          3.6788484876563374
        ],
        [
          3.6788484876563374,
          7.35769697531267,
          3.6788484876563445,
          0.0,
          3.678848487656329,
          7.357696975312609
        ],
        [
          2.807079255464855,
          3.6788484876563414,
          2.807079255464845,
          3.678848487656329,
          0.0,
          3.67884848765628
        ],
        [
          3.6788484876563383,
          7.357696975312622,
          3.6788484876563374,
          7.357696975312609,
          3.67884848765628,
          0.0
        ]
      ]
    }
  },
  "topology_compatibility": {
    "current_topology": "triangulated",
    "explanation": "Triangulated topology is specifically designed for angle-sum curvature. Creates multiple triangles per vertex, enabling robust local curvature measurements. Each vertex has multiple incident triangles for well-defined angle sums.",
    "supports_local_curvature": true
  },
  "rt_surface_analysis": {
    "region_A": [
      0,
      1
    ],
    "region_B": [
      2,
      3,
      4,
      5
    ],
    "bulk_point": 3,
    "is_complementary": true,
    "rt_area_AB": 35.04494641218039,
    "rt_area_BA": 35.04494641218039,
    "area_consistent": true,
    "edges_consistent": true,
    "area_difference": 0.0,
    "rt_edges_AB": [
      [
        0,
        2
      ],
      [
        0,
        3
      ],
      [
        0,
        4
      ],
      [
        0,
        5
      ],
      [
        1,
        2
      ],
      [
        1,
        3
      ],
      [
        1,
        4
      ],
      [
        1,
        5
      ]
    ],
    "rt_edges_BA": [
      [
        0,
        2
      ],
      [
        0,
        3
      ],
      [
        0,
        4
      ],
      [
        0,
        5
      ],
      [
        1,
        2
      ],
      [
        1,
        3
      ],
      [
        1,
        4
      ],
      [
        1,
        5
      ]
    ],
    "edge_lengths": [
      3.6788484876563605,
      2.8070792554648625,
      3.6788484876563374,
      2.807079255464855,
      3.6788484876563383,
      3.678848487656359,
      7.35769697531267,
      3.6788484876563414,
      7.357696975312622,
      3.6788484876563445,
      2.807079255464845,
      3.6788484876563374,
      3.678848487656329,
      7.357696975312609,
      3.67884848765628
    ],
    "all_edges": [
      [
        0,
        1
      ],
      [
        0,
        2
      ],
      [
        0,
        3
      ],
      [
        0,
        4
      ],
      [
        0,
        5
      ],
      [
        1,
        2
      ],
      [
        1,
        3
      ],
      [
        1,
        4
      ],
      [
        1,
        5
      ],
      [
        2,
        3
      ],
      [
        2,
        4
      ],
      [
        2,
        5
      ],
      [
        3,
        4
      ],
      [
        3,
        5
      ],
      [
        4,
        5
      ]
    ]
  },
  "bulk_excitation_analysis": {
    "ground_state_mi": [
      [
        0.0,
        0.025252036131102704,
        0.060381092841913786,
        0.02525203613110248,
        0.060381092841914355,
        0.025252036131102704
      ],
      [
        0.025252036131102704,
        0.0,
        0.025252036131103175,
        0.008316381636942635,
        0.02525203613110276,
        0.008316381636941442
      ],
      [
        0.060381092841913786,
        0.025252036131103175,
        0.0,
        0.025252036131102648,
        0.060381092841915354,
        0.02525203613110341
      ],
      [
        0.02525203613110248,
        0.008316381636942635,
        0.025252036131102648,
        0.0,
        0.025252036131102135,
        0.008316381636941844
      ],
      [
        0.060381092841914355,
        0.02525203613110276,
        0.060381092841915354,
        0.025252036131102135,
        0.0,
        0.025252036131103828
      ],
      [
        0.025252036131102704,
        0.008316381636941442,
        0.02525203613110341,
        0.008316381636941844,
        0.025252036131103828,
        0.0
      ]
    ],
    "excited_state_mi": [
      [
        0.0,
        0.025252036131104244,
        0.04960598933783511,
        0.0271589261801507,
        0.04960598933783422,
        0.025252036131103453
      ],
      [
        0.025252036131104244,
        0.0,
        0.014738710026860169,
        0.012752185390402682,
        0.014738710026859059,
        0.008316381636943454
      ],
      [
        0.04960598933783511,
        0.014738710026860169,
        0.0,
        0.4797000524274335,
        0.22236584138776783,
        0.014738710026859336
      ],
      [
        0.0271589261801507,
        0.012752185390402682,
        0.4797000524274335,
        0.0,
        0.4797000524274311,
        0.012752185390402015
      ],
      [
        0.04960598933783422,
        0.014738710026859059,
        0.22236584138776783,
        0.4797000524274311,
        0.0,
        0.014738710026858393
      ],
      [
        0.025252036131103453,
        0.008316381636943454,
        0.014738710026859336,
        0.012752185390402015,
        0.014738710026858393,
        0.0
      ]
    ],
    "mi_difference": [
      [
        0.0,
        1.5404344466674047e-15,
        -0.010775103504078676,
        0.0019068900490482182,
        -0.010775103504080133,
        7.494005416219807e-16
      ],
      [
        1.5404344466674047e-15,
        0.0,
        -0.010513326104243007,
        0.004435803753460046,
        -0.0105133261042437,
        2.0122792321330962e-15
      ],
      [
        -0.010775103504078676,
        -0.010513326104243007,
        0.0,
        0.45444801629633086,
        0.16198474854585249,
        -0.010513326104244075
      ],
      [
        0.0019068900490482182,
        0.004435803753460046,
        0.45444801629633086,
        0.0,
        0.4544480162963289,
        0.004435803753460171
      ],
      [
        -0.010775103504080133,
        -0.0105133261042437,
        0.16198474854585249,
        0.4544480162963289,
        0.0,
        -0.010513326104245435
      ],
      [
        7.494005416219807e-16,
        2.0122792321330962e-15,
        -0.010513326104244075,
        0.004435803753460171,
        -0.010513326104245435,
        0.0
      ]
    ],
    "avg_mi_change": 0.06362571056220111,
    "max_mi_change": 0.45444801629633086,
    "mi_change_boundary_A": 1.5404344466674047e-15,
    "mi_change_boundary_B": 0.17571498878058053,
    "bulk_point": 3,
    "ground_state_counts": {
      "010110 010110": 1,
      "000000 000000": 56,
      "000010 000010": 4,
      "010000 010000": 6,
      "100000 100000": 7,
      "001000 001000": 3,
      "000001 000001": 10,
      "000100 000100": 7,
      "101010 101010": 1,
      "000111 000111": 1,
      "000110 000110": 2,
      "110000 110000": 1,
      "011010 011010": 1
    },
    "excited_state_counts": {
      "000101 000001": 1,
      "001100 010000": 4,
      "010000 000000": 2,
      "000100 010000": 4,
      "010100 000000": 24,
      "001000 000100": 2,
      "110100 101000": 1,
      "011000 000000": 4,
      "011110 001010": 1,
      "011100 001000": 1,
      "100100 100000": 1,
      "011100 000000": 17,
      "000100 000000": 4,
      "110000 100100": 1,
      "011000 001100": 1,
      "011110 000010": 2,
      "011000 010000": 1,
      "010100 001000": 2,
      "110101 100001": 1,
      "011101 000001": 1,
      "010000 001100": 1,
      "011001 000001": 2,
      "111100 100000": 4,
      "010101 000001": 3,
      "010000 000100": 2,
      "011000 000100": 4,
      "111001 100101": 1,
      "110100 100000": 2,
      "000110 000010": 1,
      "001001 000101": 1,
      "001100 000000": 1,
      "000100 000100": 1,
      "101100 100000": 1,
      "011001 000101": 1
    },
    "boundary_entropies": {
      "ground_state": {
        "entropy_A": 0.10718886274148966,
        "entropy_B": 0.10718886274148941,
        "mi_AB": 0.21437772548297548
      },
      "excited_state": {
        "entropy_A": 0.42654417736255934,
        "entropy_B": 0.4265441773625564,
        "mi_AB": 0.8530883547251102
      },
      "rt_relation_test": {
        "entropy_ratio": 0.9999999999999977,
        "rt_area_ratio": 1.0,
        "rt_deviation": 2.3314683517128287e-15,
        "excited_entropy_ratio": 0.9999999999999931,
        "rt_relation_change": 4.551914400963142e-15
      }
    }
  },
  "page_curve_analysis": null,
  "einstein_analysis": null,
  "dynamic_evidence": {
    "angle_sums_per_timestep": [
      [
        3.141592653589793,
        3.141592724239898,
        3.141592653589793,
        3.1415927713686846,
        3.141592653589793,
        9.42477796076938,
        3.141592653589793,
        3.141592653589793,
        3.14159276277423,
        3.141592653589793,
        3.1415927312967837,
        3.141592653589793,
        3.1415927698061124,
        0.0,
        3.7270669538614065,
        0.0,
        3.141592653589793,
        3.141592768177119,
        3.141592653589793,
        0.0
      ]
    ],
    "gromov_delta_per_timestep": [
      3.6788484876563468
    ],
    "edge_mi_per_timestep": [
      {
        "0,1": 0.025252036131102523,
        "0,5": 0.02525203613110308,
        "0,2": 0.06038109284191534,
        "0,4": 0.0603810928419158,
        "0,3": 0.025252036131103106,
        "1,2": 0.02525203613110255,
        "1,4": 0.02525203613110301,
        "2,3": 0.025252036131102926,
        "2,4": 0.06038109284191638,
        "2,5": 0.025252036131103106,
        "3,4": 0.025252036131103314,
        "4,5": 0.02525203613110455
      }
    ],
    "shortest_paths_per_timestep": [
      {
        "0": {
          "0": 0,
          "4": 2.807079255464855,
          "2": 2.8070792554648625,
          "3": 3.6788484876563374,
          "5": 3.6788484876563383,
          "1": 3.6788484876563605
        },
        "1": {
          "1": 0,
          "4": 3.6788484876563414,
          "2": 3.678848487656359,
          "0": 3.6788484876563605,
          "5": 7.357696975312622,
          "3": 7.35769697531267
        },
        "2": {
          "2": 0,
          "4": 2.807079255464845,
          "0": 2.8070792554648625,
          "5": 3.6788484876563374,
          "3": 3.6788484876563445,
          "1": 3.678848487656359
        },
        "3": {
          "3": 0,
          "4": 3.678848487656329,
          "0": 3.6788484876563374,
          "2": 3.6788484876563445,
          "5": 7.357696975312609,
          "1": 7.35769697531267
        },
        "4": {
          "4": 0,
          "2": 2.807079255464845,
          "0": 2.807079255464855,
          "5": 3.67884848765628,
          "3": 3.678848487656329,
          "1": 3.6788484876563414
        },
        "5": {
          "5": 0,
          "4": 3.67884848765628,
          "2": 3.6788484876563374,
          "0": 3.6788484876563383,
          "3": 7.357696975312609,
          "1": 7.357696975312622
        }
      }
    ],
    "mean_distance_per_timestep": [
      3.533553615624416
    ],
    "triangle_violations_per_timestep": [
      0
    ],
    "embedding_coords_per_timestep": [
      [
        [
          -0.13237789684403067,
          0.008341158310073862
        ],
        [
          0.0057175794704965865,
          0.028063210170494284
        ],
        [
          -0.20909907168580658,
          -0.012540621328560058
        ],
        [
          0.21486354134694718,
          -0.1298457163708891
        ],
        [
          -0.18681867827869303,
          0.09289710889102556
        ],
        [
          0.3077145259910865,
          0.013084860327855573
        ]
      ]
    ],
    "regge_evolution_data": null,
    "evolution_summary": {
      "total_timesteps": 1,
      "gromov_delta_range": [
        3.6788484876563468,
        3.6788484876563468
      ],
      "mean_distance_range": [
        3.533553615624416,
        3.533553615624416
      ],
      "total_triangle_violations": 0,
      "hyperbolic_evolution": [
        false
      ],
      "regge_corrected": false
    }
  },
  "quantum_state_outputs": [
    {
      "timestep": 1,
      "statevector": [
        {
          "real": 0.27547011849463354,
          "imag": 0.6898997093017143
        },
        {
          "real": 0.12486096888562881,
          "imag": 0.22721099186631005
        },
        {
          "real": 0.23271430680777447,
          "imag": -0.01444690742174982
        },
        {
          "real": 0.04896201503072513,
          "imag": -0.03860299513774804
        },
        {
          "real": 0.12486096888562889,
          "imag": 0.22721099186631016
        },
        {
          "real": 0.08836085852708579,
          "imag": 0.01753227167067187
        },
        {
          "real": 0.048962015030725135,
          "imag": -0.03860299513774805
        },
        {
          "real": -0.003631042795036013,
          "imag": -0.020514647914655033
        },
        {
          "real": 0.2327143068077745,
          "imag": -0.014446907421749861
        },
        {
          "real": 0.048962015030725135,
          "imag": -0.03860299513774804
        },
        {
          "real": 0.017571821711696408,
          "imag": -0.06980174137703893
        },
        {
          "real": -0.012309979262594984,
          "imag": -0.01269409001648951
        },
        {
          "real": 0.048962015030725115,
          "imag": -0.03860299513774805
        },
        {
          "real": -0.0036310427950360124,
          "imag": -0.020514647914655026
        },
        {
          "real": -0.012309979262595002,
          "imag": -0.0126940900164895
        },
        {
          "real": -0.004545147288701183,
          "imag": 0.002469382713210537
        },
        {
          "real": 0.12486096888562889,
          "imag": 0.22721099186630986
        },
        {
          "real": 0.08836085852708574,
          "imag": 0.017532271670671878
        },
        {
          "real": 0.04896201503072513,
          "imag": -0.038602995137748064
        },
        {
          "real": -0.003631042795036011,
          "imag": -0.02051464791465503
        },
        {
          "real": 0.08836085852708583,
          "imag": 0.01753227167067185
        },
        {
          "real": 0.01510281604814082,
          "imag": -0.0253008020242181
        },
        {
          "real": -0.003631042795036022,
          "imag": -0.02051464791465503
        },
        {
          "real": -0.006512221032256248,
          "imag": 0.0003174667241853744
        },
        {
          "real": 0.048962015030725115,
          "imag": -0.038602995137748064
        },
        {
          "real": -0.0036310427950360055,
          "imag": -0.020514647914655026
        },
        {
          "real": -0.012309979262594998,
          "imag": -0.012694090016489502
        },
        {
          "real": -0.004545147288701184,
          "imag": 0.0024693827132105336
        },
        {
          "real": -0.0036310427950360246,
          "imag": -0.020514647914655026
        },
        {
          "real": -0.006512221032256253,
          "imag": 0.00031746672418537326
        },
        {
          "real": -0.0045451472887011735,
          "imag": 0.002469382713210541
        },
        {
          "real": 0.0006270469425823738,
          "imag": 0.0012689112178041542
        },
        {
          "real": 0.2327143068077743,
          "imag": -0.014446907421749776
        },
        {
          "real": 0.048962015030725135,
          "imag": -0.03860299513774802
        },
        {
          "real": 0.0175718217116964,
          "imag": -0.06980174137703891
        },
        {
          "real": -0.012309979262594988,
          "imag": -0.01269409001648951
        },
        {
          "real": 0.048962015030725115,
          "imag": -0.038602995137748036
        },
        {
          "real": -0.0036310427950360102,
          "imag": -0.020514647914655036
        },
        {
          "real": -0.012309979262594991,
          "imag": -0.012694090016489499
        },
        {
          "real": -0.004545147288701186,
          "imag": 0.0024693827132105353
        },
        {
          "real": 0.017571821711696387,
          "imag": -0.06980174137703889
        },
        {
          "real": -0.012309979262594986,
          "imag": -0.012694090016489499
        },
        {
          "real": -0.018727909592629433,
          "imag": -0.01169959979394067
        },
        {
          "real": -0.0035529529160434024,
          "imag": 0.003935661617018413
        },
        {
          "real": -0.012309979262594991,
          "imag": -0.012694090016489492
        },
        {
          "real": -0.00454514728870118,
          "imag": 0.0024693827132105366
        },
        {
          "real": -0.0035529529160433972,
          "imag": 0.003935661617018421
        },
        {
          "real": 0.000967247232602146,
          "imag": 0.0008341149151568645
        },
        {
          "real": 0.04896201503072509,
          "imag": -0.038602995137748036
        },
        {
          "real": -0.003631042795036007,
          "imag": -0.020514647914655022
        },
        {
          "real": -0.01230997926259499,
          "imag": -0.012694090016489499
        },
        {
          "real": -0.004545147288701184,
          "imag": 0.0024693827132105353
        },
        {
          "real": -0.0036310427950360163,
          "imag": -0.02051464791465503
        },
        {
          "real": -0.006512221032256253,
          "imag": 0.000317466724185373
        },
        {
          "real": -0.00454514728870118,
          "imag": 0.0024693827132105366
        },
        {
          "real": 0.0006270469425823751,
          "imag": 0.0012689112178041555
        },
        {
          "real": -0.012309979262594991,
          "imag": -0.01269409001648949
        },
        {
          "real": -0.004545147288701182,
          "imag": 0.0024693827132105336
        },
        {
          "real": -0.0035529529160433964,
          "imag": 0.003935661617018417
        },
        {
          "real": 0.0009672472326021451,
          "imag": 0.0008341149151568653
        },
        {
          "real": -0.004545147288701177,
          "imag": 0.002469382713210538
        },
        {
