{
  "spec": {
    "num_qubits": 4,
    "topology": "triangulated",
    "custom_edges": "0-1:1.0000,0-2:0.7825,0-3:1.0000,1-2:1.0000,1-3:0.7465,2-3:0.7465",
    "alpha": 0.8,
    "weight": 0.8343957813170174,
    "gamma": 0.18163939811241334,
    "sigma": 0.2032684500720811,
    "init_angle": 2.3190423666948927,
    "init_angles": null,
    "shots": 100,
    "device": "ibm_brisbane",
    "geometry": "spherical",
    "curvature": 4.5,
    "timesteps": 2,
    "dimension": 2,
    "mass_hinge": null,
    "mass_value": 0.0,
    "solve_regge": false,
    "lorentzian": true,
    "excite": true,
    "fast": false,
    "fast_preset": "balanced",
    "ctc_mode": false,
    "ctc_perturbation": null,
    "ctc_perturbation_strength": 1.0,
    "test_ctc_recovery": false,
    "strong_curvature": true,
    "charge_injection": true,
    "charge_strength": 2.5,
    "charge_location": null,
    "spin_injection": true,
    "spin_strength": 2.0,
    "spin_location": null,
    "edge_floor": 0.001,
    "compute_entropies": true,
    "hyperbolic_triangulation": true,
    "trotter_steps": 8,
    "dt": 0.05,
    "analyze_curvature": true,
    "einstein_solver": true,
    "page_curve": true,
    "radiation_ordering": null,
    "page_curve_timesteps": 15,
    "entropy_method": "hybrid",
    "num_shadows": 100,
    "shots_per_shadow": 1000,
    "num_bases": 20,
    "shots_per_basis": 1000,
    "enhanced_entanglement": false,
    "entanglement_strength": 0.6012999860038515,
    "interpolate_geometry": false,
    "smooth_charge_injection": false,
    "min_qubits_for_continuum": 10,
    "benchmark_against_classical_geometry": false,
    "geometry_fit_metric": "wasserstein,kl,euclidean",
    "verify_noise_robustness": false,
    "run_on_multiple_backends": false,
    "detect_and_flag_causal_loops": true,
    "restrict_information_flow_direction": "bidirectional",
    "filter_noncausal_edges": true,
    "use_ryu_takayanagi_test": true,
    "compare_MI_vs_subsystem_entropy": true,
    "embed_boundary_entropy_in_geometry": true,
    "entropy_engineering": true,
    "target_entropy_pattern": "quantum_gravity",
    "custom_target_entropies": null,
    "entropy_optimization_iterations": 200,
    "entropy_tolerance": 0.05,
    "continue_on_engineering_failure": true,
    "skip_entropy_engineering": false,
    "validate_engineered_geometry": true,
    "enhance_bell_violations": true,
    "bell_entanglement_strength": 4.0,
    "teleportation_circuits": true,
    "long_range_coupling": 3.0,
    "holographic_optimization": true,
    "rt_surface_encoding": true,
    "conformal_symmetry": true,
    "bulk_reconstruction": true,
    "scalable_entanglement": true,
    "parallel_execution": true,
    "memory_optimization": true,
    "circuit_compilation": "optimized",
    "real_hardware": false,
    "error_mitigation": true,
    "zero_noise_extrapolation": true,
    "zne_noise_factors": [
      1.0,
      2.0,
      3.0
    ],
    "zne_extrapolation_method": "polynomial",
    "hardware_calibration": true,
    "noise_characterization": true,
    "backend_name": "ibm_brisbane",
    "quantum_mode": true,
    "quantum_entanglement_strength": 5.0,
    "quantum_circuit_depth": 12,
    "geometric_teleportation": false,
    "teleportation_mode": "both",
    "bridge_strength": 1.0,
    "signal_state": "+",
    "emergent_geometry_teleportation": false,
    "teleportation_node_pairs": "auto",
    "teleportation_embedding_dim": 2,
    "teleportation_fidelity_threshold": 0.7,
    "superposition_gravity": true,
    "massive_bulk_mass_hinge": "0,1,2",
    "massive_bulk_mass_value": 2.0,
    "massless_bulk_mass_hinge": null,
    "massless_bulk_mass_value": 0.0,
    "superposition_control_qubit": 0,
    "superposition_phase": 0.0,
    "interference_analysis": true,
    "classical_mixture_comparison": true,
    "coherence_preservation": true,
    "bulk_reconstruction_method": "mi_embedding"
  },
  "uid": "IKRSFJ",
  "counts_per_timestep": [
    {
      "0011": 9,
      "1100": 7,
      "0001": 5,
      "1111": 6,
      "1110": 6,
      "1000": 10,
      "1010": 10,
      "0010": 4,
      "0110": 5,
      "1001": 11,
      "0101": 5,
      "0100": 4,
      "1011": 6,
      "1101": 3,
      "0000": 4,
      "0111": 5
    },
    {
      "1100": 5,
      "0011": 13,
      "0100": 5,
      "0110": 9,
      "0000": 6,
      "0001": 6,
      "1111": 7,
      "0111": 11,
      "0101": 5,
      "1000": 6,
      "0010": 7,
      "1110": 4,
      "1101": 7,
      "1011": 6,
      "1001": 2,
      "1010": 1
    }
  ],
  "job_ids_per_timestep": [
    "d27ukqpogaas73ct8l5g",
    "d27uks929u8s73f8m2k0"
  ],
  "entropy_per_timestep": [
    3.899897253944393,
    3.838743550198192
  ],
  "mutual_information_per_timestep": [
    {
      "I_0,1": 0.00020009339952475457,
      "I_0,2": 0.001861583326710329,
      "I_0,3": 0.010167324249392193,
      "I_1,2": 0.0009832789465147925,
      "I_1,3": 0.0036194102958041173,
      "I_2,3": 0.004088620679455823
    },
    {
      "I_0,1": 0.00020009339952475457,
      "I_0,2": 0.001861583326710329,
      "I_0,3": 0.010167324249392193,
      "I_1,2": 0.0009832789465147925,
      "I_1,3": 0.0036194102958041173,
      "I_2,3": 0.004088620679455823
    }
  ],
  "boundary_entropies_per_timestep": [
    {
      "entropy_A": -0.0,
      "entropy_B": -0.0,
      "mi_AB": 0.0,
      "pure_state_check": true,
      "entropy_difference": 0.0,
      "multiple_regions": {
        "size_1_region_0": {
          "region": [
            0
          ],
          "entropy": 0.6768585467349506,
          "rt_area": 3,
          "size": 1
        },
        "size_1_region_1": {
          "region": [
            1
          ],
          "entropy": 0.6768585467349507,
          "rt_area": 3,
          "size": 1
        },
        "size_2_region_0": {
          "region": [
            0,
            1
          ],
          "entropy": 0.5269079614313803,
          "rt_area": 4,
          "size": 2
        },
        "size_2_region_1": {
          "region": [
            0,
            2
          ],
          "entropy": 0.4713934868100941,
          "rt_area": 4,
          "size": 2
        },
        "size_3_region_0": {
          "region": [
            0,
            1,
            2
          ],
          "entropy": 0.30253782309749805,
          "rt_area": 3,
          "size": 3
        },
        "size_3_region_1": {
          "region": [
            0,
            1,
            3
          ],
          "entropy": 0.2787693717685874,
          "rt_area": 3,
          "size": 3
        }
      }
    },
    {
      "entropy_A": -0.0,
      "entropy_B": -0.0,
      "mi_AB": 0.0,
      "pure_state_check": true,
      "entropy_difference": 0.0,
      "multiple_regions": {
        "size_1_region_0": {
          "region": [
            0
          ],
          "entropy": 0.6640641265641081,
          "rt_area": 3,
          "size": 1
        },
        "size_1_region_1": {
          "region": [
            1
          ],
          "entropy": 0.6913460990017393,
          "rt_area": 3,
          "size": 1
        },
        "size_2_region_0": {
          "region": [
            0,
            1
          ],
          "entropy": 0.6268694575724264,
          "rt_area": 4,
          "size": 2
        },
        "size_2_region_1": {
          "region": [
            0,
            2
          ],
          "entropy": 0.5269079614313803,
          "rt_area": 4,
          "size": 2
        },
        "size_3_region_0": {
          "region": [
            0,
            1,
            2
          ],
          "entropy": 0.3669249912727096,
          "rt_area": 3,
          "size": 3
        },
        "size_3_region_1": {
          "region": [
            0,
            1,
            3
          ],
          "entropy": 0.3863867062886037,
          "rt_area": 3,
          "size": 3
        }
      }
    }
  ],
  "distance_matrix_per_timestep": [
    [
      [
        0.0,
        8.516726302801919,
        6.286327902446077,
        4.588576205860474
      ],
      [
        8.516726302801919,
        0.0,
        6.924617707457122,
        12.424165315450324
      ],
      [
        6.286327902446077,
        6.924617707457122,
        0.0,
        5.499547607993202
      ],
      [
        4.588576205860474,
        12.424165315450324,
        5.499547607993202,
        0.0
      ]
    ],
    [
      [
        0.0,
        8.516726302801919,
        6.286327902446077,
        4.588576205860474
      ],
      [
        8.516726302801919,
        0.0,
        6.924617707457122,
        12.424165315450324
      ],
      [
        6.286327902446077,
        6.924617707457122,
        0.0,
        5.499547607993202
      ],
      [
        4.588576205860474,
        12.424165315450324,
        5.499547607993202,
        0.0
      ]
    ]
  ],
  "edge_mi": {
    "0,1": 0.00020009339952475457,
    "0,3": 0.010167324249392193,
    "0,2": 0.001861583326710329,
    "1,2": 0.0009832789465147925,
    "2,3": 0.004088620679455823
  },
  "distance_matrix": [
    [
      0.0,
      8.516726302801919,
      6.286327902446077,
      4.588576205860474
    ],
    [
      8.516726302801919,
      0.0,
      6.924617707457122,
      5.621444168125952
    ],
    [
      6.286327902446077,
      6.924617707457122,
      0.0,
      5.499547607993202
    ],
    [
      4.588576205860474,
      5.621444168125952,
      5.499547607993202,
      0.0
    ]
  ],
  "shortest_paths": {
    "0": {
      "0": 0,
      "3": 4.588576205860474,
      "2": 6.286327902446077,
      "1": 8.516726302801919
    },
    "1": {
      "1": 0,
      "3": 5.621444168125952,
      "2": 6.924617707457122,
      "0": 8.516726302801919
    },
    "2": {
      "2": 0,
      "3": 5.499547607993202,
      "0": 6.286327902446077,
      "1": 6.924617707457122
    },
    "3": {
      "3": 0,
      "0": 4.588576205860474,
      "2": 5.499547607993202,
      "1": 5.621444168125952
    }
  },
  "gromov_delta": 4.774797132533699,
  "mean_distance": 4.679654986835594,
  "angle_sums": [
    3.141592653589793,
    3.141592653589793,
    3.141592653589793,
    9.42477796076938
  ],
  "mean_angle_sum": 4.71238898038469,
  "min_angle_sum": 3.141592653589793,
  "max_angle_sum": 9.42477796076938,
  "angle_sum_deviations": [
    0.0,
    0.0,
    0.0,
    6.283185307179586
  ],
  "triangle_inequality_violations": [],
  "embedding_coords": [
    [
      -0.05224016773214963,
      0.0943110298733875
    ],
    [
      -0.14026405074900514,
      -0.007076575793950295
    ],
    [
      0.017126342917214214,
      -0.09346675144610067
    ],
    [
      0.17537787556394052,
      0.006232297366663432
    ]
  ],
  "embedding_coords_3d": [
    [
      -0.013773590913822152,
      -0.062550867833466,
      0.07800806660372545
    ],
    [
      -0.005356026506259773,
      -0.053480419368403344,
      -0.04794576437576454
    ],
    [
      -0.15119180671714252,
      0.08477618165717707,
      -0.05367965074070661
    ],
    [
      0.17032142413722445,
      0.03125510554469227,
      0.023617348512745696
    ]
  ],
  "edge_weight_variance": 0.014724562499999996,
  "event_nodes": [
    [
      0,
      0
    ],
    [
      1,
      0
    ],
    [
      2,
      0
    ],
    [
      3,
      0
    ],
    [
      0,
      1
    ],
    [
      1,
      1
    ],
    [
      2,
      1
    ],
    [
      3,
      1
    ]
  ],
  "event_edges": [
    {
      "type": "spatial",
      "from": [
        0,
        0
      ],
      "to": [
        1,
        0
      ],
      "weight": 8.516726302801919
    },
    {
      "type": "spatial",
      "from": [
        0,
        0
      ],
      "to": [
        2,
        0
      ],
      "weight": 6.286327902446077
    },
    {
      "type": "spatial",
      "from": [
        0,
        0
      ],
      "to": [
        3,
        0
      ],
      "weight": 4.588576205860474
    },
    {
      "type": "spatial",
      "from": [
        1,
        0
      ],
      "to": [
        2,
        0
      ],
      "weight": 6.924617707457122
    },
    {
      "type": "spatial",
      "from": [
        1,
        0
      ],
      "to": [
        3,
        0
      ],
      "weight": 12.424165315450324
    },
    {
      "type": "spatial",
      "from": [
        2,
        0
      ],
      "to": [
        3,
        0
      ],
      "weight": 5.499547607993202
    },
    {
      "type": "temporal",
      "from": [
        0,
        0
      ],
      "to": [
        0,
        1
      ],
      "weight": 1.0
    },
    {
      "type": "temporal",
      "from": [
        1,
        0
      ],
      "to": [
        1,
        1
      ],
      "weight": 1.0
    },
    {
      "type": "temporal",
      "from": [
        2,
        0
      ],
      "to": [
        2,
        1
      ],
      "weight": 1.0
    },
    {
      "type": "temporal",
      "from": [
        3,
        0
      ],
      "to": [
        3,
        1
      ],
      "weight": 1.0
    },
    {
      "type": "spatial",
      "from": [
        0,
        1
      ],
      "to": [
        1,
        1
      ],
      "weight": 8.516726302801919
    },
    {
      "type": "spatial",
      "from": [
        0,
        1
      ],
      "to": [
        2,
        1
      ],
      "weight": 6.286327902446077
    },
    {
      "type": "spatial",
      "from": [
        0,
        1
      ],
      "to": [
        3,
        1
      ],
      "weight": 4.588576205860474
    },
    {
      "type": "spatial",
      "from": [
        1,
        1
      ],
      "to": [
        2,
        1
      ],
      "weight": 6.924617707457122
    },
    {
      "type": "spatial",
      "from": [
        1,
        1
      ],
      "to": [
        3,
        1
      ],
      "weight": 12.424165315450324
    },
    {
      "type": "spatial",
      "from": [
        2,
        1
      ],
      "to": [
        3,
        1
      ],
      "weight": 5.499547607993202
    }
  ],
  "lorentzian_dissimilarity": [
    [
      0.0,
      72.53462691683804,
      39.517918497072095,
      21.055031596988904,
      -1.0,
      71.53462691683804,
      38.517918497072095,
      20.055031596988904
    ],
    [
      72.53462691683804,
      0.0,
      47.950330394428725,
      154.35988378563886,
      71.53462691683804,
      -1.0,
      46.950330394428725,
      153.35988378563886
    ],
    [
      39.517918497072095,
      47.950330394428725,
      0.0,
      30.245023892583752,
      38.517918497072095,
      46.950330394428725,
      -1.0,
      29.245023892583752
    ],
    [
      21.055031596988904,
      154.35988378563886,
      30.245023892583752,
      0.0,
      20.055031596988904,
      153.35988378563886,
      29.245023892583752,
      -1.0
    ],
    [
      -1.0,
      71.53462691683804,
      38.517918497072095,
      20.055031596988904,
      0.0,
      72.53462691683804,
      39.517918497072095,
      21.055031596988904
    ],
    [
      71.53462691683804,
      -1.0,
      46.950330394428725,
      153.35988378563886,
      72.53462691683804,
      0.0,
      47.950330394428725,
      154.35988378563886
    ],
    [
      38.517918497072095,
      46.950330394428725,
      -1.0,
      29.245023892583752,
      39.517918497072095,
      47.950330394428725,
      0.0,
      30.245023892583752
    ],
    [
      20.055031596988904,
      153.35988378563886,
      29.245023892583752,
      -1.0,
      21.055031596988904,
      154.35988378563886,
      30.245023892583752,
      0.0
    ]
  ],
  "lorentzian_embedding": [
    [
      1.7948524786409332,
      1.4576227456739994,
      2.728350708289805
    ],
    [
      1.7934510266572814,
      -6.329519293729876,
      -0.6473158675239565
    ],
    [
      -4.304952290375873,
      1.1551518050965341,
      -5.997133144454275
    ],
    [
      2.716621908472174,
      5.920513231300061,
      1.5087877987243146
    ],
    [
      1.7948476884316777,
      1.4576234153424314,
      2.7283473364957533
    ],
    [
      1.793501334733965,
      -6.329527286129664,
      -0.647270760198662
    ],
    [
      -4.304947448921281,
      1.155151820279329,
      -5.997129077645831
    ],
    [
      2.7166433589841037,
      5.92051309851816,
      1.508807157390876
    ]
  ],
  "edge_length_evolution": [],
  "angle_deficit_evolution": [],
  "regge_action_evolution": [],
  "gromov_delta_evolution": [],
  "mass_hinge": null,
  "mass_value": 0.0,
  "matter": [
    {
      "(0, 1)": 0.0,
      "(1, 2)": 0.0,
      "(0, 3)": 0.0,
      "(2, 3)": 0.0,
      "(0, 2)": 0.0,
      "(1, 3)": 0.0
    },
    {
      "(0, 1)": 0.0,
      "(1, 2)": 0.0,
      "(0, 3)": 0.0,
      "(2, 3)": 0.0,
      "(0, 2)": 0.0,
      "(1, 3)": 0.0
    }
  ],
  "stationary_solution": null,
  "einstein_analysis_per_timestep": [
    {
      "ricci_tensor": [
        [
          0.0013075194310876257,
          0.0
        ],
        [
          0.0,
          0.0013075194310876257
        ]
      ],
      "metric_tensor": [
        [
          1.0002615038862175,
          0.00013075194310876258
        ],
        [
          0.00013075194310876258,
          1.0002615038862175
        ]
      ],
      "stress_energy_tensor": [
        [
          0.0013075194310876257,
          2.6150388621752514e-05
        ],
        [
          2.6150388621752514e-05,
          0.0013075194310876257
        ]
      ],
      "einstein_solution": {
        "einstein_tensor": [
          [
            0.0,
            0.0
          ],
          [
            0.0,
            0.0
          ]
        ],
        "ricci_scalar": 0.0026150388621752514,
        "metric_tensor": [
          [
            1.0,
            0.0
          ],
          [
            0.0,
            1.0
          ]
        ],
        "lhs": [
          [
            0.0,
            0.0
          ],
          [
            0.0,
            0.0
          ]
        ],
        "rhs": [
          [
            0.0013075194310876257,
            2.6150388621752514e-05
          ],
          [
            2.6150388621752514e-05,
            0.0013075194310876257
          ]
        ],
        "equations_satisfied": false,
        "residual": 0.0018494814978781361,
        "conservation_violation": 0.0013075194310876257,
        "gravitational_constant": 0.039788735772973836,
        "cosmological_constant": 0.0
      },
      "entropy_first_derivative": 0.0,
      "entropy_second_derivative": 0.0,
      "entropy_curvature_correlation": 0.001849106712523994,
      "emergent_gravitational_constant": 0.00020809818064629844,
      "average_mutual_information": 0.0026150388621752514,
      "ricci_scalar": 0.0026150388621752514,
      "analysis_summary": {
        "einstein_equations_satisfied": false,
        "residual_magnitude": 0.0018494814978781361,
        "conservation_violation": 0.0013075194310876257,
        "entropy_evolution_rate": 0.0,
        "entropy_acceleration": 0.0,
        "entanglement_curvature_coupling": 0.001849106712523994
      }
    },
    {
      "ricci_tensor": [
        [
          0.0013075194310876257,
          0.0
        ],
        [
          0.0,
          0.0013075194310876257
        ]
      ],
      "metric_tensor": [
        [
          1.0002615038862175,
          0.00013075194310876258
        ],
        [
          0.00013075194310876258,
          1.0002615038862175
        ]
      ],
      "stress_energy_tensor": [
        [
          0.0013075194310876257,
          2.6150388621752514e-05
        ],
        [
          2.6150388621752514e-05,
          0.0013075194310876257
        ]
      ],
      "einstein_solution": {
        "einstein_tensor": [
          [
            0.0,
            0.0
          ],
          [
            0.0,
            0.0
          ]
        ],
        "ricci_scalar": 0.0026150388621752514,
        "metric_tensor": [
          [
            1.0,
            0.0
          ],
          [
            0.0,
            1.0
          ]
        ],
        "lhs": [
          [
            0.0,
            0.0
          ],
          [
            0.0,
            0.0
          ]
        ],
        "rhs": [
          [
            0.0013075194310876257,
            2.6150388621752514e-05
          ],
          [
            2.6150388621752514e-05,
            0.0013075194310876257
          ]
        ],
        "equations_satisfied": false,
        "residual": 0.0018494814978781361,
        "conservation_violation": 0.0013075194310876257,
        "gravitational_constant": 0.039788735772973836,
        "cosmological_constant": 0.0
      },
      "entropy_first_derivative": 0.0,
      "entropy_second_derivative": 0.0,
      "entropy_curvature_correlation": 0.001849106712523994,
      "emergent_gravitational_constant": 0.00020809818064629844,
      "average_mutual_information": 0.0026150388621752514,
      "ricci_scalar": 0.0026150388621752514,
      "analysis_summary": {
        "einstein_equations_satisfied": false,
        "residual_magnitude": 0.0018494814978781361,
        "conservation_violation": 0.0013075194310876257,
        "entropy_evolution_rate": 0.0,
        "entropy_acceleration": 0.0,
        "entanglement_curvature_coupling": 0.001849106712523994
      }
    }
  ],
  "bootstrap_analysis": {
    "gromov_delta": {
      "mean": 8.176157706195886,
      "lower_ci": 8.176157706195886,
      "upper_ci": 8.176157706195886,
      "all_values": [
        8.176157706195886,
        8.176157706195886
      ],
      "uncertainty": 0.0
    },
    "entropy": {
      "mean": 3.8693204020712924,
      "lower_ci": 3.838743550198192,
      "upper_ci": 3.899897253944393,
      "uncertainty": 0.03057685187310044
    },
    "distance_matrix": {
      "mean": [
        [
          0.0,
          8.516726302801919,
          6.286327902446077,
          4.588576205860474
        ],
        [
          8.516726302801919,
          0.0,
          6.924617707457122,
          12.424165315450324
        ],
        [
          6.286327902446077,
          6.924617707457122,
          0.0,
          5.499547607993202
        ],
        [
          4.588576205860474,
          12.424165315450324,
          5.499547607993202,
          0.0
        ]
      ],
      "lower_ci": [
        [
          0.0,
          8.516726302801919,
          6.286327902446077,
          4.588576205860474
        ],
        [
          8.516726302801919,
          0.0,
          6.924617707457122,
          12.424165315450324
        ],
        [
          6.286327902446077,
          6.924617707457122,
          0.0,
          5.499547607993202
        ],
        [
          4.588576205860474,
          12.424165315450324,
          5.499547607993202,
          0.0
        ]
      ],
      "upper_ci": [
        [
          0.0,
          8.516726302801919,
          6.286327902446077,
          4.588576205860474
        ],
        [
          8.516726302801919,
          0.0,
          6.924617707457122,
          12.424165315450324
        ],
        [
          6.286327902446077,
          6.924617707457122,
          0.0,
          5.499547607993202
        ],
        [
          4.588576205860474,
          12.424165315450324,
          5.499547607993202,
          0.0
        ]
      ]
    }
  },
  "topology_compatibility": {
    "current_topology": "triangulated",
    "explanation": "Triangulated topology is specifically designed for angle-sum curvature. Creates multiple triangles per vertex, enabling robust local curvature measurements. Each vertex has multiple incident triangles for well-defined angle sums.",
    "supports_local_curvature": true
  },
  "rt_surface_analysis": {
    "region_A": [
      0
    ],
    "region_B": [
      1,
      2,
      3
    ],
    "bulk_point": 2,
    "is_complementary": true,
    "rt_area_AB": 19.39163041110847,
    "rt_area_BA": 19.39163041110847,
    "area_consistent": true,
    "edges_consistent": true,
    "area_difference": 0.0,
    "rt_edges_AB": [
      [
        0,
        1
      ],
      [
        0,
        2
      ],
      [
        0,
        3
      ]
    ],
    "rt_edges_BA": [
      [
        0,
        1
      ],
      [
        0,
        2
      ],
      [
        0,
        3
      ]
    ],
    "edge_lengths": [
      8.516726302801919,
      6.286327902446077,
      4.588576205860474,
      6.924617707457122,
      12.424165315450324,
      5.499547607993202
    ],
    "all_edges": [
      [
        0,
        1
      ],
      [
        0,
        2
      ],
      [
        0,
        3
      ],
      [
        1,
        2
      ],
      [
        1,
        3
      ],
      [
        2,
        3
      ]
    ]
  },
  "bulk_excitation_analysis": {
    "ground_state_mi": [
      [
        0.0,
        0.10276512096040533,
        0.2522143125111254,
        0.10276512096040452
      ],
      [
        0.10276512096040533,
        0.0,
        0.10276512096040469,
        0.03818875078793901
      ],
      [
        0.2522143125111254,
        0.10276512096040469,
        0.0,
        0.1027651209604028
      ],
      [
        0.10276512096040452,
        0.03818875078793901,
        0.1027651209604028,
        0.0
      ]
    ],
    "excited_state_mi": [
      [
        0.0,
        0.1056283889199705,
        0.23116518320883128,
        0.10562838891996978
      ],
      [
        0.1056283889199705,
        0.0,
        0.14728649257485332,
        0.06659201423394934
      ],
      [
        0.23116518320883128,
        0.14728649257485332,
        0.0,
        0.14728649257485238
      ],
      [
        0.10562838891996978,
        0.06659201423394934,
        0.14728649257485238,
        0.0
      ]
    ],
    "mi_difference": [
      [
        0.0,
        0.00286326795956518,
        -0.021049129302294134,
        0.0028632679595652633
      ],
      [
        0.00286326795956518,
        0.0,
        0.044521371614448635,
        0.028403263446010324
      ],
      [
        -0.021049129302294134,
        0.044521371614448635,
        0.0,
        0.04452137161444958
      ],
      [
        0.0028632679595652633,
        0.028403263446010324,
        0.04452137161444958,
        0.0
      ]
    ],
    "avg_mi_change": 0.01802770898704164,
    "max_mi_change": 0.04452137161444958,
    "mi_change_boundary_A": NaN,
    "mi_change_boundary_B": 0.03914866889163618,
    "bulk_point": 2,
    "ground_state_counts": {
      "counts": {
        "0000": 7,
        "0101": 8,
        "0111": 8,
        "1100": 4,
        "1101": 6,
        "1110": 4,
        "0110": 6,
        "1001": 7,
        "0011": 7,
        "1010": 9,
        "0010": 8,
        "0100": 7,
        "1111": 5,
        "0001": 8,
        "1011": 5,
        "1000": 1
      },
      "job_id": "d27ukto56fsc73e6d4k0",
      "mutual_information": {
        "I_0,1": 0.01107217420979753,
        "I_0,2": 0.0013577424361965826,
        "I_0,3": 0.000888702352114603,
        "I_1,2": 0.004451918032581818,
        "I_1,3": 0.003377232400581475,
        "I_2,3": 0.0005526659023391556
      }
    },
    "excited_state_counts": {
      "counts": {
        "0110": 6,
        "1101": 15,
        "0011": 5,
        "1000": 9,
        "1010": 7,
        "0001": 2,
        "1110": 7,
        "0100": 5,
        "0000": 4,
        "1111": 3,
        "0010": 8,
        "0111": 6,
        "1100": 6,
        "1001": 8,
        "0101": 7,
        "1011": 2
      },
      "job_id": "d27ukv1ogaas73ct8la0",
      "mutual_information": {
        "I_0,1": 0.031027245791739252,
        "I_0,2": 0.02488371778998094,
        "I_0,3": 0.0004831190331073057,
        "I_1,2": 0.005725006916952571,
        "I_1,3": 0.044415598992391725,
        "I_2,3": 0.00014571205597721602
      }
    },
    "boundary_entropies": {
      "ground_state": {
        "entropy_A": 0.1214241299052907,
        "entropy_B": 0.12142412990528823,
        "mi_AB": 0.24284825981057667
      },
      "excited_state": {
        "entropy_A": 0.1669793781068814,
        "entropy_B": 0.16697937810687963,
        "mi_AB": 0.33395875621375903
      },
      "rt_relation_test": {
        "entropy_ratio": 0.9999999999999797,
        "rt_area_ratio": 1.0,
        "rt_deviation": 2.0317081350640365e-14,
        "excited_entropy_ratio": 0.9999999999999893,
        "rt_relation_change": 9.658940314238862e-15
      }
    }
  },
  "page_curve_analysis": null,
  "deutsch_ctc_analysis": null,
  "ctc_recovery_analysis": null,
  "einstein_analysis": null,
  "dynamic_evidence": {
    "angle_sums_per_timestep": [
      [
        3.141592653589793,
        3.141592653589793,
        3.141592653589793,
        0.0
      ],
      [
        3.141592653589793,
        3.141592653589793,
        3.141592653589793,
        0.0
      ]
    ],
    "gromov_delta_per_timestep": [
      8.176157706195886,
      8.176157706195886
    ],
    "edge_mi_per_timestep": [
      {
        "0,1": 0.00020009339952475457,
        "0,3": 0.010167324249392193,
        "0,2": 0.001861583326710329,
        "1,2": 0.0009832789465147925,
        "2,3": 0.004088620679455823
      },
      {
        "0,1": 0.00020009339952475457,
        "0,3": 0.010167324249392193,
        "0,2": 0.001861583326710329,
        "1,2": 0.0009832789465147925,
        "2,3": 0.004088620679455823
      }
    ],
    "shortest_paths_per_timestep": [
      {
        "0": {
          "0": 0,
          "3": 4.588576205860474,
          "2": 6.286327902446077,
          "1": 8.516726302801919
        },
        "1": {
          "1": 0,
          "2": 6.924617707457122,
          "0": 8.516726302801919,
          "3": 12.424165315450324
        },
        "2": {
          "2": 0,
          "3": 5.499547607993202,
          "0": 6.286327902446077,
          "1": 6.924617707457122
        },
        "3": {
          "3": 0,
          "0": 4.588576205860474,
          "2": 5.499547607993202,
          "1": 12.424165315450324
        }
      },
      {
        "0": {
          "0": 0,
          "3": 4.588576205860474,
          "2": 6.286327902446077,
          "1": 8.516726302801919
        },
        "1": {
          "1": 0,
          "2": 6.924617707457122,
          "0": 8.516726302801919,
          "3": 12.424165315450324
        },
        "2": {
          "2": 0,
          "3": 5.499547607993202,
          "0": 6.286327902446077,
          "1": 6.924617707457122
        },
        "3": {
          "3": 0,
          "0": 4.588576205860474,
          "2": 5.499547607993202,
          "1": 12.424165315450324
        }
      }
    ],
    "mean_distance_per_timestep": [
      5.529995130251139,
      5.529995130251139
    ],
    "triangle_violations_per_timestep": [
      0,
      0
    ],
    "embedding_coords_per_timestep": [
      [
        [
          0.107523669546562,
          0.06697331366909462
        ],
        [
          0.11781887544923972,
          0.05446536177968075
        ],
        [
          -0.07354628817240359,
          -0.06463094923410229
        ],
        [
          -0.15179625682339815,
          -0.05680772621467308
        ]
      ],
      [
        [
          0.107523669546562,
          0.06697331366909462
        ],
        [
          0.11781887544923972,
          0.05446536177968075
        ],
        [
          -0.07354628817240359,
          -0.06463094923410229
        ],
        [
          -0.15179625682339815,
          -0.05680772621467308
        ]
      ]
    ],
    "regge_evolution_data": null,
    "evolution_summary": {
      "total_timesteps": 2,
      "gromov_delta_range": [
        8.176157706195886,
        8.176157706195886
      ],
      "mean_distance_range": [
        5.529995130251139,
        5.529995130251139
      ],
      "total_triangle_violations": 0,
      "hyperbolic_evolution": [
        false,
        false
      ],
      "regge_corrected": false
    }
  },
  "quantum_state_outputs": [
    {
      "timestep": 1,
      "statevector": null,
      "mutual_information_matrix": [
        [
          0.0,
          0.00020009339952475457,
          0.001861583326710329,
          0.010167324249392193
        ],
        [
          0.00020009339952475457,
          0.0,
          0.0009832789465147925,
          0.0036194102958041173
        ],
        [
          0.001861583326710329,
          0.0009832789465147925,
          0.0,
          0.004088620679455823
        ],
        [
          0.010167324249392193,
          0.0036194102958041173,
          0.004088620679455823,
          0.0
        ]
      ],
      "counts": {
        "0011": 9,
        "1100": 7,
        "0001": 5,
        "1111": 6,
        "1110": 6,
        "1000": 10,
        "1010": 10,
        "0010": 4,
        "0110": 5,
        "1001": 11,
        "0101": 5,
        "0100": 4,
        "1011": 6,
        "1101": 3,
        "0000": 4,
        "0111": 5
      },
      "job_id": "d27ukqpogaas73ct8l5g",
      "device": "ibm_brisbane"
    },
    {
      "timestep": 2,
      "statevector": null,
      "mutual_information_matrix": [
        [
          0.0,
          0.013001861828137729,
          3.611928213203804e-05,
          0.00010016478984073646
        ],
        [
          0.013001861828137729,
          0.0,
          5.569486699330767e-05,
          0.014180433284682097
        ],
        [
          3.611928213203804e-05,
          5.569486699330767e-05,
          0.0,
          0.007005942801350931
        ],
        [
          0.00010016478984073646,
          0.014180433284682097,
          0.007005942801350931,
          0.0
        ]
      ],
      "counts": {
        "1100": 5,
        "0011": 13,
        "0100": 5,
        "0110": 9,
        "0000": 6,
        "0001": 6,
        "1111": 7,
        "0111": 11,
        "0101": 5,
        "1000": 6,
        "0010": 7,
        "1110": 4,
        "1101": 7,
        "1011": 6,
        "1001": 2,
        "1010": 1
      },
      "job_id": "d27uks929u8s73f8m2k0",
      "device": "ibm_brisbane"
    }
  ],
  "emergent_geometry_teleportation": null,
  "superposition_gravity": null,
  "teleportation_geometry_correlation": null
}