{
  "spec": {
    "num_qubits": 4,
    "topology": "triangulated",
    "custom_edges": "0-1:1.0000,0-2:1.0000,0-3:1.0000,1-2:1.0000,1-3:1.0000,2-3:1.0000",
    "alpha": 0.8,
    "weight": 1.7173309650675044,
    "gamma": -7.056841166554151e-08,
    "sigma": 5.44763160852569e-08,
    "init_angle": 0.638810498058405,
    "init_angles": null,
    "shots": 100,
    "device": "simulator",
    "geometry": "spherical",
    "curvature": 4.5,
    "timesteps": 3,
    "dimension": 2,
    "mass_hinge": null,
    "mass_value": 0.0,
    "solve_regge": false,
    "lorentzian": true,
    "excite": true,
    "fast": false,
    "fast_preset": "balanced",
    "ctc_mode": false,
    "ctc_perturbation": null,
    "ctc_perturbation_strength": 1.0,
    "test_ctc_recovery": false,
    "strong_curvature": true,
    "charge_injection": true,
    "charge_strength": 2.5,
    "charge_location": null,
    "spin_injection": true,
    "spin_strength": 2.0,
    "spin_location": null,
    "edge_floor": 0.001,
    "compute_entropies": true,
    "hyperbolic_triangulation": true,
    "trotter_steps": 8,
    "dt": 0.05,
    "analyze_curvature": true,
    "einstein_solver": true,
    "page_curve": true,
    "radiation_ordering": null,
    "page_curve_timesteps": 15,
    "entropy_method": "hybrid",
    "num_shadows": 100,
    "shots_per_shadow": 1000,
    "num_bases": 20,
    "shots_per_basis": 1000,
    "enhanced_entanglement": false,
    "entanglement_strength": -7.070455124608313e-09,
    "interpolate_geometry": false,
    "smooth_charge_injection": false,
    "min_qubits_for_continuum": 10,
    "benchmark_against_classical_geometry": false,
    "geometry_fit_metric": "wasserstein,kl,euclidean",
    "verify_noise_robustness": false,
    "run_on_multiple_backends": false,
    "detect_and_flag_causal_loops": true,
    "restrict_information_flow_direction": "bidirectional",
    "filter_noncausal_edges": true,
    "use_ryu_takayanagi_test": true,
    "compare_MI_vs_subsystem_entropy": true,
    "embed_boundary_entropy_in_geometry": true,
    "entropy_engineering": true,
    "target_entropy_pattern": "quantum_gravity",
    "custom_target_entropies": null,
    "entropy_optimization_iterations": 200,
    "entropy_tolerance": 0.05,
    "continue_on_engineering_failure": true,
    "skip_entropy_engineering": false,
    "validate_engineered_geometry": true,
    "enhance_bell_violations": true,
    "bell_entanglement_strength": 4.0,
    "teleportation_circuits": true,
    "long_range_coupling": 3.0,
    "holographic_optimization": true,
    "rt_surface_encoding": true,
    "conformal_symmetry": true,
    "bulk_reconstruction": true,
    "scalable_entanglement": true,
    "parallel_execution": true,
    "memory_optimization": true,
    "circuit_compilation": "optimized",
    "real_hardware": false,
    "error_mitigation": true,
    "zero_noise_extrapolation": true,
    "zne_noise_factors": [
      1.0,
      2.0,
      3.0
    ],
    "zne_extrapolation_method": "polynomial",
    "hardware_calibration": true,
    "noise_characterization": true,
    "backend_name": "ibm_brisbane",
    "quantum_mode": true,
    "quantum_entanglement_strength": 5.0,
    "quantum_circuit_depth": 12,
    "geometric_teleportation": false,
    "teleportation_mode": "both",
    "bridge_strength": 1.0,
    "signal_state": "+",
    "emergent_geometry_teleportation": false,
    "teleportation_node_pairs": "auto",
    "teleportation_embedding_dim": 2,
    "teleportation_fidelity_threshold": 0.7,
    "superposition_gravity": true,
    "massive_bulk_mass_hinge": "2",
    "massive_bulk_mass_value": 1.0,
    "massless_bulk_mass_hinge": "None",
    "massless_bulk_mass_value": 0.0,
    "superposition_control_qubit": 0,
    "superposition_phase": 0.0,
    "interference_analysis": true,
    "classical_mixture_comparison": true,
    "coherence_preservation": true,
    "bulk_reconstruction_method": "mi_embedding"
  },
  "uid": "PR08OO",
  "counts_per_timestep": [
    null,
    null,
    null
  ],
  "job_ids_per_timestep": [
    null,
    null,
    null
  ],
  "entropy_per_timestep": [
    null,
    null,
    null
  ],
  "mutual_information_per_timestep": [
    {
      "I_0,1": 0.28760797522303494,
      "I_0,2": 0.36584716999041567,
      "I_0,3": 0.2876079752230346,
      "I_1,2": 0.2876079752230345,
      "I_1,3": 0.3246178207989856,
      "I_2,3": 0.2876079752230347
    },
    {
      "I_0,1": 0.1438007908915494,
      "I_0,2": 0.38643178811813017,
      "I_0,3": 0.14380079089154996,
      "I_1,2": 0.14380079089154907,
      "I_1,3": 0.5050762072873384,
      "I_2,3": 0.14380079089155018
    },
    {
      "I_0,1": 0.19482787409151747,
      "I_0,2": 0.3134246313453205,
      "I_0,3": 0.19482787409151603,
      "I_1,2": 0.1948278740915157,
      "I_1,3": 0.5444273951122753,
      "I_2,3": 0.19482787409151592
    }
  ],
  "boundary_entropies_per_timestep": [
    {
      "entropy_A": 0.5618262682627716,
      "entropy_B": 0.5618262682627709,
      "mi_AB": 1.1236525365255332,
      "pure_state_check": true,
      "entropy_difference": 6.661338147750939e-16,
      "multiple_regions": {
        "size_1_region_0": {
          "region": [
            0
          ],
          "entropy": 0.5824409428584866,
          "rt_area": 3,
          "size": 1
        },
        "size_1_region_1": {
          "region": [
            1
          ],
          "entropy": 0.5618262682627703,
          "rt_area": 3,
          "size": 1
        },
        "size_1_region_2": {
          "region": [
            2
          ],
          "entropy": 0.5824409428584866,
          "rt_area": 3,
          "size": 1
        },
        "size_2_region_0": {
          "region": [
            0,
            1
          ],
          "entropy": 0.8566592358982228,
          "rt_area": 4,
          "size": 2
        },
        "size_2_region_1": {
          "region": [
            0,
            2
          ],
          "entropy": 0.7990347157265573,
          "rt_area": 4,
          "size": 2
        },
        "size_2_region_2": {
          "region": [
            0,
            3
          ],
          "entropy": 0.8566592358982229,
          "rt_area": 4,
          "size": 2
        },
        "size_3_region_0": {
          "region": [
            0,
            1,
            2
          ],
          "entropy": 0.5618262682627716,
          "rt_area": 3,
          "size": 3
        },
        "size_3_region_1": {
          "region": [
            0,
            1,
            3
          ],
          "entropy": 0.582440942858487,
          "rt_area": 3,
          "size": 3
        },
        "size_3_region_2": {
          "region": [
            0,
            2,
            3
          ],
          "entropy": 0.561826268262771,
          "rt_area": 3,
          "size": 3
        }
      }
    },
    {
      "entropy_A": 0.5511947198613941,
      "entropy_B": 0.5511947198613936,
      "mi_AB": 1.1023894397227814,
      "pure_state_check": true,
      "entropy_difference": 5.551115123125783e-16,
      "multiple_regions": {
        "size_1_region_0": {
          "region": [
            0
          ],
          "entropy": 0.49187251027678924,
          "rt_area": 3,
          "size": 1
        },
        "size_1_region_1": {
          "region": [
            1
          ],
          "entropy": 0.5511947198613927,
          "rt_area": 3,
          "size": 1
        },
        "size_1_region_2": {
          "region": [
            2
          ],
          "entropy": 0.491872510276789,
          "rt_area": 3,
          "size": 1
        },
        "size_2_region_0": {
          "region": [
            0,
            1
          ],
          "entropy": 0.8992664392466324,
          "rt_area": 4,
          "size": 2
        },
        "size_2_region_1": {
          "region": [
            0,
            2
          ],
          "entropy": 0.5973132324354478,
          "rt_area": 4,
          "size": 2
        },
        "size_2_region_2": {
          "region": [
            0,
            3
          ],
          "entropy": 0.8992664392466327,
          "rt_area": 4,
          "size": 2
        },
        "size_3_region_0": {
          "region": [
            0,
            1,
            2
          ],
          "entropy": 0.5511947198613941,
          "rt_area": 3,
          "size": 3
        },
        "size_3_region_1": {
          "region": [
            0,
            1,
            3
          ],
          "entropy": 0.49187251027679,
          "rt_area": 3,
          "size": 3
        },
        "size_3_region_2": {
          "region": [
            0,
            2,
            3
          ],
          "entropy": 0.5511947198613932,
          "rt_area": 3,
          "size": 3
        }
      }
    },
    {
      "entropy_A": 0.5412017435641736,
      "entropy_B": 0.5412017435641687,
      "mi_AB": 1.0824034871283361,
      "pure_state_check": true,
      "entropy_difference": 4.884981308350689e-15,
      "multiple_regions": {
        "size_1_region_0": {
          "region": [
            0
          ],
          "entropy": 0.4257003616806912,
          "rt_area": 3,
          "size": 1
        },
        "size_1_region_1": {
          "region": [
            1
          ],
          "entropy": 0.5412017435641692,
          "rt_area": 3,
          "size": 1
        },
        "size_1_region_2": {
          "region": [
            2
          ],
          "entropy": 0.42570036168069086,
          "rt_area": 3,
          "size": 1
        },
        "size_2_region_0": {
          "region": [
            0,
            1
          ],
          "entropy": 0.7720742311533428,
          "rt_area": 4,
          "size": 2
        },
        "size_2_region_1": {
          "region": [
            0,
            2
          ],
          "entropy": 0.5379760920160617,
          "rt_area": 4,
          "size": 2
        },
        "size_2_region_2": {
          "region": [
            0,
            3
          ],
          "entropy": 0.7720742311533445,
          "rt_area": 4,
          "size": 2
        },
        "size_3_region_0": {
          "region": [
            0,
            1,
            2
          ],
          "entropy": 0.5412017435641736,
          "rt_area": 3,
          "size": 3
        },
        "size_3_region_1": {
          "region": [
            0,
            1,
            3
          ],
          "entropy": 0.4257003616806919,
          "rt_area": 3,
          "size": 3
        },
        "size_3_region_2": {
          "region": [
            0,
            2,
            3
          ],
          "entropy": 0.5412017435641713,
          "rt_area": 3,
          "size": 3
        }
      }
    }
  ],
  "distance_matrix_per_timestep": [
    [
      [
        0.0,
        1.2461569232588217,
        1.0055396011189015,
        1.2461569232588228
      ],
      [
        1.2461569232588217,
        0.0,
        1.2461569232588232,
        2.4923138465176446
      ],
      [
        1.0055396011189015,
        1.2461569232588232,
        0.0,
        1.2461569232588223
      ],
      [
        1.2461569232588228,
        2.4923138465176446,
        1.2461569232588223,
        0.0
      ]
    ],
    [
      [
        0.0,
        1.9393263337690816,
        0.9507999126410848,
        1.9393263337690778
      ],
      [
        1.9393263337690816,
        0.0,
        1.939326333769084,
        3.8786526675381596
      ],
      [
        0.9507999126410848,
        1.939326333769084,
        0.0,
        1.9393263337690763
      ],
      [
        1.9393263337690778,
        3.8786526675381596,
        1.9393263337690763,
        0.0
      ]
    ],
    [
      [
        0.0,
        1.6356388071913388,
        1.1601963581941228,
        1.6356388071913464
      ],
      [
        1.6356388071913388,
        0.0,
        1.635638807191348,
        3.271277614382685
      ],
      [
        1.1601963581941228,
        1.635638807191348,
        0.0,
        1.6356388071913468
      ],
      [
        1.6356388071913464,
        3.271277614382685,
        1.6356388071913468,
        0.0
      ]
    ]
  ],
  "edge_mi": {
    "0,1": 0.19482787409151747,
    "0,3": 0.19482787409151603,
    "0,2": 0.3134246313453205,
    "1,2": 0.1948278740915157,
    "2,3": 0.19482787409151592
  },
  "distance_matrix": [
    [
      0.0,
      1.6356388071913388,
      1.1601963581941228,
      1.6356388071913464
    ],
    [
      1.6356388071913388,
      0.0,
      1.635638807191348,
      0.6080206878098688
    ],
    [
      1.1601963581941228,
      1.635638807191348,
      0.0,
      1.6356388071913468
    ],
    [
      1.6356388071913464,
      0.6080206878098688,
      1.6356388071913468,
      0.0
    ]
  ],
  "shortest_paths": {
    "0": {
      "0": 0,
      "2": 1.1601963581941228,
      "1": 1.6356388071913388,
      "3": 1.6356388071913464
    },
    "1": {
      "1": 0,
      "3": 0.6080206878098688,
      "0": 1.6356388071913388,
      "2": 1.635638807191348
    },
    "2": {
      "2": 0,
      "0": 1.1601963581941228,
      "3": 1.6356388071913468,
      "1": 1.635638807191348
    },
    "3": {
      "3": 0,
      "1": 0.6080206878098688,
      "0": 1.6356388071913464,
      "2": 1.6356388071913468
    }
  },
  "gromov_delta": 1.3316284632864128,
  "mean_distance": 1.0388465343461712,
  "angle_sums": [
    3.141592653589793,
    3.141592653589793,
    3.141592653589793,
    3.141592653589793
  ],
  "mean_angle_sum": 3.141592653589793,
  "min_angle_sum": 3.141592653589793,
  "max_angle_sum": 3.141592653589793,
  "angle_sum_deviations": [
    0.0,
    0.0,
    0.0,
    0.0
  ],
  "triangle_inequality_violations": [],
  "embedding_coords": [
    [
      -0.011342778198050175,
      0.02954974803374804
    ],
    [
      0.05309536580727381,
      0.006210457855636574
    ],
    [
      -0.01146697721587901,
      -0.08144834497542183
    ],
    [
      -0.03028561039334464,
      0.045688139086037215
    ]
  ],
  "embedding_coords_3d": [
    [
      -0.022288925618162817,
      0.010514520015262917,
      0.008733626400027745
    ],
    [
      -0.015197760529276674,
      -0.009286049855669696,
      -0.03735853568327733
    ],
    [
      -0.021042081380706214,
      -0.06879448132237588,
      -0.008708654285327307
    ],
    [
      0.058528767528145696,
      0.06756601116278263,
      0.0373335635685769
    ]
  ],
  "edge_weight_variance": 0.0,
  "event_nodes": [
    [
      0,
      0
    ],
    [
      1,
      0
    ],
    [
      2,
      0
    ],
    [
      3,
      0
    ],
    [
      0,
      1
    ],
    [
      1,
      1
    ],
    [
      2,
      1
    ],
    [
      3,
      1
    ],
    [
      0,
      2
    ],
    [
      1,
      2
    ],
    [
      2,
      2
    ],
    [
      3,
      2
    ]
  ],
  "event_edges": [
    {
      "type": "spatial",
      "from": [
        0,
        0
      ],
      "to": [
        1,
        0
      ],
      "weight": 1.2461569232588217
    },
    {
      "type": "spatial",
      "from": [
        0,
        0
      ],
      "to": [
        2,
        0
      ],
      "weight": 1.0055396011189015
    },
    {
      "type": "spatial",
      "from": [
        0,
        0
      ],
      "to": [
        3,
        0
      ],
      "weight": 1.2461569232588228
    },
    {
      "type": "spatial",
      "from": [
        1,
        0
      ],
      "to": [
        2,
        0
      ],
      "weight": 1.2461569232588232
    },
    {
      "type": "spatial",
      "from": [
        1,
        0
      ],
      "to": [
        3,
        0
      ],
      "weight": 2.4923138465176446
    },
    {
      "type": "spatial",
      "from": [
        2,
        0
      ],
      "to": [
        3,
        0
      ],
      "weight": 1.2461569232588223
    },
    {
      "type": "temporal",
      "from": [
        0,
        0
      ],
      "to": [
        0,
        1
      ],
      "weight": 1.0
    },
    {
      "type": "temporal",
      "from": [
        1,
        0
      ],
      "to": [
        1,
        1
      ],
      "weight": 1.0
    },
    {
      "type": "temporal",
      "from": [
        2,
        0
      ],
      "to": [
        2,
        1
      ],
      "weight": 1.0
    },
    {
      "type": "temporal",
      "from": [
        3,
        0
      ],
      "to": [
        3,
        1
      ],
      "weight": 1.0
    },
    {
      "type": "spatial",
      "from": [
        0,
        1
      ],
      "to": [
        1,
        1
      ],
      "weight": 1.9393263337690816
    },
    {
      "type": "spatial",
      "from": [
        0,
        1
      ],
      "to": [
        2,
        1
      ],
      "weight": 0.9507999126410848
    },
    {
      "type": "spatial",
      "from": [
        0,
        1
      ],
      "to": [
        3,
        1
      ],
      "weight": 1.9393263337690778
    },
    {
      "type": "spatial",
      "from": [
        1,
        1
      ],
      "to": [
        2,
        1
      ],
      "weight": 1.939326333769084
    },
    {
      "type": "spatial",
      "from": [
        1,
        1
      ],
      "to": [
        3,
        1
      ],
      "weight": 3.8786526675381596
    },
    {
      "type": "spatial",
      "from": [
        2,
        1
      ],
      "to": [
        3,
        1
      ],
      "weight": 1.9393263337690763
    },
    {
      "type": "temporal",
      "from": [
        0,
        1
      ],
      "to": [
        0,
        2
      ],
      "weight": 1.0
    },
    {
      "type": "temporal",
      "from": [
        1,
        1
      ],
      "to": [
        1,
        2
      ],
      "weight": 1.0
    },
    {
      "type": "temporal",
      "from": [
        2,
        1
      ],
      "to": [
        2,
        2
      ],
      "weight": 1.0
    },
    {
      "type": "temporal",
      "from": [
        3,
        1
      ],
      "to": [
        3,
        2
      ],
      "weight": 1.0
    },
    {
      "type": "spatial",
      "from": [
        0,
        2
      ],
      "to": [
        1,
        2
      ],
      "weight": 1.6356388071913388
    },
    {
      "type": "spatial",
      "from": [
        0,
        2
      ],
      "to": [
        2,
        2
      ],
      "weight": 1.1601963581941228
    },
    {
      "type": "spatial",
      "from": [
        0,
        2
      ],
      "to": [
        3,
        2
      ],
      "weight": 1.6356388071913464
    },
    {
      "type": "spatial",
      "from": [
        1,
        2
      ],
      "to": [
        2,
        2
      ],
      "weight": 1.635638807191348
    },
    {
      "type": "spatial",
      "from": [
        1,
        2
      ],
      "to": [
        3,
        2
      ],
      "weight": 3.271277614382685
    },
    {
      "type": "spatial",
      "from": [
        2,
        2
      ],
      "to": [
        3,
        2
      ],
      "weight": 1.6356388071913468
    }
  ],
  "lorentzian_dissimilarity": [
    [
      0.0,
      1.5529070773858928,
      1.0111098894183594,
      1.5529070773858955,
      -1.0,
      0.5529070773858928,
      0.011109889418359442,
      0.5529070773858955,
      -4.0,
      -2.4470929226141074,
      -2.9888901105816403,
      -2.4470929226141047
    ],
    [
      1.5529070773858928,
      0.0,
      1.5529070773858966,
      6.211628309543578,
      0.5529070773858928,
      -1.0,
      0.5529070773858966,
      5.211628309543578,
      -2.4470929226141074,
      -4.0,
      -2.4470929226141034,
      2.2116283095435776
    ],
    [
      1.0111098894183594,
      1.5529070773858966,
      0.0,
      1.5529070773858944,
      0.011109889418359442,
      0.5529070773858966,
      -1.0,
      0.5529070773858944,
      -2.9888901105816403,
      -2.4470929226141034,
      -4.0,
      -2.4470929226141056
    ],
    [
      1.5529070773858955,
      6.211628309543578,
      1.5529070773858944,
      0.0,
      0.5529070773858955,
      5.211628309543578,
      0.5529070773858944,
      -1.0,
      -2.4470929226141047,
      2.2116283095435776,
      -2.4470929226141056,
      -4.0
    ],
    [
      -1.0,
      0.5529070773858928,
      0.011109889418359442,
      0.5529070773858955,
      0.0,
      3.7609866288502274,
      0.9040204738782944,
      3.7609866288502127,
      -1.0,
      2.7609866288502274,
      -0.09597952612170557,
      2.7609866288502127
    ],
    [
      0.5529070773858928,
      -1.0,
      0.5529070773858966,
      5.211628309543578,
      3.7609866288502274,
      0.0,
      3.7609866288502367,
      15.043946515400881,
      2.7609866288502274,
      -1.0,
      2.7609866288502367,
      14.043946515400881
    ],
    [
      0.011109889418359442,
      0.5529070773858966,
      -1.0,
      0.5529070773858944,
      0.9040204738782944,
      3.7609866288502367,
      0.0,
      3.7609866288502065,
      -0.09597952612170557,
      2.7609866288502367,
      -1.0,
      2.7609866288502065
    ],
    [
      0.5529070773858955,
      5.211628309543578,
      0.5529070773858944,
      -1.0,
      3.7609866288502127,
      15.043946515400881,
      3.7609866288502065,
      0.0,
      2.7609866288502127,
      14.043946515400881,
      2.7609866288502065,
      -1.0
    ],
    [
      -4.0,
      -2.4470929226141074,
      -2.9888901105816403,
      -2.4470929226141047,
      -1.0,
      2.7609866288502274,
      -0.09597952612170557,
      2.7609866288502127,
      0.0,
      2.6753143075903054,
      1.3460555895669053,
      2.6753143075903303
    ],
    [
      -2.4470929226141074,
      -4.0,
      -2.4470929226141034,
      2.2116283095435776,
      2.7609866288502274,
      -1.0,
      2.7609866288502367,
      14.043946515400881,
      2.6753143075903054,
      0.0,
      2.675314307590335,
      10.701257230361271
    ],
    [
      -2.9888901105816403,
      -2.4470929226141034,
      -4.0,
      -2.4470929226141056,
      -0.09597952612170557,
      2.7609866288502367,
      -1.0,
      2.7609866288502065,
      1.3460555895669053,
      2.675314307590335,
      0.0,
      2.6753143075903316
    ],
    [
      -2.4470929226141047,
      2.2116283095435776,
      -2.4470929226141056,
      -4.0,
      2.7609866288502127,
      14.043946515400881,
      2.7609866288502065,
      -1.0,
      2.6753143075903303,
      10.701257230361271,
      2.6753143075903316,
      0.0
    ]
  ],
  "lorentzian_embedding": [
    [
      -0.18412464794789013,
      0.16982752750353128,
      -0.8642232058995033
    ],
    [
      0.06987133921064169,
      -0.3994646245268231,
      0.0067035108703940695
    ],
    [
      -0.30519238373828794,
      0.9206709783867697,
      -0.6303210172668351
    ],
    [
      -0.4939368756672237,
      1.476835437961104,
      -1.4931150411722767
    ],
    [
      1.0498921035156445,
      -0.2400044383694674,
      -0.7652847245054006
    ],
    [
      1.9016261691362781,
      -0.2464537162839812,
      1.3858103468076495
    ],
    [
      0.8746144436557425,
      0.8470726165168838,
      -0.42663115476511215
    ],
    [
      1.2530699006659107,
      0.6071964348856939,
      -2.423481054934945
    ],
    [
      1.828756054118783,
      -0.07941664755549034,
      -0.5591047561967691
    ],
    [
      2.42452787878434,
      -0.37358239666346915,
      1.2427936508339754
    ],
    [
      1.758982655203108,
      0.35334648590556267,
      -0.4242868783304233
    ],
    [
      1.8219096756022604,
      0.5154356817804494,
      -2.1436468446572547
    ]
  ],
  "edge_length_evolution": [],
  "angle_deficit_evolution": [],
  "regge_action_evolution": [],
  "gromov_delta_evolution": [],
  "mass_hinge": null,
  "mass_value": 0.0,
  "matter": [
    {
      "(0, 1)": 0.0,
      "(1, 2)": 0.0,
      "(0, 3)": 0.0,
      "(2, 3)": 0.0,
      "(0, 2)": 0.0,
      "(1, 3)": 0.0
    },
    {
      "(0, 1)": 0.0,
      "(1, 2)": 0.0,
      "(0, 3)": 0.0,
      "(2, 3)": 0.0,
      "(0, 2)": 0.0,
      "(1, 3)": 0.0
    },
    {
      "(0, 1)": 0.0,
      "(1, 2)": 0.0,
      "(0, 3)": 0.0,
      "(2, 3)": 0.0,
      "(0, 2)": 0.0,
      "(1, 3)": 0.0
    }
  ],
  "stationary_solution": null,
  "einstein_analysis_per_timestep": [
    {
      "ricci_tensor": [
        [
          0.11505605573009625,
          0.0
        ],
        [
          0.0,
          0.11505605573009625
        ]
      ],
      "metric_tensor": [
        [
          1.0230112111460192,
          0.011505605573009626
        ],
        [
          0.011505605573009626,
          1.0230112111460192
        ]
      ],
      "stress_energy_tensor": [
        [
          0.11505605573009625,
          0.002301121114601925
        ],
        [
          0.002301121114601925,
          0.11505605573009625
        ]
      ],
      "einstein_solution": {
        "einstein_tensor": [
          [
            0.0,
            0.0
          ],
          [
            0.0,
            0.0
          ]
        ],
        "ricci_scalar": 0.2301121114601925,
        "metric_tensor": [
          [
            1.0,
            0.0
          ],
          [
            0.0,
            1.0
          ]
        ],
        "lhs": [
          [
            0.0,
            0.0
          ],
          [
            0.0,
            0.0
          ]
        ],
        "rhs": [
          [
            0.11505605573009625,
            0.002301121114601925
          ],
          [
            0.002301121114601925,
            0.11505605573009625
          ]
        ],
        "equations_satisfied": false,
        "residual": 0.16274637395992012,
        "conservation_violation": 0.11505605573009625,
        "gravitational_constant": 0.039788735772973836,
        "cosmological_constant": 0.0
      },
      "entropy_first_derivative": 0.0,
      "entropy_second_derivative": 0.0,
      "entropy_curvature_correlation": 0.16271382944665694,
      "emergent_gravitational_constant": 0.01831174000210141,
      "average_mutual_information": 0.2301121114601925,
      "ricci_scalar": 0.2301121114601925,
      "analysis_summary": {
        "einstein_equations_satisfied": false,
        "residual_magnitude": 0.16274637395992012,
        "conservation_violation": 0.11505605573009625,
        "entropy_evolution_rate": 0.0,
        "entropy_acceleration": 0.0,
        "entanglement_curvature_coupling": 0.16271382944665694
      }
    },
    {
      "ricci_tensor": [
        [
          0.0916694474357292,
          0.0
        ],
        [
          0.0,
          0.0916694474357292
        ]
      ],
      "metric_tensor": [
        [
          1.0183338894871459,
          0.00916694474357292
        ],
        [
          0.00916694474357292,
          1.0183338894871459
        ]
      ],
      "stress_energy_tensor": [
        [
          0.0916694474357292,
          0.0018333889487145841
        ],
        [
          0.0018333889487145841,
          0.0916694474357292
        ]
      ],
      "einstein_solution": {
        "einstein_tensor": [
          [
            0.0,
            0.0
          ],
          [
            0.0,
            0.0
          ]
        ],
        "ricci_scalar": 0.1833388948714584,
        "metric_tensor": [
          [
            1.0,
            0.0
          ],
          [
            0.0,
            1.0
          ]
        ],
        "lhs": [
          [
            0.0,
            0.0
          ],
          [
            0.0,
            0.0
          ]
        ],
        "rhs": [
          [
            0.0916694474357292,
            0.0018333889487145841
          ],
          [
            0.0018333889487145841,
            0.0916694474357292
          ]
        ],
        "equations_satisfied": false,
        "residual": 0.12966610126173447,
        "conservation_violation": 0.0916694474357292,
        "gravitational_constant": 0.039788735772973836,
        "cosmological_constant": 0.0
      },
      "entropy_first_derivative": 0.0,
      "entropy_second_derivative": 0.0,
      "entropy_curvature_correlation": 0.12964017081885598,
      "emergent_gravitational_constant": 0.014589645689898973,
      "average_mutual_information": 0.1833388948714584,
      "ricci_scalar": 0.1833388948714584,
      "analysis_summary": {
        "einstein_equations_satisfied": false,
        "residual_magnitude": 0.12966610126173447,
        "conservation_violation": 0.0916694474357292,
        "entropy_evolution_rate": 0.0,
        "entropy_acceleration": 0.0,
        "entanglement_curvature_coupling": 0.12964017081885598
      }
    },
    {
      "ricci_tensor": [
        [
          0.10232272017647881,
          0.0
        ],
        [
          0.0,
          0.10232272017647881
        ]
      ],
      "metric_tensor": [
        [
          1.0204645440352957,
          0.010232272017647882
        ],
        [
          0.010232272017647882,
          1.0204645440352957
        ]
      ],
      "stress_energy_tensor": [
        [
          0.10232272017647881,
          0.002046454403529576
        ],
        [
          0.002046454403529576,
          0.10232272017647881
        ]
      ],
      "einstein_solution": {
        "einstein_tensor": [
          [
            0.0,
            0.0
          ],
          [
            0.0,
            0.0
          ]
        ],
        "ricci_scalar": 0.20464544035295762,
        "metric_tensor": [
          [
            1.0,
            0.0
          ],
          [
            0.0,
            1.0
          ]
        ],
        "lhs": [
          [
            0.0,
            0.0
          ],
          [
            0.0,
            0.0
          ]
        ],
        "rhs": [
          [
            0.10232272017647881,
            0.002046454403529576
          ],
          [
            0.002046454403529576,
            0.10232272017647881
          ]
        ],
        "equations_satisfied": false,
        "residual": 0.14473511695466107,
        "conservation_violation": 0.10232272017647881,
        "gravitational_constant": 0.039788735772973836,
        "cosmological_constant": 0.0
      },
      "entropy_first_derivative": 0.0,
      "entropy_second_derivative": 0.0,
      "entropy_curvature_correlation": 0.14470617361248364,
      "emergent_gravitational_constant": 0.016285166706695418,
      "average_mutual_information": 0.20464544035295762,
      "ricci_scalar": 0.20464544035295762,
      "analysis_summary": {
        "einstein_equations_satisfied": false,
        "residual_magnitude": 0.14473511695466107,
        "conservation_violation": 0.10232272017647881,
        "entropy_evolution_rate": 0.0,
        "entropy_acceleration": 0.0,
        "entanglement_curvature_coupling": 0.14470617361248364
      }
    }
  ],
  "bootstrap_analysis": {
    "gromov_delta": {
      "mean": 1.6070406880730843,
      "lower_ci": 1.2461569232588228,
      "upper_ci": 1.9393263337690836,
      "all_values": [
        1.2461569232588228,
        1.9393263337690836,
        1.6356388071913464
      ],
      "uncertainty": 0.3322856456959993
    },
    "entropy": {
      "mean": null,
      "lower_ci": null,
      "upper_ci": null,
      "uncertainty": null
    },
    "distance_matrix": {
      "mean": [
        [
          0.0,
          1.6070406880730808,
          1.0388452906513697,
          1.6070406880730825
        ],
        [
          1.6070406880730808,
          0.0,
          1.607040688073085,
          3.2140813761461633
        ],
        [
          1.0388452906513697,
          1.607040688073085,
          0.0,
          1.6070406880730819
        ],
        [
          1.6070406880730825,
          3.2140813761461633,
          1.6070406880730819,
          0.0
        ]
      ],
      "lower_ci": [
        [
          0.0,
          1.2461569232588217,
          0.9690464754670236,
          1.2461569232588228
        ],
        [
          1.2461569232588217,
          0.0,
          1.2461569232588232,
          2.4923138465176446
        ],
        [
          0.9507999126410848,
          1.2461569232588232,
          0.0,
          1.2461569232588223
        ],
        [
          1.2461569232588228,
          2.4923138465176446,
          1.2461569232588223,
          0.0
        ]
      ],
      "upper_ci": [
        [
          0.0,
          1.9393263337690818,
          1.1601963581941228,
          1.9393263337690778
        ],
        [
          1.9393263337690818,
          0.0,
          1.939326333769084,
          3.87865266753816
        ],
        [
          1.1601963581941228,
          1.939326333769084,
          0.0,
          1.9393263337690765
        ],
        [
          1.9393263337690778,
          3.87865266753816,
          1.9393263337690765,
          0.0
        ]
      ]
    }
  },
  "topology_compatibility": {
    "current_topology": "triangulated",
    "explanation": "Triangulated topology is specifically designed for angle-sum curvature. Creates multiple triangles per vertex, enabling robust local curvature measurements. Each vertex has multiple incident triangles for well-defined angle sums.",
    "supports_local_curvature": true
  },
  "rt_surface_analysis": {
    "region_A": [
      0
    ],
    "region_B": [
      1,
      2,
      3
    ],
    "bulk_point": 2,
    "is_complementary": true,
    "rt_area_AB": 4.431473972576808,
    "rt_area_BA": 4.431473972576808,
    "area_consistent": true,
    "edges_consistent": true,
    "area_difference": 0.0,
    "rt_edges_AB": [
      [
        0,
        1
      ],
      [
        0,
        2
      ],
      [
        0,
        3
      ]
    ],
    "rt_edges_BA": [
      [
        0,
        1
      ],
      [
        0,
        2
      ],
      [
        0,
        3
      ]
    ],
    "edge_lengths": [
      1.6356388071913388,
      1.1601963581941228,
      1.6356388071913464,
      1.635638807191348,
      3.271277614382685,
      1.6356388071913468
    ],
    "all_edges": [
      [
        0,
        1
      ],
      [
        0,
        2
      ],
      [
        0,
        3
      ],
      [
        1,
        2
      ],
      [
        1,
        3
      ],
      [
        2,
        3
      ]
    ]
  },
  "bulk_excitation_analysis": {
    "ground_state_mi": [
      [
        0.0,
        0.19482787409151747,
        0.3134246313453204,
        0.19482787409151536
      ],
      [
        0.19482787409151747,
        0.0,
        0.1948278740915158,
        0.5444273951122758
      ],
      [
        0.3134246313453204,
        0.1948278740915158,
        0.0,
        0.19482787409151536
      ],
      [
        0.19482787409151536,
        0.5444273951122758,
        0.19482787409151536,
        0.0
      ]
    ],
    "excited_state_mi": [
      [
        0.0,
        0.1982278121128105,
        0.2535441389368901,
        0.1982278121128107
      ],
      [
        0.1982278121128105,
        0.0,
        0.41838583817763775,
        0.3863847680063799
      ],
      [
        0.2535441389368901,
        0.41838583817763775,
        0.0,
        0.41838583817763764
      ],
      [
        0.1982278121128107,
        0.3863847680063799,
        0.41838583817763764,
        0.0
      ]
    ],
    "mi_difference": [
      [
        0.0,
        0.003399938021293014,
        -0.0598804924084303,
        0.0033999380212953456
      ],
      [
        0.003399938021293014,
        0.0,
        0.22355796408612194,
        -0.1580426271058959
      ],
      [
        -0.0598804924084303,
        0.22355796408612194,
        0.0,
        0.22355796408612227
      ],
      [
        0.0033999380212953456,
        -0.1580426271058959,
        0.22355796408612227,
        0.0
      ]
    ],
    "avg_mi_change": 0.08397986546614485,
    "max_mi_change": 0.22355796408612227,
    "mi_change_boundary_A": NaN,
    "mi_change_boundary_B": 0.09635776702211611,
    "bulk_point": 2,
    "ground_state_counts": {
      "0010 0010": 12,
      "0100 0100": 3,
      "1000 1000": 17,
      "0101 0101": 1,
      "1110 1110": 3,
      "1010 1010": 4,
      "0000 0000": 52,
      "0111 0111": 5,
      "0001 0001": 2,
      "1011 1011": 1
    },
    "excited_state_counts": {
      "0000 1010": 5,
      "1010 0000": 27,
      "0101 1011": 3,
      "1110 0000": 17,
      "0000 1110": 1,
      "1100 0010": 7,
      "0111 0101": 1,
      "1001 0111": 1,
      "0001 1011": 1,
      "0010 1000": 9,
      "0100 0010": 1,
      "1000 0010": 8,
      "0001 0111": 1,
      "0110 1000": 5,
      "1000 0000": 2,
      "0011 1001": 1,
      "0010 0000": 4,
      "0110 0000": 2,
      "1110 1000": 1,
      "1111 0001": 1,
      "1001 0011": 1,
      "1110 0100": 1
    },
    "boundary_entropies": {
      "ground_state": {
        "entropy_A": 0.5412017435641736,
        "entropy_B": 0.5412017435641687,
        "mi_AB": 1.0824034871283361
      },
      "excited_state": {
        "entropy_A": 0.6021996892478496,
        "entropy_B": 0.6021996892478491,
        "mi_AB": 1.2043993784956912
      },
      "rt_relation_test": {
        "entropy_ratio": 0.999999999999991,
        "rt_area_ratio": 1.0,
        "rt_deviation": 8.992806499463768e-15,
        "excited_entropy_ratio": 0.9999999999999991,
        "rt_relation_change": 8.104628079763643e-15
      }
    }
  },
  "page_curve_analysis": null,
  "deutsch_ctc_analysis": null,
  "ctc_recovery_analysis": null,
  "einstein_analysis": null,
  "dynamic_evidence": {
    "angle_sums_per_timestep": [
      [
        9.42477796076938,
        0.0,
        9.42477796076938,
        3.141592653589793
      ],
      [
        3.141592653589793,
        0.0,
        3.141592653589793,
        3.141592688820989
      ],
      [
        3.141592653589793,
        0.0,
        3.141592653589793,
        3.141592681670222
      ]
    ],
    "gromov_delta_per_timestep": [
      1.2461569232588228,
      1.9393263337690836,
      1.6356388071913464
    ],
    "edge_mi_per_timestep": [
      {
        "0,1": 0.28760797522303494,
        "0,3": 0.2876079752230346,
        "0,2": 0.36584716999041567,
        "1,2": 0.2876079752230345,
        "2,3": 0.2876079752230347
      },
      {
        "0,1": 0.1438007908915494,
        "0,3": 0.14380079089154996,
        "0,2": 0.38643178811813017,
        "1,2": 0.14380079089154907,
        "2,3": 0.14380079089155018
      },
      {
        "0,1": 0.19482787409151747,
        "0,3": 0.19482787409151603,
        "0,2": 0.3134246313453205,
        "1,2": 0.1948278740915157,
        "2,3": 0.19482787409151592
      }
    ],
    "shortest_paths_per_timestep": [
      {
        "0": {
          "0": 0,
          "2": 1.0055396011189015,
          "1": 1.2461569232588217,
          "3": 1.2461569232588228
        },
        "1": {
          "1": 0,
          "0": 1.2461569232588217,
          "2": 1.2461569232588232,
          "3": 2.4923138465176446
        },
        "2": {
          "2": 0,
          "0": 1.0055396011189015,
          "3": 1.2461569232588223,
          "1": 1.2461569232588232
        },
        "3": {
          "3": 0,
          "2": 1.2461569232588223,
          "0": 1.2461569232588228,
          "1": 2.4923138465176446
        }
      },
      {
        "0": {
          "0": 0,
          "2": 0.9507999126410848,
          "3": 1.9393263337690778,
          "1": 1.9393263337690816
        },
        "1": {
          "1": 0,
          "0": 1.9393263337690816,
          "2": 1.939326333769084,
          "3": 3.8786526675381596
        },
        "2": {
          "2": 0,
          "0": 0.9507999126410848,
          "3": 1.9393263337690763,
          "1": 1.939326333769084
        },
        "3": {
          "3": 0,
          "2": 1.9393263337690763,
          "0": 1.9393263337690778,
          "1": 3.8786526675381596
        }
      },
      {
        "0": {
          "0": 0,
          "2": 1.1601963581941228,
          "1": 1.6356388071913388,
          "3": 1.6356388071913464
        },
        "1": {
          "1": 0,
          "0": 1.6356388071913388,
