{
  "spec": {
    "num_qubits": 4,
    "topology": "triangulated",
    "custom_edges": "0-1:0.7307,0-2:0.5601,0-3:0.7713,1-2:1.0000,1-3:0.5343,2-3:0.5343",
    "alpha": 0.8,
    "weight": 0.5972415058729432,
    "gamma": 0.06558086200009107,
    "sigma": -0.0010630045673469405,
    "init_angle": 0.6139450028993219,
    "init_angles": null,
    "shots": 100,
    "device": "simulator",
    "geometry": "spherical",
    "curvature": 4.5,
    "timesteps": 3,
    "dimension": 2,
    "mass_hinge": null,
    "mass_value": 0.0,
    "solve_regge": false,
    "lorentzian": true,
    "excite": true,
    "fast": false,
    "fast_preset": "balanced",
    "ctc_mode": false,
    "ctc_perturbation": null,
    "ctc_perturbation_strength": 1.0,
    "test_ctc_recovery": false,
    "strong_curvature": true,
    "charge_injection": true,
    "charge_strength": 2.5,
    "charge_location": null,
    "spin_injection": true,
    "spin_strength": 2.0,
    "spin_location": null,
    "edge_floor": 0.001,
    "compute_entropies": true,
    "hyperbolic_triangulation": true,
    "trotter_steps": 8,
    "dt": 0.05,
    "analyze_curvature": true,
    "einstein_solver": true,
    "page_curve": true,
    "radiation_ordering": null,
    "page_curve_timesteps": 15,
    "entropy_method": "hybrid",
    "num_shadows": 100,
    "shots_per_shadow": 1000,
    "num_bases": 20,
    "shots_per_basis": 1000,
    "enhanced_entanglement": false,
    "entanglement_strength": 0.5813548007805539,
    "interpolate_geometry": false,
    "smooth_charge_injection": false,
    "min_qubits_for_continuum": 10,
    "benchmark_against_classical_geometry": false,
    "geometry_fit_metric": "wasserstein,kl,euclidean",
    "verify_noise_robustness": false,
    "run_on_multiple_backends": false,
    "detect_and_flag_causal_loops": true,
    "restrict_information_flow_direction": "bidirectional",
    "filter_noncausal_edges": true,
    "use_ryu_takayanagi_test": true,
    "compare_MI_vs_subsystem_entropy": true,
    "embed_boundary_entropy_in_geometry": true,
    "entropy_engineering": true,
    "target_entropy_pattern": "quantum_gravity",
    "custom_target_entropies": null,
    "entropy_optimization_iterations": 200,
    "entropy_tolerance": 0.05,
    "continue_on_engineering_failure": true,
    "skip_entropy_engineering": false,
    "validate_engineered_geometry": true,
    "enhance_bell_violations": true,
    "bell_entanglement_strength": 4.0,
    "teleportation_circuits": true,
    "long_range_coupling": 3.0,
    "holographic_optimization": true,
    "rt_surface_encoding": true,
    "conformal_symmetry": true,
    "bulk_reconstruction": true,
    "scalable_entanglement": true,
    "parallel_execution": true,
    "memory_optimization": true,
    "circuit_compilation": "optimized",
    "real_hardware": false,
    "error_mitigation": true,
    "zero_noise_extrapolation": true,
    "zne_noise_factors": [
      1.0,
      2.0,
      3.0
    ],
    "zne_extrapolation_method": "polynomial",
    "hardware_calibration": true,
    "noise_characterization": true,
    "backend_name": "ibm_brisbane",
    "quantum_mode": true,
    "quantum_entanglement_strength": 5.0,
    "quantum_circuit_depth": 12,
    "geometric_teleportation": false,
    "teleportation_mode": "both",
    "bridge_strength": 1.0,
    "signal_state": "+",
    "emergent_geometry_teleportation": false,
    "teleportation_node_pairs": "auto",
    "teleportation_embedding_dim": 2,
    "teleportation_fidelity_threshold": 0.7,
    "superposition_gravity": true,
    "massive_bulk_mass_hinge": "2",
    "massive_bulk_mass_value": 1.0,
    "massless_bulk_mass_hinge": "None",
    "massless_bulk_mass_value": 0.0,
    "superposition_control_qubit": 0,
    "superposition_phase": 0.0,
    "interference_analysis": true,
    "classical_mixture_comparison": true,
    "coherence_preservation": true,
    "bulk_reconstruction_method": "mi_embedding"
  },
  "uid": "H6Q5HV",
  "counts_per_timestep": [
    null,
    null,
    null
  ],
  "job_ids_per_timestep": [
    null,
    null,
    null
  ],
  "entropy_per_timestep": [
    null,
    null,
    null
  ],
  "mutual_information_per_timestep": [
    {
      "I_0,1": 0.1878606863007286,
      "I_0,2": 0.2221174823632977,
      "I_0,3": 0.18786068630072766,
      "I_1,2": 0.187860686300729,
      "I_1,3": 0.08253633766725654,
      "I_2,3": 0.18786068630072916
    },
    {
      "I_0,1": 0.4861294030535197,
      "I_0,2": 0.5903872319045693,
      "I_0,3": 0.4861294030535195,
      "I_1,2": 0.48612940305351904,
      "I_1,3": 0.4117063427750032,
      "I_2,3": 0.4861294030535186
    },
    {
      "I_0,1": 0.5203403028629321,
      "I_0,2": 0.735616919501882,
      "I_0,3": 0.5203403028629319,
      "I_1,2": 0.5203403028629316,
      "I_1,3": 0.6393737716626964,
      "I_2,3": 0.5203403028629323
    }
  ],
  "boundary_entropies_per_timestep": [
    {
      "entropy_A": 0.22548448336684962,
      "entropy_B": 0.2254844833668473,
      "mi_AB": 0.4509689667336876,
      "pure_state_check": true,
      "entropy_difference": 2.3314683517128287e-15,
      "multiple_regions": {
        "size_1_region_0": {
          "region": [
            0
          ],
          "entropy": 0.29527505571486895,
          "rt_area": 3,
          "size": 1
        },
        "size_1_region_1": {
          "region": [
            1
          ],
          "entropy": 0.22548448336684745,
          "rt_area": 3,
          "size": 1
        },
        "size_1_region_2": {
          "region": [
            2
          ],
          "entropy": 0.29527505571486856,
          "rt_area": 3,
          "size": 1
        },
        "size_2_region_0": {
          "region": [
            0,
            1
          ],
          "entropy": 0.33289885278098785,
          "rt_area": 4,
          "size": 2
        },
        "size_2_region_1": {
          "region": [
            0,
            2
          ],
          "entropy": 0.3684326290664401,
          "rt_area": 4,
          "size": 2
        },
        "size_2_region_2": {
          "region": [
            0,
            3
          ],
          "entropy": 0.3328988527809886,
          "rt_area": 4,
          "size": 2
        },
        "size_3_region_0": {
          "region": [
            0,
            1,
            2
          ],
          "entropy": 0.22548448336684962,
          "rt_area": 3,
          "size": 3
        },
        "size_3_region_1": {
          "region": [
            0,
            1,
            3
          ],
          "entropy": 0.29527505571487056,
          "rt_area": 3,
          "size": 3
        },
        "size_3_region_2": {
          "region": [
            0,
            2,
            3
          ],
          "entropy": 0.22548448336684995,
          "rt_area": 3,
          "size": 3
        }
      }
    },
    {
      "entropy_A": 0.7336979132866095,
      "entropy_B": 0.7336979132866093,
      "mi_AB": 1.4673958265732003,
      "pure_state_check": true,
      "entropy_difference": 2.220446049250313e-16,
      "multiple_regions": {
        "size_1_region_0": {
          "region": [
            0
          ],
          "entropy": 0.8230383578513932,
          "rt_area": 3,
          "size": 1
        },
        "size_1_region_1": {
          "region": [
            1
          ],
          "entropy": 0.7336979132866088,
          "rt_area": 3,
          "size": 1
        },
        "size_1_region_2": {
          "region": [
            2
          ],
          "entropy": 0.8230383578513922,
          "rt_area": 3,
          "size": 1
        },
        "size_2_region_0": {
          "region": [
            0,
            1
          ],
          "entropy": 1.0706068680844825,
          "rt_area": 4,
          "size": 2
        },
        "size_2_region_1": {
          "region": [
            0,
            2
          ],
          "entropy": 1.055689483798216,
          "rt_area": 4,
          "size": 2
        },
        "size_2_region_2": {
          "region": [
            0,
            3
          ],
          "entropy": 1.0706068680844825,
          "rt_area": 4,
          "size": 2
        },
        "size_3_region_0": {
          "region": [
            0,
            1,
            2
          ],
          "entropy": 0.7336979132866095,
          "rt_area": 3,
          "size": 3
        },
        "size_3_region_1": {
          "region": [
            0,
            1,
            3
          ],
          "entropy": 0.8230383578513936,
          "rt_area": 3,
          "size": 3
        },
        "size_3_region_2": {
          "region": [
            0,
            2,
            3
          ],
          "entropy": 0.7336979132866143,
          "rt_area": 3,
          "size": 3
        }
      }
    },
    {
      "entropy_A": 0.8997673198640471,
      "entropy_B": 0.8997673198640461,
      "mi_AB": 1.7995346397280714,
      "pure_state_check": true,
      "entropy_difference": 9.992007221626409e-16,
      "multiple_regions": {
        "size_1_region_0": {
          "region": [
            0
          ],
          "entropy": 0.9478888937836387,
          "rt_area": 3,
          "size": 1
        },
        "size_1_region_1": {
          "region": [
            1
          ],
          "entropy": 0.8997673198640461,
          "rt_area": 3,
          "size": 1
        },
        "size_1_region_2": {
          "region": [
            2
          ],
          "entropy": 0.9478888937836384,
          "rt_area": 3,
          "size": 1
        },
        "size_2_region_0": {
          "region": [
            0,
            1
          ],
          "entropy": 1.3273159107847525,
          "rt_area": 4,
          "size": 2
        },
        "size_2_region_1": {
          "region": [
            0,
            2
          ],
          "entropy": 1.160160868065395,
          "rt_area": 4,
          "size": 2
        },
        "size_2_region_2": {
          "region": [
            0,
            3
          ],
          "entropy": 1.3273159107847528,
          "rt_area": 4,
          "size": 2
        },
        "size_3_region_0": {
          "region": [
            0,
            1,
            2
          ],
          "entropy": 0.8997673198640471,
          "rt_area": 3,
          "size": 3
        },
        "size_3_region_1": {
          "region": [
            0,
            1,
            3
          ],
          "entropy": 0.947888893783641,
          "rt_area": 3,
          "size": 3
        },
        "size_3_region_2": {
          "region": [
            0,
            2,
            3
          ],
          "entropy": 0.8997673198640495,
          "rt_area": 3,
          "size": 3
        }
      }
    }
  ],
  "distance_matrix_per_timestep": [
    [
      [
        0.0,
        1.6720546211661405,
        1.5045488372520341,
        1.6720546211661453
      ],
      [
        1.6720546211661405,
        0.0,
        1.6720546211661382,
        3.3441092423322756
      ],
      [
        1.5045488372520341,
        1.6720546211661382,
        0.0,
        1.6720546211661373
      ],
      [
        1.6720546211661453,
        3.3441092423322756,
        1.6720546211661373,
        0.0
      ]
    ],
    [
      [
        0.0,
        0.7212804290959308,
        0.5269766321076209,
        0.7212804290959313
      ],
      [
        0.7212804290959308,
        0.0,
        0.7212804290959322,
        1.442560858191862
      ],
      [
        0.5269766321076209,
        0.7212804290959322,
        0.0,
        0.721280429095933
      ],
      [
        0.7212804290959313,
        1.442560858191862,
        0.721280429095933,
        0.0
      ]
    ],
    [
      [
        0.0,
        0.6532722528691074,
        0.3070457855623263,
        0.6532722528691078
      ],
      [
        0.6532722528691074,
        0.0,
        0.6532722528691083,
        1.3065445057382152
      ],
      [
        0.3070457855623263,
        0.6532722528691083,
        0.0,
        0.6532722528691071
      ],
      [
        0.6532722528691078,
        1.3065445057382152,
        0.6532722528691071,
        0.0
      ]
    ]
  ],
  "edge_mi": {
    "0,1": 0.5203403028629321,
    "0,3": 0.5203403028629319,
    "0,2": 0.735616919501882,
    "1,2": 0.5203403028629316,
    "2,3": 0.5203403028629323
  },
  "distance_matrix": [
    [
      0.0,
      0.6532722528691074,
      0.3070457855623263,
      0.6532722528691078
    ],
    [
      0.6532722528691074,
      0.0,
      0.6532722528691083,
      0.4472660634312546
    ],
    [
      0.3070457855623263,
      0.6532722528691083,
      0.0,
      0.6532722528691071
    ],
    [
      0.6532722528691078,
      0.4472660634312546,
      0.6532722528691071,
      0.0
    ]
  ],
  "shortest_paths": {
    "0": {
      "0": 0,
      "2": 0.3070457855623263,
      "1": 0.6532722528691074,
      "3": 0.6532722528691078
    },
    "1": {
      "1": 0,
      "3": 0.4472660634312546,
      "0": 0.6532722528691074,
      "2": 0.6532722528691083
    },
    "2": {
      "2": 0,
      "0": 0.3070457855623263,
      "3": 0.6532722528691071,
      "1": 0.6532722528691083
    },
    "3": {
      "3": 0,
      "1": 0.4472660634312546,
      "2": 0.6532722528691071,
      "0": 0.6532722528691078
    }
  },
  "gromov_delta": 0.4997493600879447,
  "mean_distance": 0.42092510755875145,
  "angle_sums": [
    3.6781967302776817,
    3.9157669883685315,
    3.6781967302776812,
    3.9157669883685315
  ],
  "mean_angle_sum": 3.7969818593231066,
  "min_angle_sum": 3.6781967302776812,
  "max_angle_sum": 3.9157669883685315,
  "angle_sum_deviations": [
    0.5366040766878886,
    0.7741743347787384,
    0.5366040766878881,
    0.7741743347787384
  ],
  "triangle_inequality_violations": [],
  "embedding_coords": [
    [
      0.20617930011210792,
      0.12802648635495986
    ],
    [
      -0.21144212378557353,
      0.17552290737894546
    ],
    [
      0.21079432138366017,
      -0.12122450041138216
    ],
    [
      -0.2055314977101945,
      -0.18232489332252313
    ]
  ],
  "embedding_coords_3d": [
    [
      -0.2355703331244528,
      0.017788974980966255,
      0.06312880078394138
    ],
    [
      0.11094266031180447,
      0.08956280317961768,
      -0.23618326106777257
    ],
    [
      -0.08632420091442503,
      -0.22526910148490017,
      0.039985296069995714
    ],
    [
      0.21095187372707339,
      0.11791732332431623,
      0.13306916421383547
    ]
  ],
  "edge_weight_variance": 0.02828512583333333,
  "event_nodes": [
    [
      0,
      0
    ],
    [
      1,
      0
    ],
    [
      2,
      0
    ],
    [
      3,
      0
    ],
    [
      0,
      1
    ],
    [
      1,
      1
    ],
    [
      2,
      1
    ],
    [
      3,
      1
    ],
    [
      0,
      2
    ],
    [
      1,
      2
    ],
    [
      2,
      2
    ],
    [
      3,
      2
    ]
  ],
  "event_edges": [
    {
      "type": "spatial",
      "from": [
        0,
        0
      ],
      "to": [
        1,
        0
      ],
      "weight": 1.6720546211661405
    },
    {
      "type": "spatial",
      "from": [
        0,
        0
      ],
      "to": [
        2,
        0
      ],
      "weight": 1.5045488372520341
    },
    {
      "type": "spatial",
      "from": [
        0,
        0
      ],
      "to": [
        3,
        0
      ],
      "weight": 1.6720546211661453
    },
    {
      "type": "spatial",
      "from": [
        1,
        0
      ],
      "to": [
        2,
        0
      ],
      "weight": 1.6720546211661382
    },
    {
      "type": "spatial",
      "from": [
        1,
        0
      ],
      "to": [
        3,
        0
      ],
      "weight": 3.3441092423322756
    },
    {
      "type": "spatial",
      "from": [
        2,
        0
      ],
      "to": [
        3,
        0
      ],
      "weight": 1.6720546211661373
    },
    {
      "type": "temporal",
      "from": [
        0,
        0
      ],
      "to": [
        0,
        1
      ],
      "weight": 1.0
    },
    {
      "type": "temporal",
      "from": [
        1,
        0
      ],
      "to": [
        1,
        1
      ],
      "weight": 1.0
    },
    {
      "type": "temporal",
      "from": [
        2,
        0
      ],
      "to": [
        2,
        1
      ],
      "weight": 1.0
    },
    {
      "type": "temporal",
      "from": [
        3,
        0
      ],
      "to": [
        3,
        1
      ],
      "weight": 1.0
    },
    {
      "type": "spatial",
      "from": [
        0,
        1
      ],
      "to": [
        1,
        1
      ],
      "weight": 0.7212804290959308
    },
    {
      "type": "spatial",
      "from": [
        0,
        1
      ],
      "to": [
        2,
        1
      ],
      "weight": 0.5269766321076209
    },
    {
      "type": "spatial",
      "from": [
        0,
        1
      ],
      "to": [
        3,
        1
      ],
      "weight": 0.7212804290959313
    },
    {
      "type": "spatial",
      "from": [
        1,
        1
      ],
      "to": [
        2,
        1
      ],
      "weight": 0.7212804290959322
    },
    {
      "type": "spatial",
      "from": [
        1,
        1
      ],
      "to": [
        3,
        1
      ],
      "weight": 1.442560858191862
    },
    {
      "type": "spatial",
      "from": [
        2,
        1
      ],
      "to": [
        3,
        1
      ],
      "weight": 0.721280429095933
    },
    {
      "type": "temporal",
      "from": [
        0,
        1
      ],
      "to": [
        0,
        2
      ],
      "weight": 1.0
    },
    {
      "type": "temporal",
      "from": [
        1,
        1
      ],
      "to": [
        1,
        2
      ],
      "weight": 1.0
    },
    {
      "type": "temporal",
      "from": [
        2,
        1
      ],
      "to": [
        2,
        2
      ],
      "weight": 1.0
    },
    {
      "type": "temporal",
      "from": [
        3,
        1
      ],
      "to": [
        3,
        2
      ],
      "weight": 1.0
    },
    {
      "type": "spatial",
      "from": [
        0,
        2
      ],
      "to": [
        1,
        2
      ],
      "weight": 0.6532722528691074
    },
    {
      "type": "spatial",
      "from": [
        0,
        2
      ],
      "to": [
        2,
        2
      ],
      "weight": 0.3070457855623263
    },
    {
      "type": "spatial",
      "from": [
        0,
        2
      ],
      "to": [
        3,
        2
      ],
      "weight": 0.6532722528691078
    },
    {
      "type": "spatial",
      "from": [
        1,
        2
      ],
      "to": [
        2,
        2
      ],
      "weight": 0.6532722528691083
    },
    {
      "type": "spatial",
      "from": [
        1,
        2
      ],
      "to": [
        3,
        2
      ],
      "weight": 1.3065445057382152
    },
    {
      "type": "spatial",
      "from": [
        2,
        2
      ],
      "to": [
        3,
        2
      ],
      "weight": 0.6532722528691071
    }
  ],
  "lorentzian_dissimilarity": [
    [
      0.0,
      2.7957666561630456,
      2.263667203676448,
      2.7957666561630616,
      -1.0,
      1.7957666561630456,
      1.263667203676448,
      1.7957666561630616,
      -4.0,
      -1.2042333438369544,
      -1.736332796323552,
      -1.2042333438369384
    ],
    [
      2.7957666561630456,
      0.0,
      2.795766656163038,
      11.183066624652147,
      1.7957666561630456,
      -1.0,
      1.795766656163038,
      10.183066624652147,
      -1.2042333438369544,
      -4.0,
      -1.204233343836962,
      7.183066624652147
    ],
    [
      2.263667203676448,
      2.795766656163038,
      0.0,
      2.795766656163035,
      1.263667203676448,
      1.795766656163038,
      -1.0,
      1.795766656163035,
      -1.736332796323552,
      -1.204233343836962,
      -4.0,
      -1.204233343836965
    ],
    [
      2.7957666561630616,
      11.183066624652147,
      2.795766656163035,
      0.0,
      1.7957666561630616,
      10.183066624652147,
      1.795766656163035,
      -1.0,
      -1.2042333438369384,
      7.183066624652147,
      -1.204233343836965,
      -4.0
    ],
    [
      -1.0,
      1.7957666561630456,
      1.263667203676448,
      1.7957666561630616,
      0.0,
      0.52024545739681,
      0.27770437078749083,
      0.5202454573968107,
      -1.0,
      -0.47975454260318995,
      -0.7222956292125091,
      -0.4797545426031893
    ],
    [
      1.7957666561630456,
      -1.0,
      1.795766656163038,
      10.183066624652147,
      0.52024545739681,
      0.0,
      0.520245457396812,
      2.0809818295872415,
      -0.47975454260318995,
      -1.0,
      -0.47975454260318795,
      1.0809818295872415
    ],
    [
      1.263667203676448,
      1.795766656163038,
      -1.0,
      1.795766656163035,
      0.27770437078749083,
      0.520245457396812,
      0.0,
      0.5202454573968133,
      -0.7222956292125091,
      -0.47975454260318795,
      -1.0,
      -0.47975454260318673
    ],
    [
      1.7957666561630616,
      10.183066624652147,
      1.795766656163035,
      -1.0,
      0.5202454573968107,
      2.0809818295872415,
      0.5202454573968133,
      0.0,
      -0.4797545426031893,
      1.0809818295872415,
      -0.47975454260318673,
      -1.0
    ],
    [
      -4.0,
      -1.2042333438369544,
      -1.736332796323552,
      -1.2042333438369384,
      -1.0,
      -0.47975454260318995,
      -0.7222956292125091,
      -0.4797545426031893,
      0.0,
      0.426764636368679,
      0.09427711443158607,
      0.42676463636867956
    ],
    [
      -1.2042333438369544,
      -4.0,
      -1.204233343836962,
      7.183066624652147,
      -0.47975454260318995,
      -1.0,
      -0.47975454260318795,
      1.0809818295872415,
      0.426764636368679,
      0.0,
      0.4267646363686802,
      1.7070585454747171
    ],
    [
      -1.736332796323552,
      -1.204233343836962,
      -4.0,
      -1.204233343836965,
      -0.7222956292125091,
      -0.47975454260318795,
      -1.0,
      -0.47975454260318673,
      0.09427711443158607,
      0.4267646363686802,
      0.0,
      0.42676463636867856
    ],
    [
      -1.2042333438369384,
      7.183066624652147,
      -1.204233343836965,
      -4.0,
      -0.4797545426031893,
      1.0809818295872415,
      -0.47975454260318673,
      -1.0,
      0.42676463636867956,
      1.7070585454747171,
      0.42676463636867856,
      0.0
    ]
  ],
  "lorentzian_embedding": [
    [
      0.4250244712923698,
      0.2924472211951523,
      -0.015057603184055874
    ],
    [
      0.3171086568552507,
      -1.3141898291463514,
      -1.0722182973763446
    ],
    [
      0.06473768088500607,
      0.5782875075483418,
      -1.4836223237663573
    ],
    [
      -0.22463856465476478,
      2.2582560943187615,
      -0.5098103753947115
    ],
    [
      1.1422578396362766,
      0.22644916244292335,
      -0.28682508069307044
    ],
    [
      0.7216382038785071,
      -0.6959593767422161,
      -0.852528605243586
    ],
    [
      1.0002536579307093,
      0.33913586038605664,
      -0.8657937146372605
    ],
    [
      0.3960875414690622,
      1.4507447924669505,
      -0.5145810083518714
    ],
    [
      2.2870254262686602,
      -0.0033707982959192725,
      0.07040397786763154
    ],
    [
      2.036200510011802,
      -0.8121662097753655,
      -0.5526759023271062
    ],
    [
      2.0841860734621265,
      0.15753901476914686,
      -0.7563640108937721
    ],
    [
      1.7501112091409736,
      1.0742830018989469,
      -0.25571234336685794
    ]
  ],
  "edge_length_evolution": [],
  "angle_deficit_evolution": [],
  "regge_action_evolution": [],
  "gromov_delta_evolution": [],
  "mass_hinge": null,
  "mass_value": 0.0,
  "matter": [
    {
      "(0, 1)": 0.0,
      "(1, 2)": 0.0,
      "(0, 3)": 0.0,
      "(2, 3)": 0.0,
      "(0, 2)": 0.0,
      "(1, 3)": 0.0
    },
    {
      "(0, 1)": 0.0,
      "(1, 2)": 0.0,
      "(0, 3)": 0.0,
      "(2, 3)": 0.0,
      "(0, 2)": 0.0,
      "(1, 3)": 0.0
    },
    {
      "(0, 1)": 0.0,
      "(1, 2)": 0.0,
      "(0, 3)": 0.0,
      "(2, 3)": 0.0,
      "(0, 2)": 0.0,
      "(1, 3)": 0.0
    }
  ],
  "stationary_solution": null,
  "einstein_analysis_per_timestep": [
    {
      "ricci_tensor": [
        [
          0.06600603532709179,
          0.0
        ],
        [
          0.0,
          0.06600603532709179
        ]
      ],
      "metric_tensor": [
        [
          1.0132012070654184,
          0.006600603532709179
        ],
        [
          0.006600603532709179,
          1.0132012070654184
        ]
      ],
      "stress_energy_tensor": [
        [
          0.06600603532709179,
          0.0013201207065418358
        ],
        [
          0.0013201207065418358,
          0.06600603532709179
        ]
      ],
      "einstein_solution": {
        "einstein_tensor": [
          [
            0.0,
            0.0
          ],
          [
            0.0,
            0.0
          ]
        ],
        "ricci_scalar": 0.13201207065418358,
        "metric_tensor": [
          [
            1.0,
            0.0
          ],
          [
            0.0,
            1.0
          ]
        ],
        "lhs": [
          [
            0.0,
            0.0
          ],
          [
            0.0,
            0.0
          ]
        ],
        "rhs": [
          [
            0.06600603532709179,
            0.0013201207065418358
          ],
          [
            0.0013201207065418358,
            0.06600603532709179
          ]
        ],
        "equations_satisfied": false,
        "residual": 0.09336529781756313,
        "conservation_violation": 0.06600603532709179,
        "gravitational_constant": 0.039788735772973836,
        "cosmological_constant": 0.0
      },
      "entropy_first_derivative": 0.0,
      "entropy_second_derivative": 0.0,
      "entropy_curvature_correlation": 0.0933466253580511,
      "emergent_gravitational_constant": 0.010505186796204926,
      "average_mutual_information": 0.13201207065418358,
      "ricci_scalar": 0.13201207065418358,
      "analysis_summary": {
        "einstein_equations_satisfied": false,
        "residual_magnitude": 0.09336529781756313,
        "conservation_violation": 0.06600603532709179,
        "entropy_evolution_rate": 0.0,
        "entropy_acceleration": 0.0,
        "entanglement_curvature_coupling": 0.0933466253580511
      }
    },
    {
      "ricci_tensor": [
        [
          0.18416319918085308,
          0.0
        ],
        [
          0.0,
          0.18416319918085308
        ]
      ],
      "metric_tensor": [
        [
          1.0368326398361707,
          0.01841631991808531
        ],
        [
          0.01841631991808531,
          1.0368326398361707
        ]
      ],
      "stress_energy_tensor": [
        [
          0.18416319918085308,
          0.003683263983617062
        ],
        [
          0.003683263983617062,
          0.18416319918085308
        ]
      ],
      "einstein_solution": {
        "einstein_tensor": [
          [
            0.0,
            0.0
          ],
          [
            0.0,
            0.0
          ]
        ],
        "ricci_scalar": 0.36832639836170616,
        "metric_tensor": [
          [
            1.0,
            0.0
          ],
          [
            0.0,
            1.0
          ]
        ],
        "lhs": [
          [
            0.0,
            0.0
          ],
          [
            0.0,
            0.0
          ]
        ],
        "rhs": [
          [
            0.18416319918085308,
            0.003683263983617062
          ],
          [
            0.003683263983617062,
            0.18416319918085308
          ]
        ],
        "equations_satisfied": false,
        "residual": 0.26049817798249403,
        "conservation_violation": 0.18416319918085308,
        "gravitational_constant": 0.039788735772973836,
        "cosmological_constant": 0.0
      },
      "entropy_first_derivative": 0.0,
      "entropy_second_derivative": 0.0,
      "entropy_curvature_correlation": 0.26044608897158017,
      "emergent_gravitational_constant": 0.02931048348525006,
      "average_mutual_information": 0.36832639836170616,
      "ricci_scalar": 0.36832639836170616,
      "analysis_summary": {
        "einstein_equations_satisfied": false,
        "residual_magnitude": 0.26049817798249403,
        "conservation_violation": 0.18416319918085308,
        "entropy_evolution_rate": 0.0,
        "entropy_acceleration": 0.0,
        "entanglement_curvature_coupling": 0.26044608897158017
      }
    },
    {
      "ricci_tensor": [
        [
          0.21602199391351914,
          0.0
        ],
        [
          0.0,
          0.21602199391351914
        ]
      ],
      "metric_tensor": [
        [
          1.0432043987827038,
          0.021602199391351915
        ],
        [
          0.021602199391351915,
          1.0432043987827038
        ]
      ],
      "stress_energy_tensor": [
        [
          0.21602199391351914,
          0.004320439878270383
        ],
        [
          0.004320439878270383,
          0.21602199391351914
        ]
      ],
      "einstein_solution": {
        "einstein_tensor": [
          [
            0.0,
            0.0
          ],
          [
            0.0,
            0.0
          ]
        ],
        "ricci_scalar": 0.4320439878270383,
        "metric_tensor": [
          [
            1.0,
            0.0
          ],
          [
            0.0,
            1.0
          ]
        ],
        "lhs": [
          [
            0.0,
            0.0
          ],
          [
            0.0,
            0.0
          ]
        ],
        "rhs": [
          [
            0.21602199391351914,
            0.004320439878270383
          ],
          [
            0.004320439878270383,
            0.21602199391351914
          ]
        ],
        "equations_satisfied": false,
        "residual": 0.30556232770128666,
        "conservation_violation": 0.21602199391351914,
        "gravitational_constant": 0.039788735772973836,
        "cosmological_constant": 0.0
      },
      "entropy_first_derivative": 0.0,
      "entropy_second_derivative": 0.0,
      "entropy_curvature_correlation": 0.305501228563377,
      "emergent_gravitational_constant": 0.0343809681479039,
      "average_mutual_information": 0.4320439878270383,
      "ricci_scalar": 0.4320439878270383,
      "analysis_summary": {
        "einstein_equations_satisfied": false,
        "residual_magnitude": 0.30556232770128666,
        "conservation_violation": 0.21602199391351914,
        "entropy_evolution_rate": 0.0,
        "entropy_acceleration": 0.0,
        "entanglement_curvature_coupling": 0.305501228563377
      }
    }
  ],
  "bootstrap_analysis": {
    "gromov_delta": {
      "mean": 1.0155357677103931,
      "lower_ci": 0.6532722528691083,
      "upper_ci": 1.6720546211661402,
      "all_values": [
        1.6720546211661402,
        0.7212804290959314,
        0.6532722528691083
      ],
      "uncertainty": 0.6565188534557471
    },
    "entropy": {
      "mean": null,
      "lower_ci": null,
      "upper_ci": null,
      "uncertainty": null
    },
    "distance_matrix": {
      "mean": [
        [
          0.0,
          1.015535767710393,
          0.7795237516406605,
          1.0155357677103949
        ],
        [
          1.015535767710393,
          0.0,
          1.015535767710393,
          2.0310715354207844
        ],
        [
          0.7795237516406605,
          1.015535767710393,
          0.0,
          1.0155357677103927
        ],
        [
          1.0155357677103949,
          2.0310715354207844,
          1.0155357677103927,
          0.0
        ]
      ],
      "lower_ci": [
        [
          0.0,
          0.6532722528691074,
          0.3070457855623263,
          0.6532722528691078
        ],
        [
          0.6532722528691074,
          0.0,
          0.6532722528691083,
          1.3065445057382152
        ],
        [
          0.3070457855623263,
          0.6532722528691083,
          0.0,
          0.6532722528691071
        ],
        [
          0.6532722528691078,
          1.3065445057382152,
          0.6532722528691071,
          0.0
        ]
      ],
      "upper_ci": [
        [
          0.0,
          1.6720546211661407,
          1.504548837252034,
          1.6720546211661453
        ],
        [
          1.6720546211661407,
          0.0,
          1.6720546211661382,
          3.344109242332275
        ],
        [
          1.504548837252034,
          1.6720546211661382,
          0.0,
          1.6720546211661373
        ],
        [
          1.6720546211661453,
          3.344109242332275,
          1.6720546211661373,
          0.0
        ]
      ]
    }
  },
  "topology_compatibility": {
    "current_topology": "triangulated",
    "explanation": "Triangulated topology is specifically designed for angle-sum curvature. Creates multiple triangles per vertex, enabling robust local curvature measurements. Each vertex has multiple incident triangles for well-defined angle sums.",
    "supports_local_curvature": true
  },
  "rt_surface_analysis": {
    "region_A": [
      0
    ],
    "region_B": [
      1,
      2,
      3
    ],
    "bulk_point": 2,
    "is_complementary": true,
    "rt_area_AB": 1.6135902913005415,
    "rt_area_BA": 1.6135902913005415,
    "area_consistent": true,
    "edges_consistent": true,
    "area_difference": 0.0,
    "rt_edges_AB": [
      [
        0,
        1
      ],
      [
        0,
        2
      ],
      [
        0,
        3
      ]
    ],
    "rt_edges_BA": [
      [
        0,
        1
      ],
      [
        0,
        2
      ],
      [
        0,
        3
      ]
    ],
    "edge_lengths": [
      0.6532722528691074,
      0.3070457855623263,
      0.6532722528691078,
      0.6532722528691083,
      1.3065445057382152,
      0.6532722528691071
    ],
    "all_edges": [
      [
        0,
        1
      ],
      [
        0,
        2
      ],
      [
        0,
        3
      ],
      [
        1,
        2
      ],
      [
        1,
        3
      ],
      [
        2,
        3
      ]
    ]
  },
  "bulk_excitation_analysis": {
    "ground_state_mi": [
      [
        0.0,
        0.5203403028629323,
        0.735616919501882,
        0.5203403028629321
      ],
      [
        0.5203403028629323,
        0.0,
        0.5203403028629316,
        0.6393737716626964
      ],
      [
        0.735616919501882,
        0.5203403028629316,
        0.0,
        0.5203403028629323
      ],
      [
        0.5203403028629321,
        0.6393737716626964,
        0.5203403028629323,
        0.0
      ]
    ],
    "excited_state_mi": [
      [
        0.0,
        0.7296478716195605,
        0.6961475332238931,
        0.7296478716195609
      ],
      [
        0.7296478716195605,
        0.0,
        0.5561045831587297,
        0.7791727106804676
      ],
      [
        0.6961475332238931,
        0.5561045831587297,
        0.0,
        0.5561045831587292
      ],
      [
        0.7296478716195609,
        0.7791727106804676,
        0.5561045831587292,
        0.0
      ]
    ],
    "mi_difference": [
      [
        0.0,
        0.20930756875662815,
        -0.039469386277988905,
        0.20930756875662881
      ],
      [
        0.20930756875662815,
        0.0,
        0.035764280295798034,
        0.13979893901777118
      ],
      [
        -0.039469386277988905,
        0.035764280295798034,
        0.0,
        0.035764280295796924
      ],
      [
        0.20930756875662881,
        0.13979893901777118,
        0.035764280295796924,
        0.0
      ]
    ],
    "avg_mi_change": 0.0836765029250765,
    "max_mi_change": 0.20930756875662881,
    "mi_change_boundary_A": NaN,
    "mi_change_boundary_B": 0.07044249986978872,
    "bulk_point": 2,
    "ground_state_counts": {
      "1001 1001": 4,
      "1010 1010": 4,
      "0101 0101": 3,
      "0000 0000": 31,
      "1101 1101": 7,
      "1000 1000": 2,
      "1111 1111": 24,
      "0110 0110": 5,
      "0010 0010": 5,
      "0011 0011": 2,
      "1100 1100": 6,
      "1011 1011": 4,
      "0111 0111": 1,
      "1110 1110": 2
    },
    "excited_state_counts": {
      "0001 1111": 4,
      "1100 0000": 2,
      "0100 1010": 6,
      "1010 0000": 15,
      "0101 1111": 9,
      "0011 1101": 1,
      "0100 1110": 3,
      "1101 0101": 2,
      "1011 0101": 3,
      "0010 1110": 1,
      "1110 0000": 11,
      "0010 0000": 3,
      "1111 0101": 2,
      "0110 1110": 2,
      "0110 1100": 1,
      "0011 1001": 2,
      "0000 1110": 3,
      "1100 0010": 2,
      "1101 0011": 1,
      "1101 0111": 2,
      "0011 1111": 2,
      "0111 1001": 1,
      "1111 1011": 1,
      "1000 0010": 3,
      "0110 0000": 3,
      "0001 1011": 2,
      "0111 1101": 1,
      "1110 0010": 1,
      "0010 1000": 3,
      "0100 0010": 1,
      "0110 1000": 1,
      "1100 1110": 2,
      "1110 0110": 2,
      "1000 0000": 1,
      "1001 0111": 1
    },
    "boundary_entropies": {
      "ground_state": {
        "entropy_A": 0.8997673198640471,
        "entropy_B": 0.8997673198640461,
        "mi_AB": 1.7995346397280714
      },
      "excited_state": {
        "entropy_A": 0.9026298382815127,
        "entropy_B": 0.9026298382815094,
        "mi_AB": 1.8052596765629976
      },
      "rt_relation_test": {
        "entropy_ratio": 0.9999999999999989,
        "rt_area_ratio": 1.0,
        "rt_deviation": 1.1102230246251565e-15,
        "excited_entropy_ratio": 0.9999999999999964,
        "rt_relation_change": 2.4424906541753444e-15
      }
    }
  },
  "page_curve_analysis": null,
  "deutsch_ctc_analysis": null,
  "ctc_recovery_analysis": null,
  "einstein_analysis": null,
  "dynamic_evidence": {
    "angle_sums_per_timestep": [
      [
        9.42477796076938,
        3.1415926918080275,
        9.42477796076938,
        0.0
      ],
      [
        4.209532871831854,
        0.0,
        4.209532871831856,
        3.1415934323042096
      ],
      [
        3.6781967302776817,
        0.0,
        3.6781967302776812,
        3.1415927418370933
      ]
    ],
    "gromov_delta_per_timestep": [
      1.6720546211661402,
      0.7212804290959314,
      0.6532722528691083
    ],
    "edge_mi_per_timestep": [
      {
        "0,1": 0.1878606863007286,
        "0,3": 0.18786068630072766,
        "0,2": 0.2221174823632977,
        "1,2": 0.187860686300729,
        "2,3": 0.18786068630072916
      },
      {
        "0,1": 0.4861294030535197,
        "0,3": 0.4861294030535195,
        "0,2": 0.5903872319045693,
        "1,2": 0.48612940305351904,
        "2,3": 0.4861294030535186
      },
      {
        "0,1": 0.5203403028629321,
        "0,3": 0.5203403028629319,
        "0,2": 0.735616919501882,
        "1,2": 0.5203403028629316,
        "2,3": 0.5203403028629323
      }
    ],
    "shortest_paths_per_timestep": [
      {
        "0": {
          "0": 0,
          "2": 1.5045488372520341,
          "1": 1.6720546211661405,
          "3": 1.6720546211661453
        },
        "1": {
          "1": 0,
          "2": 1.6720546211661382,
          "0": 1.6720546211661405,
          "3": 3.3441092423322756
        },
        "2": {
          "2": 0,
          "0": 1.5045488372520341,
          "3": 1.6720546211661373,
          "1": 1.6720546211661382
        },
        "3": {
          "3": 0,
          "2": 1.6720546211661373,
          "0": 1.6720546211661453,
          "1": 3.3441092423322756
        }
      },
      {
        "0": {
          "0": 0,
          "2": 0.5269766321076209,
          "1": 0.7212804290959308,
          "3": 0.7212804290959313
        },
        "1": {
          "1": 0,
          "0": 0.7212804290959308,
          "2": 0.7212804290959322,
          "3": 1.442560858191862
        },
        "2": {
          "2": 0,
          "0": 0.5269766321076209,
          "1": 0.7212804290959322,
