{
  "spec": {
    "num_qubits": 4,
    "topology": "triangulated",
    "custom_edges": "0-1:1.0000,0-2:1.0000,0-3:1.0000,1-2:1.0000,1-3:1.0000,2-3:1.0000",
    "alpha": 0.8,
    "weight": 1.7186023524951395,
    "gamma": 0.00018081112627104057,
    "sigma": 9.398956411375335e-05,
    "init_angle": 0.6370380548517132,
    "init_angles": null,
    "shots": 500,
    "device": "ibm_brisbane",
    "geometry": "spherical",
    "curvature": 4.5,
    "timesteps": 3,
    "dimension": 2,
    "mass_hinge": null,
    "mass_value": 0.0,
    "solve_regge": false,
    "lorentzian": true,
    "excite": true,
    "fast": false,
    "fast_preset": "balanced",
    "ctc_mode": false,
    "ctc_perturbation": null,
    "ctc_perturbation_strength": 1.0,
    "test_ctc_recovery": false,
    "strong_curvature": true,
    "charge_injection": true,
    "charge_strength": 2.5,
    "charge_location": null,
    "spin_injection": true,
    "spin_strength": 2.0,
    "spin_location": null,
    "edge_floor": 0.001,
    "compute_entropies": true,
    "hyperbolic_triangulation": true,
    "trotter_steps": 8,
    "dt": 0.05,
    "analyze_curvature": true,
    "einstein_solver": true,
    "page_curve": true,
    "radiation_ordering": null,
    "page_curve_timesteps": 15,
    "entropy_method": "hybrid",
    "num_shadows": 100,
    "shots_per_shadow": 1000,
    "num_bases": 20,
    "shots_per_basis": 1000,
    "enhanced_entanglement": false,
    "entanglement_strength": 0.0038046863842526616,
    "interpolate_geometry": false,
    "smooth_charge_injection": false,
    "min_qubits_for_continuum": 10,
    "benchmark_against_classical_geometry": false,
    "geometry_fit_metric": "wasserstein,kl,euclidean",
    "verify_noise_robustness": false,
    "run_on_multiple_backends": false,
    "detect_and_flag_causal_loops": true,
    "restrict_information_flow_direction": "bidirectional",
    "filter_noncausal_edges": true,
    "use_ryu_takayanagi_test": true,
    "compare_MI_vs_subsystem_entropy": true,
    "embed_boundary_entropy_in_geometry": true,
    "entropy_engineering": true,
    "target_entropy_pattern": "quantum_gravity",
    "custom_target_entropies": null,
    "entropy_optimization_iterations": 200,
    "entropy_tolerance": 0.05,
    "continue_on_engineering_failure": true,
    "skip_entropy_engineering": false,
    "validate_engineered_geometry": true,
    "enhance_bell_violations": true,
    "bell_entanglement_strength": 4.0,
    "teleportation_circuits": true,
    "long_range_coupling": 3.0,
    "holographic_optimization": true,
    "rt_surface_encoding": true,
    "conformal_symmetry": true,
    "bulk_reconstruction": true,
    "scalable_entanglement": true,
    "parallel_execution": true,
    "memory_optimization": true,
    "circuit_compilation": "optimized",
    "real_hardware": false,
    "error_mitigation": true,
    "zero_noise_extrapolation": true,
    "zne_noise_factors": [
      1.0,
      2.0,
      3.0
    ],
    "zne_extrapolation_method": "polynomial",
    "hardware_calibration": true,
    "noise_characterization": true,
    "backend_name": "ibm_brisbane",
    "quantum_mode": true,
    "quantum_entanglement_strength": 5.0,
    "quantum_circuit_depth": 12,
    "geometric_teleportation": false,
    "teleportation_mode": "both",
    "bridge_strength": 1.0,
    "signal_state": "+",
    "emergent_geometry_teleportation": false,
    "teleportation_node_pairs": "auto",
    "teleportation_embedding_dim": 2,
    "teleportation_fidelity_threshold": 0.7,
    "superposition_gravity": true,
    "massive_bulk_mass_hinge": "2",
    "massive_bulk_mass_value": 1.0,
    "massless_bulk_mass_hinge": "None",
    "massless_bulk_mass_value": 0.0,
    "superposition_control_qubit": 0,
    "superposition_phase": 0.0,
    "interference_analysis": true,
    "classical_mixture_comparison": true,
    "coherence_preservation": true,
    "bulk_reconstruction_method": "mi_embedding"
  },
  "uid": "H4ZSKY",
  "counts_per_timestep": [
    {
      "0101": 35,
      "1110": 38,
      "1101": 35,
      "1011": 25,
      "0100": 60,
      "0011": 18,
      "0000": 27,
      "1001": 19,
      "0010": 33,
      "1100": 41,
      "0110": 30,
      "0111": 28,
      "1000": 30,
      "1111": 27,
      "0001": 26,
      "1010": 28
    },
    {
      "1111": 41,
      "0110": 29,
      "1100": 29,
      "0011": 31,
      "1101": 33,
      "0001": 35,
      "1110": 22,
      "1011": 27,
      "0100": 34,
      "1001": 28,
      "0010": 42,
      "0111": 26,
      "1000": 35,
      "0000": 26,
      "1010": 32,
      "0101": 30
    },
    {
      "0010": 43,
      "0100": 31,
      "1101": 27,
      "0101": 30,
      "1111": 39,
      "1001": 27,
      "1011": 30,
      "0011": 33,
      "1100": 38,
      "0111": 28,
      "0000": 22,
      "0110": 36,
      "1010": 33,
      "1000": 25,
      "1110": 39,
      "0001": 19
    }
  ],
  "job_ids_per_timestep": [
    "d27t8ro56fsc73e6bhs0",
    "d27t8t056fsc73e6bhu0",
    "d27t8uh29u8s73f8khog"
  ],
  "entropy_per_timestep": [
    3.938833330166735,
    3.9803973242409487,
    3.969109839928798
  ],
  "mutual_information_per_timestep": [
    {
      "I_0,1": 5.558198122184756e-05,
      "I_0,2": 2.0099391373212144e-06,
      "I_0,3": 0.00020169531669374328,
      "I_1,2": 0.0036533542551159294,
      "I_1,3": 0.0019048982746008736,
      "I_2,3": 0.00011729855021552467
    },
    {
      "I_0,1": 5.558198122184756e-05,
      "I_0,2": 2.0099391373212144e-06,
      "I_0,3": 0.00020169531669374328,
      "I_1,2": 0.0036533542551159294,
      "I_1,3": 0.0019048982746008736,
      "I_2,3": 0.00011729855021552467
    },
    {
      "I_0,1": 5.558198122184756e-05,
      "I_0,2": 2.0099391373212144e-06,
      "I_0,3": 0.00020169531669374328,
      "I_1,2": 0.0036533542551159294,
      "I_1,3": 0.0019048982746008736,
      "I_2,3": 0.00011729855021552467
    }
  ],
  "boundary_entropies_per_timestep": [
    {
      "entropy_A": -0.0,
      "entropy_B": -0.0,
      "mi_AB": 0.0,
      "pure_state_check": true,
      "entropy_difference": 0.0,
      "multiple_regions": {
        "size_1_region_0": {
          "region": [
            0
          ],
          "entropy": 0.6927551293225422,
          "rt_area": 3,
          "size": 1
        },
        "size_1_region_1": {
          "region": [
            1
          ],
          "entropy": 0.6775782136857396,
          "rt_area": 3,
          "size": 1
        },
        "size_2_region_0": {
          "region": [
            0,
            1
          ],
          "entropy": 0.5112947360872375,
          "rt_area": 4,
          "size": 2
        },
        "size_2_region_1": {
          "region": [
            0,
            2
          ],
          "entropy": 0.6074369177669534,
          "rt_area": 4,
          "size": 2
        },
        "size_3_region_0": {
          "region": [
            0,
            1,
            2
          ],
          "entropy": 0.33806977200113625,
          "rt_area": 3,
          "size": 3
        },
        "size_3_region_1": {
          "region": [
            0,
            1,
            3
          ],
          "entropy": 0.3669249912727096,
          "rt_area": 3,
          "size": 3
        }
      }
    },
    {
      "entropy_A": -0.0,
      "entropy_B": -0.0,
      "mi_AB": 0.0,
      "pure_state_check": true,
      "entropy_difference": 0.0,
      "multiple_regions": {
        "size_1_region_0": {
          "region": [
            0
          ],
          "entropy": 0.6930751788318458,
          "rt_area": 3,
          "size": 1
        },
        "size_1_region_1": {
          "region": [
            1
          ],
          "entropy": 0.6928591529055732,
          "rt_area": 3,
          "size": 1
        },
        "size_2_region_0": {
          "region": [
            0,
            1
          ],
          "entropy": 0.5812594319855474,
          "rt_area": 4,
          "size": 2
        },
        "size_2_region_1": {
          "region": [
            0,
            2
          ],
          "entropy": 0.5623351446188083,
          "rt_area": 4,
          "size": 2
        },
        "size_3_region_0": {
          "region": [
            0,
            1,
            2
          ],
          "entropy": 0.3708910023130473,
          "rt_area": 3,
          "size": 3
        },
        "size_3_region_1": {
          "region": [
            0,
            1,
            3
          ],
          "entropy": 0.39763534227532993,
          "rt_area": 3,
          "size": 3
        }
      }
    },
    {
      "entropy_A": -0.0,
      "entropy_B": -0.0,
      "mi_AB": 0.0,
      "pure_state_check": true,
      "entropy_difference": 0.0,
      "multiple_regions": {
        "size_1_region_0": {
          "region": [
            0
          ],
          "entropy": 0.6926350931428009,
          "rt_area": 3,
          "size": 1
        },
        "size_1_region_1": {
          "region": [
            1
          ],
          "entropy": 0.6905529364152048,
          "rt_area": 3,
          "size": 1
        },
        "size_2_region_0": {
          "region": [
            0,
            1
          ],
          "entropy": 0.544064595967142,
          "rt_area": 4,
          "size": 2
        },
        "size_2_region_1": {
          "region": [
            0,
            2
          ],
          "entropy": 0.505897848305788,
          "rt_area": 4,
          "size": 2
        },
        "size_3_region_0": {
          "region": [
            0,
            1,
            2
          ],
          "entropy": 0.283627096116858,
          "rt_area": 3,
          "size": 3
        },
        "size_3_region_1": {
          "region": [
            0,
            1,
            3
          ],
          "entropy": 0.3863867062886037,
          "rt_area": 3,
          "size": 3
        }
      }
    }
  ],
  "distance_matrix_per_timestep": [
    [
      [
        0.0,
        9.797651487976351,
        13.11740611629143,
        8.508752332442029
      ],
      [
        9.797651487976351,
        0.0,
        5.612109559381466,
        14.662897721391637
      ],
      [
        13.11740611629143,
        5.612109559381466,
        0.0,
        9.050788162010171
      ],
      [
        8.508752332442029,
        14.662897721391637,
        9.050788162010171,
        0.0
      ]
    ],
    [
      [
        0.0,
        9.797651487976351,
        13.11740611629143,
        8.508752332442029
      ],
      [
        9.797651487976351,
        0.0,
        5.612109559381466,
        14.662897721391637
      ],
      [
        13.11740611629143,
        5.612109559381466,
        0.0,
        9.050788162010171
      ],
      [
        8.508752332442029,
        14.662897721391637,
        9.050788162010171,
        0.0
      ]
    ],
    [
      [
        0.0,
        9.797651487976351,
        13.11740611629143,
        8.508752332442029
      ],
      [
        9.797651487976351,
        0.0,
        5.612109559381466,
        14.662897721391637
      ],
      [
        13.11740611629143,
        5.612109559381466,
        0.0,
        9.050788162010171
      ],
      [
        8.508752332442029,
        14.662897721391637,
        9.050788162010171,
        0.0
      ]
    ]
  ],
  "edge_mi": {
    "0,1": 5.558198122184756e-05,
    "0,3": 0.00020169531669374328,
    "0,2": 2.0099391373212144e-06,
    "1,2": 0.0036533542551159294,
    "2,3": 0.00011729855021552467
  },
  "distance_matrix": [
    [
      0.0,
      9.797651487976351,
      13.11740611629143,
      8.508752332442029
    ],
    [
      9.797651487976351,
      0.0,
      5.612109559381466,
      6.263326670988905
    ],
    [
      13.11740611629143,
      5.612109559381466,
      0.0,
      9.050788162010171
    ],
    [
      8.508752332442029,
      6.263326670988905,
      9.050788162010171,
      0.0
    ]
  ],
  "shortest_paths": {
    "0": {
      "0": 0,
      "3": 8.508752332442029,
      "1": 9.797651487976351,
      "2": 13.11740611629143
    },
    "1": {
      "1": 0,
      "2": 5.612109559381466,
      "3": 6.263326670988905,
      "0": 9.797651487976351
    },
    "2": {
      "2": 0,
      "1": 5.612109559381466,
      "3": 9.050788162010171,
      "0": 13.11740611629143
    },
    "3": {
      "3": 0,
      "1": 6.263326670988905,
      "0": 8.508752332442029,
      "2": 9.050788162010171
    }
  },
  "gromov_delta": 8.651474022443157,
  "mean_distance": 6.543754291136294,
  "angle_sums": [
    3.141592653589793,
    3.141592653589793,
    3.141592653589793,
    5.4101336330534195
  ],
  "mean_angle_sum": 3.7087278984556997,
  "min_angle_sum": 3.141592653589793,
  "max_angle_sum": 5.4101336330534195,
  "angle_sum_deviations": [
    0.0,
    0.0,
    0.0,
    2.2685409794636264
  ],
  "triangle_inequality_violations": [],
  "embedding_coords": [
    [
      0.05688097057610066,
      0.1358616937910573
    ],
    [
      -0.08869221732777324,
      -0.0729223003138253
    ],
    [
      -0.11730311254064162,
      -0.11238125441856636
    ],
    [
      0.14911435929231412,
      0.04944186094133432
    ]
  ],
  "embedding_coords_3d": [
    [
      -0.008880110838184255,
      0.055655339862792384,
      0.09666908022160907
    ],
    [
      -0.05694124375002531,
      -0.0631335621671573,
      -0.10498323435357958
    ],
    [
      -0.0221602039321873,
      -0.014802554033631161,
      -0.14895557173533067
    ],
    [
      0.08798155852039687,
      0.02228077633799608,
      0.15726972586730115
    ]
  ],
  "edge_weight_variance": 0.0,
  "event_nodes": [
    [
      0,
      0
    ],
    [
      1,
      0
    ],
    [
      2,
      0
    ],
    [
      3,
      0
    ],
    [
      0,
      1
    ],
    [
      1,
      1
    ],
    [
      2,
      1
    ],
    [
      3,
      1
    ],
    [
      0,
      2
    ],
    [
      1,
      2
    ],
    [
      2,
      2
    ],
    [
      3,
      2
    ]
  ],
  "event_edges": [
    {
      "type": "spatial",
      "from": [
        0,
        0
      ],
      "to": [
        1,
        0
      ],
      "weight": 9.797651487976351
    },
    {
      "type": "spatial",
      "from": [
        0,
        0
      ],
      "to": [
        2,
        0
      ],
      "weight": 13.11740611629143
    },
    {
      "type": "spatial",
      "from": [
        0,
        0
      ],
      "to": [
        3,
        0
      ],
      "weight": 8.508752332442029
    },
    {
      "type": "spatial",
      "from": [
        1,
        0
      ],
      "to": [
        2,
        0
      ],
      "weight": 5.612109559381466
    },
    {
      "type": "spatial",
      "from": [
        1,
        0
      ],
      "to": [
        3,
        0
      ],
      "weight": 14.662897721391637
    },
    {
      "type": "spatial",
      "from": [
        2,
        0
      ],
      "to": [
        3,
        0
      ],
      "weight": 9.050788162010171
    },
    {
      "type": "temporal",
      "from": [
        0,
        0
      ],
      "to": [
        0,
        1
      ],
      "weight": 1.0
    },
    {
      "type": "temporal",
      "from": [
        1,
        0
      ],
      "to": [
        1,
        1
      ],
      "weight": 1.0
    },
    {
      "type": "temporal",
      "from": [
        2,
        0
      ],
      "to": [
        2,
        1
      ],
      "weight": 1.0
    },
    {
      "type": "temporal",
      "from": [
        3,
        0
      ],
      "to": [
        3,
        1
      ],
      "weight": 1.0
    },
    {
      "type": "spatial",
      "from": [
        0,
        1
      ],
      "to": [
        1,
        1
      ],
      "weight": 9.797651487976351
    },
    {
      "type": "spatial",
      "from": [
        0,
        1
      ],
      "to": [
        2,
        1
      ],
      "weight": 13.11740611629143
    },
    {
      "type": "spatial",
      "from": [
        0,
        1
      ],
      "to": [
        3,
        1
      ],
      "weight": 8.508752332442029
    },
    {
      "type": "spatial",
      "from": [
        1,
        1
      ],
      "to": [
        2,
        1
      ],
      "weight": 5.612109559381466
    },
    {
      "type": "spatial",
      "from": [
        1,
        1
      ],
      "to": [
        3,
        1
      ],
      "weight": 14.662897721391637
    },
    {
      "type": "spatial",
      "from": [
        2,
        1
      ],
      "to": [
        3,
        1
      ],
      "weight": 9.050788162010171
    },
    {
      "type": "temporal",
      "from": [
        0,
        1
      ],
      "to": [
        0,
        2
      ],
      "weight": 1.0
    },
    {
      "type": "temporal",
      "from": [
        1,
        1
      ],
      "to": [
        1,
        2
      ],
      "weight": 1.0
    },
    {
      "type": "temporal",
      "from": [
        2,
        1
      ],
      "to": [
        2,
        2
      ],
      "weight": 1.0
    },
    {
      "type": "temporal",
      "from": [
        3,
        1
      ],
      "to": [
        3,
        2
      ],
      "weight": 1.0
    },
    {
      "type": "spatial",
      "from": [
        0,
        2
      ],
      "to": [
        1,
        2
      ],
      "weight": 9.797651487976351
    },
    {
      "type": "spatial",
      "from": [
        0,
        2
      ],
      "to": [
        2,
        2
      ],
      "weight": 13.11740611629143
    },
    {
      "type": "spatial",
      "from": [
        0,
        2
      ],
      "to": [
        3,
        2
      ],
      "weight": 8.508752332442029
    },
    {
      "type": "spatial",
      "from": [
        1,
        2
      ],
      "to": [
        2,
        2
      ],
      "weight": 5.612109559381466
    },
    {
      "type": "spatial",
      "from": [
        1,
        2
      ],
      "to": [
        3,
        2
      ],
      "weight": 14.662897721391637
    },
    {
      "type": "spatial",
      "from": [
        2,
        2
      ],
      "to": [
        3,
        2
      ],
      "weight": 9.050788162010171
    }
  ],
  "lorentzian_dissimilarity": [
    [
      0.0,
      95.99397467984521,
      172.06634321971984,
      72.39886625483767,
      -1.0,
      94.99397467984521,
      171.06634321971984,
      71.39886625483767,
      -4.0,
      91.99397467984521,
      168.06634321971984,
      68.39886625483767
    ],
    [
      95.99397467984521,
      0.0,
      31.49577370650083,
      215.00056958799206,
      94.99397467984521,
      -1.0,
      30.49577370650083,
      214.00056958799206,
      91.99397467984521,
      -4.0,
      27.49577370650083,
      211.00056958799206
    ],
    [
      172.06634321971984,
      31.49577370650083,
      0.0,
      81.91676635358345,
      171.06634321971984,
      30.49577370650083,
      -1.0,
      80.91676635358345,
      168.06634321971984,
      27.49577370650083,
      -4.0,
      77.91676635358345
    ],
    [
      72.39886625483767,
      215.00056958799206,
      81.91676635358345,
      0.0,
      71.39886625483767,
      214.00056958799206,
      80.91676635358345,
      -1.0,
      68.39886625483767,
      211.00056958799206,
      77.91676635358345,
      -4.0
    ],
    [
      -1.0,
      94.99397467984521,
      171.06634321971984,
      71.39886625483767,
      0.0,
      95.99397467984521,
      172.06634321971984,
      72.39886625483767,
      -1.0,
      94.99397467984521,
      171.06634321971984,
      71.39886625483767
    ],
    [
      94.99397467984521,
      -1.0,
      30.49577370650083,
      214.00056958799206,
      95.99397467984521,
      0.0,
      31.49577370650083,
      215.00056958799206,
      94.99397467984521,
      -1.0,
      30.49577370650083,
      214.00056958799206
    ],
    [
      171.06634321971984,
      30.49577370650083,
      -1.0,
      80.91676635358345,
      172.06634321971984,
      31.49577370650083,
      0.0,
      81.91676635358345,
      171.06634321971984,
      30.49577370650083,
      -1.0,
      80.91676635358345
    ],
    [
      71.39886625483767,
      214.00056958799206,
      80.91676635358345,
      -1.0,
      72.39886625483767,
      215.00056958799206,
      81.91676635358345,
      0.0,
      71.39886625483767,
      214.00056958799206,
      80.91676635358345,
      -1.0
    ],
    [
      -4.0,
      91.99397467984521,
      168.06634321971984,
      68.39886625483767,
      -1.0,
      94.99397467984521,
      171.06634321971984,
      71.39886625483767,
      0.0,
      95.99397467984521,
      172.06634321971984,
      72.39886625483767
    ],
    [
      91.99397467984521,
      -4.0,
      27.49577370650083,
      211.00056958799206,
      94.99397467984521,
      -1.0,
      30.49577370650083,
      214.00056958799206,
      95.99397467984521,
      0.0,
      31.49577370650083,
      215.00056958799206
    ],
    [
      168.06634321971984,
      27.49577370650083,
      -4.0,
      77.91676635358345,
      171.06634321971984,
      30.49577370650083,
      -1.0,
      80.91676635358345,
      172.06634321971984,
      31.49577370650083,
      0.0,
      81.91676635358345
    ],
    [
      68.39886625483767,
      211.00056958799206,
      77.91676635358345,
      -4.0,
      71.39886625483767,
      214.00056958799206,
      80.91676635358345,
      -1.0,
      72.39886625483767,
      215.00056958799206,
      81.91676635358345,
      0.0
    ]
  ],
  "lorentzian_embedding": [
    [
      -2.5496335587103056,
      1.9426859836497365,
      6.650897210055533
    ],
    [
      1.3410745624426048,
      -6.233684777844567,
      0.14896894695784224
    ],
    [
      -1.5903501263064403,
      -3.3493307135980883,
      -5.306811642722979
    ],
    [
      6.798891821963726,
      8.824127881855416,
      -3.858022863589538
    ],
    [
      -2.513291297188023,
      1.9637022523383498,
      6.6800870991423125
    ],
    [
      1.2713119367832377,
      -6.284445933058432,
      0.17706937413988325
    ],
    [
      -1.5241014999552736,
      -3.3389918511945678,
      -5.358177692301989
    ],
    [
      6.766081802723893,
      8.843603515858963,
      -3.8638691472702136
    ],
    [
      -2.5496359850656205,
      1.942683677336426,
      6.650898799207929
    ],
    [
      1.341081675392074,
      -6.233683878927867,
      0.1489656558914103
    ],
    [
      -1.5903556134782397,
      -3.3493332209374604,
      -5.306811846290341
    ],
    [
      6.798882065080627,
      8.824122117453362,
      -3.8580216291612133
    ]
  ],
  "edge_length_evolution": [],
  "angle_deficit_evolution": [],
  "regge_action_evolution": [],
  "gromov_delta_evolution": [],
  "mass_hinge": null,
  "mass_value": 0.0,
  "matter": [
    {
      "(0, 1)": 0.0,
      "(1, 2)": 0.0,
      "(0, 3)": 0.0,
      "(2, 3)": 0.0,
      "(0, 2)": 0.0,
      "(1, 3)": 0.0
    },
    {
      "(0, 1)": 0.0,
      "(1, 2)": 0.0,
      "(0, 3)": 0.0,
      "(2, 3)": 0.0,
      "(0, 2)": 0.0,
      "(1, 3)": 0.0
    },
    {
      "(0, 1)": 0.0,
      "(1, 2)": 0.0,
      "(0, 3)": 0.0,
      "(2, 3)": 0.0,
      "(0, 2)": 0.0,
      "(1, 3)": 0.0
    }
  ],
  "stationary_solution": null,
  "einstein_analysis_per_timestep": [
    {
      "ricci_tensor": [
        [
          0.0003709273948115775,
          0.0
        ],
        [
          0.0,
          0.0003709273948115775
        ]
      ],
      "metric_tensor": [
        [
          1.0000741854789623,
          3.709273948115775e-05
        ],
        [
          3.709273948115775e-05,
          1.0000741854789623
        ]
      ],
      "stress_energy_tensor": [
        [
          0.0003709273948115775,
          7.4185478962315495e-06
        ],
        [
          7.4185478962315495e-06,
          0.0003709273948115775
        ]
      ],
      "einstein_solution": {
        "einstein_tensor": [
          [
            0.0,
            0.0
          ],
          [
            0.0,
            0.0
          ]
        ],
        "ricci_scalar": 0.000741854789623155,
        "metric_tensor": [
          [
            1.0,
            0.0
          ],
          [
            0.0,
            1.0
          ]
        ],
        "lhs": [
          [
            0.0,
            0.0
          ],
          [
            0.0,
            0.0
          ]
        ],
        "rhs": [
          [
            0.0003709273948115775,
            7.4185478962315495e-06
          ],
          [
            7.4185478962315495e-06,
            0.0003709273948115775
          ]
        ],
        "equations_satisfied": false,
        "residual": 0.0005246754560194189,
        "conservation_violation": 0.0003709273948115775,
        "gravitational_constant": 0.039788735772973836,
        "cosmological_constant": 0.0
      },
      "entropy_first_derivative": 0.0,
      "entropy_second_derivative": 0.0,
      "entropy_curvature_correlation": 0.0005245655524459101,
      "emergent_gravitational_constant": 5.903492841246161e-05,
      "average_mutual_information": 0.000741854789623155,
      "ricci_scalar": 0.000741854789623155,
      "analysis_summary": {
        "einstein_equations_satisfied": false,
        "residual_magnitude": 0.0005246754560194189,
        "conservation_violation": 0.0003709273948115775,
        "entropy_evolution_rate": 0.0,
        "entropy_acceleration": 0.0,
        "entanglement_curvature_coupling": 0.0005245655524459101
      }
    },
    {
      "ricci_tensor": [
        [
          0.0003709273948115775,
          0.0
        ],
        [
          0.0,
          0.0003709273948115775
        ]
      ],
      "metric_tensor": [
        [
          1.0000741854789623,
          3.709273948115775e-05
        ],
        [
          3.709273948115775e-05,
          1.0000741854789623
        ]
      ],
      "stress_energy_tensor": [
        [
          0.0003709273948115775,
          7.4185478962315495e-06
        ],
        [
          7.4185478962315495e-06,
          0.0003709273948115775
        ]
      ],
      "einstein_solution": {
        "einstein_tensor": [
          [
            0.0,
            0.0
          ],
          [
            0.0,
            0.0
          ]
        ],
        "ricci_scalar": 0.000741854789623155,
        "metric_tensor": [
          [
            1.0,
            0.0
          ],
          [
            0.0,
            1.0
          ]
        ],
        "lhs": [
          [
            0.0,
            0.0
          ],
          [
            0.0,
            0.0
          ]
        ],
        "rhs": [
          [
            0.0003709273948115775,
            7.4185478962315495e-06
          ],
          [
            7.4185478962315495e-06,
            0.0003709273948115775
          ]
        ],
        "equations_satisfied": false,
        "residual": 0.0005246754560194189,
        "conservation_violation": 0.0003709273948115775,
        "gravitational_constant": 0.039788735772973836,
        "cosmological_constant": 0.0
      },
      "entropy_first_derivative": 0.0,
      "entropy_second_derivative": 0.0,
      "entropy_curvature_correlation": 0.0005245655524459101,
      "emergent_gravitational_constant": 5.903492841246161e-05,
      "average_mutual_information": 0.000741854789623155,
      "ricci_scalar": 0.000741854789623155,
      "analysis_summary": {
        "einstein_equations_satisfied": false,
        "residual_magnitude": 0.0005246754560194189,
        "conservation_violation": 0.0003709273948115775,
        "entropy_evolution_rate": 0.0,
        "entropy_acceleration": 0.0,
        "entanglement_curvature_coupling": 0.0005245655524459101
      }
    },
    {
      "ricci_tensor": [
        [
          0.0003709273948115775,
          0.0
        ],
        [
          0.0,
          0.0003709273948115775
        ]
      ],
      "metric_tensor": [
        [
          1.0000741854789623,
          3.709273948115775e-05
        ],
        [
          3.709273948115775e-05,
          1.0000741854789623
        ]
      ],
      "stress_energy_tensor": [
        [
          0.0003709273948115775,
          7.4185478962315495e-06
        ],
        [
          7.4185478962315495e-06,
          0.0003709273948115775
        ]
      ],
      "einstein_solution": {
        "einstein_tensor": [
          [
            0.0,
            0.0
          ],
          [
            0.0,
            0.0
          ]
        ],
        "ricci_scalar": 0.000741854789623155,
        "metric_tensor": [
          [
            1.0,
            0.0
          ],
          [
            0.0,
            1.0
          ]
        ],
        "lhs": [
          [
            0.0,
            0.0
          ],
          [
            0.0,
            0.0
          ]
        ],
        "rhs": [
          [
            0.0003709273948115775,
            7.4185478962315495e-06
          ],
          [
            7.4185478962315495e-06,
            0.0003709273948115775
          ]
        ],
        "equations_satisfied": false,
        "residual": 0.0005246754560194189,
        "conservation_violation": 0.0003709273948115775,
        "gravitational_constant": 0.039788735772973836,
        "cosmological_constant": 0.0
      },
      "entropy_first_derivative": 0.015138254881031488,
      "entropy_second_derivative": -0.05285147838636428,
      "entropy_curvature_correlation": 0.0005245655524459101,
      "emergent_gravitational_constant": 5.903492841246161e-05,
      "average_mutual_information": 0.000741854789623155,
      "ricci_scalar": 0.000741854789623155,
      "analysis_summary": {
        "einstein_equations_satisfied": false,
        "residual_magnitude": 0.0005246754560194189,
        "conservation_violation": 0.0003709273948115775,
        "entropy_evolution_rate": 0.015138254881031488,
        "entropy_acceleration": 0.05285147838636428,
        "entanglement_curvature_coupling": 0.0005245655524459101
      }
    }
  ],
  "bootstrap_analysis": {
    "gromov_delta": {
      "mean": 9.050788162010171,
      "lower_ci": 9.050788162010171,
      "upper_ci": 9.050788162010171,
      "all_values": [
        9.050788162010171,
        9.050788162010171,
        9.050788162010171
      ],
      "uncertainty": 0.0
    },
    "entropy": {
      "mean": 3.9627801647788274,
      "lower_ci": 3.938833330166735,
      "upper_ci": 3.9803973242409487,
      "uncertainty": 0.01761715946212128
    },
    "distance_matrix": {
      "mean": [
        [
          0.0,
          9.797651487976351,
          13.117406116291429,
          8.508752332442029
        ],
        [
          9.797651487976351,
          0.0,
          5.612109559381466,
          14.662897721391637
        ],
        [
          13.117406116291429,
          5.612109559381466,
          0.0,
          9.050788162010171
        ],
        [
          8.508752332442029,
          14.662897721391637,
          9.050788162010171,
          0.0
        ]
      ],
      "lower_ci": [
        [
          0.0,
          9.797651487976351,
          13.117406116291429,
          8.508752332442029
        ],
        [
          9.797651487976351,
          0.0,
          5.612109559381466,
          14.662897721391637
        ],
        [
          13.117406116291429,
          5.612109559381466,
          0.0,
          9.050788162010171
        ],
        [
          8.508752332442029,
          14.662897721391637,
          9.050788162010171,
          0.0
        ]
      ],
      "upper_ci": [
        [
          0.0,
          9.797651487976351,
          13.117406116291429,
          8.508752332442029
        ],
        [
          9.797651487976351,
          0.0,
          5.612109559381466,
          14.662897721391637
        ],
        [
          13.117406116291429,
          5.612109559381466,
          0.0,
          9.050788162010171
        ],
        [
          8.508752332442029,
          14.662897721391637,
          9.050788162010171,
          0.0
        ]
      ]
    }
  },
  "topology_compatibility": {
    "current_topology": "triangulated",
    "explanation": "Triangulated topology is specifically designed for angle-sum curvature. Creates multiple triangles per vertex, enabling robust local curvature measurements. Each vertex has multiple incident triangles for well-defined angle sums.",
    "supports_local_curvature": true
  },
  "rt_surface_analysis": {
    "region_A": [
      0
    ],
    "region_B": [
      1,
      2,
      3
    ],
    "bulk_point": 2,
    "is_complementary": true,
    "rt_area_AB": 31.42380993670981,
    "rt_area_BA": 31.42380993670981,
    "area_consistent": true,
    "edges_consistent": true,
    "area_difference": 0.0,
    "rt_edges_AB": [
      [
        0,
        1
      ],
      [
        0,
        2
      ],
      [
        0,
        3
      ]
    ],
    "rt_edges_BA": [
      [
        0,
        1
      ],
      [
        0,
        2
      ],
      [
        0,
        3
      ]
    ],
    "edge_lengths": [
      9.797651487976351,
      13.11740611629143,
      8.508752332442029,
      5.612109559381466,
      14.662897721391637,
      9.050788162010171
    ],
    "all_edges": [
      [
        0,
        1
      ],
      [
        0,
        2
      ],
      [
        0,
        3
      ],
      [
        1,
        2
      ],
      [
        1,
        3
      ],
      [
        2,
        3
      ]
    ]
  },
  "bulk_excitation_analysis": {
    "ground_state_mi": [
      [
        0.0,
        0.1939573620333198,
        0.3117032975728431,
        0.1939573620333197
      ],
      [
        0.1939573620333198,
        0.0,
        0.1939573620333207,
        0.5426374814208323
      ],
      [
        0.3117032975728431,
        0.1939573620333207,
        0.0,
        0.19395736203332126
      ],
      [
        0.1939573620333197,
        0.5426374814208323,
        0.19395736203332126,
        0.0
      ]
    ],
    "excited_state_mi": [
      [
        0.0,
        0.19698121198780372,
        0.25265673798582355,
        0.1969812119878036
      ],
      [
        0.19698121198780372,
        0.0,
        0.41903630503390854,
        0.3860092570891315
      ],
      [
        0.25265673798582355,
        0.41903630503390854,
        0.0,
        0.41903630503390765
      ],
      [
        0.1969812119878036,
        0.3860092570891315,
        0.41903630503390765,
        0.0
      ]
    ],
    "mi_difference": [
      [
        0.0,
        0.0030238499544839037,
        -0.05904655958701954,
        0.0030238499544839037
      ],
      [
        0.0030238499544839037,
        0.0,
        0.22507894300058784,
        -0.15662822433170087
      ],
      [
        -0.05904655958701954,
        0.22507894300058784,
        0.0,
        0.2250789430005864
      ],
      [
        0.0030238499544839037,
        -0.15662822433170087,
        0.2250789430005864,
        0.0
      ]
    ],
    "avg_mi_change": 0.08398504622860781,
    "max_mi_change": 0.22507894300058784,
    "mi_change_boundary_A": NaN,
    "mi_change_boundary_B": 0.09784322055649113,
    "bulk_point": 2,
    "ground_state_counts": {
      "counts": {
        "1110": 34,
        "1111": 29,
        "0000": 32,
        "0110": 46,
        "1100": 32,
        "0111": 41,
        "0010": 40,
        "1011": 26,
        "0011": 28,
        "0100": 34,
        "1010": 28,
        "0101": 30,
        "0001": 35,
        "1000": 25,
        "1101": 22,
        "1001": 18
      },
      "job_id": "d27t8vroctts738jlosg",
      "mutual_information": {
        "I_0,1": 1.5545426034443456e-05,
        "I_0,2": 2.5869289005389477e-05,
        "I_0,3": 0.0004309548626621265,
        "I_1,2": 0.0008280788771488305,
        "I_1,3": 1.6205550495366778e-05,
        "I_2,3": 0.00024990026731533214
      }
    },
    "excited_state_counts": {
      "counts": {
        "1010": 23,
        "1001": 39,
        "0000": 41,
        "0101": 43,
        "0111": 24,
        "1000": 24,
        "1100": 50,
        "1110": 26,
        "0100": 30,
        "1101": 42,
        "1011": 23,
        "0010": 21,
        "0011": 25,
        "0001": 33,
        "1111": 30,
        "0110": 26
      },
      "job_id": "d27t913octts738jlov0",
      "mutual_information": {
        "I_0,1": 1.536863068639957e-05,
        "I_0,2": 8.840769059317508e-05,
        "I_0,3": 3.533871060008983e-05,
        "I_1,2": 8.414291020724567e-05,
        "I_1,3": 2.5104377030541955e-06,
        "I_2,3": 0.003528964548861934
      }
    },
    "boundary_entropies": {
      "ground_state": {
        "entropy_A": 0.5390648277629396,
        "entropy_B": 0.5390648277629386,
        "mi_AB": 1.0781296555258721
      },
      "excited_state": {
        "entropy_A": 0.6013015419136546,
        "entropy_B": 0.60130154191365,
        "mi_AB": 1.202603083827301
      },
      "rt_relation_test": {
        "entropy_ratio": 0.9999999999999981,
        "rt_area_ratio": 1.0,
        "rt_deviation": 1.887379141862766e-15,
        "excited_entropy_ratio": 0.9999999999999925,
        "rt_relation_change": 5.662137425588298e-15
      }
    }
  },
  "page_curve_analysis": null,
  "deutsch_ctc_analysis": null,
  "ctc_recovery_analysis": null,
  "einstein_analysis": null,
  "dynamic_evidence": {
    "angle_sums_per_timestep": [
      [
        3.141592653589793,
        9.42477796076938,
        3.141592653589793,
        0.0
      ],
      [
        3.141592653589793,
        9.42477796076938,
        3.141592653589793,
        0.0
      ],
      [
        3.141592653589793,
        9.42477796076938,
        3.141592653589793,
        0.0
      ]
    ],
    "gromov_delta_per_timestep": [
      9.050788162010171,
      9.050788162010171,
      9.050788162010171
    ],
    "edge_mi_per_timestep": [
      {
        "0,1": 5.558198122184756e-05,
        "0,3": 0.00020169531669374328,
        "0,2": 2.0099391373212144e-06,
        "1,2": 0.0036533542551159294,
        "2,3": 0.00011729855021552467
      },
      {
        "0,1": 5.558198122184756e-05,
        "0,3": 0.00020169531669374328,
        "0,2": 2.0099391373212144e-06,
        "1,2": 0.0036533542551159294,
        "2,3": 0.00011729855021552467
      },
      {
        "0,1": 5.558198122184756e-05,
        "0,3": 0.00020169531669374328,
        "0,2": 2.0099391373212144e-06,
        "1,2": 0.0036533542551159294,
        "2,3": 0.00011729855021552467
      }
    ],
    "shortest_paths_per_timestep": [
      {
        "0": {
          "0": 0,
          "3": 8.508752332442029,
          "1": 9.797651487976351,
          "2": 13.11740611629143
        },
        "1": {
          "1": 0,
          "2": 5.612109559381466,
          "0": 9.797651487976351,
          "3": 14.662897721391637
        },
        "2": {
          "2": 0,
          "1": 5.612109559381466,
          "3": 9.050788162010171,
          "0": 13.11740611629143
        },
        "3": {
          "3": 0,
          "0": 8.508752332442029,
          "2": 9.050788162010171,
          "1": 14.662897721391637
        }
      },
      {
        "0": {
          "0": 0,
          "3": 8.508752332442029,
          "1": 9.797651487976351,
          "2": 13.11740611629143
        },
        "1": {
          "1": 0,
          "2": 5.612109559381466,
          "0": 9.797651487976351,
          "3": 14.662897721391637
        },
        "2": {
          "2": 0,
          "1": 5.612109559381466,
          "3": 9.050788162010171,
          "0": 13.11740611629143
        },
        "3": {
          "3": 0,
          "0": 8.508752332442029,
          "2": 9.050788162010171,
          "1": 14.662897721391637
        }
      },
      {
        "0": {
          "0": 0,
          "3": 8.508752332442029,
          "1": 9.797651487976351,
          "2": 13.11740611629143
        },
        "1": {
          "1": 0,
          "2": 5.612109559381466,
          "0": 9.797651487976351,
          "3": 14.662897721391637
        },
        "2": {
          "2": 0,
          "1": 5.612109559381466,
          "3": 9.050788162010171,
