{
  "spec": {
    "num_qubits": 7,
    "topology": "triangulated",
    "custom_edges": "0-1:1.0000,0-2:1.0000,0-3:1.0000,0-4:1.0000,0-5:1.0000,0-6:1.0000,1-2:1.0000,1-3:1.0000,1-4:1.0000,1-5:1.0000,1-6:1.0000,2-3:1.0000,2-4:1.0000,2-5:1.0000,2-6:1.0000,3-4:1.0000,3-5:1.0000,3-6:1.0000,4-5:1.0000,4-6:1.0000,5-6:1.0000",
    "alpha": 0.8,
    "weight": 3.0,
    "gamma": 2.0,
    "sigma": null,
    "init_angle": 1.57,
    "init_angles": null,
    "shots": 2000,
    "device": "ibm_brisbane",
    "geometry": "spherical",
    "curvature": 1.5,
    "timesteps": 4,
    "dimension": 2,
    "mass_hinge": null,
    "mass_value": 0.0,
    "solve_regge": false,
    "lorentzian": false,
    "excite": false,
    "fast": false,
    "strong_curvature": false,
    "charge_injection": false,
    "charge_strength": 1.5,
    "charge_location": 3,
    "spin_injection": false,
    "spin_strength": 1.0,
    "spin_location": 3,
    "edge_floor": 0.001,
    "compute_entropies": false,
    "hyperbolic_triangulation": false,
    "trotter_steps": 4,
    "dt": 0.1,
    "analyze_curvature": false,
    "einstein_solver": false,
    "page_curve": false,
    "radiation_ordering": "0,1,2,3,4",
    "page_curve_timesteps": 3,
    "entropy_method": "basic",
    "num_shadows": 50,
    "shots_per_shadow": 500,
    "num_bases": 10,
    "shots_per_basis": 500
  },
  "uid": "5PVWS5",
  "counts_per_timestep": [
    {
      "0010111": 38,
      "0110100": 21,
      "0000111": 14,
      "0101110": 12,
      "0000100": 13,
      "0000101": 18,
      "0011110": 40,
      "0101000": 14,
      "0100001": 9,
      "1010101": 21,
      "0010101": 48,
      "0011010": 55,
      "0011101": 33,
      "0001100": 25,
      "1010111": 19,
      "0001110": 25,
      "1011011": 16,
      "0100100": 9,
      "0010010": 28,
      "1001110": 7,
      "0010100": 44,
      "1011100": 28,
      "1110100": 13,
      "1010100": 19,
      "0000110": 15,
      "1011000": 34,
      "0110010": 14,
      "0100110": 5,
      "0011100": 70,
      "0011000": 80,
      "0100010": 5,
      "0110001": 38,
      "0100011": 8,
      "1101110": 2,
      "1100111": 9,
      "1100100": 5,
      "0011001": 35,
      "0110110": 24,
      "1011111": 15,
      "0110000": 27,
      "1111000": 19,
      "1011110": 23,
      "1010110": 17,
      "1010000": 14,
      "0111101": 12,
      "0010011": 30,
      "0001111": 20,
      "1111100": 10,
      "1010011": 14,
      "0001000": 18,
      "1001100": 7,
      "0001010": 15,
      "0010110": 33,
      "1011010": 34,
      "0111000": 38,
      "1010010": 6,
      "0111100": 22,
      "1000101": 5,
      "1011101": 18,
      "0011111": 36,
      "0101011": 13,
      "0011011": 35,
      "0111111": 14,
      "1110010": 14,
      "1010001": 20,
      "0000010": 7,
      "0001011": 12,
      "0101101": 7,
      "1001000": 11,
      "0000001": 10,
      "1110101": 11,
      "1000010": 4,
      "1101101": 6,
      "0101001": 9,
      "0110111": 30,
      "1111111": 9,
      "0111110": 17,
      "1110001": 21,
      "0110101": 33,
      "1111001": 9,
      "0010001": 27,
      "0111010": 20,
      "0010000": 38,
      "1111101": 3,
      "1100110": 1,
      "0001001": 11,
      "1001101": 5,
      "0111001": 20,
      "1110011": 13,
      "1101000": 4,
      "1111011": 5,
      "1001011": 6,
      "0101010": 9,
      "1111010": 17,
      "0000000": 9,
      "1001010": 9,
      "1001111": 5,
      "0100111": 9,
      "1100000": 3,
      "0000011": 5,
      "1000001": 3,
      "0110011": 13,
      "1011001": 16,
      "1001001": 6,
      "1100101": 4,
      "1110111": 9,
      "1000100": 2,
      "1101011": 4,
      "0101100": 7,
      "1110000": 4,
      "0100101": 8,
      "0111011": 14,
      "1101111": 4,
      "1101100": 3,
      "1000111": 4,
      "1110110": 4,
      "1101010": 5,
      "1100001": 3,
      "0101111": 2,
      "0100000": 4,
      "0001101": 13,
      "1000000": 3,
      "1111110": 4,
      "1100010": 1,
      "1000011": 1,
      "1100011": 1,
      "1000110": 1
    },
    {
      "1110101": 20,
      "1000001": 15,
      "1011010": 19,
      "0110101": 18,
      "0011110": 18,
      "1010101": 20,
      "0011111": 13,
      "0100101": 14,
      "1101000": 14,
      "1000100": 23,
      "0000110": 17,
      "0111011": 20,
      "1010100": 21,
      "0011101": 14,
      "1111011": 15,
      "0011100": 17,
      "0111001": 22,
      "0001000": 15,
      "0100111": 17,
      "1010111": 25,
      "1100010": 13,
      "0010011": 23,
      "0101010": 22,
      "0011011": 22,
      "1010001": 13,
      "0110001": 9,
      "1011011": 14,
      "1100101": 20,
      "1110010": 16,
      "0011000": 17,
      "0011010": 15,
      "1011111": 14,
      "0100011": 20,
      "1101010": 14,
      "0101100": 22,
      "0000010": 18,
      "0010100": 19,
      "0101101": 19,
      "1000011": 13,
      "0001101": 18,
      "0001110": 14,
      "1100111": 22,
      "0010111": 23,
      "1100011": 11,
      "1111101": 23,
      "1111111": 16,
      "0000111": 15,
      "1101011": 15,
      "0101000": 14,
      "1001000": 12,
      "0110111": 15,
      "1110001": 18,
      "1001100": 16,
      "0111111": 26,
      "0110110": 22,
      "1111001": 17,
      "1011000": 10,
      "1011100": 15,
      "0001111": 12,
      "1001110": 14,
      "1010110": 20,
      "0110100": 10,
      "1000110": 20,
      "0100100": 15,
      "1100001": 11,
      "1011110": 15,
      "1110011": 19,
      "1010010": 12,
      "0110000": 14,
      "1101100": 15,
      "0100001": 9,
      "1001111": 12,
      "1101001": 12,
      "1011101": 11,
      "0000000": 15,
      "0001010": 13,
      "0111110": 22,
      "0101110": 17,
      "0111100": 17,
      "1100110": 12,
      "0100110": 18,
      "1000111": 13,
      "0010000": 17,
      "1111000": 15,
      "0000100": 14,
      "1101110": 15,
      "1001001": 10,
      "0000101": 10,
      "0010101": 20,
      "1101101": 13,
      "1001101": 15,
      "1111010": 17,
      "0001011": 16,
      "1110110": 10,
      "0010001": 15,
      "0000011": 15,
      "1101111": 17,
      "0001100": 14,
      "0101011": 19,
      "0111010": 16,
      "0001001": 17,
      "1111110": 15,
      "0000001": 14,
      "0100010": 15,
      "1110100": 13,
      "0100000": 10,
      "0010010": 19,
      "0111101": 23,
      "1011001": 9,
      "1000000": 13,
      "0110011": 23,
      "0110010": 20,
      "1001011": 12,
      "1100100": 10,
      "1000101": 8,
      "0111000": 17,
      "0101111": 12,
      "0011001": 12,
      "1010011": 16,
      "1000010": 9,
      "0010110": 20,
      "1010000": 15,
      "1100000": 7,
      "0101001": 16,
      "1111100": 11,
      "1110000": 5,
      "1001010": 10,
      "1110111": 11
    },
    {
      "1001111": 10,
      "0000011": 13,
      "0000101": 15,
      "1110110": 20,
      "1010110": 18,
      "1010010": 13,
      "1110101": 19,
      "1111000": 16,
      "1100111": 13,
      "0010001": 21,
      "1111111": 23,
      "1011111": 20,
      "1100101": 14,
      "0001000": 18,
      "1100010": 16,
      "1011100": 16,
      "1000101": 26,
      "1010101": 15,
      "0101001": 22,
      "1110001": 14,
      "1000000": 9,
      "1001000": 9,
      "1011000": 14,
      "0000001": 17,
      "0000110": 11,
      "0001110": 13,
      "0000111": 19,
      "0010000": 15,
      "0111101": 23,
      "0111010": 21,
      "1011010": 14,
      "0110011": 14,
      "0011101": 14,
      "0010101": 19,
      "0110001": 25,
      "0011001": 15,
      "1001011": 16,
      "1110111": 22,
      "0110010": 20,
      "0111100": 24,
      "1110000": 16,
      "1000111": 14,
      "0111011": 16,
      "0100000": 12,
      "0100100": 22,
      "1111110": 14,
      "1001100": 16,
      "1101010": 19,
      "1010100": 18,
      "0001010": 15,
      "0110101": 19,
      "0101111": 9,
      "0011011": 18,
      "0101011": 16,
      "1000010": 13,
      "0010011": 5,
      "1001010": 11,
      "0111111": 12,
      "0111001": 21,
      "1010011": 16,
      "1111101": 18,
      "0101110": 14,
      "0001011": 11,
      "1101011": 16,
      "1111100": 21,
      "1100110": 10,
      "0101010": 17,
      "0100001": 15,
      "0001101": 14,
      "1010000": 23,
      "0011110": 11,
      "1100000": 12,
      "0000100": 8,
      "0101100": 9,
      "1110011": 20,
      "0010010": 11,
      "0010111": 13,
      "1111011": 12,
      "0110111": 13,
      "0001111": 10,
      "1011011": 19,
      "0101000": 13,
      "1000011": 19,
      "0100011": 20,
      "1010111": 11,
      "0011100": 16,
      "1110010": 22,
      "1100011": 15,
      "0111110": 15,
      "1000001": 17,
      "0001100": 21,
      "1111001": 22,
      "1011110": 19,
      "1101001": 15,
      "1101000": 13,
      "1011001": 13,
      "1001001": 15,
      "0110000": 17,
      "0000000": 14,
      "0010100": 16,
      "1101101": 15,
      "0011010": 16,
      "0110100": 18,
      "1110100": 17,
      "1000110": 11,
      "0011111": 13,
      "1010001": 16,
      "0111000": 13,
      "1101111": 18,
      "1001101": 16,
      "0110110": 18,
      "1001110": 15,
      "1011101": 13,
      "0100111": 17,
      "0100101": 15,
      "0010110": 17,
      "1100001": 12,
      "1101100": 11,
      "1000100": 14,
      "0001001": 17,
      "1100100": 17,
      "0000010": 16,
      "0101101": 14,
      "1111010": 14,
      "0100110": 12,
      "0011000": 13,
      "1101110": 10,
      "0100010": 14
    },
    {
      "1010101": 17,
      "0011011": 19,
      "0110010": 20,
      "0010110": 19,
      "1111110": 17,
      "1101011": 16,
      "1000110": 14,
      "0000001": 18,
      "0001010": 17,
      "1110100": 16,
      "1001100": 15,
      "1100111": 13,
      "0010101": 21,
      "1011011": 20,
      "0101001": 16,
      "0011101": 21,
      "1010001": 18,
      "1000000": 19,
      "0101011": 11,
      "0101010": 19,
      "0010100": 15,
      "0010111": 16,
      "0011010": 14,
      "0000111": 20,
      "1100001": 8,
      "1011110": 19,
      "1001010": 19,
      "0011000": 10,
      "1010010": 18,
      "1111010": 22,
      "1001000": 14,
      "0101111": 20,
      "0100101": 12,
      "0110011": 21,
      "1011111": 18,
      "0110111": 13,
      "0011111": 19,
      "1111000": 14,
      "1000101": 24,
      "1000001": 15,
      "1111011": 16,
      "0111110": 22,
      "0000011": 21,
      "0010011": 15,
      "0111111": 23,
      "1101001": 17,
      "1111111": 24,
      "0111010": 18,
      "1001011": 8,
      "0111001": 11,
      "1001111": 17,
      "0001000": 15,
      "0000100": 6,
      "0110001": 21,
      "0001011": 17,
      "0011100": 15,
      "1101100": 10,
      "1101101": 14,
      "1110001": 21,
      "1100011": 11,
      "0001111": 21,
      "1110101": 13,
      "1111100": 11,
      "0101101": 13,
      "1111001": 13,
      "0001110": 17,
      "1000011": 21,
      "0111100": 12,
      "0010010": 25,
      "1001001": 15,
      "1010100": 13,
      "1010111": 18,
      "0000110": 13,
      "0100110": 18,
      "1100010": 12,
      "0110100": 20,
      "0000000": 18,
      "1000111": 16,
      "0011001": 17,
      "1100101": 11,
      "1110111": 21,
      "0001100": 13,
      "0000010": 25,
      "1000010": 14,
      "1001110": 10,
      "0110101": 15,
      "0001001": 10,
      "0100010": 12,
      "1101010": 15,
      "1110011": 16,
      "1110000": 16,
      "1000100": 9,
      "0010001": 19,
      "0110000": 9,
      "1011001": 13,
      "1110010": 17,
      "0011110": 6,
      "1101000": 10,
      "1011100": 11,
      "0100100": 11,
      "1011010": 10,
      "1010110": 14,
      "1101111": 21,
      "1110110": 22,
      "1011000": 11,
      "0101000": 19,
      "0101110": 14,
      "0111011": 19,
      "0111101": 17,
      "1100000": 14,
      "1100110": 18,
      "0110110": 14,
      "0100111": 16,
      "0100000": 16,
      "1001101": 17,
      "1011101": 15,
      "0100011": 17,
      "0101100": 7,
      "1010000": 20,
      "0000101": 12,
      "1100100": 11,
      "0001101": 14,
      "1101110": 16,
      "0010000": 11,
      "0111000": 16,
      "1010011": 14,
      "1111101": 11,
      "0100001": 6
    }
  ],
  "job_ids_per_timestep": [
    "d25i0klc17vc73dtrk4g",
    "d25i0m6liavc738j9q6g",
    "d25i0nuliavc738j9q8g",
    "d25i0pdc17vc73dtrk90"
  ],
  "entropy_per_timestep": [
    6.518376911870249,
    6.949319894174328,
    6.955808333869288,
    6.946286918027
  ],
  "mutual_information_per_timestep": [
    {
      "I_0,1": 0.0006562121812586936,
      "I_0,2": 0.0010632196812562812,
      "I_0,3": 0.01496161147646105,
      "I_0,4": 0.00024312618688981328,
      "I_0,5": 0.0018106120266821943,
      "I_0,6": 9.683344325762651e-05,
      "I_1,2": 0.00031573335812340106,
      "I_1,3": 0.0002185414804183319,
      "I_1,4": 0.0008485548557940151,
      "I_1,5": 0.00011305256842538422,
      "I_1,6": 0.0001213724544968861,
      "I_2,3": 0.005054483300792455,
      "I_2,4": 0.0013667626965622477,
      "I_2,5": 0.0017206611218208937,
      "I_2,6": 0.000645641425740846,
      "I_3,4": 0.001711729043896595,
      "I_3,5": 0.006380476703340677,
      "I_3,6": 0.00014349030849759858,
      "I_4,5": 0.00031450091878664974,
      "I_4,6": 0.0009735885848902743,
      "I_5,6": 2.8063216473628132e-05
    },
    {
      "I_0,1": 4.861207814931706e-06,
      "I_0,2": 9.899753586191514e-05,
      "I_0,3": 7.279258329660884e-05,
      "I_0,4": 0.000382071337399926,
      "I_0,5": 0.0011380973271983095,
      "I_0,6": 0.00010654670231356267,
      "I_1,2": 0.0008723728398292215,
      "I_1,3": 0.0005851870466888672,
      "I_1,4": 0.00015243666267593728,
      "I_1,5": 0.00011595038593541175,
      "I_1,6": 0.00026850972846333143,
      "I_2,3": 0.0002686607998363764,
      "I_2,4": 2.757732615789321e-05,
      "I_2,5": 1.657659957070962e-05,
      "I_2,6": 0.0007166600063717998,
      "I_3,4": 0.0001486858309351479,
      "I_3,5": 0.0030422771874480427,
      "I_3,6": 0.0003086978584858997,
      "I_4,5": 9.876418700354448e-05,
      "I_4,6": 4.061986654317444e-05,
      "I_5,6": 0.00012697224173416257
    },
    {
      "I_0,1": 0.00031138689769331495,
      "I_0,2": 0.00011173013628338084,
      "I_0,3": 6.569701430776415e-06,
      "I_0,4": 0.0005487900194827561,
      "I_0,5": 1.3918878624742973e-06,
      "I_0,6": 9.606653102647205e-05,
      "I_1,2": 0.00048354038318608634,
      "I_1,3": 6.201215416912339e-06,
      "I_1,4": 5.4524547981350206e-05,
      "I_1,5": 0.00013997772506068283,
      "I_1,6": 0.0007302504585667436,
      "I_2,3": 6.079811205981795e-05,
      "I_2,4": 0.00024631928599424136,
      "I_2,5": 7.105245233652744e-05,
      "I_2,6": 0.00031279184239469716,
      "I_3,4": 1.8333471044850954e-06,
      "I_3,5": 8.098700265008743e-08,
      "I_3,6": 1.761562429286362e-05,
      "I_4,5": 0.0007573186926016721,
      "I_4,6": 0.00021428001922486634,
      "I_5,6": 0.00018530579286699794
    },
    {
      "I_0,1": 0.00017815357657397467,
      "I_0,2": 0.0013755251607124874,
      "I_0,3": 0.0002609135199047267,
      "I_0,4": 8.183116443217456e-05,
      "I_0,5": 0.0005575223398659596,
      "I_0,6": 8.069044510520358e-07,
      "I_1,2": 0.00019742377401619614,
      "I_1,3": 0.0002154370864018689,
      "I_1,4": 2.1850768142345862e-05,
      "I_1,5": 0.0006650634618403459,
      "I_1,6": 0.00012116128924451013,
      "I_2,3": 0.0003874455073802161,
      "I_2,4": 9.095033359969324e-05,
      "I_2,5": 0.00012589256167298054,
      "I_2,6": 0.00015932454166477789,
      "I_3,4": 0.0002891931503235098,
      "I_3,5": 0.0008708202718366604,
      "I_3,6": 2.0003352703642976e-05,
      "I_4,5": 0.0010514050363271792,
      "I_4,6": 7.565419272196239e-06,
      "I_5,6": 1.6511056869890827e-05
    }
  ],
  "boundary_entropies_per_timestep": [
    {
      "entropy_A": -0.0,
      "entropy_B": -0.0,
      "mi_AB": 0.0,
      "pure_state_check": true,
      "entropy_difference": 0.0,
      "multiple_regions": {
        "size_1_region_0": {
          "region": [
            0
          ],
          "entropy": 0.6162715521892979,
          "rt_area": 6,
          "size": 1
        },
        "size_1_region_1": {
          "region": [
            1
          ],
          "entropy": 0.649586394271638,
          "rt_area": 6,
          "size": 1
        },
        "size_2_region_0": {
          "region": [
            0,
            1
          ],
          "entropy": 0.6881388137135884,
          "rt_area": 10,
          "size": 2
        },
        "size_2_region_1": {
          "region": [
            0,
            2
          ],
          "entropy": 0.4713934868100941,
          "rt_area": 10,
          "size": 2
        },
        "size_3_region_0": {
          "region": [
            0,
            1,
            2
          ],
          "entropy": 0.3568430183883457,
          "rt_area": 12,
          "size": 3
        },
        "size_3_region_1": {
          "region": [
            0,
            1,
            3
          ],
          "entropy": 0.4840406246700415,
          "rt_area": 12,
          "size": 3
        },
        "size_4_region_0": {
          "region": [
            0,
            1,
            2,
            3
          ],
          "entropy": 0.1850457627493396,
          "rt_area": 12,
          "size": 4
        },
        "size_4_region_1": {
          "region": [
            0,
            1,
            2,
            4
          ],
          "entropy": 0.17891210361100607,
          "rt_area": 12,
          "size": 4
        },
        "size_5_region_0": {
          "region": [
            0,
            1,
            2,
            3,
            4
          ],
          "entropy": 0.07996643595234346,
          "rt_area": 10,
          "size": 5
        },
        "size_5_region_1": {
          "region": [
            0,
            1,
            2,
            3,
            5
          ],
          "entropy": 0.11690684913753106,
          "rt_area": 10,
          "size": 5
        },
        "size_6_region_0": {
          "region": [
            0,
            1,
            2,
            3,
            4,
            5
          ],
          "entropy": 0.05369113448508643,
          "rt_area": 6,
          "size": 6
        },
        "size_6_region_1": {
          "region": [
            0,
            1,
            2,
            3,
            4,
            6
          ],
          "entropy": 0.046594424222104566,
          "rt_area": 6,
          "size": 6
        }
      }
    },
    {
      "entropy_A": -0.0,
      "entropy_B": -0.0,
      "mi_AB": 0.0,
      "pure_state_check": true,
      "entropy_difference": 0.0,
      "multiple_regions": {
        "size_1_region_0": {
          "region": [
            0
          ],
          "entropy": 0.6904066761889504,
          "rt_area": 6,
          "size": 1
        },
        "size_1_region_1": {
          "region": [
            1
          ],
          "entropy": 0.6930346763408155,
          "rt_area": 6,
          "size": 1
        },
        "size_2_region_0": {
          "region": [
            0,
            1
          ],
          "entropy": 0.5735792519906938,
          "rt_area": 10,
          "size": 2
        },
        "size_2_region_1": {
          "region": [
            0,
            2
          ],
          "entropy": 0.560127234322942,
          "rt_area": 10,
          "size": 2
        },
        "size_3_region_0": {
          "region": [
            0,
            1,
            2
          ],
          "entropy": 0.36392565403384675,
          "rt_area": 12,
          "size": 3
        },
        "size_3_region_1": {
          "region": [
            0,
            1,
            3
          ],
          "entropy": 0.3994800137386857,
          "rt_area": 12,
          "size": 3
        },
        "size_4_region_0": {
          "region": [
            0,
            1,
            2,
            3
          ],
          "entropy": 0.2242070754418573,
          "rt_area": 12,
          "size": 4
        },
        "size_4_region_1": {
          "region": [
            0,
            1,
            2,
            4
          ],
          "entropy": 0.23107503235024013,
          "rt_area": 12,
          "size": 4
        },
        "size_5_region_0": {
          "region": [
            0,
            1,
            2,
            3,
            4
          ],
          "entropy": 0.13820126672094507,
          "rt_area": 10,
          "size": 5
        },
        "size_5_region_1": {
          "region": [
            0,
            1,
            2,
            3,
            5
          ],
          "entropy": 0.12235691110311471,
          "rt_area": 10,
          "size": 5
        },
        "size_6_region_0": {
          "region": [
            0,
            1,
            2,
            3,
            4,
            5
          ],
          "entropy": 0.07578165930827269,
          "rt_area": 6,
          "size": 6
        },
        "size_6_region_1": {
          "region": [
            0,
            1,
            2,
            3,
            4,
            6
          ],
          "entropy": 0.0840856358922458,
          "rt_area": 6,
          "size": 6
        }
      }
    },
    {
      "entropy_A": -0.0,
      "entropy_B": -0.0,
      "mi_AB": 0.0,
      "pure_state_check": true,
      "entropy_difference": 0.0,
      "multiple_regions": {
        "size_1_region_0": {
          "region": [
            0
          ],
          "entropy": 0.6931346805078614,
          "rt_area": 6,
          "size": 1
        },
        "size_1_region_1": {
          "region": [
            1
          ],
          "entropy": 0.6920888071224436,
          "rt_area": 6,
          "size": 1
        },
        "size_2_region_0": {
          "region": [
            0,
            1
          ],
          "entropy": 0.5422795186766762,
          "rt_area": 10,
          "size": 2
        },
        "size_2_region_1": {
          "region": [
            0,
            2
          ],
          "entropy": 0.5470118571293142,
          "rt_area": 10,
          "size": 2
        },
        "size_3_region_0": {
          "region": [
            0,
            1,
            2
          ],
          "entropy": 0.35887877344212193,
          "rt_area": 12,
          "size": 3
        },
        "size_3_region_1": {
          "region": [
            0,
            1,
            3
          ],
          "entropy": 0.3568430183883457,
          "rt_area": 12,
          "size": 3
        },
        "size_4_region_0": {
          "region": [
            0,
            1,
            2,
            3
          ],
          "entropy": 0.217226512729608,
          "rt_area": 12,
          "size": 4
        },
        "size_4_region_1": {
          "region": [
            0,
            1,
            2,
            4
          ],
          "entropy": 0.22834107958452884,
          "rt_area": 12,
          "size": 4
        },
        "size_5_region_0": {
          "region": [
            0,
            1,
            2,
            3,
            4
          ],
          "entropy": 0.13474216817976675,
          "rt_area": 10,
          "size": 5
        },
        "size_5_region_1": {
          "region": [
            0,
            1,
            2,
            3,
            5
          ],
          "entropy": 0.12415397163303728,
          "rt_area": 10,
          "size": 5
        },
        "size_6_region_0": {
          "region": [
            0,
            1,
            2,
            3,
            4,
            5
          ],
          "entropy": 0.07996643595234346,
          "rt_area": 6,
          "size": 6
        },
        "size_6_region_1": {
          "region": [
            0,
            1,
            2,
            3,
            4,
            6
          ],
          "entropy": 0.07788250941109637,
          "rt_area": 6,
          "size": 6
        }
      }
    },
    {
      "entropy_A": -0.0,
      "entropy_B": -0.0,
      "mi_AB": 0.0,
      "pure_state_check": true,
      "entropy_difference": 0.0,
      "multiple_regions": {
        "size_1_region_0": {
          "region": [
            0
          ],
          "entropy": 0.6930026735990573,
          "rt_area": 6,
          "size": 1
        },
        "size_1_region_1": {
          "region": [
            1
          ],
          "entropy": 0.6930346763408155,
          "rt_area": 6,
          "size": 1
        },
        "size_2_region_0": {
          "region": [
            0,
            1
          ],
          "entropy": 0.5725332828952293,
          "rt_area": 10,
          "size": 2
        },
        "size_2_region_1": {
          "region": [
            0,
            2
          ],
          "entropy": 0.5533743429353012,
          "rt_area": 10,
          "size": 2
        },
        "size_3_region_0": {
          "region": [
            0,
            1,
            2
          ],
          "entropy": 0.38352528846234846,
          "rt_area": 12,
          "size": 3
        },
        "size_3_region_1": {
          "region": [
            0,
            1,
            3
          ],
          "entropy": 0.3994800137386857,
          "rt_area": 12,
          "size": 3
        },
        "size_4_region_0": {
          "region": [
            0,
            1,
            2,
            3
          ],
          "entropy": 0.24448996051913768,
          "rt_area": 12,
          "size": 4
        },
        "size_4_region_1": {
          "region": [
            0,
            1,
            2,
            4
          ],
          "entropy": 0.2549303756833393,
          "rt_area": 12,
          "size": 4
        },
        "size_5_region_0": {
          "region": [
            0,
            1,
            2,
            3,
            4
          ],
          "entropy": 0.17110928343404325,
          "rt_area": 10,
          "size": 5
        },
        "size_5_region_1": {
          "region": [
            0,
            1,
            2,
            3,
            5
          ],
          "entropy": 0.12415397163303728,
          "rt_area": 10,
          "size": 5
        },
        "size_6_region_0": {
          "region": [
            0,
            1,
            2,
            3,
            4,
            5
          ],
          "entropy": 0.0901499225359206,
          "rt_area": 6,
          "size": 6
        },
        "size_6_region_1": {
          "region": [
            0,
            1,
            2,
            3,
            4,
            6
          ],
          "entropy": 0.10382080095761013,
          "rt_area": 6,
          "size": 6
        }
      }
    }
  ],
  "distance_matrix_per_timestep": [
    [
      [
        0.0,
        7.329026374277211,
        6.846453539396954,
        4.202267593222306,
        8.32192996179448,
        13.211500228254483,
        9.242518135150426
      ],
      [
        7.329026374277211,
        0.0,
        8.060612503986807,
        11.531293967499517,
        7.071975825062687,
        9.087657640123018,
        9.016646603791974
      ],
      [
        6.846453539396954,
        8.060612503986807,
        0.0,
        5.287479647205384,
        6.595310330631254,
        6.365046688857529,
        7.345266276801851
      ],
      [
        4.202267593222306,
        11.531293967499517,
        5.287479647205384,
        0.0,
        6.370251282540396,
        11.652526336062913,
        8.849243061647398
      ],
      [
        8.32192996179448,
        7.071975825062687,
        6.595310330631254,
        6.370251282540396,
        0.0,
        8.064523560407856,
        6.9345217409999185
      ],
      [
        13.211500228254483,
        9.087657640123018,
        6.365046688857529,
        11.652526336062913,
        8.064523560407856,
        0.0,
        10.481050861433488
      ],
      [
        9.242518135150426,
        9.016646603791974,
        7.345266276801851,
        8.849243061647398,
        6.9345217409999185,
        10.481050861433488,
        0.0
      ]
    ],
    [
      [
        0.0,
        12.234223629337361,
        9.220415598423138,
        9.527896485745364,
        7.869903219672547,
        17.092678718315863,
        9.14692714956014
      ],
      [
        12.234223629337361,
        0.0,
        7.0442936568252135,
        15.266354598026705,
        8.788761374904002,
        9.062348165804178,
        8.222623412033634
      ],
      [
        9.220415598423138,
        7.0442936568252135,
        0.0,
        8.222060941201491,
        10.49851663888874,
        11.00751852152847,
        7.240909018988558
      ],
      [
        9.527896485745364,
        15.266354598026705,
        8.222060941201491,
        0.0,
        8.813674995284671,
        17.054689628099432,
        8.083147563681715
      ],
      [
        7.869903219672547,
        8.788761374904002,
        10.49851663888874,
        8.813674995284671,
        0.0,
        9.222775498643315,
        10.111253287312891
      ],
      [
        17.092678718315863,
        9.062348165804178,
        11.00751852152847,
        17.054689628099432,
        9.222775498643315,
        0.0,
        8.971542064417715
      ],
      [
        9.14692714956014,
        8.222623412033634,
        7.240909018988558,
        8.083147563681715,
        10.111253287312891,
        8.971542064417715,
        0.0
      ]
    ],
    [
      [
        0.0,
        8.074474374936681,
        9.099424091649388,
        11.933042170826647,
        7.5077946677916625,
        14.693521066721885,
        9.25046957500614
      ],
      [
        8.074474374936681,
        0.0,
        7.634375723940159,
        17.342327545062155,
        9.816859536028318,
        8.874027254723194,
        7.222122988738054
      ],
      [
        9.099424091649388,
        7.634375723940159,
        0.0,
        9.707951821121997,
        8.308881953044008,
        9.552092188372516,
        8.06997262893403
      ],
      [
        11.933042170826647,
        17.342327545062155,
        9.707951821121997,
        0.0,
        13.209367242884845,
        19.260044009494514,
        10.946724305819037
      ],
      [
        7.5077946677916625,
        9.816859536028318,
        8.308881953044008,
        13.209367242884845,
        0.0,
        7.185726398930224,
        8.448226897233083
      ],
      [
        14.693521066721885,
        8.874027254723194,
        9.552092188372516,
        19.260044009494514,
        7.185726398930224,
        0.0,
        8.593503163062321
      ],
      [
        9.25046957500614,
        7.222122988738054,
        8.06997262893403,
        10.946724305819037,
        8.448226897233083,
        8.593503163062321,
        0.0
      ]
    ],
    [
      [
        0.0,
        8.632864589919876,
        6.588919685718605,
        8.251321546908459,
        9.410852403632857,
        15.569001385609234,
        14.030060575869669
      ],
      [
        8.632864589919876,
        0.0,
        8.53015800247102,
        16.386093347646245,
        10.731274481784503,
        7.315628090522835,
        9.01838793101908
      ],
      [
        6.588919685718605,
        8.53015800247102,
        0.0,
        7.855935345175223,
        9.30519698506082,
        8.980081699890627,
        8.744567293499403
      ],
      [
        8.251321546908459,
        16.386093347646245,
        7.855935345175223,
        0.0,
        8.148415752871948,
        15.006043632347092,
        10.819610663277341
      ],
      [
        9.410852403632857,
        10.731274481784503,
        9.30519698506082,
        8.148415752871948,
        0.0,
        6.857627879475144,
        11.791922789629695
      ],
      [
        15.569001385609234,
        7.315628090522835,
        8.980081699890627,
        15.006043632347092,
        6.857627879475144,
        0.0,
        11.011480288156703
      ],
      [
        14.030060575869669,
        9.01838793101908,
        8.744567293499403,
        10.819610663277341,
        11.791922789629695,
        11.011480288156703,
        0.0
      ]
    ]
  ],
  "edge_mi": {
    "0,1": 0.00017815357657397467,
    "0,6": 8.069044510520358e-07,
    "0,2": 0.0013755251607124874,
    "0,3": 0.0002609135199047267,
    "0,4": 8.183116443217456e-05,
    "1,2": 0.00019742377401619614,
    "1,6": 0.00012116128924451013,
    "1,4": 2.1850768142345862e-05,
    "1,5": 0.0006650634618403459,
    "2,3": 0.0003874455073802161,
    "2,4": 9.095033359969324e-05,
    "2,5": 0.00012589256167298054,
    "2,6": 0.00015932454166477789,
    "3,4": 0.0002891931503235098,
    "3,6": 2.0003352703642976e-05,
    "4,5": 0.0010514050363271792,
    "4,6": 7.565419272196239e-06,
    "5,6": 1.6511056869890827e-05
  },
  "distance_matrix": [
    [
      0.0,
      8.632864589919876,
      6.588919685718605,
      8.251321546908459,
      9.410852403632857,
      7.4920079839243945,
      14.030060575869669
    ],
    [
      8.632864589919876,
      0.0,
      8.53015800247102,
      8.44284163349469,
      10.731274481784503,
      7.315628090522835,
      9.01838793101908
    ],
    [
      6.588919685718605,
      8.53015800247102,
      0.0,
      7.855935345175223,
      9.30519698506082,
      8.980081699890627,
      8.744567293499403
    ],
    [
      8.251321546908459,
      8.44284163349469,
      7.855935345175223,
      0.0,
      8.148415752871948,
      7.046074949319656,
      10.819610663277341
    ],
    [
      9.410852403632857,
      10.731274481784503,
      9.30519698506082,
      8.148415752871948,
      0.0,
      6.857627879475144,
      11.791922789629695
    ],
    [
      7.4920079839243945,
      7.315628090522835,
      8.980081699890627,
      7.046074949319656,
      6.857627879475144,
      0.0,
      11.011480288156703
    ],
    [
      14.030060575869669,
      9.01838793101908,
      8.744567293499403,
      10.819610663277341,
      11.791922789629695,
      11.011480288156703,
      0.0
    ]
  ],
  "shortest_paths": {
    "0": {
      "0": 0,
      "2": 6.588919685718605,
      "5": 7.4920079839243945,
      "3": 8.251321546908459,
      "1": 8.632864589919876,
      "4": 9.410852403632857,
      "6": 14.030060575869669
    },
    "1": {
      "1": 0,
      "5": 7.315628090522835,
      "3": 8.44284163349469,
      "2": 8.53015800247102,
      "0": 8.632864589919876,
      "6": 9.01838793101908,
      "4": 10.731274481784503
    },
    "2": {
      "2": 0,
      "0": 6.588919685718605,
      "3": 7.855935345175223,
      "1": 8.53015800247102,
      "6": 8.744567293499403,
      "5": 8.980081699890627,
      "4": 9.30519698506082
    },
    "3": {
      "3": 0,
      "5": 7.046074949319656,
      "2": 7.855935345175223,
      "4": 8.148415752871948,
      "0": 8.251321546908459,
      "1": 8.44284163349469,
      "6": 10.819610663277341
    },
    "4": {
      "4": 0,
      "5": 6.857627879475144,
      "3": 8.148415752871948,
      "2": 9.30519698506082,
      "0": 9.410852403632857,
      "1": 10.731274481784503,
      "6": 11.791922789629695
    },
    "5": {
      "5": 0,
      "4": 6.857627879475144,
      "3": 7.046074949319656,
      "1": 7.315628090522835,
      "0": 7.4920079839243945,
      "2": 8.980081699890627,
      "6": 11.011480288156703
    },
    "6": {
      "6": 0,
      "2": 8.744567293499403,
      "1": 9.01838793101908,
      "3": 10.819610663277341,
      "5": 11.011480288156703,
      "4": 11.791922789629695,
      "0": 14.030060575869669
    }
  },
  "gromov_delta": 8.774766440050989,
  "mean_distance": 7.714499207005002,
  "angle_sums": [
    3.8655374805165943,
    9.42477796076938,
    3.141592653589793,
    3.141592653589793,
    5.203160897813806,
    3.141592653589793,
    6.604722141738013,
    3.2572346143759017,
    4.484448811832824,
    7.065619786823273,
    3.141592653589793,
    3.141592653589793,
    3.2821464158805753,
    5.605462054570357,
    3.141592653589793,
    9.42477796076938,
    3.141592653589793,
    3.141592653589793,
    5.694311337589293,
    3.303878499042146,
    3.141592653589793,
    3.141592653589793,
    3.513935776204948,
    4.525571134209904,
    3.141592653589793,
    9.42477796076938,
    3.141592653589793,
    3.141592653589793,
    6.050882386774517,
    5.081328613317698,
    3.8927930821299177,
    3.141592653589793,
    9.42477796076938,
    3.141592653589793,
    4.566571966915173
  ],
  "mean_angle_sum": 4.594874475618838,
  "min_angle_sum": 3.141592653589793,
  "max_angle_sum": 9.42477796076938,
  "angle_sum_deviations": [
    0.7239448269268012,
    6.283185307179586,
    0.0,
    0.0,
    2.061568244224013,
    0.0,
    3.46312948814822,
    0.11564196078610856,
    1.3428561582430305,
    3.92402713323348,
    0.0,
    0.0,
    0.1405537622907822,
    2.463869400980564,
    0.0,
    6.283185307179586,
    0.0,
    0.0,
    2.5527186839995,
    0.1622858454523528,
    0.0,
    0.0,
    0.3723431226151548,
    1.3839784806201108,
    0.0,
    6.283185307179586,
    0.0,
    0.0,
    2.909289733184724,
    1.939735959727905,
    0.7512004285401246,
    0.0,
    6.283185307179586,
    0.0,
    1.4249793133253803
  ],
  "triangle_inequality_violations": [],
  "embedding_coords": [
    [
      0.0580769966027356,
      -0.2679218138011505
    ],
    [
      0.05025623459908594,
      -0.12539501980706322
    ],
    [
      -0.1541113880112995,
      0.3027684348616319
    ],
    [
      0.0017795987719259863,
      0.03368615766487625
    ],
    [
      0.04465489955219411,
      -0.29362786762727305
    ],
    [
      0.20376894442017127,
      0.15669556741138477
    ],
    [
      -0.20442528593481332,
      0.1937945412975938
    ]
  ],
  "embedding_coords_3d": [
    [
      -0.24550227473405478,
      0.09217099345782775,
      0.11378655734448846
    ],
    [
      0.1738859878000521,
      -0.08090902683293348,
      -0.21954494490273793
    ],
    [
      -0.049419276049266686,
      -0.06440570639853271,
      0.3180065701071431
    ],
    [
      0.016594658157016794,
      0.14308584695592128,
      0.06133690890398971
    ],
    [
      0.06444466707386982,
      0.0800382337244142,
      -0.2091107721159478
    ],
    [
      -0.11424674325201813,
      -0.2013189161936795,
      -0.12745091207634648
    ],
    [
      0.15424298100440087,
      0.031338575286982466,
      0.06297659273941092
    ]
  ],
  "edge_weight_variance": 0.0,
  "event_nodes": [
    [
      0,
      0
    ],
    [
      1,
      0
    ],
    [
      2,
      0
    ],
    [
      3,
      0
    ],
    [
      4,
      0
    ],
    [
      5,
      0
    ],
    [
      6,
      0
    ],
    [
      0,
      1
    ],
    [
      1,
      1
    ],
    [
      2,
      1
    ],
    [
      3,
      1
    ],
    [
      4,
      1
    ],
    [
      5,
      1
    ],
    [
      6,
      1
    ],
    [
      0,
      2
    ],
    [
      1,
      2
    ],
    [
      2,
      2
    ],
    [
      3,
      2
    ],
    [
      4,
      2
    ],
    [
      5,
      2
    ],
    [
      6,
      2
    ],
    [
      0,
      3
    ],
    [
      1,
      3
    ],
    [
      2,
      3
    ],
    [
      3,
      3
    ],
    [
      4,
      3
    ],
    [
      5,
      3
    ],
    [
      6,
      3
    ]
  ],
  "event_edges": [
    {
      "type": "spatial",
      "from": [
        0,
        0
      ],
      "to": [
        1,
        0
      ],
      "weight": 7.329026374277211
    },
    {
      "type": "spatial",
      "from": [
        0,
        0
      ],
      "to": [
        2,
        0
      ],
      "weight": 6.846453539396954
    },
    {
      "type": "spatial",
      "from": [
        0,
        0
      ],
      "to": [
        3,
        0
      ],
      "weight": 4.202267593222306
    },
    {
      "type": "spatial",
      "from": [
        0,
        0
      ],
      "to": [
        4,
        0
      ],
      "weight": 8.32192996179448
    },
    {
      "type": "spatial",
      "from": [
        0,
