{
  "spec": {
    "num_qubits": 4,
    "topology": "triangulated",
    "custom_edges": "0-1:1.0000,0-2:1.0000,0-3:1.0000,1-2:1.0000,1-3:1.0000,2-3:1.0000",
    "alpha": 0.8,
    "weight": 1.712177769321039,
    "gamma": 0.02952452840201664,
    "sigma": 3.1640212231295945e-11,
    "init_angle": 0.6411468419835278,
    "init_angles": null,
    "shots": 500,
    "device": "ibm_brisbane",
    "geometry": "spherical",
    "curvature": 4.5,
    "timesteps": 3,
    "dimension": 2,
    "mass_hinge": null,
    "mass_value": 0.0,
    "solve_regge": false,
    "lorentzian": true,
    "excite": true,
    "fast": false,
    "fast_preset": "balanced",
    "ctc_mode": false,
    "ctc_perturbation": null,
    "ctc_perturbation_strength": 1.0,
    "test_ctc_recovery": false,
    "strong_curvature": true,
    "charge_injection": true,
    "charge_strength": 2.5,
    "charge_location": null,
    "spin_injection": true,
    "spin_strength": 2.0,
    "spin_location": null,
    "edge_floor": 0.001,
    "compute_entropies": true,
    "hyperbolic_triangulation": true,
    "trotter_steps": 8,
    "dt": 0.05,
    "analyze_curvature": true,
    "einstein_solver": true,
    "page_curve": true,
    "radiation_ordering": null,
    "page_curve_timesteps": 15,
    "entropy_method": "hybrid",
    "num_shadows": 100,
    "shots_per_shadow": 1000,
    "num_bases": 20,
    "shots_per_basis": 1000,
    "enhanced_entanglement": false,
    "entanglement_strength": -3.767870503127151e-11,
    "interpolate_geometry": false,
    "smooth_charge_injection": false,
    "min_qubits_for_continuum": 10,
    "benchmark_against_classical_geometry": false,
    "geometry_fit_metric": "wasserstein,kl,euclidean",
    "verify_noise_robustness": false,
    "run_on_multiple_backends": false,
    "detect_and_flag_causal_loops": true,
    "restrict_information_flow_direction": "bidirectional",
    "filter_noncausal_edges": true,
    "use_ryu_takayanagi_test": true,
    "compare_MI_vs_subsystem_entropy": true,
    "embed_boundary_entropy_in_geometry": true,
    "entropy_engineering": true,
    "target_entropy_pattern": "quantum_gravity",
    "custom_target_entropies": null,
    "entropy_optimization_iterations": 200,
    "entropy_tolerance": 0.05,
    "continue_on_engineering_failure": true,
    "skip_entropy_engineering": false,
    "validate_engineered_geometry": true,
    "enhance_bell_violations": true,
    "bell_entanglement_strength": 4.0,
    "teleportation_circuits": true,
    "long_range_coupling": 3.0,
    "holographic_optimization": true,
    "rt_surface_encoding": true,
    "conformal_symmetry": true,
    "bulk_reconstruction": true,
    "scalable_entanglement": true,
    "parallel_execution": true,
    "memory_optimization": true,
    "circuit_compilation": "optimized",
    "real_hardware": false,
    "error_mitigation": true,
    "zero_noise_extrapolation": true,
    "zne_noise_factors": [
      1.0,
      2.0,
      3.0
    ],
    "zne_extrapolation_method": "polynomial",
    "hardware_calibration": true,
    "noise_characterization": true,
    "backend_name": "ibm_brisbane",
    "quantum_mode": true,
    "quantum_entanglement_strength": 5.0,
    "quantum_circuit_depth": 12,
    "geometric_teleportation": false,
    "teleportation_mode": "both",
    "bridge_strength": 1.0,
    "signal_state": "+",
    "emergent_geometry_teleportation": false,
    "teleportation_node_pairs": "auto",
    "teleportation_embedding_dim": 2,
    "teleportation_fidelity_threshold": 0.7,
    "superposition_gravity": true,
    "massive_bulk_mass_hinge": "2",
    "massive_bulk_mass_value": 1.0,
    "massless_bulk_mass_hinge": "None",
    "massless_bulk_mass_value": 0.0,
    "superposition_control_qubit": 0,
    "superposition_phase": 0.0,
    "interference_analysis": true,
    "classical_mixture_comparison": true,
    "coherence_preservation": true,
    "bulk_reconstruction_method": "mi_embedding"
  },
  "uid": "T553SP",
  "counts_per_timestep": [
    {
      "1011": 24,
      "1001": 35,
      "1111": 45,
      "0110": 42,
      "0111": 34,
      "0000": 32,
      "1101": 32,
      "0011": 40,
      "1010": 32,
      "0101": 28,
      "0010": 21,
      "0100": 28,
      "0001": 28,
      "1000": 22,
      "1110": 32,
      "1100": 25
    },
    {
      "1101": 27,
      "0100": 34,
      "0111": 39,
      "0000": 32,
      "0011": 33,
      "1010": 34,
      "0001": 37,
      "1111": 36,
      "1011": 40,
      "0110": 27,
      "1001": 43,
      "0010": 22,
      "1110": 29,
      "0101": 28,
      "1000": 19,
      "1100": 20
    },
    {
      "0010": 34,
      "1100": 37,
      "0111": 25,
      "0000": 27,
      "1110": 31,
      "1111": 24,
      "0110": 36,
      "1101": 33,
      "0011": 35,
      "1000": 32,
      "0001": 42,
      "0101": 35,
      "1001": 29,
      "1011": 35,
      "1010": 22,
      "0100": 23
    }
  ],
  "job_ids_per_timestep": [
    "d27tct929u8s73f8kmqg",
    "d27tcug56fsc73e6bna0",
    "d27tcvp29u8s73f8kmt0"
  ],
  "entropy_per_timestep": [
    3.9672123510910615,
    3.963534803534697,
    3.97681170854693
  ],
  "mutual_information_per_timestep": [
    {
      "I_0,1": 1.3246410409491509e-05,
      "I_0,2": 0.00020362580979988408,
      "I_0,3": 0.0006790027241880339,
      "I_1,2": 0.0028344926595553245,
      "I_1,3": 4.651222567830424e-06,
      "I_2,3": 0.00021659358562405896
    },
    {
      "I_0,1": 1.3246410409491509e-05,
      "I_0,2": 0.00020362580979988408,
      "I_0,3": 0.0006790027241880339,
      "I_1,2": 0.0028344926595553245,
      "I_1,3": 4.651222567830424e-06,
      "I_2,3": 0.00021659358562405896
    },
    {
      "I_0,1": 1.3246410409491509e-05,
      "I_0,2": 0.00020362580979988408,
      "I_0,3": 0.0006790027241880339,
      "I_1,2": 0.0028344926595553245,
      "I_1,3": 4.651222567830424e-06,
      "I_2,3": 0.00021659358562405896
    }
  ],
  "boundary_entropies_per_timestep": [
    {
      "entropy_A": -0.0,
      "entropy_B": -0.0,
      "mi_AB": 0.0,
      "pure_state_check": true,
      "entropy_difference": 0.0,
      "multiple_regions": {
        "size_1_region_0": {
          "region": [
            0
          ],
          "entropy": 0.6930751788318458,
          "rt_area": 3,
          "size": 1
        },
        "size_1_region_1": {
          "region": [
            1
          ],
          "entropy": 0.6910977801629237,
          "rt_area": 3,
          "size": 1
        },
        "size_2_region_0": {
          "region": [
            0,
            1
          ],
          "entropy": 0.5533743429353012,
          "rt_area": 4,
          "size": 2
        },
        "size_2_region_1": {
          "region": [
            0,
            2
          ],
          "entropy": 0.5416816936981409,
          "rt_area": 4,
          "size": 2
        },
        "size_3_region_0": {
          "region": [
            0,
            1,
            2
          ],
          "entropy": 0.3669249912727096,
          "rt_area": 3,
          "size": 3
        },
        "size_3_region_1": {
          "region": [
            0,
            1,
            3
          ],
          "entropy": 0.33806977200113625,
          "rt_area": 3,
          "size": 3
        }
      }
    },
    {
      "entropy_A": -0.0,
      "entropy_B": -0.0,
      "mi_AB": 0.0,
      "pure_state_check": true,
      "entropy_difference": 0.0,
      "multiple_regions": {
        "size_1_region_0": {
          "region": [
            0
          ],
          "entropy": 0.6931151802186033,
          "rt_area": 3,
          "size": 1
        },
        "size_1_region_1": {
          "region": [
            1
          ],
          "entropy": 0.6923469670899615,
          "rt_area": 3,
          "size": 1
        },
        "size_2_region_0": {
          "region": [
            0,
            1
          ],
          "entropy": 0.560127234322942,
          "rt_area": 4,
          "size": 2
        },
        "size_2_region_1": {
          "region": [
            0,
            2
          ],
          "entropy": 0.575138476441581,
          "rt_area": 4,
          "size": 2
        },
        "size_3_region_0": {
          "region": [
            0,
            1,
            2
          ],
          "entropy": 0.40131622711833936,
          "rt_area": 3,
          "size": 3
        },
        "size_3_region_1": {
          "region": [
            0,
            1,
            3
          ],
          "entropy": 0.34231331619135297,
          "rt_area": 3,
          "size": 3
        }
      }
    },
    {
      "entropy_A": -0.0,
      "entropy_B": -0.0,
      "mi_AB": 0.0,
      "pure_state_check": true,
      "entropy_difference": 0.0,
      "multiple_regions": {
        "size_1_region_0": {
          "region": [
            0
          ],
          "entropy": 0.6927551293225422,
          "rt_area": 3,
          "size": 1
        },
        "size_1_region_1": {
          "region": [
            1
          ],
          "entropy": 0.6928591529055732,
          "rt_area": 3,
          "size": 1
        },
        "size_2_region_0": {
          "region": [
            0,
            1
          ],
          "entropy": 0.589135671956945,
          "rt_area": 4,
          "size": 2
        },
        "size_2_region_1": {
          "region": [
            0,
            2
          ],
          "entropy": 0.5666870774074232,
          "rt_area": 4,
          "size": 2
        },
        "size_3_region_0": {
          "region": [
            0,
            1,
            2
          ],
          "entropy": 0.40131622711833936,
          "rt_area": 3,
          "size": 3
        },
        "size_3_region_1": {
          "region": [
            0,
            1,
            3
          ],
          "entropy": 0.3708910023130473,
          "rt_area": 3,
          "size": 3
        }
      }
    }
  ],
  "distance_matrix_per_timestep": [
    [
      [
        0.0,
        11.231783954726668,
        8.499226514132188,
        7.294885418354666
      ],
      [
        11.231783954726668,
        0.0,
        5.86589231388211,
        14.303380151642006
      ],
      [
        8.499226514132188,
        5.86589231388211,
        0.0,
        8.437487837759896
      ],
      [
        7.294885418354666,
        14.303380151642006,
        8.437487837759896,
        0.0
      ]
    ],
    [
      [
        0.0,
        11.231783954726668,
        8.499226514132188,
        7.294885418354666
      ],
      [
        11.231783954726668,
        0.0,
        5.86589231388211,
        14.303380151642006
      ],
      [
        8.499226514132188,
        5.86589231388211,
        0.0,
        8.437487837759896
      ],
      [
        7.294885418354666,
        14.303380151642006,
        8.437487837759896,
        0.0
      ]
    ],
    [
      [
        0.0,
        11.231783954726668,
        8.499226514132188,
        7.294885418354666
      ],
      [
        11.231783954726668,
        0.0,
        5.86589231388211,
        14.303380151642006
      ],
      [
        8.499226514132188,
        5.86589231388211,
        0.0,
        8.437487837759896
      ],
      [
        7.294885418354666,
        14.303380151642006,
        8.437487837759896,
        0.0
      ]
    ]
  ],
  "edge_mi": {
    "0,1": 1.3246410409491509e-05,
    "0,3": 0.0006790027241880339,
    "0,2": 0.00020362580979988408,
    "1,2": 0.0028344926595553245,
    "2,3": 0.00021659358562405896
  },
  "distance_matrix": [
    [
      0.0,
      11.231783954726668,
      8.499226514132188,
      7.294885418354666
    ],
    [
      11.231783954726668,
      0.0,
      5.86589231388211,
      12.278380455108845
    ],
    [
      8.499226514132188,
      5.86589231388211,
      0.0,
      8.437487837759896
    ],
    [
      7.294885418354666,
      12.278380455108845,
      8.437487837759896,
      0.0
    ]
  ],
  "shortest_paths": {
    "0": {
      "0": 0,
      "3": 7.294885418354666,
      "2": 8.499226514132188,
      "1": 11.231783954726668
    },
    "1": {
      "1": 0,
      "2": 5.86589231388211,
      "0": 11.231783954726668,
      "3": 12.278380455108845
    },
    "2": {
      "2": 0,
      "1": 5.86589231388211,
      "3": 8.437487837759896,
      "0": 8.499226514132188
    },
    "3": {
      "3": 0,
      "0": 7.294885418354666,
      "2": 8.437487837759896,
      "1": 12.278380455108845
    }
  },
  "gromov_delta": 8.107639495740422,
  "mean_distance": 6.700957061745546,
  "angle_sums": [
    3.141592653589793,
    3.141592653589793,
    9.42477796076938,
    5.52194861748319
  ],
  "mean_angle_sum": 5.307477971358039,
  "min_angle_sum": 3.141592653589793,
  "max_angle_sum": 9.42477796076938,
  "angle_sum_deviations": [
    0.0,
    0.0,
    6.283185307179586,
    2.380355963893397
  ],
  "triangle_inequality_violations": [],
  "embedding_coords": [
    [
      0.02551754770770891,
      0.1098100020747161
    ],
    [
      -0.12422716585107323,
      0.06277903241024926
    ],
    [
      0.14964840183709788,
      -0.12408707436917622
    ],
    [
      -0.050938783693733544,
      -0.04850196011578914
    ]
  ],
  "embedding_coords_3d": [
    [
      0.12313389792233045,
      -0.01979785637939918,
      -0.08811008398371163
    ],
    [
      -0.037903871482964924,
      0.009494695649722556,
      0.06115056433337075
    ],
    [
      0.017242559542985193,
      0.016268428697202166,
      0.1752146729123515
    ],
    [
      -0.10247258598235072,
      -0.005965267967525539,
      -0.1482551532620106
    ]
  ],
  "edge_weight_variance": 0.0,
  "event_nodes": [
    [
      0,
      0
    ],
    [
      1,
      0
    ],
    [
      2,
      0
    ],
    [
      3,
      0
    ],
    [
      0,
      1
    ],
    [
      1,
      1
    ],
    [
      2,
      1
    ],
    [
      3,
      1
    ],
    [
      0,
      2
    ],
    [
      1,
      2
    ],
    [
      2,
      2
    ],
    [
      3,
      2
    ]
  ],
  "event_edges": [
    {
      "type": "spatial",
      "from": [
        0,
        0
      ],
      "to": [
        1,
        0
      ],
      "weight": 11.231783954726668
    },
    {
      "type": "spatial",
      "from": [
        0,
        0
      ],
      "to": [
        2,
        0
      ],
      "weight": 8.499226514132188
    },
    {
      "type": "spatial",
      "from": [
        0,
        0
      ],
      "to": [
        3,
        0
      ],
      "weight": 7.294885418354666
    },
    {
      "type": "spatial",
      "from": [
        1,
        0
      ],
      "to": [
        2,
        0
      ],
      "weight": 5.86589231388211
    },
    {
      "type": "spatial",
      "from": [
        1,
        0
      ],
      "to": [
        3,
        0
      ],
      "weight": 14.303380151642006
    },
    {
      "type": "spatial",
      "from": [
        2,
        0
      ],
      "to": [
        3,
        0
      ],
      "weight": 8.437487837759896
    },
    {
      "type": "temporal",
      "from": [
        0,
        0
      ],
      "to": [
        0,
        1
      ],
      "weight": 1.0
    },
    {
      "type": "temporal",
      "from": [
        1,
        0
      ],
      "to": [
        1,
        1
      ],
      "weight": 1.0
    },
    {
      "type": "temporal",
      "from": [
        2,
        0
      ],
      "to": [
        2,
        1
      ],
      "weight": 1.0
    },
    {
      "type": "temporal",
      "from": [
        3,
        0
      ],
      "to": [
        3,
        1
      ],
      "weight": 1.0
    },
    {
      "type": "spatial",
      "from": [
        0,
        1
      ],
      "to": [
        1,
        1
      ],
      "weight": 11.231783954726668
    },
    {
      "type": "spatial",
      "from": [
        0,
        1
      ],
      "to": [
        2,
        1
      ],
      "weight": 8.499226514132188
    },
    {
      "type": "spatial",
      "from": [
        0,
        1
      ],
      "to": [
        3,
        1
      ],
      "weight": 7.294885418354666
    },
    {
      "type": "spatial",
      "from": [
        1,
        1
      ],
      "to": [
        2,
        1
      ],
      "weight": 5.86589231388211
    },
    {
      "type": "spatial",
      "from": [
        1,
        1
      ],
      "to": [
        3,
        1
      ],
      "weight": 14.303380151642006
    },
    {
      "type": "spatial",
      "from": [
        2,
        1
      ],
      "to": [
        3,
        1
      ],
      "weight": 8.437487837759896
    },
    {
      "type": "temporal",
      "from": [
        0,
        1
      ],
      "to": [
        0,
        2
      ],
      "weight": 1.0
    },
    {
      "type": "temporal",
      "from": [
        1,
        1
      ],
      "to": [
        1,
        2
      ],
      "weight": 1.0
    },
    {
      "type": "temporal",
      "from": [
        2,
        1
      ],
      "to": [
        2,
        2
      ],
      "weight": 1.0
    },
    {
      "type": "temporal",
      "from": [
        3,
        1
      ],
      "to": [
        3,
        2
      ],
      "weight": 1.0
    },
    {
      "type": "spatial",
      "from": [
        0,
        2
      ],
      "to": [
        1,
        2
      ],
      "weight": 11.231783954726668
    },
    {
      "type": "spatial",
      "from": [
        0,
        2
      ],
      "to": [
        2,
        2
      ],
      "weight": 8.499226514132188
    },
    {
      "type": "spatial",
      "from": [
        0,
        2
      ],
      "to": [
        3,
        2
      ],
      "weight": 7.294885418354666
    },
    {
      "type": "spatial",
      "from": [
        1,
        2
      ],
      "to": [
        2,
        2
      ],
      "weight": 5.86589231388211
    },
    {
      "type": "spatial",
      "from": [
        1,
        2
      ],
      "to": [
        3,
        2
      ],
      "weight": 14.303380151642006
    },
    {
      "type": "spatial",
      "from": [
        2,
        2
      ],
      "to": [
        3,
        2
      ],
      "weight": 8.437487837759896
    }
  ],
  "lorentzian_dissimilarity": [
    [
      0.0,
      126.15297080565541,
      72.23685133852757,
      53.215353266923536,
      -1.0,
      125.15297080565541,
      71.23685133852757,
      52.215353266923536,
      -4.0,
      122.15297080565541,
      68.23685133852757,
      49.215353266923536
    ],
    [
      126.15297080565541,
      0.0,
      34.40869263806122,
      204.5866837623865,
      125.15297080565541,
      -1.0,
      33.40869263806122,
      203.5866837623865,
      122.15297080565541,
      -4.0,
      30.40869263806122,
      200.5866837623865
    ],
    [
      72.23685133852757,
      34.40869263806122,
      0.0,
      71.19120101234617,
      71.23685133852757,
      33.40869263806122,
      -1.0,
      70.19120101234617,
      68.23685133852757,
      30.40869263806122,
      -4.0,
      67.19120101234617
    ],
    [
      53.215353266923536,
      204.5866837623865,
      71.19120101234617,
      0.0,
      52.215353266923536,
      203.5866837623865,
      70.19120101234617,
      -1.0,
      49.215353266923536,
      200.5866837623865,
      67.19120101234617,
      -4.0
    ],
    [
      -1.0,
      125.15297080565541,
      71.23685133852757,
      52.215353266923536,
      0.0,
      126.15297080565541,
      72.23685133852757,
      53.215353266923536,
      -1.0,
      125.15297080565541,
      71.23685133852757,
      52.215353266923536
    ],
    [
      125.15297080565541,
      -1.0,
      33.40869263806122,
      203.5866837623865,
      126.15297080565541,
      0.0,
      34.40869263806122,
      204.5866837623865,
      125.15297080565541,
      -1.0,
      33.40869263806122,
      203.5866837623865
    ],
    [
      71.23685133852757,
      33.40869263806122,
      -1.0,
      70.19120101234617,
      72.23685133852757,
      34.40869263806122,
      0.0,
      71.19120101234617,
      71.23685133852757,
      33.40869263806122,
      -1.0,
      70.19120101234617
    ],
    [
      52.215353266923536,
      203.5866837623865,
      70.19120101234617,
      -1.0,
      53.215353266923536,
      204.5866837623865,
      71.19120101234617,
      0.0,
      52.215353266923536,
      203.5866837623865,
      70.19120101234617,
      -1.0
    ],
    [
      -4.0,
      122.15297080565541,
      68.23685133852757,
      49.215353266923536,
      -1.0,
      125.15297080565541,
      71.23685133852757,
      52.215353266923536,
      0.0,
      126.15297080565541,
      72.23685133852757,
      53.215353266923536
    ],
    [
      122.15297080565541,
      -4.0,
      30.40869263806122,
      200.5866837623865,
      125.15297080565541,
      -1.0,
      33.40869263806122,
      203.5866837623865,
      126.15297080565541,
      0.0,
      34.40869263806122,
      204.5866837623865
    ],
    [
      68.23685133852757,
      30.40869263806122,
      -4.0,
      67.19120101234617,
      71.23685133852757,
      33.40869263806122,
      -1.0,
      70.19120101234617,
      72.23685133852757,
      34.40869263806122,
      0.0,
      71.19120101234617
    ],
    [
      49.215353266923536,
      200.5866837623865,
      67.19120101234617,
      -4.0,
      52.215353266923536,
      203.5866837623865,
      70.19120101234617,
      -1.0,
      53.215353266923536,
      204.5866837623865,
      71.19120101234617,
      0.0
    ]
  ],
  "lorentzian_embedding": [
    [
      3.113408036984554,
      5.607268549792416,
      1.2245511187875728
    ],
    [
      -0.6002571958608364,
      -5.816546377791347,
      3.949597660495067
    ],
    [
      1.4077647426486257,
      -2.6078920905626006,
      -1.1591071052463298
    ],
    [
      0.07467984026892252,
      3.99891284960509,
      -6.3815385374831255
    ],
    [
      3.0572125192515096,
      5.642853034475498,
      1.2615935526500546
    ],
    [
      -0.4328266022787624,
      -5.794697397836852,
      4.006176465016645
    ],
    [
      1.1609967532858922,
      -2.6994499704354427,
      -1.2301571508971212
    ],
    [
      0.21997387454338077,
      4.038286846746104,
      -6.400106899242908
    ],
    [
      3.1146251459991006,
      5.607634934555492,
      1.224824981309722
    ],
    [
      -0.5992648424782121,
      -5.816220429409509,
      3.949751637673761
    ],
    [
      1.408037289192609,
      -2.607870096139974,
      -1.1590997278309436
    ],
    [
      0.0757366306166785,
      3.9991895922777005,
      -6.381234476104636
    ]
  ],
  "edge_length_evolution": [],
  "angle_deficit_evolution": [],
  "regge_action_evolution": [],
  "gromov_delta_evolution": [],
  "mass_hinge": null,
  "mass_value": 0.0,
  "matter": [
    {
      "(0, 1)": 0.0,
      "(1, 2)": 0.0,
      "(0, 3)": 0.0,
      "(2, 3)": 0.0,
      "(0, 2)": 0.0,
      "(1, 3)": 0.0
    },
    {
      "(0, 1)": 0.0,
      "(1, 2)": 0.0,
      "(0, 3)": 0.0,
      "(2, 3)": 0.0,
      "(0, 2)": 0.0,
      "(1, 3)": 0.0
    },
    {
      "(0, 1)": 0.0,
      "(1, 2)": 0.0,
      "(0, 3)": 0.0,
      "(2, 3)": 0.0,
      "(0, 2)": 0.0,
      "(1, 3)": 0.0
    }
  ],
  "stationary_solution": null,
  "einstein_analysis_per_timestep": [
    {
      "ricci_tensor": [
        [
          0.00024697577575903896,
          0.0
        ],
        [
          0.0,
          0.00024697577575903896
        ]
      ],
      "metric_tensor": [
        [
          1.000049395155152,
          2.4697577575903897e-05
        ],
        [
          2.4697577575903897e-05,
          1.000049395155152
        ]
      ],
      "stress_energy_tensor": [
        [
          0.00024697577575903896,
          4.939515515180779e-06
        ],
        [
          4.939515515180779e-06,
          0.00024697577575903896
        ]
      ],
      "einstein_solution": {
        "einstein_tensor": [
          [
            0.0,
            0.0
          ],
          [
            0.0,
            0.0
          ]
        ],
        "ricci_scalar": 0.0004939515515180779,
        "metric_tensor": [
          [
            1.0,
            0.0
          ],
          [
            0.0,
            1.0
          ]
        ],
        "lhs": [
          [
            0.0,
            0.0
          ],
          [
            0.0,
            0.0
          ]
        ],
        "rhs": [
          [
            0.00024697577575903896,
            4.939515515180779e-06
          ],
          [
            4.939515515180779e-06,
            0.00024697577575903896
          ]
        ],
        "equations_satisfied": false,
        "residual": 0.0003493463399702473,
        "conservation_violation": 0.00024697577575903896,
        "gravitational_constant": 0.039788735772973836,
        "cosmological_constant": 0.0
      },
      "entropy_first_derivative": 0.0,
      "entropy_second_derivative": 0.0,
      "entropy_curvature_correlation": 0.0003492714917276246,
      "emergent_gravitational_constant": 3.930741553600655e-05,
      "average_mutual_information": 0.0004939515515180779,
      "ricci_scalar": 0.0004939515515180779,
      "analysis_summary": {
        "einstein_equations_satisfied": false,
        "residual_magnitude": 0.0003493463399702473,
        "conservation_violation": 0.00024697577575903896,
        "entropy_evolution_rate": 0.0,
        "entropy_acceleration": 0.0,
        "entanglement_curvature_coupling": 0.0003492714917276246
      }
    },
    {
      "ricci_tensor": [
        [
          0.00024697577575903896,
          0.0
        ],
        [
          0.0,
          0.00024697577575903896
        ]
      ],
      "metric_tensor": [
        [
          1.000049395155152,
          2.4697577575903897e-05
        ],
        [
          2.4697577575903897e-05,
          1.000049395155152
        ]
      ],
      "stress_energy_tensor": [
        [
          0.00024697577575903896,
          4.939515515180779e-06
        ],
        [
          4.939515515180779e-06,
          0.00024697577575903896
        ]
      ],
      "einstein_solution": {
        "einstein_tensor": [
          [
            0.0,
            0.0
          ],
          [
            0.0,
            0.0
          ]
        ],
        "ricci_scalar": 0.0004939515515180779,
        "metric_tensor": [
          [
            1.0,
            0.0
          ],
          [
            0.0,
            1.0
          ]
        ],
        "lhs": [
          [
            0.0,
            0.0
          ],
          [
            0.0,
            0.0
          ]
        ],
        "rhs": [
          [
            0.00024697577575903896,
            4.939515515180779e-06
          ],
          [
            4.939515515180779e-06,
            0.00024697577575903896
          ]
        ],
        "equations_satisfied": false,
        "residual": 0.0003493463399702473,
        "conservation_violation": 0.00024697577575903896,
        "gravitational_constant": 0.039788735772973836,
        "cosmological_constant": 0.0
      },
      "entropy_first_derivative": 0.0,
      "entropy_second_derivative": 0.0,
      "entropy_curvature_correlation": 0.0003492714917276246,
      "emergent_gravitational_constant": 3.930741553600655e-05,
      "average_mutual_information": 0.0004939515515180779,
      "ricci_scalar": 0.0004939515515180779,
      "analysis_summary": {
        "einstein_equations_satisfied": false,
        "residual_magnitude": 0.0003493463399702473,
        "conservation_violation": 0.00024697577575903896,
        "entropy_evolution_rate": 0.0,
        "entropy_acceleration": 0.0,
        "entanglement_curvature_coupling": 0.0003492714917276246
      }
    },
    {
      "ricci_tensor": [
        [
          0.00024697577575903896,
          0.0
        ],
        [
          0.0,
          0.00024697577575903896
        ]
      ],
      "metric_tensor": [
        [
          1.000049395155152,
          2.4697577575903897e-05
        ],
        [
          2.4697577575903897e-05,
          1.000049395155152
        ]
      ],
      "stress_energy_tensor": [
        [
          0.00024697577575903896,
          4.939515515180779e-06
        ],
        [
          4.939515515180779e-06,
          0.00024697577575903896
        ]
      ],
      "einstein_solution": {
        "einstein_tensor": [
          [
            0.0,
            0.0
          ],
          [
            0.0,
            0.0
          ]
        ],
        "ricci_scalar": 0.0004939515515180779,
        "metric_tensor": [
          [
            1.0,
            0.0
          ],
          [
            0.0,
            1.0
          ]
        ],
        "lhs": [
          [
            0.0,
            0.0
          ],
          [
            0.0,
            0.0
          ]
        ],
        "rhs": [
          [
            0.00024697577575903896,
            4.939515515180779e-06
          ],
          [
            4.939515515180779e-06,
            0.00024697577575903896
          ]
        ],
        "equations_satisfied": false,
        "residual": 0.0003493463399702473,
        "conservation_violation": 0.00024697577575903896,
        "gravitational_constant": 0.039788735772973836,
        "cosmological_constant": 0.0
      },
      "entropy_first_derivative": 0.004799678727934298,
      "entropy_second_derivative": 0.0169544525685974,
      "entropy_curvature_correlation": 0.0003492714917276246,
      "emergent_gravitational_constant": 3.930741553600655e-05,
      "average_mutual_information": 0.0004939515515180779,
      "ricci_scalar": 0.0004939515515180779,
      "analysis_summary": {
        "einstein_equations_satisfied": false,
        "residual_magnitude": 0.0003493463399702473,
        "conservation_violation": 0.00024697577575903896,
        "entropy_evolution_rate": 0.004799678727934298,
        "entropy_acceleration": 0.0169544525685974,
        "entanglement_curvature_coupling": 0.0003492714917276246
      }
    }
  ],
  "bootstrap_analysis": {
    "gromov_delta": {
      "mean": 9.120139344007004,
      "lower_ci": 9.120139344007004,
      "upper_ci": 9.120139344007004,
      "all_values": [
        9.120139344007004,
        9.120139344007004,
        9.120139344007004
      ],
      "uncertainty": 0.0
    },
    "entropy": {
      "mean": 3.9691862877242294,
      "lower_ci": 3.963534803534697,
      "upper_ci": 3.9768117085469306,
      "uncertainty": 0.007625420822701123
    },
    "distance_matrix": {
      "mean": [
        [
          0.0,
          11.231783954726668,
          8.499226514132188,
          7.294885418354666
        ],
        [
          11.231783954726668,
          0.0,
          5.86589231388211,
          14.303380151642008
        ],
        [
          8.499226514132188,
          5.86589231388211,
          0.0,
          8.437487837759896
        ],
        [
          7.294885418354666,
          14.303380151642008,
          8.437487837759896,
          0.0
        ]
      ],
      "lower_ci": [
        [
          0.0,
          11.231783954726668,
          8.499226514132188,
          7.294885418354666
        ],
        [
          11.231783954726668,
          0.0,
          5.86589231388211,
          14.303380151642008
        ],
        [
          8.499226514132188,
          5.86589231388211,
          0.0,
          8.437487837759896
        ],
        [
          7.294885418354666,
          14.303380151642008,
          8.437487837759896,
          0.0
        ]
      ],
      "upper_ci": [
        [
          0.0,
          11.231783954726668,
          8.499226514132188,
          7.294885418354666
        ],
        [
          11.231783954726668,
          0.0,
          5.86589231388211,
          14.303380151642008
        ],
        [
          8.499226514132188,
          5.86589231388211,
          0.0,
          8.437487837759896
        ],
        [
          7.294885418354666,
          14.303380151642008,
          8.437487837759896,
          0.0
        ]
      ]
    }
  },
  "topology_compatibility": {
    "current_topology": "triangulated",
    "explanation": "Triangulated topology is specifically designed for angle-sum curvature. Creates multiple triangles per vertex, enabling robust local curvature measurements. Each vertex has multiple incident triangles for well-defined angle sums.",
    "supports_local_curvature": true
  },
  "rt_surface_analysis": {
    "region_A": [
      0
    ],
    "region_B": [
      1,
      2,
      3
    ],
    "bulk_point": 2,
    "is_complementary": true,
    "rt_area_AB": 27.025895887213522,
    "rt_area_BA": 27.025895887213522,
    "area_consistent": true,
    "edges_consistent": true,
    "area_difference": 0.0,
    "rt_edges_AB": [
      [
        0,
        1
      ],
      [
        0,
        2
      ],
      [
        0,
        3
      ]
    ],
    "rt_edges_BA": [
      [
        0,
        1
      ],
      [
        0,
        2
      ],
      [
        0,
        3
      ]
    ],
    "edge_lengths": [
      11.231783954726668,
      8.499226514132188,
      7.294885418354666,
      5.86589231388211,
      14.303380151642006,
      8.437487837759896
    ],
    "all_edges": [
      [
        0,
        1
      ],
      [
        0,
        2
      ],
      [
        0,
        3
      ],
      [
        1,
        2
      ],
      [
        1,
        3
      ],
      [
        2,
        3
      ]
    ]
  },
  "bulk_excitation_analysis": {
    "ground_state_mi": [
      [
        0.0,
        0.19627869519009655,
        0.3183134739771777,
        0.1962786951900961
      ],
      [
        0.19627869519009655,
        0.0,
        0.19627869519009733,
        0.5459574601909083
      ],
      [
        0.3183134739771777,
        0.19627869519009733,
        0.0,
        0.19627869519009633
      ],
      [
        0.1962786951900961,
        0.5459574601909083,
        0.19627869519009633,
        0.0
      ]
    ],
    "excited_state_mi": [
      [
        0.0,
        0.20162914624991657,
        0.2549884143778046,
        0.20162914624991723
      ],
      [
        0.20162914624991657,
        0.0,
        0.4166490992675025,
        0.3838301790978855
      ],
      [
        0.2549884143778046,
        0.4166490992675025,
        0.0,
        0.4166490992675027
      ],
      [
        0.20162914624991723,
        0.3838301790978855,
        0.4166490992675027,
        0.0
      ]
    ],
    "mi_difference": [
      [
        0.0,
        0.005350451059820016,
        -0.06332505959937307,
        0.005350451059821126
      ],
      [
        0.005350451059820016,
        0.0,
        0.22037040407740516,
        -0.16212728109302277
      ],
      [
        -0.06332505959937307,
        0.22037040407740516,
        0.0,
        0.22037040407740638
      ],
      [
        0.005350451059821126,
        -0.16212728109302277,
        0.22037040407740638,
        0.0
      ]
    ],
    "avg_mi_change": 0.08461175637085606,
    "max_mi_change": 0.22037040407740638,
    "mi_change_boundary_A": NaN,
    "mi_change_boundary_B": 0.09287117568726293,
    "bulk_point": 2,
    "ground_state_counts": {
      "counts": {
        "1001": 31,
        "0110": 30,
        "0000": 40,
        "1010": 29,
        "1110": 40,
        "1011": 30,
        "0010": 41,
        "1101": 25,
        "1000": 31,
        "0101": 29,
        "0100": 37,
        "0011": 31,
        "1100": 30,
        "0001": 21,
        "1111": 33,
        "0111": 22
      },
      "job_id": "d27td19ogaas73ct7a8g",
      "mutual_information": {
        "I_0,1": 0.00025530489004149323,
        "I_0,2": 2.346476049931538e-06,
        "I_0,3": 0.0033361411957789043,
        "I_1,2": 4.187572647095265e-05,
        "I_1,3": 0.000940624987430248,
        "I_2,3": 0.00139329181489177
      }
    },
    "excited_state_counts": {
      "counts": {
        "1011": 35,
        "0011": 33,
        "1111": 41,
        "0110": 34,
        "0000": 34,
        "1100": 30,
        "0001": 36,
        "1010": 23,
        "0010": 20,
        "0100": 39,
        "0101": 16,
        "1101": 38,
        "0111": 35,
        "1110": 27,
        "1001": 28,
        "1000": 31
      },
      "job_id": "d27td2hogaas73ct7aag",
      "mutual_information": {
        "I_0,1": 0.009152449606844727,
        "I_0,2": 0.0018056386077340662,
        "I_0,3": 0.0041173729789581864,
        "I_1,2": 0.0029913978729142372,
        "I_1,3": 1.2104761062430285e-05,
        "I_2,3": 0.0009118652890571146
      }
    },
    "boundary_entropies": {
      "ground_state": {
        "entropy_A": 0.5436159649159735,
        "entropy_B": 0.543615964915973,
        "mi_AB": 1.0872319298319237
      },
      "excited_state": {
        "entropy_A": 0.6017248306779406,
        "entropy_B": 0.60172483067794,
        "mi_AB": 1.203449661355856
      },
      "rt_relation_test": {
        "entropy_ratio": 0.999999999999999,
        "rt_area_ratio": 1.0,
        "rt_deviation": 9.992007221626409e-16,
        "excited_entropy_ratio": 0.9999999999999991,
        "rt_relation_change": 1.1102230246251565e-16
      }
    }
  },
  "page_curve_analysis": null,
  "deutsch_ctc_analysis": null,
  "ctc_recovery_analysis": null,
  "einstein_analysis": null,
  "dynamic_evidence": {
    "angle_sums_per_timestep": [
      [
        3.141592653589793,
        9.42477796076938,
        9.42477796076938,
        0.0
      ],
      [
        3.141592653589793,
        9.42477796076938,
        9.42477796076938,
        0.0
      ],
      [
        3.141592653589793,
        9.42477796076938,
        9.42477796076938,
        0.0
      ]
    ],
    "gromov_delta_per_timestep": [
      9.120139344007004,
      9.120139344007004,
      9.120139344007004
    ],
    "edge_mi_per_timestep": [
      {
        "0,1": 1.3246410409491509e-05,
        "0,3": 0.0006790027241880339,
        "0,2": 0.00020362580979988408,
        "1,2": 0.0028344926595553245,
        "2,3": 0.00021659358562405896
      },
      {
        "0,1": 1.3246410409491509e-05,
        "0,3": 0.0006790027241880339,
        "0,2": 0.00020362580979988408,
        "1,2": 0.0028344926595553245,
        "2,3": 0.00021659358562405896
      },
      {
        "0,1": 1.3246410409491509e-05,
        "0,3": 0.0006790027241880339,
        "0,2": 0.00020362580979988408,
        "1,2": 0.0028344926595553245,
        "2,3": 0.00021659358562405896
      }
    ],
    "shortest_paths_per_timestep": [
      {
        "0": {
          "0": 0,
          "3": 7.294885418354666,
          "2": 8.499226514132188,
          "1": 11.231783954726668
        },
        "1": {
          "1": 0,
          "2": 5.86589231388211,
          "0": 11.231783954726668,
          "3": 14.303380151642006
        },
        "2": {
          "2": 0,
          "1": 5.86589231388211,
          "3": 8.437487837759896,
          "0": 8.499226514132188
        },
        "3": {
          "3": 0,
          "0": 7.294885418354666,
          "2": 8.437487837759896,
          "1": 14.303380151642006
        }
      },
      {
        "0": {
          "0": 0,
          "3": 7.294885418354666,
          "2": 8.499226514132188,
          "1": 11.231783954726668
        },
        "1": {
          "1": 0,
          "2": 5.86589231388211,
          "0": 11.231783954726668,
          "3": 14.303380151642006
        },
        "2": {
          "2": 0,
          "1": 5.86589231388211,
          "3": 8.437487837759896,
          "0": 8.499226514132188
        },
        "3": {
          "3": 0,
          "0": 7.294885418354666,
          "2": 8.437487837759896,
          "1": 14.303380151642006
        }
      },
      {
        "0": {
          "0": 0,
          "3": 7.294885418354666,
          "2": 8.499226514132188,
          "1": 11.231783954726668
        },
        "1": {
          "1": 0,
          "2": 5.86589231388211,
          "0": 11.231783954726668,
          "3": 14.303380151642006
        },
        "2": {
          "2": 0,
          "1": 5.86589231388211,
