{
  "spec": {
    "num_qubits": 6,
    "topology": "triangulated",
    "custom_edges": "0-1:1.0000,0-2:1.0000,0-3:1.0000,0-4:1.0000,0-5:1.0000,1-2:1.0000,1-3:1.0000,1-4:1.0000,1-5:1.0000,2-3:1.0000,2-4:1.0000,2-5:1.0000,3-4:1.0000,3-5:1.0000,4-5:1.0000",
    "alpha": 0.8,
    "weight": 2.0,
    "gamma": 1.0,
    "sigma": null,
    "init_angle": 0.0,
    "init_angles": null,
    "shots": 100,
    "device": "simulator",
    "geometry": "spherical",
    "curvature": 1.0,
    "timesteps": 4,
    "dimension": 2,
    "mass_hinge": null,
    "mass_value": 0.0,
    "solve_regge": false,
    "lorentzian": false,
    "excite": false,
    "fast": true,
    "strong_curvature": false,
    "charge_injection": false,
    "charge_strength": 1.0,
    "charge_location": 3,
    "spin_injection": false,
    "spin_strength": 1.0,
    "spin_location": 3,
    "edge_floor": 0.001,
    "compute_entropies": false,
    "hyperbolic_triangulation": false,
    "trotter_steps": 4,
    "dt": 0.1,
    "analyze_curvature": false,
    "einstein_solver": false,
    "page_curve": false,
    "radiation_ordering": "0,1",
    "page_curve_timesteps": 10,
    "entropy_method": "basic",
    "num_shadows": 50,
    "shots_per_shadow": 500,
    "num_bases": 10,
    "shots_per_basis": 500,
    "enhanced_entanglement": false,
    "entanglement_strength": 1.5,
    "interpolate_geometry": false,
    "smooth_charge_injection": false,
    "min_qubits_for_continuum": 10,
    "benchmark_against_classical_geometry": false,
    "geometry_fit_metric": "wasserstein,kl,euclidean",
    "verify_noise_robustness": false,
    "run_on_multiple_backends": false,
    "detect_and_flag_causal_loops": false,
    "restrict_information_flow_direction": "forward",
    "filter_noncausal_edges": false,
    "use_ryu_takayanagi_test": false,
    "compare_MI_vs_subsystem_entropy": false,
    "embed_boundary_entropy_in_geometry": false,
    "entropy_engineering": false,
    "target_entropy_pattern": "page_curve",
    "custom_target_entropies": null,
    "entropy_optimization_iterations": 100,
    "entropy_tolerance": 0.1,
    "continue_on_engineering_failure": false,
    "validate_engineered_geometry": false,
    "enhance_bell_violations": true,
    "bell_entanglement_strength": 2.5,
    "teleportation_circuits": true,
    "long_range_coupling": 2.0,
    "holographic_optimization": true,
    "rt_surface_encoding": true,
    "conformal_symmetry": true,
    "bulk_reconstruction": false,
    "scalable_entanglement": true,
    "parallel_execution": false,
    "memory_optimization": false,
    "circuit_compilation": "auto",
    "real_hardware": false,
    "error_mitigation": true,
    "zero_noise_extrapolation": false,
    "hardware_calibration": false,
    "noise_characterization": false,
    "backend_name": "ibm_brisbane"
  },
  "uid": "FDIRTF",
  "counts_per_timestep": [
    null,
    null,
    null,
    null
  ],
  "job_ids_per_timestep": [
    null,
    null,
    null,
    null
  ],
  "entropy_per_timestep": [
    null,
    null,
    null,
    null
  ],
  "mutual_information_per_timestep": [
    {
      "I_0,1": 0.09115405724127212,
      "I_0,2": 0.12080335621093852,
      "I_0,3": 0.043943097570283474,
      "I_0,4": 0.10589934226052389,
      "I_0,5": 0.17689341202663433,
      "I_1,2": 0.10118054594982451,
      "I_1,3": 0.08449594893450607,
      "I_1,4": 0.10208744274339066,
      "I_1,5": 0.07488450264458124,
      "I_2,3": 0.10959460460871351,
      "I_2,4": 0.061005359258920144,
      "I_2,5": 0.1025923469982224,
      "I_3,4": 0.09270651558600185,
      "I_3,5": 0.07781133043570931,
      "I_4,5": 0.09509827544139204
    },
    {
      "I_0,1": 0.16256303364403446,
      "I_0,2": 0.061612836035548124,
      "I_0,3": 0.10820540960387803,
      "I_0,4": 0.06518361634944325,
      "I_0,5": 0.314826919276177,
      "I_1,2": 0.10574588096244741,
      "I_1,3": 0.12405979462934202,
      "I_1,4": 0.08416604752772128,
      "I_1,5": 0.04200592652943169,
      "I_2,3": 0.009698782063793043,
      "I_2,4": 0.12044781748811761,
      "I_2,5": 0.14304741372289453,
      "I_3,4": 0.14007947475731486,
      "I_3,5": 0.09182429777795331,
      "I_4,5": 0.054404259180182324
    },
    {
      "I_0,1": 0.08579889261835949,
      "I_0,2": 0.09367710646916372,
      "I_0,3": 0.1403022823984541,
      "I_0,4": 0.029545070659725114,
      "I_0,5": 0.0722734245875376,
      "I_1,2": 0.11693284959446837,
      "I_1,3": 0.039900285553052584,
      "I_1,4": 0.10277586439102304,
      "I_1,5": 0.09663806262812624,
      "I_2,3": 0.11182438883357637,
      "I_2,4": 0.09804102770978718,
      "I_2,5": 0.08325917712034414,
      "I_3,4": 0.08936140634223899,
      "I_3,5": 0.11665427290726882,
      "I_4,5": 0.03592300345565791
    },
    {
      "I_0,1": 0.10493946200748905,
      "I_0,2": 0.1462200429343441,
      "I_0,3": 0.12351069023041061,
      "I_0,4": 0.05208816951386663,
      "I_0,5": 0.0836829353412547,
      "I_1,2": 0.19581495926098924,
      "I_1,3": 0.06203777522146492,
      "I_1,4": 0.07955985264774212,
      "I_1,5": 0.10512117296479029,
      "I_2,3": 0.16265101888197986,
      "I_2,4": 0.05204883316932607,
      "I_2,5": 0.08579009648953662,
      "I_3,4": 0.07866521739728016,
      "I_3,5": 0.09241787972050508,
      "I_4,5": 0.13031682109088338
    }
  ],
  "boundary_entropies_per_timestep": [
    {
      "entropy_A": 2.3586143145319536,
      "entropy_B": 2.358614314531953,
      "mi_AB": 4.717228629063897,
      "pure_state_check": true,
      "entropy_difference": 4.440892098500626e-16,
      "multiple_regions": {
        "size_1_region_0": {
          "region": [
            0
          ],
          "entropy": 0.9951627281909741,
          "rt_area": 5,
          "size": 1
        },
        "size_1_region_1": {
          "region": [
            1
          ],
          "entropy": 0.9449854493959846,
          "rt_area": 5,
          "size": 1
        },
        "size_1_region_2": {
          "region": [
            2
          ],
          "entropy": 0.9762272665671302,
          "rt_area": 5,
          "size": 1
        },
        "size_2_region_0": {
          "region": [
            0,
            1
          ],
          "entropy": 1.8489941203456866,
          "rt_area": 8,
          "size": 2
        },
        "size_2_region_1": {
          "region": [
            0,
            2
          ],
          "entropy": 1.8505866385471657,
          "rt_area": 8,
          "size": 2
        },
        "size_2_region_2": {
          "region": [
            0,
            3
          ],
          "entropy": 1.9292145777574667,
          "rt_area": 8,
          "size": 2
        },
        "size_3_region_0": {
          "region": [
            0,
            1,
            2
          ],
          "entropy": 2.3586143145319536,
          "rt_area": 9,
          "size": 3
        },
        "size_3_region_1": {
          "region": [
            0,
            1,
            3
          ],
          "entropy": 2.418935601817089,
          "rt_area": 9,
          "size": 3
        },
        "size_3_region_2": {
          "region": [
            0,
            1,
            4
          ],
          "entropy": 2.273224873568545,
          "rt_area": 9,
          "size": 3
        },
        "size_4_region_0": {
          "region": [
            0,
            1,
            2,
            3
          ],
          "entropy": 1.8590555050398736,
          "rt_area": 8,
          "size": 4
        },
        "size_4_region_1": {
          "region": [
            0,
            1,
            2,
            4
          ],
          "entropy": 1.869171484239103,
          "rt_area": 8,
          "size": 4
        },
        "size_4_region_2": {
          "region": [
            0,
            1,
            2,
            5
          ],
          "entropy": 1.870454344494005,
          "rt_area": 8,
          "size": 4
        },
        "size_5_region_0": {
          "region": [
            0,
            1,
            2,
            3,
            4
          ],
          "entropy": 0.9689878675380397,
          "rt_area": 5,
          "size": 5
        },
        "size_5_region_1": {
          "region": [
            0,
            1,
            2,
            3,
            5
          ],
          "entropy": 0.9851659129432341,
          "rt_area": 5,
          "size": 5
        },
        "size_5_region_2": {
          "region": [
            0,
            1,
            2,
            4,
            5
          ],
          "entropy": 0.9779949471367819,
          "rt_area": 5,
          "size": 5
        }
      }
    },
    {
      "entropy_A": 2.2559724300480575,
      "entropy_B": 2.2559724300480575,
      "mi_AB": 4.511944860096105,
      "pure_state_check": true,
      "entropy_difference": 0.0,
      "multiple_regions": {
        "size_1_region_0": {
          "region": [
            0
          ],
          "entropy": 0.9956116387683976,
          "rt_area": 5,
          "size": 1
        },
        "size_1_region_1": {
          "region": [
            1
          ],
          "entropy": 0.9671786929176643,
          "rt_area": 5,
          "size": 1
        },
        "size_1_region_2": {
          "region": [
            2
          ],
          "entropy": 0.9282805317782346,
          "rt_area": 5,
          "size": 1
        },
        "size_2_region_0": {
          "region": [
            0,
            1
          ],
          "entropy": 1.800227298042028,
          "rt_area": 8,
          "size": 2
        },
        "size_2_region_1": {
          "region": [
            0,
            2
          ],
          "entropy": 1.8622793345110844,
          "rt_area": 8,
          "size": 2
        },
        "size_2_region_2": {
          "region": [
            0,
            3
          ],
          "entropy": 1.843104814942262,
          "rt_area": 8,
          "size": 2
        },
        "size_3_region_0": {
          "region": [
            0,
            1,
            2
          ],
          "entropy": 2.2559724300480575,
          "rt_area": 9,
          "size": 3
        },
        "size_3_region_1": {
          "region": [
            0,
            1,
            3
          ],
          "entropy": 2.2369482674297427,
          "rt_area": 9,
          "size": 3
        },
        "size_3_region_2": {
          "region": [
            0,
            1,
            4
          ],
          "entropy": 2.3448672879373804,
          "rt_area": 9,
          "size": 3
        },
        "size_4_region_0": {
          "region": [
            0,
            1,
            2,
            3
          ],
          "entropy": 1.8993795763520065,
          "rt_area": 8,
          "size": 4
        },
        "size_4_region_1": {
          "region": [
            0,
            1,
            2,
            4
          ],
          "entropy": 1.8532489785343114,
          "rt_area": 8,
          "size": 4
        },
        "size_4_region_2": {
          "region": [
            0,
            1,
            2,
            5
          ],
          "entropy": 1.7800282560180996,
          "rt_area": 8,
          "size": 4
        },
        "size_5_region_0": {
          "region": [
            0,
            1,
            2,
            3,
            4
          ],
          "entropy": 0.9893746905345245,
          "rt_area": 5,
          "size": 5
        },
        "size_5_region_1": {
          "region": [
            0,
            1,
            2,
            3,
            5
          ],
          "entropy": 0.9644091449976708,
          "rt_area": 5,
          "size": 5
        },
        "size_5_region_2": {
          "region": [
            0,
            1,
            2,
            4,
            5
          ],
          "entropy": 0.9556985857777484,
          "rt_area": 5,
          "size": 5
        }
      }
    },
    {
      "entropy_A": 2.3707180395324032,
      "entropy_B": 2.370718039532402,
      "mi_AB": 4.741436079064794,
      "pure_state_check": true,
      "entropy_difference": 1.3322676295501878e-15,
      "multiple_regions": {
        "size_1_region_0": {
          "region": [
            0
          ],
          "entropy": 0.9805117808080475,
          "rt_area": 5,
          "size": 1
        },
        "size_1_region_1": {
          "region": [
            1
          ],
          "entropy": 0.9804871333550107,
          "rt_area": 5,
          "size": 1
        },
        "size_1_region_2": {
          "region": [
            2
          ],
          "entropy": 0.9567516955669342,
          "rt_area": 5,
          "size": 1
        },
        "size_2_region_0": {
          "region": [
            0,
            1
          ],
          "entropy": 1.8752000215446982,
          "rt_area": 8,
          "size": 2
        },
        "size_2_region_1": {
          "region": [
            0,
            2
          ],
          "entropy": 1.843586369905818,
          "rt_area": 8,
          "size": 2
        },
        "size_2_region_2": {
          "region": [
            0,
            3
          ],
          "entropy": 1.7796041788987118,
          "rt_area": 8,
          "size": 2
        },
        "size_3_region_0": {
          "region": [
            0,
            1,
            2
          ],
          "entropy": 2.3707180395324032,
          "rt_area": 9,
          "size": 3
        },
        "size_3_region_1": {
          "region": [
            0,
            1,
            3
          ],
          "entropy": 2.4210989803553704,
          "rt_area": 9,
          "size": 3
        },
        "size_3_region_2": {
          "region": [
            0,
            1,
            4
          ],
          "entropy": 2.297056015364057,
          "rt_area": 9,
          "size": 3
        },
        "size_4_region_0": {
          "region": [
            0,
            1,
            2,
            3
          ],
          "entropy": 1.8950685246403602,
          "rt_area": 8,
          "size": 4
        },
        "size_4_region_1": {
          "region": [
            0,
            1,
            2,
            4
          ],
          "entropy": 1.8017059197561884,
          "rt_area": 8,
          "size": 4
        },
        "size_4_region_2": {
          "region": [
            0,
            1,
            2,
            5
          ],
          "entropy": 1.8020592900685624,
          "rt_area": 8,
          "size": 4
        },
        "size_5_region_0": {
          "region": [
            0,
            1,
            2,
            3,
            4
          ],
          "entropy": 0.97896551217434,
          "rt_area": 5,
          "size": 5
        },
        "size_5_region_1": {
          "region": [
            0,
            1,
            2,
            3,
            5
          ],
          "entropy": 0.9520260159216846,
          "rt_area": 5,
          "size": 5
        },
        "size_5_region_2": {
          "region": [
            0,
            1,
            2,
            4,
            5
          ],
          "entropy": 0.9393946804891266,
          "rt_area": 5,
          "size": 5
        }
      }
    },
    {
      "entropy_A": 2.1846539068781805,
      "entropy_B": 2.1846539068781814,
      "mi_AB": 4.369307813756351,
      "pure_state_check": true,
      "entropy_difference": 8.881784197001252e-16,
      "multiple_regions": {
        "size_1_region_0": {
          "region": [
            0
          ],
          "entropy": 0.9604745567135511,
          "rt_area": 5,
          "size": 1
        },
        "size_1_region_1": {
          "region": [
            1
          ],
          "entropy": 0.9940716866522417,
          "rt_area": 5,
          "size": 1
        },
        "size_1_region_2": {
          "region": [
            2
          ],
          "entropy": 0.989878534287552,
          "rt_area": 5,
          "size": 1
        },
        "size_2_region_0": {
          "region": [
            0,
            1
          ],
          "entropy": 1.849606781358304,
          "rt_area": 8,
          "size": 2
        },
        "size_2_region_1": {
          "region": [
            0,
            2
          ],
          "entropy": 1.8041330480667592,
          "rt_area": 8,
          "size": 2
        },
        "size_2_region_2": {
          "region": [
            0,
            3
          ],
          "entropy": 1.8325031838704104,
          "rt_area": 8,
          "size": 2
        },
        "size_3_region_0": {
          "region": [
            0,
            1,
            2
          ],
          "entropy": 2.1846539068781805,
          "rt_area": 9,
          "size": 3
        },
        "size_3_region_1": {
          "region": [
            0,
            1,
            3
          ],
          "entropy": 2.334398726895785,
          "rt_area": 9,
          "size": 3
        },
        "size_3_region_2": {
          "region": [
            0,
            1,
            4
          ],
          "entropy": 2.406630545801202,
          "rt_area": 9,
          "size": 3
        },
        "size_4_region_0": {
          "region": [
            0,
            1,
            2,
            3
          ],
          "entropy": 1.7908855144636608,
          "rt_area": 8,
          "size": 4
        },
        "size_4_region_1": {
          "region": [
            0,
            1,
            2,
            4
          ],
          "entropy": 1.8893407494043784,
          "rt_area": 8,
          "size": 4
        },
        "size_4_region_2": {
          "region": [
            0,
            1,
            2,
            5
          ],
          "entropy": 1.8518571238069212,
          "rt_area": 8,
          "size": 4
        },
        "size_5_region_0": {
          "region": [
            0,
            1,
            2,
            3,
            4
          ],
          "entropy": 0.9862193117376173,
          "rt_area": 5,
          "size": 5
        },
        "size_5_region_1": {
          "region": [
            0,
            1,
            2,
            3,
            5
          ],
          "entropy": 0.9349830238169338,
          "rt_area": 5,
          "size": 5
        },
        "size_5_region_2": {
          "region": [
            0,
            1,
            2,
            4,
            5
          ],
          "entropy": 0.9955393173872777,
          "rt_area": 5,
          "size": 5
        }
      }
    }
  ],
  "distance_matrix_per_timestep": [
    [
      [
        0.0,
        2.3952042671500875,
        2.113591210664235,
        3.1248597190555705,
        2.245266237342847,
        1.732207919738618
      ],
      [
        2.3952042671500875,
        0.0,
        2.2908487743054238,
        4.501815908008071,
        2.281925551156079,
        4.127412186888705
      ],
      [
        2.113591210664235,
        2.2908487743054238,
        0.0,
        2.2109671337026477,
        2.796793561964391,
        2.27699193968809
      ],
      [
        3.1248597190555705,
        4.501815908008071,
        2.2109671337026477,
        0.0,
        2.378316522084192,
        4.487959073390738
      ],
      [
        2.245266237342847,
        2.281925551156079,
        2.796793561964391,
        2.378316522084192,
        0.0,
        2.3528444437551337
      ],
      [
        1.732207919738618,
        4.127412186888705,
        2.27699193968809,
        4.487959073390738,
        2.3528444437551337,
        0.0
      ]
    ],
    [
      [
        0.0,
        1.816689453077943,
        2.7868850529497196,
        2.2237239174805477,
        2.730547124610388,
        1.1557322537817165
      ],
      [
        1.816689453077943,
        0.0,
        2.2467164125240653,
        4.040413370558491,
        2.4749636750681705,
        2.9724217068596595
      ],
      [
        2.7868850529497196,
        2.2467164125240653,
        0.0,
        4.082084010338163,
        2.1165386697357507,
        1.9445791391818241
      ],
      [
        2.2237239174805477,
        4.040413370558491,
        4.082084010338163,
        0.0,
        1.9655453406024124,
        3.379456171262264
      ],
      [
        2.730547124610388,
        2.4749636750681705,
        2.1165386697357507,
        1.9655453406024124,
        0.0,
        2.9113128344316843
      ],
      [
        1.1557322537817165,
        2.9724217068596595,
        1.9445791391818241,
        3.379456171262264,
        2.9113128344316843,
        0.0
      ]
    ],
    [
      [
        0.0,
        2.4557491791174373,
        2.3679014475612066,
        1.9639560240199136,
        3.521838362590638,
        2.6272987887916974
      ],
      [
        2.4557491791174373,
        0.0,
        2.1461554440381843,
        4.336981039099074,
        2.2752047357152168,
        4.631952364555465
      ],
      [
        2.3679014475612066,
        2.1461554440381843,
        0.0,
        2.1908255950608893,
        2.322369237821198,
        2.4857969205172803
      ],
      [
        1.9639560240199136,
        4.336981039099074,
        2.1908255950608893,
        0.0,
        2.4150663864059205,
        4.591254812811611
      ],
      [
        3.521838362590638,
        2.2752047357152168,
        2.322369237821198,
        2.4150663864059205,
        0.0,
        3.3263774239084465
      ],
      [
        2.6272987887916974,
        4.631952364555465,
        2.4857969205172803,
        4.591254812811611,
        3.3263774239084465,
        0.0
      ]
    ],
    [
      [
        0.0,
        2.2543716474044366,
        1.922642648488614,
        2.091427566090129,
        2.9548174286782243,
        2.480720201110879
      ],
      [
        2.2543716474044366,
        0.0,
        1.630585151084046,
        3.446733512905884,
        2.5312456770877976,
        4.086436855764182
      ],
      [
        1.922642648488614,
        1.630585151084046,
        0.0,
        1.8161483618218384,
        2.955572901668572,
        2.455851704680136
      ],
      [
        2.091427566090129,
        3.446733512905884,
        1.8161483618218384,
        0.0,
        2.5425541857102707,
        4.272000066501974
      ],
      [
        2.9548174286782243,
        2.5312456770877976,
        2.955572901668572,
        2.5425541857102707,
        0.0,
        2.0377867080883547
      ],
      [
        2.480720201110879,
        4.086436855764182,
        2.455851704680136,
        4.272000066501974,
        2.0377867080883547,
        0.0
      ]
    ]
  ],
  "edge_mi": {
    "0,1": 0.10493946200748905,
    "0,5": 0.0836829353412547,
    "0,2": 0.1462200429343441,
    "0,4": 0.05208816951386663,
    "0,3": 0.12351069023041061,
    "1,2": 0.19581495926098924,
    "1,4": 0.07955985264774212,
    "2,3": 0.16265101888197986,
    "2,4": 0.05204883316932607,
    "2,5": 0.08579009648953662,
    "3,4": 0.07866521739728016,
    "4,5": 0.13031682109088338
  },
  "distance_matrix": [
    [
      0.0,
      2.2543716474044366,
      1.922642648488614,
      2.091427566090129,
      2.9548174286782243,
      2.480720201110879
    ],
    [
      2.2543716474044366,
      0.0,
      1.630585151084046,
      2.7800118017058226,
      2.5312456770877976,
      2.2526415659672394
    ],
    [
      1.922642648488614,
      1.630585151084046,
      0.0,
      1.8161483618218384,
      2.955572901668572,
      2.455851704680136
    ],
    [
      2.091427566090129,
      2.7800118017058226,
      1.8161483618218384,
      0.0,
      2.5425541857102707,
      2.38143481558521
    ],
    [
      2.9548174286782243,
      2.5312456770877976,
      2.955572901668572,
      2.5425541857102707,
      0.0,
      2.0377867080883547
    ],
    [
      2.480720201110879,
      2.2526415659672394,
      2.455851704680136,
      2.38143481558521,
      2.0377867080883547,
      0.0
    ]
  ],
  "shortest_paths": {
    "0": {
      "0": 0,
      "2": 1.922642648488614,
      "3": 2.091427566090129,
      "1": 2.2543716474044366,
      "5": 2.480720201110879,
      "4": 2.9548174286782243
    },
    "1": {
      "1": 0,
      "2": 1.630585151084046,
      "5": 2.2526415659672394,
      "0": 2.2543716474044366,
      "4": 2.5312456770877976,
      "3": 2.7800118017058226
    },
    "2": {
      "2": 0,
      "1": 1.630585151084046,
      "3": 1.8161483618218384,
      "0": 1.922642648488614,
      "5": 2.455851704680136,
      "4": 2.955572901668572
    },
    "3": {
      "3": 0,
      "2": 1.8161483618218384,
      "0": 2.091427566090129,
      "5": 2.38143481558521,
      "4": 2.5425541857102707,
      "1": 2.7800118017058226
    },
    "4": {
      "4": 0,
      "5": 2.0377867080883547,
      "1": 2.5312456770877976,
      "3": 2.5425541857102707,
      "0": 2.9548174286782243,
      "2": 2.955572901668572
    },
    "5": {
      "5": 0,
      "4": 2.0377867080883547,
      "1": 2.2526415659672394,
      "3": 2.38143481558521,
      "2": 2.455851704680136,
      "0": 2.480720201110879
    }
  },
  "gromov_delta": 1.9938738409290913,
  "mean_distance": 1.9493229091761985,
  "angle_sums": [
    6.389949447993711,
    9.42477796076938,
    9.42477796076938,
    9.42477796076938,
    6.52436987596552,
    9.42477796076938,
    9.42477796076938,
    9.42477796076938,
    9.42477796076938,
    9.42477796076938,
    8.086557714680612,
    9.42477796076938,
    9.42477796076938,
    9.42477796076938,
    9.42477796076938,
    9.42477796076938,
    9.42477796076938,
    9.42477796076938,
    9.42477796076938,
    9.42477796076938
  ],
  "mean_angle_sum": 9.061105118585965,
  "min_angle_sum": 6.389949447993711,
  "max_angle_sum": 9.42477796076938,
  "angle_sum_deviations": [
    3.248356794403918,
    6.283185307179586,
    6.283185307179586,
    6.283185307179586,
    3.3827772223757266,
    6.283185307179586,
    6.283185307179586,
    6.283185307179586,
    6.283185307179586,
    6.283185307179586,
    4.944965061090819,
    6.283185307179586,
    6.283185307179586,
    6.283185307179586,
    6.283185307179586,
    6.283185307179586,
    6.283185307179586,
    6.283185307179586,
    6.283185307179586,
    6.283185307179586
  ],
  "triangle_inequality_violations": [],
  "embedding_coords": null,
  "edge_weight_variance": 0.0,
  "event_nodes": [
    [
      0,
      0
    ],
    [
      1,
      0
    ],
    [
      2,
      0
    ],
    [
      3,
      0
    ],
    [
      4,
      0
    ],
    [
      5,
      0
    ],
    [
      0,
      1
    ],
    [
      1,
      1
    ],
    [
      2,
      1
    ],
    [
      3,
      1
    ],
    [
      4,
      1
    ],
    [
      5,
      1
    ],
    [
      0,
      2
    ],
    [
      1,
      2
    ],
    [
      2,
      2
    ],
    [
      3,
      2
    ],
    [
      4,
      2
    ],
    [
      5,
      2
    ],
    [
      0,
      3
    ],
    [
      1,
      3
    ],
    [
      2,
      3
    ],
    [
      3,
      3
    ],
    [
      4,
      3
    ],
    [
      5,
      3
    ]
  ],
  "event_edges": [
    {
      "type": "spatial",
      "from": [
        0,
        0
      ],
      "to": [
        1,
        0
      ],
      "weight": 2.3952042671500875
    },
    {
      "type": "spatial",
      "from": [
        0,
        0
      ],
      "to": [
        2,
        0
      ],
      "weight": 2.113591210664235
    },
    {
      "type": "spatial",
      "from": [
        0,
        0
      ],
      "to": [
        3,
        0
      ],
      "weight": 3.1248597190555705
    },
    {
      "type": "spatial",
      "from": [
        0,
        0
      ],
      "to": [
        4,
        0
      ],
      "weight": 2.245266237342847
    },
    {
      "type": "spatial",
      "from": [
        0,
        0
      ],
      "to": [
        5,
        0
      ],
      "weight": 1.732207919738618
    },
    {
      "type": "spatial",
      "from": [
        1,
        0
      ],
      "to": [
        2,
        0
      ],
      "weight": 2.2908487743054238
    },
    {
      "type": "spatial",
      "from": [
        1,
        0
      ],
      "to": [
        3,
        0
      ],
      "weight": 4.501815908008071
    },
    {
      "type": "spatial",
      "from": [
        1,
        0
      ],
      "to": [
        4,
        0
      ],
      "weight": 2.281925551156079
    },
    {
      "type": "spatial",
      "from": [
        1,
        0
      ],
      "to": [
        5,
        0
      ],
      "weight": 4.127412186888705
    },
    {
      "type": "spatial",
      "from": [
        2,
        0
      ],
      "to": [
        3,
        0
      ],
      "weight": 2.2109671337026477
    },
    {
      "type": "spatial",
      "from": [
        2,
        0
      ],
      "to": [
        4,
        0
      ],
      "weight": 2.796793561964391
    },
    {
      "type": "spatial",
      "from": [
        2,
        0
      ],
      "to": [
        5,
        0
      ],
      "weight": 2.27699193968809
    },
    {
      "type": "spatial",
      "from": [
        3,
        0
      ],
      "to": [
        4,
        0
      ],
      "weight": 2.378316522084192
    },
    {
      "type": "spatial",
      "from": [
        3,
        0
      ],
      "to": [
        5,
        0
      ],
      "weight": 4.487959073390738
    },
    {
      "type": "spatial",
      "from": [
        4,
        0
      ],
      "to": [
        5,
        0
      ],
      "weight": 2.3528444437551337
    },
    {
      "type": "temporal",
      "from": [
        0,
        0
      ],
      "to": [
        0,
        1
      ],
      "weight": 1.0
    },
    {
      "type": "temporal",
      "from": [
        1,
        0
      ],
      "to": [
        1,
        1
      ],
      "weight": 1.0
    },
    {
      "type": "temporal",
      "from": [
        2,
        0
      ],
      "to": [
        2,
        1
      ],
      "weight": 1.0
    },
    {
      "type": "temporal",
      "from": [
        3,
        0
      ],
      "to": [
        3,
        1
      ],
      "weight": 1.0
    },
    {
      "type": "temporal",
      "from": [
        4,
        0
      ],
      "to": [
        4,
        1
      ],
      "weight": 1.0
    },
    {
      "type": "temporal",
      "from": [
        5,
        0
      ],
      "to": [
        5,
        1
      ],
      "weight": 1.0
    },
    {
      "type": "spatial",
      "from": [
        0,
        1
      ],
      "to": [
        1,
        1
      ],
      "weight": 1.816689453077943
    },
    {
      "type": "spatial",
      "from": [
        0,
        1
      ],
      "to": [
        2,
        1
      ],
      "weight": 2.7868850529497196
    },
    {
      "type": "spatial",
      "from": [
        0,
        1
      ],
      "to": [
        3,
        1
      ],
      "weight": 2.2237239174805477
    },
    {
      "type": "spatial",
      "from": [
        0,
        1
      ],
      "to": [
        4,
        1
      ],
      "weight": 2.730547124610388
    },
    {
      "type": "spatial",
      "from": [
        0,
        1
      ],
      "to": [
        5,
        1
      ],
      "weight": 1.1557322537817165
    },
    {
      "type": "spatial",
      "from": [
        1,
        1
      ],
      "to": [
        2,
        1
      ],
      "weight": 2.2467164125240653
    },
    {
      "type": "spatial",
      "from": [
        1,
        1
      ],
      "to": [
        3,
        1
      ],
      "weight": 4.040413370558491
    },
    {
      "type": "spatial",
      "from": [
        1,
        1
      ],
      "to": [
        4,
        1
      ],
      "weight": 2.4749636750681705
    },
    {
      "type": "spatial",
      "from": [
        1,
        1
      ],
      "to": [
        5,
        1
      ],
      "weight": 2.9724217068596595
    },
    {
      "type": "spatial",
      "from": [
        2,
        1
      ],
      "to": [
        3,
        1
      ],
      "weight": 4.082084010338163
    },
    {
      "type": "spatial",
      "from": [
        2,
        1
      ],
      "to": [
        4,
        1
      ],
      "weight": 2.1165386697357507
    },
    {
      "type": "spatial",
      "from": [
        2,
        1
      ],
      "to": [
        5,
        1
      ],
      "weight": 1.9445791391818241
    },
    {
      "type": "spatial",
      "from": [
        3,
        1
      ],
      "to": [
        4,
        1
      ],
      "weight": 1.9655453406024124
    },
    {
      "type": "spatial",
      "from": [
        3,
        1
      ],
      "to": [
        5,
        1
      ],
      "weight": 3.379456171262264
    },
    {
      "type": "spatial",
      "from": [
        4,
        1
      ],
      "to": [
        5,
        1
      ],
      "weight": 2.9113128344316843
    },
    {
      "type": "temporal",
      "from": [
        0,
        1
      ],
      "to": [
        0,
        2
      ],
      "weight": 1.0
    },
    {
      "type": "temporal",
      "from": [
        1,
        1
      ],
      "to": [
        1,
        2
      ],
      "weight": 1.0
    },
    {
      "type": "temporal",
      "from": [
        2,
        1
      ],
      "to": [
        2,
        2
      ],
      "weight": 1.0
    },
    {
      "type": "temporal",
      "from": [
        3,
        1
      ],
      "to": [
        3,
        2
      ],
      "weight": 1.0
    },
    {
      "type": "temporal",
      "from": [
        4,
        1
      ],
      "to": [
        4,
        2
      ],
      "weight": 1.0
    },
    {
      "type": "temporal",
      "from": [
        5,
        1
      ],
      "to": [
        5,
        2
      ],
      "weight": 1.0
    },
    {
      "type": "spatial",
      "from": [
        0,
        2
      ],
      "to": [
        1,
        2
      ],
      "weight": 2.4557491791174373
    },
    {
      "type": "spatial",
      "from": [
        0,
        2
      ],
      "to": [
        2,
        2
      ],
      "weight": 2.3679014475612066
    },
    {
      "type": "spatial",
      "from": [
        0,
        2
      ],
      "to": [
        3,
        2
      ],
      "weight": 1.9639560240199136
    },
    {
      "type": "spatial",
      "from": [
        0,
        2
      ],
      "to": [
        4,
        2
      ],
      "weight": 3.521838362590638
    },
    {
      "type": "spatial",
      "from": [
        0,
        2
      ],
      "to": [
        5,
        2
      ],
      "weight": 2.6272987887916974
    },
    {
      "type": "spatial",
      "from": [
        1,
        2
      ],
      "to": [
        2,
        2
      ],
      "weight": 2.1461554440381843
    },
    {
      "type": "spatial",
      "from": [
        1,
        2
      ],
      "to": [
        3,
        2
      ],
      "weight": 4.336981039099074
    },
    {
      "type": "spatial",
      "from": [
        1,
        2
      ],
      "to": [
        4,
        2
      ],
      "weight": 2.2752047357152168
    },
    {
      "type": "spatial",
      "from": [
        1,
        2
      ],
      "to": [
        5,
        2
      ],
      "weight": 4.631952364555465
    },
    {
      "type": "spatial",
      "from": [
        2,
        2
      ],
      "to": [
        3,
        2
      ],
      "weight": 2.1908255950608893
    },
    {
      "type": "spatial",
      "from": [
        2,
        2
      ],
      "to": [
        4,
        2
      ],
      "weight": 2.322369237821198
    },
    {
      "type": "spatial",
      "from": [
        2,
        2
      ],
      "to": [
        5,
        2
      ],
      "weight": 2.4857969205172803
    },
    {
      "type": "spatial",
      "from": [
        3,
        2
      ],
      "to": [
        4,
        2
      ],
      "weight": 2.4150663864059205
    },
    {
      "type": "spatial",
      "from": [
        3,
        2
      ],
      "to": [
        5,
        2
      ],
      "weight": 4.591254812811611
    },
    {
      "type": "spatial",
      "from": [
        4,
        2
      ],
      "to": [
        5,
        2
      ],
      "weight": 3.3263774239084465
    },
    {
      "type": "temporal",
      "from": [
        0,
        2
      ],
      "to": [
        0,
        3
      ],
      "weight": 1.0
    },
    {
      "type": "temporal",
      "from": [
        1,
        2
      ],
      "to": [
        1,
        3
      ],
      "weight": 1.0
    },
    {
      "type": "temporal",
      "from": [
        2,
        2
      ],
      "to": [
        2,
        3
      ],
      "weight": 1.0
    },
    {
      "type": "temporal",
      "from": [
        3,
        2
      ],
      "to": [
        3,
        3
      ],
      "weight": 1.0
    },
    {
      "type": "temporal",
      "from": [
        4,
        2
      ],
      "to": [
        4,
        3
      ],
      "weight": 1.0
    },
    {
      "type": "temporal",
      "from": [
        5,
        2
      ],
      "to": [
        5,
        3
      ],
      "weight": 1.0
    },
    {
      "type": "spatial",
      "from": [
        0,
        3
      ],
      "to": [
        1,
        3
      ],
      "weight": 2.2543716474044366
    },
    {
      "type": "spatial",
      "from": [
        0,
        3
      ],
      "to": [
        2,
        3
      ],
      "weight": 1.922642648488614
    },
    {
      "type": "spatial",
      "from": [
        0,
        3
      ],
      "to": [
        3,
        3
      ],
      "weight": 2.091427566090129
    },
    {
      "type": "spatial",
      "from": [
        0,
        3
      ],
      "to": [
        4,
        3
      ],
      "weight": 2.9548174286782243
    },
    {
      "type": "spatial",
      "from": [
        0,
        3
      ],
      "to": [
        5,
        3
      ],
      "weight": 2.480720201110879
    },
    {
      "type": "spatial",
      "from": [
        1,
        3
      ],
      "to": [
        2,
        3
      ],
      "weight": 1.630585151084046
    },
    {
      "type": "spatial",
      "from": [
        1,
        3
      ],
      "to": [
        3,
        3
      ],
      "weight": 3.446733512905884
    },
    {
      "type": "spatial",
      "from": [
        1,
        3
      ],
      "to": [
        4,
        3
      ],
      "weight": 2.5312456770877976
    },
    {
      "type": "spatial",
      "from": [
        1,
        3
      ],
      "to": [
        5,
        3
      ],
      "weight": 4.086436855764182
    },
    {
      "type": "spatial",
      "from": [
        2,
        3
      ],
      "to": [
        3,
        3
      ],
      "weight": 1.8161483618218384
    },
    {
      "type": "spatial",
      "from": [
        2,
        3
      ],
      "to": [
        4,
        3
      ],
      "weight": 2.955572901668572
    },
    {
      "type": "spatial",
      "from": [
        2,
        3
      ],
      "to": [
        5,
        3
      ],
      "weight": 2.455851704680136
    },
    {
      "type": "spatial",
      "from": [
        3,
        3
      ],
      "to": [
        4,
        3
      ],
      "weight": 2.5425541857102707
    },
    {
      "type": "spatial",
      "from": [
        3,
        3
      ],
      "to": [
        5,
        3
      ],
      "weight": 4.272000066501974
    },
    {
      "type": "spatial",
      "from": [
        4,
        3
      ],
      "to": [
        5,
        3
      ],
      "weight": 2.0377867080883547
    }
  ],
  "lorentzian_dissimilarity": [
    [
      0.0,
      5.737003481373987,
      4.467267805797106,
      9.76474826377606,
      5.041220476551707,
      3.0005442772051905,
      -1.0,
      4.737003481373987,
      3.467267805797106,
      8.76474826377606,
      4.041220476551707,
      2.0005442772051905,
      -4.0,
      1.7370034813739874,
      0.46726780579710603,
      5.76474826377606,
      1.0412204765517066,
      -0.9994557227948095,
      -9.0,
      -3.2629965186260126,
