{
  "spec": {
    "num_qubits": 4,
    "topology": "triangulated",
    "custom_edges": "0-1:1.0000,0-2:1.0000,0-3:1.0000,1-2:1.0000,1-3:1.0000,2-3:1.0000",
    "alpha": 0.8,
    "weight": 3.1250812860061554,
    "gamma": 0.3650768501410438,
    "sigma": 0.24068628965555477,
    "init_angle": 1.303228291885211,
    "init_angles": null,
    "shots": 100,
    "device": "simulator",
    "geometry": "spherical",
    "curvature": 4.5,
    "timesteps": 2,
    "dimension": 2,
    "mass_hinge": null,
    "mass_value": 0.0,
    "solve_regge": false,
    "lorentzian": true,
    "excite": true,
    "fast": false,
    "fast_preset": "balanced",
    "ctc_mode": false,
    "ctc_perturbation": null,
    "ctc_perturbation_strength": 1.0,
    "test_ctc_recovery": false,
    "strong_curvature": true,
    "charge_injection": true,
    "charge_strength": 2.5,
    "charge_location": null,
    "spin_injection": true,
    "spin_strength": 2.0,
    "spin_location": null,
    "edge_floor": 0.001,
    "compute_entropies": true,
    "hyperbolic_triangulation": true,
    "trotter_steps": 8,
    "dt": 0.05,
    "analyze_curvature": true,
    "einstein_solver": true,
    "page_curve": true,
    "radiation_ordering": null,
    "page_curve_timesteps": 15,
    "entropy_method": "hybrid",
    "num_shadows": 100,
    "shots_per_shadow": 1000,
    "num_bases": 20,
    "shots_per_basis": 1000,
    "enhanced_entanglement": false,
    "entanglement_strength": 2.1638121846694145,
    "interpolate_geometry": false,
    "smooth_charge_injection": false,
    "min_qubits_for_continuum": 10,
    "benchmark_against_classical_geometry": false,
    "geometry_fit_metric": "wasserstein,kl,euclidean",
    "verify_noise_robustness": false,
    "run_on_multiple_backends": false,
    "detect_and_flag_causal_loops": true,
    "restrict_information_flow_direction": "bidirectional",
    "filter_noncausal_edges": true,
    "use_ryu_takayanagi_test": true,
    "compare_MI_vs_subsystem_entropy": true,
    "embed_boundary_entropy_in_geometry": true,
    "entropy_engineering": true,
    "target_entropy_pattern": "quantum_gravity",
    "custom_target_entropies": null,
    "entropy_optimization_iterations": 200,
    "entropy_tolerance": 0.05,
    "continue_on_engineering_failure": true,
    "skip_entropy_engineering": false,
    "validate_engineered_geometry": true,
    "enhance_bell_violations": true,
    "bell_entanglement_strength": 4.0,
    "teleportation_circuits": true,
    "long_range_coupling": 3.0,
    "holographic_optimization": true,
    "rt_surface_encoding": true,
    "conformal_symmetry": true,
    "bulk_reconstruction": true,
    "scalable_entanglement": true,
    "parallel_execution": true,
    "memory_optimization": true,
    "circuit_compilation": "optimized",
    "real_hardware": false,
    "error_mitigation": true,
    "zero_noise_extrapolation": true,
    "zne_noise_factors": [
      1.0,
      2.0,
      3.0
    ],
    "zne_extrapolation_method": "polynomial",
    "hardware_calibration": true,
    "noise_characterization": true,
    "backend_name": "ibm_brisbane",
    "quantum_mode": true,
    "quantum_entanglement_strength": 5.0,
    "quantum_circuit_depth": 12,
    "geometric_teleportation": false,
    "teleportation_mode": "both",
    "bridge_strength": 1.0,
    "signal_state": "+",
    "emergent_geometry_teleportation": false,
    "teleportation_node_pairs": "auto",
    "teleportation_embedding_dim": 2,
    "teleportation_fidelity_threshold": 0.7,
    "superposition_gravity": true,
    "massive_bulk_mass_hinge": "2",
    "massive_bulk_mass_value": 1.0,
    "massless_bulk_mass_hinge": "None",
    "massless_bulk_mass_value": 0.0,
    "superposition_control_qubit": 0,
    "superposition_phase": 0.0,
    "interference_analysis": true,
    "classical_mixture_comparison": true,
    "coherence_preservation": true,
    "bulk_reconstruction_method": "mi_embedding"
  },
  "uid": "Z74CTK",
  "counts_per_timestep": [
    null,
    null
  ],
  "job_ids_per_timestep": [
    null,
    null
  ],
  "entropy_per_timestep": [
    null,
    null
  ],
  "mutual_information_per_timestep": [
    {
      "I_0,1": 0.32964138917093844,
      "I_0,2": 0.6257715275150335,
      "I_0,3": 0.32964138917093755,
      "I_1,2": 0.329641389170938,
      "I_1,3": 0.5320760011791299,
      "I_2,3": 0.329641389170938
    },
    {
      "I_0,1": 0.12407303977787243,
      "I_0,2": 0.6602942402418617,
      "I_0,3": 0.12407303977787199,
      "I_1,2": 0.12407303977787199,
      "I_1,3": 0.73434558288432,
      "I_2,3": 0.1240730397778731
    }
  ],
  "boundary_entropies_per_timestep": [
    {
      "entropy_A": 0.8352405775870998,
      "entropy_B": 0.835240577587095,
      "mi_AB": 1.6704811551741803,
      "pure_state_check": true,
      "entropy_difference": 4.773959005888173e-15,
      "multiple_regions": {
        "size_1_region_0": {
          "region": [
            0
          ],
          "entropy": 0.8820883407550477,
          "rt_area": 3,
          "size": 1
        },
        "size_1_region_1": {
          "region": [
            1
          ],
          "entropy": 0.8352405775870952,
          "rt_area": 3,
          "size": 1
        },
        "size_1_region_2": {
          "region": [
            2
          ],
          "entropy": 0.8820883407550472,
          "rt_area": 3,
          "size": 1
        },
        "size_2_region_0": {
          "region": [
            0,
            1
          ],
          "entropy": 1.3876875291712043,
          "rt_area": 4,
          "size": 2
        },
        "size_2_region_1": {
          "region": [
            0,
            2
          ],
          "entropy": 1.1384051539950613,
          "rt_area": 4,
          "size": 2
        },
        "size_2_region_2": {
          "region": [
            0,
            3
          ],
          "entropy": 1.3876875291712052,
          "rt_area": 4,
          "size": 2
        },
        "size_3_region_0": {
          "region": [
            0,
            1,
            2
          ],
          "entropy": 0.8352405775870998,
          "rt_area": 3,
          "size": 3
        },
        "size_3_region_1": {
          "region": [
            0,
            1,
            3
          ],
          "entropy": 0.8820883407550507,
          "rt_area": 3,
          "size": 3
        },
        "size_3_region_2": {
          "region": [
            0,
            2,
            3
          ],
          "entropy": 0.8352405775870981,
          "rt_area": 3,
          "size": 3
        }
      }
    },
    {
      "entropy_A": 0.911779855978792,
      "entropy_B": 0.9117798559787899,
      "mi_AB": 1.8235597119575648,
      "pure_state_check": true,
      "entropy_difference": 2.1094237467877974e-15,
      "multiple_regions": {
        "size_1_region_0": {
          "region": [
            0
          ],
          "entropy": 0.8747541846575604,
          "rt_area": 3,
          "size": 1
        },
        "size_1_region_1": {
          "region": [
            1
          ],
          "entropy": 0.91177985597879,
          "rt_area": 3,
          "size": 1
        },
        "size_1_region_2": {
          "region": [
            2
          ],
          "entropy": 0.8747541846575613,
          "rt_area": 3,
          "size": 1
        },
        "size_2_region_0": {
          "region": [
            0,
            1
          ],
          "entropy": 1.6624610008584781,
          "rt_area": 4,
          "size": 2
        },
        "size_2_region_1": {
          "region": [
            0,
            2
          ],
          "entropy": 1.08921412907326,
          "rt_area": 4,
          "size": 2
        },
        "size_2_region_2": {
          "region": [
            0,
            3
          ],
          "entropy": 1.6624610008584781,
          "rt_area": 4,
          "size": 2
        },
        "size_3_region_0": {
          "region": [
            0,
            1,
            2
          ],
          "entropy": 0.911779855978792,
          "rt_area": 3,
          "size": 3
        },
        "size_3_region_1": {
          "region": [
            0,
            1,
            3
          ],
          "entropy": 0.874754184657563,
          "rt_area": 3,
          "size": 3
        },
        "size_3_region_2": {
          "region": [
            0,
            2,
            3
          ],
          "entropy": 0.9117798559787899,
          "rt_area": 3,
          "size": 3
        }
      }
    }
  ],
  "distance_matrix_per_timestep": [
    [
      [
        0.0,
        1.1097499148896137,
        0.4687699465212495,
        1.1097499148896164
      ],
      [
        1.1097499148896137,
        0.0,
        1.109749914889615,
        2.21949982977923
      ],
      [
        0.4687699465212495,
        1.109749914889615,
        0.0,
        1.109749914889615
      ],
      [
        1.1097499148896164,
        2.21949982977923,
        1.109749914889615,
        0.0
      ]
    ],
    [
      [
        0.0,
        2.0868848563207396,
        0.41506972476095333,
        2.086884856320743
      ],
      [
        2.0868848563207396,
        0.0,
        2.086884856320743,
        4.1737697126414774
      ],
      [
        0.41506972476095333,
        2.086884856320743,
        0.0,
        2.0868848563207343
      ],
      [
        2.086884856320743,
        4.1737697126414774,
        2.0868848563207343,
        0.0
      ]
    ]
  ],
  "edge_mi": {
    "0,1": 0.12407303977787243,
    "0,3": 0.12407303977787199,
    "0,2": 0.6602942402418617,
    "1,2": 0.12407303977787199,
    "2,3": 0.1240730397778731
  },
  "distance_matrix": [
    [
      0.0,
      2.0868848563207396,
      0.41506972476095333,
      2.086884856320743
    ],
    [
      2.0868848563207396,
      0.0,
      2.086884856320743,
      0.3087755398009414
    ],
    [
      0.41506972476095333,
      2.086884856320743,
      0.0,
      2.0868848563207343
    ],
    [
      2.086884856320743,
      0.3087755398009414,
      2.0868848563207343,
      0.0
    ]
  ],
  "shortest_paths": {
    "0": {
      "0": 0,
      "2": 0.41506972476095333,
      "1": 2.0868848563207396,
      "3": 2.086884856320743
    },
    "1": {
      "1": 0,
      "3": 0.3087755398009414,
      "0": 2.0868848563207396,
      "2": 2.086884856320743
    },
    "2": {
      "2": 0,
      "0": 0.41506972476095333,
      "3": 2.0868848563207343,
      "1": 2.086884856320743
    },
    "3": {
      "3": 0,
      "1": 0.3087755398009414,
      "2": 2.0868848563207343,
      "0": 2.086884856320743
    }
  },
  "gromov_delta": 1.9324970864202706,
  "mean_distance": 1.133923086230607,
  "angle_sums": [
    3.784639809465332,
    3.6256015316212915,
    3.7846398094653275,
    3.625601531621288
  ],
  "mean_angle_sum": 3.7051206705433097,
  "min_angle_sum": 3.625601531621288,
  "max_angle_sum": 3.784639809465332,
  "angle_sum_deviations": [
    0.6430471558755388,
    0.4840088780314984,
    0.6430471558755344,
    0.48400887803149484
  ],
  "triangle_inequality_violations": [],
  "embedding_coords": [
    [
      -0.05379904790756379,
      -0.13211395705368004
    ],
    [
      0.1354158755598723,
      0.07740155108244982
    ],
    [
      -0.046946610461637506,
      -0.09655353933812161
    ],
    [
      -0.03467021719067104,
      0.1512659453093518
    ]
  ],
  "embedding_coords_3d": [
    [
      -0.11980883981349012,
      -0.19477167927584557,
      -0.10050129174343285
    ],
    [
      0.15434774743073418,
      0.18105009028440114,
      0.10662586711382008
    ],
    [
      -0.13154437219084153,
      -0.10309519312542606,
      -0.07554610603658714
    ],
    [
      0.09700546457359749,
      0.1168167821168705,
      0.06942153066619991
    ]
  ],
  "edge_weight_variance": 0.0,
  "event_nodes": [
    [
      0,
      0
    ],
    [
      1,
      0
    ],
    [
      2,
      0
    ],
    [
      3,
      0
    ],
    [
      0,
      1
    ],
    [
      1,
      1
    ],
    [
      2,
      1
    ],
    [
      3,
      1
    ]
  ],
  "event_edges": [
    {
      "type": "spatial",
      "from": [
        0,
        0
      ],
      "to": [
        1,
        0
      ],
      "weight": 1.1097499148896137
    },
    {
      "type": "spatial",
      "from": [
        0,
        0
      ],
      "to": [
        2,
        0
      ],
      "weight": 0.4687699465212495
    },
    {
      "type": "spatial",
      "from": [
        0,
        0
      ],
      "to": [
        3,
        0
      ],
      "weight": 1.1097499148896164
    },
    {
      "type": "spatial",
      "from": [
        1,
        0
      ],
      "to": [
        2,
        0
      ],
      "weight": 1.109749914889615
    },
    {
      "type": "spatial",
      "from": [
        1,
        0
      ],
      "to": [
        3,
        0
      ],
      "weight": 2.21949982977923
    },
    {
      "type": "spatial",
      "from": [
        2,
        0
      ],
      "to": [
        3,
        0
      ],
      "weight": 1.109749914889615
    },
    {
      "type": "temporal",
      "from": [
        0,
        0
      ],
      "to": [
        0,
        1
      ],
      "weight": 1.0
    },
    {
      "type": "temporal",
      "from": [
        1,
        0
      ],
      "to": [
        1,
        1
      ],
      "weight": 1.0
    },
    {
      "type": "temporal",
      "from": [
        2,
        0
      ],
      "to": [
        2,
        1
      ],
      "weight": 1.0
    },
    {
      "type": "temporal",
      "from": [
        3,
        0
      ],
      "to": [
        3,
        1
      ],
      "weight": 1.0
    },
    {
      "type": "spatial",
      "from": [
        0,
        1
      ],
      "to": [
        1,
        1
      ],
      "weight": 2.0868848563207396
    },
    {
      "type": "spatial",
      "from": [
        0,
        1
      ],
      "to": [
        2,
        1
      ],
      "weight": 0.41506972476095333
    },
    {
      "type": "spatial",
      "from": [
        0,
        1
      ],
      "to": [
        3,
        1
      ],
      "weight": 2.086884856320743
    },
    {
      "type": "spatial",
      "from": [
        1,
        1
      ],
      "to": [
        2,
        1
      ],
      "weight": 2.086884856320743
    },
    {
      "type": "spatial",
      "from": [
        1,
        1
      ],
      "to": [
        3,
        1
      ],
      "weight": 4.1737697126414774
    },
    {
      "type": "spatial",
      "from": [
        2,
        1
      ],
      "to": [
        3,
        1
      ],
      "weight": 2.0868848563207343
    }
  ],
  "lorentzian_dissimilarity": [
    [
      0.0,
      1.231544873597505,
      0.2197452627615351,
      1.2315448735975107,
      -1.0,
      0.23154487359750497,
      -0.780254737238465,
      0.23154487359751075
    ],
    [
      1.231544873597505,
      0.0,
      1.2315448735975079,
      4.926179494390031,
      0.23154487359750497,
      -1.0,
      0.23154487359750786,
      3.9261794943900314
    ],
    [
      0.2197452627615351,
      1.2315448735975079,
      0.0,
      1.2315448735975079,
      -0.780254737238465,
      0.23154487359750786,
      -1.0,
      0.23154487359750786
    ],
    [
      1.2315448735975107,
      4.926179494390031,
      1.2315448735975079,
      0.0,
      0.23154487359751075,
      3.9261794943900314,
      0.23154487359750786,
      -1.0
    ],
    [
      -1.0,
      0.23154487359750497,
      -0.780254737238465,
      0.23154487359751075,
      0.0,
      4.355088403540834,
      0.17228287641313356,
      4.355088403540849
    ],
    [
      0.23154487359750497,
      -1.0,
      0.23154487359750786,
      3.9261794943900314,
      4.355088403540834,
      0.0,
      4.355088403540849,
      17.42035361416332
    ],
    [
      -0.780254737238465,
      0.23154487359750786,
      -1.0,
      0.23154487359750786,
      0.17228287641313356,
      4.355088403540849,
      0.0,
      4.355088403540812
    ],
    [
      0.23154487359751075,
      3.9261794943900314,
      0.23154487359750786,
      -1.0,
      4.355088403540849,
      17.42035361416332,
      4.355088403540812,
      0.0
    ]
  ],
  "lorentzian_embedding": [
    [
      -0.2782944284178897,
      0.615481208382523,
      -0.6022047782294087
    ],
    [
      -0.2517125846345911,
      -0.48582732553741803,
      -0.2929504451944435
    ],
    [
      -0.2782982534218976,
      0.6154866287929923,
      -0.602212266986195
    ],
    [
      -0.3331539292777833,
      1.6720625758593817,
      -0.8570912732913103
    ],
    [
      0.8331843348722497,
      0.4535709553122246,
      -0.5088064816512458
    ],
    [
      1.8849153414956767,
      -0.9931030993822457,
      -2.1750057643372216
    ],
    [
      0.8331903868211036,
      0.45356555431394396,
      -0.5088112111293965
    ],
    [
      1.590135438417808,
      2.0762545376854087,
      0.7324763434105436
    ]
  ],
  "edge_length_evolution": [],
  "angle_deficit_evolution": [],
  "regge_action_evolution": [],
  "gromov_delta_evolution": [],
  "mass_hinge": null,
  "mass_value": 0.0,
  "matter": [
    {
      "(0, 1)": 0.0,
      "(1, 2)": 0.0,
      "(0, 3)": 0.0,
      "(2, 3)": 0.0,
      "(0, 2)": 0.0,
      "(1, 3)": 0.0
    },
    {
      "(0, 1)": 0.0,
      "(1, 2)": 0.0,
      "(0, 3)": 0.0,
      "(2, 3)": 0.0,
      "(0, 2)": 0.0,
      "(1, 3)": 0.0
    }
  ],
  "stationary_solution": null,
  "einstein_analysis_per_timestep": [
    {
      "ricci_tensor": [
        [
          0.1547758178361197,
          0.0
        ],
        [
          0.0,
          0.1547758178361197
        ]
      ],
      "metric_tensor": [
        [
          1.0309551635672238,
          0.015477581783611971
        ],
        [
          0.015477581783611971,
          1.0309551635672238
        ]
      ],
      "stress_energy_tensor": [
        [
          0.1547758178361197,
          0.0030955163567223942
        ],
        [
          0.0030955163567223942,
          0.1547758178361197
        ]
      ],
      "einstein_solution": {
        "einstein_tensor": [
          [
            0.0,
            0.0
          ],
          [
            0.0,
            0.0
          ]
        ],
        "ricci_scalar": 0.3095516356722394,
        "metric_tensor": [
          [
            1.0,
            0.0
          ],
          [
            0.0,
            1.0
          ]
        ],
        "lhs": [
          [
            0.0,
            0.0
          ],
          [
            0.0,
            0.0
          ]
        ],
        "rhs": [
          [
            0.1547758178361197,
            0.0030955163567223942
          ],
          [
            0.0030955163567223942,
            0.1547758178361197
          ]
        ],
        "equations_satisfied": false,
        "residual": 0.21892983354652443,
        "conservation_violation": 0.1547758178361197,
        "gravitational_constant": 0.039788735772973836,
        "cosmological_constant": 0.0
      },
      "entropy_first_derivative": 0.0,
      "entropy_second_derivative": 0.0,
      "entropy_curvature_correlation": 0.2188860557112282,
      "emergent_gravitational_constant": 0.02463333647970919,
      "average_mutual_information": 0.3095516356722394,
      "ricci_scalar": 0.3095516356722394,
      "analysis_summary": {
        "einstein_equations_satisfied": false,
        "residual_magnitude": 0.21892983354652443,
        "conservation_violation": 0.1547758178361197,
        "entropy_evolution_rate": 0.0,
        "entropy_acceleration": 0.0,
        "entanglement_curvature_coupling": 0.2188860557112282
      }
    },
    {
      "ricci_tensor": [
        [
          0.11818324888985444,
          0.0
        ],
        [
          0.0,
          0.11818324888985444
        ]
      ],
      "metric_tensor": [
        [
          1.023636649777971,
          0.011818324888985446
        ],
        [
          0.011818324888985446,
          1.023636649777971
        ]
      ],
      "stress_energy_tensor": [
        [
          0.11818324888985444,
          0.002363664977797089
        ],
        [
          0.002363664977797089,
          0.11818324888985444
        ]
      ],
      "einstein_solution": {
        "einstein_tensor": [
          [
            0.0,
            0.0
          ],
          [
            0.0,
            0.0
          ]
        ],
        "ricci_scalar": 0.2363664977797089,
        "metric_tensor": [
          [
            1.0,
            0.0
          ],
          [
            0.0,
            1.0
          ]
        ],
        "lhs": [
          [
            0.0,
            0.0
          ],
          [
            0.0,
            0.0
          ]
        ],
        "rhs": [
          [
            0.11818324888985444,
            0.002363664977797089
          ],
          [
            0.002363664977797089,
            0.11818324888985444
          ]
        ],
        "equations_satisfied": false,
        "residual": 0.16716977735397356,
        "conservation_violation": 0.11818324888985444,
        "gravitational_constant": 0.039788735772973836,
        "cosmological_constant": 0.0
      },
      "entropy_first_derivative": 0.0,
      "entropy_second_derivative": 0.0,
      "entropy_curvature_correlation": 0.16713634842534733,
      "emergent_gravitational_constant": 0.018809448251480086,
      "average_mutual_information": 0.2363664977797089,
      "ricci_scalar": 0.2363664977797089,
      "analysis_summary": {
        "einstein_equations_satisfied": false,
        "residual_magnitude": 0.16716977735397356,
        "conservation_violation": 0.11818324888985444,
        "entropy_evolution_rate": 0.0,
        "entropy_acceleration": 0.0,
        "entanglement_curvature_coupling": 0.16713634842534733
      }
    }
  ],
  "bootstrap_analysis": {
    "gromov_delta": {
      "mean": 1.5983173856051796,
      "lower_ci": 1.1097499148896164,
      "upper_ci": 2.0868848563207427,
      "all_values": [
        1.1097499148896164,
        2.0868848563207427
      ],
      "uncertainty": 0.48856747071556317
    },
    "entropy": {
      "mean": null,
      "lower_ci": null,
      "upper_ci": null,
      "uncertainty": null
    },
    "distance_matrix": {
      "mean": [
        [
          0.0,
          1.5983173856051767,
          0.4419198356411014,
          1.5983173856051798
        ],
        [
          1.5983173856051767,
          0.0,
          1.598317385605179,
          3.1966347712103538
        ],
        [
          0.4419198356411014,
          1.598317385605179,
          0.0,
          1.5983173856051747
        ],
        [
          1.5983173856051798,
          3.1966347712103538,
          1.5983173856051747,
          0.0
        ]
      ],
      "lower_ci": [
        [
          0.0,
          1.1097499148896137,
          0.41506972476095333,
          1.1097499148896164
        ],
        [
          1.1097499148896137,
          0.0,
          1.109749914889615,
          2.21949982977923
        ],
        [
          0.41506972476095333,
          1.109749914889615,
          0.0,
          1.109749914889615
        ],
        [
          1.1097499148896164,
          2.21949982977923,
          1.109749914889615,
          0.0
        ]
      ],
      "upper_ci": [
        [
          0.0,
          2.0868848563207396,
          0.4687699465212495,
          2.086884856320743
        ],
        [
          2.0868848563207396,
          0.0,
          2.086884856320743,
          4.1737697126414774
        ],
        [
          0.4687699465212495,
          2.086884856320743,
          0.0,
          2.0868848563207343
        ],
        [
          2.086884856320743,
          4.1737697126414774,
          2.0868848563207343,
          0.0
        ]
      ]
    }
  },
  "topology_compatibility": {
    "current_topology": "triangulated",
    "explanation": "Triangulated topology is specifically designed for angle-sum curvature. Creates multiple triangles per vertex, enabling robust local curvature measurements. Each vertex has multiple incident triangles for well-defined angle sums.",
    "supports_local_curvature": true
  },
  "rt_surface_analysis": {
    "region_A": [
      0
    ],
    "region_B": [
      1,
      2,
      3
    ],
    "bulk_point": 2,
    "is_complementary": true,
    "rt_area_AB": 4.588839437402436,
    "rt_area_BA": 4.588839437402436,
    "area_consistent": true,
    "edges_consistent": true,
    "area_difference": 0.0,
    "rt_edges_AB": [
      [
        0,
        1
      ],
      [
        0,
        2
      ],
      [
        0,
        3
      ]
    ],
    "rt_edges_BA": [
      [
        0,
        1
      ],
      [
        0,
        2
      ],
      [
        0,
        3
      ]
    ],
    "edge_lengths": [
      2.0868848563207396,
      0.41506972476095333,
      2.086884856320743,
      2.086884856320743,
      4.1737697126414774,
      2.0868848563207343
    ],
    "all_edges": [
      [
        0,
        1
      ],
      [
        0,
        2
      ],
      [
        0,
        3
      ],
      [
        1,
        2
      ],
      [
        1,
        3
      ],
      [
        2,
        3
      ]
    ]
  },
  "bulk_excitation_analysis": {
    "ground_state_mi": [
      [
        0.0,
        0.12407303977787221,
        0.6602942402418617,
        0.12407303977787221
      ],
      [
        0.12407303977787221,
        0.0,
        0.12407303977787199,
        0.73434558288432
      ],
      [
        0.6602942402418617,
        0.12407303977787199,
        0.0,
        0.1240730397778731
      ],
      [
        0.12407303977787221,
        0.73434558288432,
        0.1240730397778731,
        0.0
      ]
    ],
    "excited_state_mi": [
      [
        0.0,
        0.2593955355982933,
        0.44311397085141224,
        0.25939553559829354
      ],
      [
        0.2593955355982933,
        0.0,
        0.24993125075843148,
        0.574006144142156
      ],
      [
        0.44311397085141224,
        0.24993125075843148,
        0.0,
        0.24993125075843148
      ],
      [
        0.25939553559829354,
        0.574006144142156,
        0.24993125075843148,
        0.0
      ]
    ],
    "mi_difference": [
      [
        0.0,
        0.1353224958204211,
        -0.21718026939044943,
        0.13532249582042133
      ],
      [
        0.1353224958204211,
        0.0,
        0.1258582109805595,
        -0.16033943874216394
      ],
      [
        -0.21718026939044943,
        0.1258582109805595,
        0.0,
        0.12585821098055838
      ],
      [
        0.13532249582042133,
        -0.16033943874216394,
        0.12585821098055838,
        0.0
      ]
    ],
    "avg_mi_change": 0.11248514021682171,
    "max_mi_change": 0.21718026939044943,
    "mi_change_boundary_A": NaN,
    "mi_change_boundary_B": 0.03045899440631798,
    "bulk_point": 2,
    "ground_state_counts": {
      "0100 0100": 1,
      "1101 1101": 3,
      "1011 1011": 15,
      "0110 0110": 1,
      "1111 1111": 2,
      "1000 1000": 8,
      "0010 0010": 12,
      "1001 1001": 3,
      "1010 1010": 7,
      "0101 0101": 5,
      "0000 0000": 16,
      "1110 1110": 16,
      "0011 0011": 2,
      "1100 1100": 5,
      "0111 0111": 3,
      "0001 0001": 1
    },
    "excited_state_counts": {
      "0001 1011": 9,
      "0100 1110": 9,
      "1100 0100": 2,
      "0011 1101": 3,
      "1000 0010": 6,
      "0010 1000": 3,
      "1011 0101": 3,
      "1101 0111": 6,
      "0000 1010": 1,
      "1110 0100": 3,
      "1111 0001": 1,
      "0110 1010": 1,
      "1110 0010": 1,
      "1010 0000": 13,
      "0110 0000": 2,
      "0010 1100": 3,
      "1100 0010": 4,
      "0011 1011": 2,
      "1101 0011": 2,
      "0000 1110": 5,
      "0100 1010": 1,
      "0101 1011": 4,
      "1010 0100": 2,
      "1000 1110": 1,
      "1110 0000": 3,
      "0011 0101": 1,
      "1101 1011": 1,
      "0101 1111": 1,
      "0110 1100": 1,
      "1000 1010": 1,
      "1111 0101": 1,
      "0110 1000": 1,
      "0101 0011": 1,
      "1001 0111": 2
    },
    "boundary_entropies": {
      "ground_state": {
        "entropy_A": 0.911779855978792,
        "entropy_B": 0.9117798559787899,
        "mi_AB": 1.8235597119575648
      },
      "excited_state": {
        "entropy_A": 0.9354681288830083,
        "entropy_B": 0.9354681288830019,
        "mi_AB": 1.8709362577659907
      },
      "rt_relation_test": {
        "entropy_ratio": 0.9999999999999977,
        "rt_area_ratio": 1.0,
        "rt_deviation": 2.3314683517128287e-15,
        "excited_entropy_ratio": 0.9999999999999931,
        "rt_relation_change": 4.551914400963142e-15
      }
    }
  },
  "page_curve_analysis": null,
  "deutsch_ctc_analysis": null,
  "ctc_recovery_analysis": null,
  "einstein_analysis": null,
  "dynamic_evidence": {
    "angle_sums_per_timestep": [
      [
        5.760466554795316,
        0.0,
        5.760466554795328,
        0.0
      ],
      [
        3.784639809465332,
        3.141592939013122,
        3.7846398094653275,
        0.0
      ]
    ],
    "gromov_delta_per_timestep": [
      1.1097499148896164,
      2.0868848563207427
    ],
    "edge_mi_per_timestep": [
      {
        "0,1": 0.32964138917093844,
        "0,3": 0.32964138917093755,
        "0,2": 0.6257715275150335,
        "1,2": 0.329641389170938,
        "2,3": 0.329641389170938
      },
      {
        "0,1": 0.12407303977787243,
        "0,3": 0.12407303977787199,
        "0,2": 0.6602942402418617,
        "1,2": 0.12407303977787199,
        "2,3": 0.1240730397778731
      }
    ],
    "shortest_paths_per_timestep": [
      {
        "0": {
          "0": 0,
          "2": 0.4687699465212495,
          "1": 1.1097499148896137,
          "3": 1.1097499148896164
        },
        "1": {
          "1": 0,
          "0": 1.1097499148896137,
          "2": 1.109749914889615,
          "3": 2.21949982977923
        },
        "2": {
          "2": 0,
          "0": 0.4687699465212495,
          "1": 1.109749914889615,
          "3": 1.109749914889615
        },
        "3": {
          "3": 0,
          "2": 1.109749914889615,
          "0": 1.1097499148896164,
          "1": 2.21949982977923
        }
      },
      {
        "0": {
          "0": 0,
          "2": 0.41506972476095333,
          "1": 2.0868848563207396,
          "3": 2.086884856320743
        },
        "1": {
          "1": 0,
          "0": 2.0868848563207396,
          "2": 2.086884856320743,
          "3": 4.1737697126414774
        },
        "2": {
          "2": 0,
          "0": 0.41506972476095333,
          "3": 2.0868848563207343,
          "1": 2.086884856320743
        },
        "3": {
          "3": 0,
          "2": 2.0868848563207343,
          "0": 2.086884856320743,
          "1": 4.1737697126414774
        }
      }
    ],
    "mean_distance_per_timestep": [
      0.8909086794823675,
      1.6170473578356739
    ],
    "triangle_violations_per_timestep": [
      0,
      0
    ],
    "embedding_coords_per_timestep": [
      [
        [
          0.010321244459587493,
          0.23129168168780112
        ],
        [
          -0.046849997271172034,
          -0.13108098772289364
        ],
        [
          0.21836292997265624,
          -0.08378655131425221
        ],
        [
          -0.1818341771610717,
          -0.01642414265065528
        ]
      ],
      [
        [
          -0.052864127294536344,
          -0.12797404907787852
        ],
        [
          0.14555340994960675,
          0.0701103352606812
        ],
        [
          -0.04378437498645954,
          -0.09285013004939655
        ],
        [
          -0.0489049076686109,
          0.15071384386659387
        ]
      ]
    ],
    "regge_evolution_data": null,
    "evolution_summary": {
      "total_timesteps": 2,
      "gromov_delta_range": [
        1.1097499148896164,
        2.0868848563207427
      ],
      "mean_distance_range": [
        0.8909086794823675,
        1.6170473578356739
      ],
      "total_triangle_violations": 0,
      "hyperbolic_evolution": [
        false,
        false
      ],
      "regge_corrected": false
    }
  },
  "quantum_state_outputs": [
    {
      "timestep": 1,
      "statevector": [
        {
          "real": 0.43353750235867233,
          "imag": -0.06313204454690803
        },
        {
          "real": 0.1405866283512089,
          "imag": -0.1250519263552943
        },
        {
          "real": -0.26147250828625795,
          "imag": 0.026799722262392658
        },
        {
          "real": -0.0740240430519621,
          "imag": -0.1596608348330903
        },
        {
          "real": 0.14058662835120883,
          "imag": -0.12505192635529427
        },
        {
          "real": 0.2749429650693239,
          "imag": 0.12063946717299077
        },
        {
          "real": -0.07402404305196214,
          "imag": -0.15966083483309038
        },
        {
          "real": 0.13815775142259154,
          "imag": 0.1708403224809636
        },
        {
          "real": -0.2614725082862581,
          "imag": 0.02679972226239265
        },
        {
          "real": -0.07402404305196222,
          "imag": -0.15966083483309038
        },
        {
          "real": 0.08194227728075902,
          "imag": 0.22431345648030732
        },
        {
          "real": -0.3201942493458259,
          "imag": 0.06405666802201684
        },
        {
          "real": -0.07402404305196214,
          "imag": -0.1596608348330903
        },
        {
          "real": 0.13815775142259146,
          "imag": 0.1708403224809636
        },
        {
          "real": -0.32019424934582613,
          "imag": 0.06405666802201684
        },
        {
          "real": 0.13450576453543284,
          "imag": 0.011139247476680762
        }
      ],
      "mutual_information_matrix": [
        [
          0.0,
          0.32964138917093844,
          0.6257715275150335,
          0.32964138917093755
        ],
        [
          0.32964138917093844,
          0.0,
          0.329641389170938,
          0.5320760011791299
        ],
        [
          0.6257715275150335,
          0.329641389170938,
          0.0,
          0.329641389170938
        ],
        [
          0.32964138917093755,
          0.5320760011791299,
          0.329641389170938,
          0.0
        ]
      ],
      "circuit_depth": 42,
      "num_gates": 77
    },
    {
      "timestep": 2,
      "statevector": [
        {
          "real": 0.4252102786467556,
          "imag": -0.12937916306128727
        },
        {
          "real": 0.11096651637518934,
          "imag": 0.04223464637781945
        },
        {
          "real": -0.0708729722918889,
          "imag": 0.31741472684790994
        },
        {
          "real": 0.12461596289595242,
          "imag": -0.06314416328932171
        },
        {
          "real": 0.11096651637518944,
          "imag": 0.04223464637781945
        },
        {
          "real": -0.05036575968277175,
          "imag": -0.2358200168680198
        },
        {
          "real": 0.12461596289595238,
          "imag": -0.06314416328932178
        },
        {
          "real": 0.1622214587550401,
          "imag": -0.061627202937070615
        },
        {
          "real": -0.07087297229188871,
          "imag": 0.31741472684791017
        },
        {
          "real": 0.12461596289595236,
          "imag": -0.06314416328932183
        },
        {
          "real": -0.1028672713907918,
          "imag": -0.2554006775784513
        },
        {
          "real": -0.2435096874736508,
          "imag": -0.28129930621494675
        },
        {
          "real": 0.12461596289595228,
          "imag": -0.06314416328932172
        },
        {
          "real": 0.16222145875504018,
          "imag": -0.0616272029370705
        },
        {
          "real": -0.24350968747365112,
          "imag": -0.28129930621494714
        },
        {
          "real": 0.10113011406799328,
          "imag": 0.05814535301571547
        }
      ],
      "mutual_information_matrix": [
        [
          0.0,
          0.12407303977787243,
          0.6602942402418617,
          0.12407303977787199
        ],
        [
          0.12407303977787243,
          0.0,
          0.12407303977787199,
          0.73434558288432
        ],
        [
          0.6602942402418617,
          0.12407303977787199,
          0.0,
          0.1240730397778731
        ],
        [
          0.12407303977787199,
          0.73434558288432,
          0.1240730397778731,
          0.0
        ]
      ],
      "circuit_depth": 82,
      "num_gates": 149
    }
  ],
  "emergent_geometry_teleportation": null,
  "superposition_gravity": null,
  "teleportation_geometry_correlation": null
}