{
  "spec": {
    "num_qubits": 6,
    "topology": "triangulated",
    "custom_edges": "0-1:0.0500,0-2:0.0500,0-3:0.0500,0-4:0.0531,0-5:0.0500,1-2:0.0500,1-3:0.0534,1-4:0.0500,1-5:0.0500,2-3:0.0500,2-4:0.0500,2-5:0.0500,3-4:0.0500,3-5:0.0500,4-5:0.0500",
    "alpha": 0.8,
    "weight": 0.046080377907357306,
    "gamma": -0.5106478548486564,
    "sigma": 0.48740843850610605,
    "init_angle": 0.5070329310053381,
    "init_angles": null,
    "shots": 100,
    "device": "simulator",
    "geometry": "spherical",
    "curvature": 1.0,
    "timesteps": 1,
    "dimension": 2,
    "mass_hinge": null,
    "mass_value": 0.0,
    "solve_regge": false,
    "lorentzian": true,
    "excite": true,
    "fast": true,
    "fast_preset": "balanced",
    "ctc_mode": false,
    "strong_curvature": true,
    "charge_injection": true,
    "charge_strength": 2.5,
    "charge_location": null,
    "spin_injection": true,
    "spin_strength": 2.0,
    "spin_location": null,
    "edge_floor": 0.001,
    "compute_entropies": true,
    "hyperbolic_triangulation": true,
    "trotter_steps": 8,
    "dt": 0.05,
    "analyze_curvature": true,
    "einstein_solver": true,
    "page_curve": true,
    "radiation_ordering": null,
    "page_curve_timesteps": 15,
    "entropy_method": "hybrid",
    "num_shadows": 100,
    "shots_per_shadow": 1000,
    "num_bases": 20,
    "shots_per_basis": 1000,
    "enhanced_entanglement": false,
    "entanglement_strength": 1.1965785303918275,
    "interpolate_geometry": false,
    "smooth_charge_injection": false,
    "min_qubits_for_continuum": 10,
    "benchmark_against_classical_geometry": false,
    "geometry_fit_metric": "wasserstein,kl,euclidean",
    "verify_noise_robustness": false,
    "run_on_multiple_backends": false,
    "detect_and_flag_causal_loops": true,
    "restrict_information_flow_direction": "bidirectional",
    "filter_noncausal_edges": true,
    "use_ryu_takayanagi_test": true,
    "compare_MI_vs_subsystem_entropy": true,
    "embed_boundary_entropy_in_geometry": true,
    "entropy_engineering": true,
    "target_entropy_pattern": "quantum_gravity",
    "custom_target_entropies": null,
    "entropy_optimization_iterations": 200,
    "entropy_tolerance": 0.05,
    "continue_on_engineering_failure": true,
    "validate_engineered_geometry": true,
    "enhance_bell_violations": true,
    "bell_entanglement_strength": 4.0,
    "teleportation_circuits": true,
    "long_range_coupling": 3.0,
    "holographic_optimization": true,
    "rt_surface_encoding": true,
    "conformal_symmetry": true,
    "bulk_reconstruction": true,
    "scalable_entanglement": true,
    "parallel_execution": true,
    "memory_optimization": true,
    "circuit_compilation": "optimized",
    "real_hardware": false,
    "error_mitigation": true,
    "zero_noise_extrapolation": true,
    "zne_noise_factors": [
      1.0,
      2.0,
      3.0
    ],
    "zne_extrapolation_method": "polynomial",
    "hardware_calibration": true,
    "noise_characterization": true,
    "backend_name": "ibm_brisbane",
    "quantum_mode": true,
    "quantum_entanglement_strength": 5.0,
    "quantum_circuit_depth": 12
  },
  "uid": "0ENKZ7",
  "counts_per_timestep": [
    null
  ],
  "job_ids_per_timestep": [
    null
  ],
  "entropy_per_timestep": [
    null
  ],
  "mutual_information_per_timestep": [
    {
      "I_0,1": 0.0021610103211410943,
      "I_0,2": 0.0025740755278432625,
      "I_0,3": 0.0021610103211436773,
      "I_0,4": 0.0025740755278384677,
      "I_0,5": 0.002161010321143116,
      "I_1,2": 0.0021610103211426113,
      "I_1,3": 0.0005040632866209864,
      "I_1,4": 0.0021610103211400005,
      "I_1,5": 0.0005040632866198744,
      "I_2,3": 0.0021610103211434934,
      "I_2,4": 0.0025740755278415746,
      "I_2,5": 0.002161010321139983,
      "I_3,4": 0.0021610103211429322,
      "I_3,5": 0.0005040632866207314,
      "I_4,5": 0.0021610103211425983
    }
  ],
  "boundary_entropies_per_timestep": [
    {
      "entropy_A": 0.007389575819031124,
      "entropy_B": 0.007389575819035747,
      "mi_AB": 0.014779151638047558,
      "pure_state_check": true,
      "entropy_difference": 4.623038063478191e-15,
      "multiple_regions": {
        "size_1_region_0": {
          "region": [
            0
          ],
          "entropy": 0.005298588990025371,
          "rt_area": 5,
          "size": 1
        },
        "size_1_region_1": {
          "region": [
            1
          ],
          "entropy": 0.003365975829498982,
          "rt_area": 5,
          "size": 1
        },
        "size_1_region_2": {
          "region": [
            2
          ],
          "entropy": 0.005298588990026018,
          "rt_area": 5,
          "size": 1
        },
        "size_2_region_0": {
          "region": [
            0,
            1
          ],
          "entropy": 0.0065035544983830865,
          "rt_area": 8,
          "size": 2
        },
        "size_2_region_1": {
          "region": [
            0,
            2
          ],
          "entropy": 0.008023102452207347,
          "rt_area": 8,
          "size": 2
        },
        "size_2_region_2": {
          "region": [
            0,
            3
          ],
          "entropy": 0.006503554498379112,
          "rt_area": 8,
          "size": 2
        },
        "size_3_region_0": {
          "region": [
            0,
            1,
            2
          ],
          "entropy": 0.007389575819031124,
          "rt_area": 9,
          "size": 3
        },
        "size_3_region_1": {
          "region": [
            0,
            1,
            3
          ],
          "entropy": 0.007389575819028849,
          "rt_area": 9,
          "size": 3
        },
        "size_3_region_2": {
          "region": [
            0,
            1,
            4
          ],
          "entropy": 0.007389575819033146,
          "rt_area": 9,
          "size": 3
        },
        "size_4_region_0": {
          "region": [
            0,
            1,
            2,
            3
          ],
          "entropy": 0.006503554498385654,
          "rt_area": 8,
          "size": 4
        },
        "size_4_region_1": {
          "region": [
            0,
            1,
            2,
            4
          ],
          "entropy": 0.006227888372385836,
          "rt_area": 8,
          "size": 4
        },
        "size_4_region_2": {
          "region": [
            0,
            1,
            2,
            5
          ],
          "entropy": 0.006503554498384813,
          "rt_area": 8,
          "size": 4
        },
        "size_5_region_0": {
          "region": [
            0,
            1,
            2,
            3,
            4
          ],
          "entropy": 0.0033659758295042207,
          "rt_area": 5,
          "size": 5
        },
        "size_5_region_1": {
          "region": [
            0,
            1,
            2,
            3,
            5
          ],
          "entropy": 0.005298588990028426,
          "rt_area": 5,
          "size": 5
        },
        "size_5_region_2": {
          "region": [
            0,
            1,
            2,
            4,
            5
          ],
          "entropy": 0.003365975829507298,
          "rt_area": 5,
          "size": 5
        }
      }
    }
  ],
  "distance_matrix_per_timestep": [
    [
      [
        0.0,
        6.137179425373887,
        5.962264827642238,
        6.1371794253726915,
        5.9622648276441,
        6.137179425372951
      ],
      [
        6.137179425373887,
        0.0,
        6.137179425373184,
        12.274358850745962,
        6.137179425374392,
        12.274358850746838
      ],
      [
        5.962264827642238,
        6.137179425373184,
        0.0,
        6.137179425372777,
        5.962264827642893,
        6.1371794253744
      ],
      [
        6.1371794253726915,
        12.274358850745962,
        6.137179425372777,
        0.0,
        6.137179425373036,
        12.274358850745642
      ],
      [
        5.9622648276441,
        6.137179425374392,
        5.962264827642893,
        6.137179425373036,
        0.0,
        6.137179425373191
      ],
      [
        6.137179425372951,
        12.274358850746838,
        6.1371794253744,
        12.274358850745642,
        6.137179425373191,
        0.0
      ]
    ]
  ],
  "edge_mi": {
    "0,1": 0.0021610103211410943,
    "0,5": 0.002161010321143116,
    "0,2": 0.0025740755278432625,
    "0,4": 0.0025740755278384677,
    "0,3": 0.0021610103211436773,
    "1,2": 0.0021610103211426113,
    "1,4": 0.0021610103211400005,
    "2,3": 0.0021610103211434934,
    "2,4": 0.0025740755278415746,
    "2,5": 0.002161010321139983,
    "3,4": 0.0021610103211429322,
    "4,5": 0.0021610103211425983
  },
  "distance_matrix": [
    [
      0.0,
      6.137179425373887,
      5.962264827642238,
      6.1371794253726915,
      5.9622648276441,
      6.137179425372951
    ],
    [
      6.137179425373887,
      0.0,
      6.137179425373184,
      7.59280872908356,
      6.137179425374392,
      7.592808729085767
    ],
    [
      5.962264827642238,
      6.137179425373184,
      0.0,
      6.137179425372777,
      5.962264827642893,
      6.1371794253744
    ],
    [
      6.1371794253726915,
      7.59280872908356,
      6.137179425372777,
      0.0,
      6.137179425373036,
      7.592808729084067
    ],
    [
      5.9622648276441,
      6.137179425374392,
      5.962264827642893,
      6.137179425373036,
      0.0,
      6.137179425373191
    ],
    [
      6.137179425372951,
      7.592808729085767,
      6.1371794253744,
      7.592808729084067,
      6.137179425373191,
      0.0
    ]
  ],
  "shortest_paths": {
    "0": {
      "0": 0,
      "2": 5.962264827642238,
      "4": 5.9622648276441,
      "3": 6.1371794253726915,
      "5": 6.137179425372951,
      "1": 6.137179425373887
    },
    "1": {
      "1": 0,
      "2": 6.137179425373184,
      "0": 6.137179425373887,
      "4": 6.137179425374392,
      "3": 7.59280872908356,
      "5": 7.592808729085767
    },
    "2": {
      "2": 0,
      "0": 5.962264827642238,
      "4": 5.962264827642893,
      "3": 6.137179425372777,
      "1": 6.137179425373184,
      "5": 6.1371794253744
    },
    "3": {
      "3": 0,
      "0": 6.1371794253726915,
      "2": 6.137179425372777,
      "4": 6.137179425373036,
      "1": 7.59280872908356,
      "5": 7.592808729084067
    },
    "4": {
      "4": 0,
      "2": 5.962264827642893,
      "0": 5.9622648276441,
      "3": 6.137179425373036,
      "5": 6.137179425373191,
      "1": 6.137179425374392
    },
    "5": {
      "5": 0,
      "0": 6.137179425372951,
      "4": 6.137179425373191,
      "2": 6.1371794253744,
      "3": 7.592808729084067,
      "1": 7.592808729085767
    }
  },
  "gromov_delta": 3.796404364543491,
  "mean_distance": 5.327768638807951,
  "angle_sums": [
    3.141592653589793,
    9.42477796076938,
    3.141592653589793,
    9.42477796076938,
    3.141592653589793,
    3.1867707319716776,
    3.141592653589793,
    3.141592653589793,
    9.42477796076938,
    3.141592653589793,
    9.42477796076938,
    3.141592653589793,
    9.42477796076938,
    9.42477796076938,
    4.092315700527718,
    9.42477796076938,
    3.141592653589793,
    9.42477796076938,
    3.141592653589793,
    9.42477796076938
  ],
  "mean_angle_sum": 6.0188210980865975,
  "min_angle_sum": 3.141592653589793,
  "max_angle_sum": 9.42477796076938,
  "angle_sum_deviations": [
    0.0,
    6.283185307179586,
    0.0,
    6.283185307179586,
    0.0,
    0.04517807838188448,
    0.0,
    0.0,
    6.283185307179586,
    0.0,
    6.283185307179586,
    0.0,
    6.283185307179586,
    6.283185307179586,
    0.9507230469379246,
    6.283185307179586,
    0.0,
    6.283185307179586,
    0.0,
    6.283185307179586
  ],
  "triangle_inequality_violations": [],
  "embedding_coords": null,
  "edge_weight_variance": 1.2235555555555552e-06,
  "event_nodes": [
    [
      0,
      0
    ],
    [
      1,
      0
    ],
    [
      2,
      0
    ],
    [
      3,
      0
    ],
    [
      4,
      0
    ],
    [
      5,
      0
    ]
  ],
  "event_edges": [
    {
      "type": "spatial",
      "from": [
        0,
        0
      ],
      "to": [
        1,
        0
      ],
      "weight": 6.137179425373887
    },
    {
      "type": "spatial",
      "from": [
        0,
        0
      ],
      "to": [
        2,
        0
      ],
      "weight": 5.962264827642238
    },
    {
      "type": "spatial",
      "from": [
        0,
        0
      ],
      "to": [
        3,
        0
      ],
      "weight": 6.1371794253726915
    },
    {
      "type": "spatial",
      "from": [
        0,
        0
      ],
      "to": [
        4,
        0
      ],
      "weight": 5.9622648276441
    },
    {
      "type": "spatial",
      "from": [
        0,
        0
      ],
      "to": [
        5,
        0
      ],
      "weight": 6.137179425372951
    },
    {
      "type": "spatial",
      "from": [
        1,
        0
      ],
      "to": [
        2,
        0
      ],
      "weight": 6.137179425373184
    },
    {
      "type": "spatial",
      "from": [
        1,
        0
      ],
      "to": [
        3,
        0
      ],
      "weight": 12.274358850745962
    },
    {
      "type": "spatial",
      "from": [
        1,
        0
      ],
      "to": [
        4,
        0
      ],
      "weight": 6.137179425374392
    },
    {
      "type": "spatial",
      "from": [
        1,
        0
      ],
      "to": [
        5,
        0
      ],
      "weight": 12.274358850746838
    },
    {
      "type": "spatial",
      "from": [
        2,
        0
      ],
      "to": [
        3,
        0
      ],
      "weight": 6.137179425372777
    },
    {
      "type": "spatial",
      "from": [
        2,
        0
      ],
      "to": [
        4,
        0
      ],
      "weight": 5.962264827642893
    },
    {
      "type": "spatial",
      "from": [
        2,
        0
      ],
      "to": [
        5,
        0
      ],
      "weight": 6.1371794253744
    },
    {
      "type": "spatial",
      "from": [
        3,
        0
      ],
      "to": [
        4,
        0
      ],
      "weight": 6.137179425373036
    },
    {
      "type": "spatial",
      "from": [
        3,
        0
      ],
      "to": [
        5,
        0
      ],
      "weight": 12.274358850745642
    },
    {
      "type": "spatial",
      "from": [
        4,
        0
      ],
      "to": [
        5,
        0
      ],
      "weight": 6.137179425373191
    }
  ],
  "lorentzian_dissimilarity": [
    [
      0.0,
      37.664971299232555,
      35.54860187493972,
      37.66497129921788,
      35.54860187496193,
      37.664971299221065
    ],
    [
      37.664971299232555,
      0.0,
      37.66497129922393,
      150.65988519688574,
      37.66497129923876,
      150.65988519690723
    ],
    [
      35.54860187493972,
      37.66497129922393,
      0.0,
      37.66497129921893,
      35.548601874947536,
      37.66497129923886
    ],
    [
      37.66497129921788,
      150.65988519688574,
      37.66497129921893,
      0.0,
      37.66497129922211,
      150.6598851968779
    ],
    [
      35.54860187496193,
      37.66497129923876,
      35.548601874947536,
      37.66497129922211,
      0.0,
      37.66497129922401
    ],
    [
      37.664971299221065,
      150.65988519690723,
      37.66497129923886,
      150.6598851968779,
      37.66497129922401,
      0.0
    ]
  ],
  "lorentzian_embedding": [
    [
      0.0,
      0.0,
      0.0
    ],
    [
      0.0,
      0.0,
      0.0
    ],
    [
      0.0,
      0.0,
      0.0
    ],
    [
      0.0,
      0.0,
      0.0
    ],
    [
      0.0,
      0.0,
      0.0
    ],
    [
      0.0,
      0.0,
      0.0
    ]
  ],
  "edge_length_evolution": [],
  "angle_deficit_evolution": [],
  "regge_action_evolution": [],
  "gromov_delta_evolution": [],
  "mass_hinge": null,
  "mass_value": 0.0,
  "matter": {
    "(0, 1)": 0.0,
    "(2, 4)": 0.0,
    "(1, 2)": 0.0,
    "(0, 4)": 0.0,
    "(3, 4)": 0.0,
    "(1, 5)": 0.0,
    "(0, 3)": 0.0,
    "(1, 4)": 0.0,
    "(2, 3)": 0.0,
    "(0, 2)": 0.0,
    "(4, 5)": 0.0,
    "(0, 5)": 0.0,
    "(2, 5)": 0.0,
    "(1, 3)": 0.0,
    "(3, 5)": 0.0
  },
  "stationary_solution": null,
  "einstein_analysis_per_timestep": [
    {
      "ricci_tensor": [
        [
          0.0007967641481573446,
          0.0
        ],
        [
          0.0,
          0.0007967641481573446
        ]
      ],
      "metric_tensor": [
        [
          1.0001593528296315,
          7.967641481573447e-05
        ],
        [
          7.967641481573447e-05,
          1.0001593528296315
        ]
      ],
      "stress_energy_tensor": [
        [
          0.0007967641481573446,
          1.5935282963146894e-05
        ],
        [
          1.5935282963146894e-05,
          0.0007967641481573446
        ]
      ],
      "einstein_solution": {
        "einstein_tensor": [
          [
            0.0,
            0.0
          ],
          [
            0.0,
            0.0
          ]
        ],
        "ricci_scalar": 0.0015935282963146892,
        "metric_tensor": [
          [
            1.0,
            0.0
          ],
          [
            0.0,
            1.0
          ]
        ],
        "lhs": [
          [
            0.0,
            0.0
          ],
          [
            0.0,
            0.0
          ]
        ],
        "rhs": [
          [
            0.0007967641481573446,
            1.5935282963146894e-05
          ],
          [
            1.5935282963146894e-05,
            0.0007967641481573446
          ]
        ],
        "equations_satisfied": false,
        "residual": 0.001127020000738243,
        "conservation_violation": 0.0007967641481573446,
        "gravitational_constant": 0.039788735772973836,
        "cosmological_constant": 0.0
      },
      "entropy_first_derivative": 0.0,
      "entropy_second_derivative": 0.0,
      "entropy_curvature_correlation": 0.0011267896643589496,
      "emergent_gravitational_constant": 0.00012680895265764465,
      "average_mutual_information": 0.0015935282963146892,
      "ricci_scalar": 0.0015935282963146892,
      "analysis_summary": {
        "einstein_equations_satisfied": false,
        "residual_magnitude": 0.001127020000738243,
        "conservation_violation": 0.0007967641481573446,
        "entropy_evolution_rate": 0.0,
        "entropy_acceleration": 0.0,
        "entanglement_curvature_coupling": 0.0011267896643589496
      }
    }
  ],
  "bootstrap_analysis": {
    "gromov_delta": {
      "mean": 6.137179425374027,
      "lower_ci": 6.137179425374027,
      "upper_ci": 6.137179425374027,
      "all_values": [
        6.137179425374027
      ],
      "uncertainty": 0.0
    },
    "entropy": {
      "mean": null,
      "lower_ci": null,
      "upper_ci": null,
      "uncertainty": null
    },
    "distance_matrix": {
      "mean": [
        [
          0.0,
          6.137179425373887,
          5.962264827642238,
          6.1371794253726915,
          5.9622648276441,
          6.137179425372951
        ],
        [
          6.137179425373887,
          0.0,
          6.137179425373184,
          12.274358850745962,
          6.137179425374392,
          12.274358850746838
        ],
        [
          5.962264827642238,
          6.137179425373184,
          0.0,
          6.137179425372777,
          5.962264827642893,
          6.1371794253744
        ],
        [
          6.1371794253726915,
          12.274358850745962,
          6.137179425372777,
          0.0,
          6.137179425373036,
          12.274358850745642
        ],
        [
          5.9622648276441,
          6.137179425374392,
          5.962264827642893,
          6.137179425373036,
          0.0,
          6.137179425373191
        ],
        [
          6.137179425372951,
          12.274358850746838,
          6.1371794253744,
          12.274358850745642,
          6.137179425373191,
          0.0
        ]
      ],
      "lower_ci": [
        [
          0.0,
          6.137179425373887,
          5.962264827642238,
          6.1371794253726915,
          5.9622648276441,
          6.137179425372951
        ],
        [
          6.137179425373887,
          0.0,
          6.137179425373184,
          12.274358850745962,
          6.137179425374392,
          12.274358850746838
        ],
        [
          5.962264827642238,
          6.137179425373184,
          0.0,
          6.137179425372777,
          5.962264827642893,
          6.1371794253744
        ],
        [
          6.1371794253726915,
          12.274358850745962,
          6.137179425372777,
          0.0,
          6.137179425373036,
          12.274358850745642
        ],
        [
          5.9622648276441,
          6.137179425374392,
          5.962264827642893,
          6.137179425373036,
          0.0,
          6.137179425373191
        ],
        [
          6.137179425372951,
          12.274358850746838,
          6.1371794253744,
          12.274358850745642,
          6.137179425373191,
          0.0
        ]
      ],
      "upper_ci": [
        [
          0.0,
          6.137179425373887,
          5.962264827642238,
          6.1371794253726915,
          5.9622648276441,
          6.137179425372951
        ],
        [
          6.137179425373887,
          0.0,
          6.137179425373184,
          12.274358850745962,
          6.137179425374392,
          12.274358850746838
        ],
        [
          5.962264827642238,
          6.137179425373184,
          0.0,
          6.137179425372777,
          5.962264827642893,
          6.1371794253744
        ],
        [
          6.1371794253726915,
          12.274358850745962,
          6.137179425372777,
          0.0,
          6.137179425373036,
          12.274358850745642
        ],
        [
          5.9622648276441,
          6.137179425374392,
          5.962264827642893,
          6.137179425373036,
          0.0,
          6.137179425373191
        ],
        [
          6.137179425372951,
          12.274358850746838,
          6.1371794253744,
          12.274358850745642,
          6.137179425373191,
          0.0
        ]
      ]
    }
  },
  "topology_compatibility": {
    "current_topology": "triangulated",
    "explanation": "Triangulated topology is specifically designed for angle-sum curvature. Creates multiple triangles per vertex, enabling robust local curvature measurements. Each vertex has multiple incident triangles for well-defined angle sums.",
    "supports_local_curvature": true
  },
  "rt_surface_analysis": {
    "region_A": [
      0,
      1
    ],
    "region_B": [
      2,
      3,
      4,
      5
    ],
    "bulk_point": 3,
    "is_complementary": true,
    "rt_area_AB": 61.02196505827235,
    "rt_area_BA": 61.02196505827235,
    "area_consistent": true,
    "edges_consistent": true,
    "area_difference": 0.0,
    "rt_edges_AB": [
      [
        0,
        2
      ],
      [
        0,
        3
      ],
      [
        0,
        4
      ],
      [
        0,
        5
      ],
      [
        1,
        2
      ],
      [
        1,
        3
      ],
      [
        1,
        4
      ],
      [
        1,
        5
      ]
    ],
    "rt_edges_BA": [
      [
        0,
        2
      ],
      [
        0,
        3
      ],
      [
        0,
        4
      ],
      [
        0,
        5
      ],
      [
        1,
        2
      ],
      [
        1,
        3
      ],
      [
        1,
        4
      ],
      [
        1,
        5
      ]
    ],
    "edge_lengths": [
      6.137179425373887,
      5.962264827642238,
      6.1371794253726915,
      5.9622648276441,
      6.137179425372951,
      6.137179425373184,
      12.274358850745962,
      6.137179425374392,
      12.274358850746838,
      6.137179425372777,
      5.962264827642893,
      6.1371794253744,
      6.137179425373036,
      12.274358850745642,
      6.137179425373191
    ],
    "all_edges": [
      [
        0,
        1
      ],
      [
        0,
        2
      ],
      [
        0,
        3
      ],
      [
        0,
        4
      ],
      [
        0,
        5
      ],
      [
        1,
        2
      ],
      [
        1,
        3
      ],
      [
        1,
        4
      ],
      [
        1,
        5
      ],
      [
        2,
        3
      ],
      [
        2,
        4
      ],
      [
        2,
        5
      ],
      [
        3,
        4
      ],
      [
        3,
        5
      ],
      [
        4,
        5
      ]
    ]
  },
  "bulk_excitation_analysis": {
    "ground_state_mi": [
      [
        0.0,
        0.002161010321141266,
        0.0025740755278440414,
        0.002161010321145228,
        0.0025740755278412172,
        0.0021610103211442246
      ],
      [
        0.002161010321141266,
        0.0,
        0.0021610103211449168,
        0.000504063286620512,
        0.0021610103211443287,
        0.0005040632866215311
      ],
      [
        0.0025740755278440414,
        0.0021610103211449168,
        0.0,
        0.0021610103211453287,
        0.00257407552784354,
        0.0021610103211423424
      ],
      [
        0.002161010321145228,
        0.000504063286620512,
        0.0021610103211453287,
        0.0,
        0.0021610103211463045,
        0.000504063286619969
      ],
      [
        0.0025740755278412172,
        0.0021610103211443287,
        0.00257407552784354,
        0.0021610103211463045,
        0.0,
        0.0021610103211439514
      ],
      [
        0.0021610103211442246,
        0.0005040632866215311,
        0.0021610103211423424,
        0.000504063286619969,
        0.0021610103211439514,
        0.0
      ]
    ],
    "excited_state_mi": [
      [
        0.0,
        0.002161010321142371,
        0.0021362742195815687,
        0.002441167293884494,
        0.0021362742195803752,
        0.002161010321142645
      ],
      [
        0.002161010321142371,
        0.0,
        0.0014033468436908114,
        0.001418929449997941,
        0.0014033468436912,
        0.0005040632866189412
      ],
      [
        0.0021362742195815687,
        0.0014033468436908114,
        0.0,
        0.354096883697303,
        0.09603339674856948,
        0.001403346843689951
      ],
      [
        0.002441167293884494,
        0.001418929449997941,
        0.354096883697303,
        0.0,
        0.3540968836973021,
        0.0014189294499997174
      ],
      [
        0.0021362742195803752,
        0.0014033468436912,
        0.09603339674856948,
        0.3540968836973021,
        0.0,
        0.0014033468436912555
      ],
      [
        0.002161010321142645,
        0.0005040632866189412,
        0.001403346843689951,
        0.0014189294499997174,
        0.0014033468436912555,
        0.0
      ]
    ],
    "mi_difference": [
      [
        0.0,
        1.1050188541972261e-15,
        -0.00043780130826247265,
        0.00028015697273926603,
        -0.000437801308260842,
        -1.5794657248768829e-15
      ],
      [
        1.1050188541972261e-15,
        0.0,
        -0.0007576634774541053,
        0.0009148661633774291,
        -0.0007576634774531287,
        -2.589942149633373e-15
      ],
      [
        -0.00043780130826247265,
        -0.0007576634774541053,
        0.0,
        0.35193587337615767,
        0.09345932122072594,
        -0.0007576634774523914
      ],
      [
        0.00028015697273926603,
        0.0009148661633774291,
        0.35193587337615767,
        0.0,
        0.3519358733761558,
        0.0009148661633797484
      ],
      [
        -0.000437801308260842,
        -0.0007576634774531287,
        0.09345932122072594,
        0.3519358733761558,
        0.0,
        -0.0007576634774526959
      ],
      [
        -1.5794657248768829e-15,
        -2.589942149633373e-15,
        -0.0007576634774523914,
        0.0009148661633797484,
        -0.0007576634774526959,
        0.0
      ]
    ],
    "avg_mi_change": 0.04463040076660427,
    "max_mi_change": 0.35193587337615767,
    "mi_change_boundary_A": 1.1050188541972261e-15,
    "mi_change_boundary_B": 0.13278843453025235,
    "bulk_point": 3,
    "ground_state_counts": {
      "000000 000000": 12,
      "001100 001100": 1,
      "010001 010001": 3,
      "001101 001101": 2,
      "010000 010000": 5,
      "001010 001010": 2,
      "010011 010011": 3,
      "101100 101100": 3,
      "100110 100110": 1,
      "011010 011010": 2,
      "011110 011110": 1,
      "011000 011000": 1,
      "000100 000100": 6,
      "100010 100010": 1,
      "000010 000010": 4,
      "101001 101001": 1,
      "100000 100000": 6,
      "111000 111000": 1,
      "000110 000110": 5,
      "011100 011100": 3,
      "111110 111110": 1,
      "000101 000101": 3,
      "001001 001001": 3,
      "100001 100001": 4,
      "101000 101000": 2,
      "110010 110010": 2,
      "000001 000001": 5,
      "011001 011001": 1,
      "111100 111100": 1,
      "110100 110100": 1,
      "010100 010100": 2,
      "110000 110000": 3,
      "010010 010010": 2,
      "110011 110011": 1,
      "010101 010101": 2,
      "000011 000011": 1,
      "001000 001000": 3
    },
    "excited_state_counts": {
      "011000 000000": 1,
      "011110 001010": 2,
      "001000 000100": 1,
      "110010 100010": 1,
      "010110 000010": 2,
      "000010 010110": 1,
      "010000 010100": 1,
      "011100 000000": 6,
      "111000 100100": 2,
      "100111 110011": 1,
      "111010 100110": 1,
      "000011 000111": 1,
      "000110 000010": 1,
      "101110 100010": 1,
      "010100 000000": 4,
      "001101 010101": 1,
      "010001 000101": 1,
      "010010 001010": 1,
      "010100 001000": 4,
      "010110 001010": 2,
      "000110 010010": 1,
      "011011 000011": 1,
      "101100 101000": 1,
      "110110 100010": 2,
      "001101 010001": 1,
      "010010 010110": 1,
      "011110 000010": 3,
      "101101 100001": 1,
      "001000 010100": 2,
      "110010 100110": 1,
      "011001 000101": 1,
      "100000 110000": 1,
      "001100 011000": 1,
      "011000 000100": 2,
      "110100 110000": 1,
      "110000 100000": 1,
      "001110 010010": 4,
      "010101 000101": 1,
      "001100 010000": 1,
      "010101 001001": 1,
      "111110 100010": 3,
      "000100 010000": 4,
      "110110 101010": 1,
      "101110 110010": 1,
      "010011 000111": 1,
      "010010 000110": 1,
      "010000 000100": 2,
      "010101 000001": 2,
      "000001 011101": 1,
      "111010 100010": 1,
      "011100 000100": 1,
      "110100 100000": 3,
      "110000 100100": 1,
      "011101 000001": 4,
      "101100 110000": 1,
      "000101 011001": 1,
      "111100 100000": 1,
      "100000 110100": 1,
      "101100 100000": 1,
      "000101 000001": 1,
      "111101 100001": 1,
      "000000 010100": 1,
      "101010 110110": 1,
      "000101 010001": 1,
      "010111 000011": 1
    },
    "boundary_entropies": {
      "ground_state": {
        "entropy_A": 0.007389575819031124,
        "entropy_B": 0.007389575819035747,
        "mi_AB": 0.014779151638047558
      },
      "excited_state": {
        "entropy_A": 0.23034604116198706,
        "entropy_B": 0.2303460411619868,
        "mi_AB": 0.46069208232395853
      },
      "rt_relation_test": {
        "entropy_ratio": 1.0000000000006257,
        "rt_area_ratio": 1.0,
        "rt_deviation": 6.257216966787382e-13,
        "excited_entropy_ratio": 0.9999999999999988,
        "rt_relation_change": 6.269429420058259e-13
      }
    }
  },
  "page_curve_analysis": null,
  "einstein_analysis": null,
  "dynamic_evidence": {
    "angle_sums_per_timestep": [
      [
        3.141592653589793,
        3.141592653589793,
        3.141592653589793,
        0.0,
        3.141592653589793,
        3.1867707319716776,
        3.141592653589793,
        3.141592653589793,
        0.0,
        3.141592653589793,
        0.0,
        3.141592653589793,
        3.141592653589793,
        3.141592653589793,
        3.178914114908199,
        3.141592653589793,
        3.141592653589793,
        3.141592653589793,
        3.141592653589793,
        3.141592653589793
      ]
    ],
    "gromov_delta_per_timestep": [
      6.137179425374027
    ],
    "edge_mi_per_timestep": [
      {
        "0,1": 0.0021610103211410943,
        "0,5": 0.002161010321143116,
        "0,2": 0.0025740755278432625,
        "0,4": 0.0025740755278384677,
        "0,3": 0.0021610103211436773,
        "1,2": 0.0021610103211426113,
        "1,4": 0.0021610103211400005,
        "2,3": 0.0021610103211434934,
        "2,4": 0.0025740755278415746,
        "2,5": 0.002161010321139983,
        "3,4": 0.0021610103211429322,
        "4,5": 0.0021610103211425983
      }
    ],
    "shortest_paths_per_timestep": [
      {
        "0": {
          "0": 0,
          "2": 5.962264827642238,
          "4": 5.9622648276441,
          "3": 6.1371794253726915,
          "5": 6.137179425372951,
          "1": 6.137179425373887
        },
        "1": {
          "1": 0,
          "2": 6.137179425373184,
          "0": 6.137179425373887,
          "4": 6.137179425374392,
          "3": 12.274358850745962,
          "5": 12.274358850746838
        },
        "2": {
          "2": 0,
          "0": 5.962264827642238,
          "4": 5.962264827642893,
          "3": 6.137179425372777,
          "1": 6.137179425373184,
          "5": 6.1371794253744
        },
        "3": {
          "3": 0,
          "0": 6.1371794253726915,
          "2": 6.137179425372777,
          "4": 6.137179425373036,
          "5": 12.274358850745642,
          "1": 12.274358850745962
        },
        "4": {
          "4": 0,
          "2": 5.962264827642893,
          "0": 5.9622648276441,
          "3": 6.137179425373036,
          "5": 6.137179425373191,
          "1": 6.137179425374392
        },
        "5": {
          "5": 0,
          "0": 6.137179425372951,
          "4": 6.137179425373191,
          "2": 6.1371794253744,
          "3": 12.274358850745642,
          "1": 12.274358850746838
        }
      }
    ],
    "mean_distance_per_timestep": [
      6.108026992418232
    ],
    "triangle_violations_per_timestep": [
      0
    ],
    "embedding_coords_per_timestep": [
      [
        [
          0.16061733739854375,
          -0.008716633934530232
        ],
        [
          -0.11656597102338118,
          -0.09013529252788711
        ],
        [
          -0.08699774372082203,
          0.1390867100962337
        ],
        [
          0.08191515540409874,
          0.005635899758788026
        ],
        [
          0.01524039935161773,
          -0.11698377821804308
        ],
        [
          -0.054209177410057,
          0.0711130948254387
        ]
      ]
    ],
    "regge_evolution_data": null,
    "evolution_summary": {
      "total_timesteps": 1,
      "gromov_delta_range": [
        6.137179425374027,
        6.137179425374027
      ],
      "mean_distance_range": [
        6.108026992418232,
        6.108026992418232
      ],
      "total_triangle_violations": 0,
      "hyperbolic_evolution": [
        false
      ],
      "regge_corrected": false
    }
  },
  "quantum_state_outputs": [
    {
      "timestep": 1,
      "statevector": [
        {
          "real": 0.34608604165952295,
          "imag": -0.10243548592946178
        },
        {
          "real": -0.029310487693324005,
          "imag": -0.22698108682154372
        },
        {
          "real": -0.04383951837223613,
          "imag": -0.22528094702533547
        },
        {
          "real": -0.14551646226506557,
          "imag": 0.01126545690314711
        },
        {
          "real": -0.02931048769332401,
          "imag": -0.2269810868215434
        },
        {
          "real": -0.1456910538024948,
          "imag": 0.0019539914339974274
        },
        {
          "real": -0.1455164622650654,
          "imag": 0.011265456903147114
        },
        {
          "real": 0.0006319747947606854,
          "imag": 0.09304196160030916
        },
        {
          "real": -0.043839518372236166,
          "imag": -0.22528094702533544
        },
        {
          "real": -0.1455164622650654,
          "imag": 0.011265456903147113
        },
        {
          "real": -0.14532282240352717,
          "imag": 0.01407333177126575
        },
        {
          "real": 0.002426587084329722,
          "imag": 0.09303800411722947
        },
        {
          "real": -0.14551646226506543,
          "imag": 0.011265456903147118
        },
        {
          "real": 0.000631974794760687,
          "imag": 0.09304196160030911
        },
        {
          "real": 0.0024265870843297233,
          "imag": 0.09303800411722946
        },
        {
          "real": 0.05938171674606698,
          "imag": -9.397592291668398e-06
        },
        {
          "real": -0.029310487693323967,
          "imag": -0.22698108682154353
        },
        {
          "real": -0.14569105380249464,
          "imag": 0.0019539914339974265
        },
        {
          "real": -0.1455164622650654,
          "imag": 0.011265456903147104
        },
        {
          "real": 0.0006319747947606852,
          "imag": 0.0930419616003091
        },
        {
          "real": -0.14569105380249475,
          "imag": 0.0019539914339974256
        },
        {
          "real": -0.0053048879433342695,
          "imag": 0.0928372521528208
        },
        {
          "real": 0.0006319747947606865,
          "imag": 0.09304196160030909
        },
        {
          "real": 0.059358978043996785,
          "imag": 0.0011350603681221604
        },
        {
          "real": -0.14551646226506545,
          "imag": 0.011265456903147114
        },
        {
          "real": 0.0006319747947606863,
          "imag": 0.09304196160030909
        },
        {
          "real": 0.002426587084329722,
          "imag": 0.0930380041172295
        },
        {
          "real": 0.059381716746066966,
          "imag": -9.397592291668254e-06
        },
        {
          "real": 0.0006319747947606868,
          "imag": 0.09304196160030914
        },
        {
          "real": 0.0593589780439968,
          "imag": 0.0011350603681221602
        },
        {
          "real": 0.05938171674606696,
          "imag": -9.397592291668453e-06
        },
        {
          "real": -0.0007115926809614641,
          "imag": -0.037857238191929106
        },
        {
          "real": -0.04383951837223616,
          "imag": -0.22528094702533516
        },
        {
          "real": -0.14551646226506554,
          "imag": 0.011265456903147116
        },
        {
          "real": -0.1453228224035271,
          "imag": 0.014073331771265761
        },
        {
          "real": 0.0024265870843297238,
          "imag": 0.09303800411722946
        },
        {
          "real": -0.14551646226506562,
          "imag": 0.011265456903147113
        },
        {
          "real": 0.0006319747947606863,
          "imag": 0.09304196160030913
        },
        {
          "real": 0.0024265870843297238,
          "imag": 0.09303800411722947
        },
        {
          "real": 0.05938171674606699,
          "imag": -9.397592291668481e-06
        },
        {
          "real": -0.14532282240352704,
          "imag": 0.014073331771265761
        },
        {
          "real": 0.0024265870843297233,
          "imag": 0.09303800411722941
        },
        {
          "real": 7.610929265872601e-05,
          "imag": 0.09292171372626126
        },
        {
          "real": 0.05932525274227229,
          "imag": 0.001490534967589488
        },
        {
          "real": 0.0024265870843297233,
          "imag": 0.09303800411722944
        },
        {
          "real": 0.059381716746066966,
          "imag": -9.397592291668607e-06
        },
        {
          "real": 0.0593252527422723,
