{
  "spec": {
    "num_qubits": 4,
    "topology": "triangulated",
    "custom_edges": "0-1:1.0000,0-2:1.0000,0-3:1.0000,1-2:1.0000,1-3:1.0000,2-3:1.0000",
    "alpha": 0.8,
    "weight": 1.1537183691871238,
    "gamma": -2.1611682936814748e-11,
    "sigma": -2.1639473370796804e-11,
    "init_angle": 5.99266895720647e-08,
    "init_angles": null,
    "shots": 100,
    "device": "simulator",
    "geometry": "spherical",
    "curvature": 1.0,
    "timesteps": 1,
    "dimension": 2,
    "mass_hinge": null,
    "mass_value": 0.0,
    "solve_regge": false,
    "lorentzian": true,
    "excite": true,
    "fast": true,
    "fast_preset": "minimal",
    "ctc_mode": false,
    "strong_curvature": true,
    "charge_injection": true,
    "charge_strength": 2.5,
    "charge_location": null,
    "spin_injection": true,
    "spin_strength": 2.0,
    "spin_location": null,
    "edge_floor": 0.001,
    "compute_entropies": true,
    "hyperbolic_triangulation": true,
    "trotter_steps": 8,
    "dt": 0.05,
    "analyze_curvature": true,
    "einstein_solver": true,
    "page_curve": true,
    "radiation_ordering": null,
    "page_curve_timesteps": 15,
    "entropy_method": "hybrid",
    "num_shadows": 100,
    "shots_per_shadow": 1000,
    "num_bases": 20,
    "shots_per_basis": 1000,
    "enhanced_entanglement": false,
    "entanglement_strength": 1.0063543741621659,
    "interpolate_geometry": false,
    "smooth_charge_injection": false,
    "min_qubits_for_continuum": 10,
    "benchmark_against_classical_geometry": false,
    "geometry_fit_metric": "wasserstein,kl,euclidean",
    "verify_noise_robustness": false,
    "run_on_multiple_backends": false,
    "detect_and_flag_causal_loops": true,
    "restrict_information_flow_direction": "bidirectional",
    "filter_noncausal_edges": true,
    "use_ryu_takayanagi_test": true,
    "compare_MI_vs_subsystem_entropy": true,
    "embed_boundary_entropy_in_geometry": true,
    "entropy_engineering": true,
    "target_entropy_pattern": "ctc_deutsch",
    "custom_target_entropies": null,
    "entropy_optimization_iterations": 200,
    "entropy_tolerance": 0.05,
    "continue_on_engineering_failure": true,
    "validate_engineered_geometry": true,
    "enhance_bell_violations": true,
    "bell_entanglement_strength": 4.0,
    "teleportation_circuits": true,
    "long_range_coupling": 3.0,
    "holographic_optimization": true,
    "rt_surface_encoding": true,
    "conformal_symmetry": true,
    "bulk_reconstruction": true,
    "scalable_entanglement": true,
    "parallel_execution": true,
    "memory_optimization": true,
    "circuit_compilation": "optimized",
    "real_hardware": false,
    "error_mitigation": true,
    "zero_noise_extrapolation": true,
    "zne_noise_factors": [
      1.0,
      2.0,
      3.0
    ],
    "zne_extrapolation_method": "polynomial",
    "hardware_calibration": true,
    "noise_characterization": true,
    "backend_name": "ibm_brisbane",
    "quantum_mode": true,
    "quantum_entanglement_strength": 5.0,
    "quantum_circuit_depth": 12
  },
  "uid": "SNKUCS",
  "counts_per_timestep": [
    null
  ],
  "job_ids_per_timestep": [
    null
  ],
  "entropy_per_timestep": [
    null
  ],
  "mutual_information_per_timestep": [
    {
      "I_0,1": 0.02432016010567467,
      "I_0,2": 0.02352902923639276,
      "I_0,3": 0.024320160105675538,
      "I_1,2": 0.02432016010567469,
      "I_1,3": 0.006155816605848019,
      "I_2,3": 0.024320160105675295
    }
  ],
  "boundary_entropies_per_timestep": [
    {
      "entropy_A": 0.02703669360632944,
      "entropy_B": 0.027036693606329612,
      "mi_AB": 0.05407338721265162,
      "pure_state_check": true,
      "entropy_difference": 1.734723475976807e-16,
      "multiple_regions": {
        "size_1_region_0": {
          "region": [
            0
          ],
          "entropy": 0.035723299921602704,
          "rt_area": 3,
          "size": 1
        },
        "size_1_region_1": {
          "region": [
            1
          ],
          "entropy": 0.027036693606328974,
          "rt_area": 3,
          "size": 1
        },
        "size_1_region_2": {
          "region": [
            2
          ],
          "entropy": 0.035723299921602066,
          "rt_area": 3,
          "size": 1
        },
        "size_2_region_0": {
          "region": [
            0,
            1
          ],
          "entropy": 0.03843983342225628,
          "rt_area": 4,
          "size": 2
        },
        "size_2_region_1": {
          "region": [
            0,
            2
          ],
          "entropy": 0.04791757060681211,
          "rt_area": 4,
          "size": 2
        },
        "size_2_region_2": {
          "region": [
            0,
            3
          ],
          "entropy": 0.03843983342225633,
          "rt_area": 4,
          "size": 2
        },
        "size_3_region_0": {
          "region": [
            0,
            1,
            2
          ],
          "entropy": 0.02703669360632944,
          "rt_area": 3,
          "size": 3
        },
        "size_3_region_1": {
          "region": [
            0,
            1,
            3
          ],
          "entropy": 0.03572329992160259,
          "rt_area": 3,
          "size": 3
        },
        "size_3_region_2": {
          "region": [
            0,
            2,
            3
          ],
          "entropy": 0.02703669360633001,
          "rt_area": 3,
          "size": 3
        }
      }
    }
  ],
  "distance_matrix_per_timestep": [
    [
      [
        0.0,
        41.11813345280295,
        42.50067288991907,
        41.11813345280148
      ],
      [
        41.11813345280295,
        0.0,
        41.118133452802915,
        2.3074367383742476
      ],
      [
        42.50067288991907,
        41.118133452802915,
        0.0,
        41.11813345280189
      ],
      [
        41.11813345280148,
        2.3074367383742476,
        41.11813345280189,
        0.0
      ]
    ]
  ],
  "edge_mi": {
    "0,1": 0.02432016010567467,
    "0,3": 0.024320160105675538,
    "0,2": 0.02352902923639276,
    "1,2": 0.02432016010567469,
    "2,3": 0.024320160105675295
  },
  "distance_matrix": [
    [
      0.0,
      41.11813345280295,
      42.50067288991907,
      41.11813345280148
    ],
    [
      41.11813345280295,
      0.0,
      41.118133452802915,
      162.4477205140903
    ],
    [
      42.50067288991907,
      41.118133452802915,
      0.0,
      41.11813345280189
    ],
    [
      41.11813345280148,
      162.4477205140903,
      41.11813345280189,
      0.0
    ]
  ],
  "shortest_paths": {},
  "gromov_delta": 81.22386025704589,
  "mean_distance": 46.17761590190233,
  "angle_sums": [
    9.42477796076938,
    0.0,
    9.42477796076938,
    0.0
  ],
  "mean_angle_sum": 4.71238898038469,
  "min_angle_sum": 0.0,
  "max_angle_sum": 9.42477796076938,
  "angle_sum_deviations": [
    6.283185307179586,
    -3.141592653589793,
    6.283185307179586,
    -3.141592653589793
  ],
  "triangle_inequality_violations": [
    [
      [
        0,
        1,
        3
      ],
      [
        41.11813345280295,
        41.11813345280148,
        162.4477205140903
      ]
    ],
    [
      [
        1,
        2,
        3
      ],
      [
        41.118133452802915,
        162.4477205140903,
        41.11813345280189
      ]
    ]
  ],
  "embedding_coords": null,
  "edge_weight_variance": 0.0,
  "event_nodes": [
    [
      0,
      0
    ],
    [
      1,
      0
    ],
    [
      2,
      0
    ],
    [
      3,
      0
    ]
  ],
  "event_edges": [
    {
      "type": "spatial",
      "from": [
        0,
        0
      ],
      "to": [
        1,
        0
      ],
      "weight": 3.7164496386132964
    },
    {
      "type": "spatial",
      "from": [
        0,
        0
      ],
      "to": [
        2,
        0
      ],
      "weight": 3.7495203335158327
    },
    {
      "type": "spatial",
      "from": [
        0,
        0
      ],
      "to": [
        3,
        0
      ],
      "weight": 3.716449638613261
    },
    {
      "type": "spatial",
      "from": [
        1,
        0
      ],
      "to": [
        2,
        0
      ],
      "weight": 3.7164496386132955
    },
    {
      "type": "spatial",
      "from": [
        1,
        0
      ],
      "to": [
        3,
        0
      ],
      "weight": 7.432899277226557
    },
    {
      "type": "spatial",
      "from": [
        2,
        0
      ],
      "to": [
        3,
        0
      ],
      "weight": 3.716449638613271
    }
  ],
  "lorentzian_dissimilarity": [
    [
      0.0,
      13.8119979163489,
      14.058902731448681,
      13.811997916348638
    ],
    [
      13.8119979163489,
      0.0,
      13.811997916348895,
      55.24799166539508
    ],
    [
      14.058902731448681,
      13.811997916348895,
      0.0,
      13.811997916348712
    ],
    [
      13.811997916348638,
      55.24799166539508,
      13.811997916348712,
      0.0
    ]
  ],
  "lorentzian_embedding": [
    [
      0.0,
      0.0,
      0.0
    ],
    [
      0.0,
      0.0,
      0.0
    ],
    [
      0.0,
      0.0,
      0.0
    ],
    [
      0.0,
      0.0,
      0.0
    ]
  ],
  "edge_length_evolution": [],
  "angle_deficit_evolution": [],
  "regge_action_evolution": [],
  "gromov_delta_evolution": [],
  "mass_hinge": null,
  "mass_value": 0.0,
  "matter": {
    "(0, 1)": 0.0,
    "(1, 2)": 0.0,
    "(0, 3)": 0.0,
    "(2, 3)": 0.0,
    "(0, 2)": 0.0,
    "(1, 3)": 0.0
  },
  "stationary_solution": null,
  "einstein_analysis_per_timestep": [
    {
      "ricci_tensor": [
        [
          0.007935342891558811,
          0.0
        ],
        [
          0.0,
          0.007935342891558811
        ]
      ],
      "metric_tensor": [
        [
          1.0015870685783117,
          0.0007935342891558811
        ],
        [
          0.0007935342891558811,
          1.0015870685783117
        ]
      ],
      "stress_energy_tensor": [
        [
          0.007935342891558811,
          0.00015870685783117623
        ],
        [
          0.00015870685783117623,
          0.007935342891558811
        ]
      ],
      "einstein_solution": {
        "einstein_tensor": [
          [
            0.0,
            0.0
          ],
          [
            0.0,
            0.0
          ]
        ],
        "ricci_scalar": 0.015870685783117622,
        "metric_tensor": [
          [
            1.0,
            0.0
          ],
          [
            0.0,
            1.0
          ]
        ],
        "lhs": [
          [
            0.0,
            0.0
          ],
          [
            0.0,
            0.0
          ]
        ],
        "rhs": [
          [
            0.007935342891558811,
            0.00015870685783117623
          ],
          [
            0.00015870685783117623,
            0.007935342891558811
          ]
        ],
        "equations_satisfied": false,
        "residual": 0.011224513768830754,
        "conservation_violation": 0.007935342891558811,
        "gravitational_constant": 0.039788735772973836,
        "cosmological_constant": 0.0
      },
      "entropy_first_derivative": 0.0,
      "entropy_second_derivative": 0.0,
      "entropy_curvature_correlation": 0.011222264539325628,
      "emergent_gravitational_constant": 0.0012629490463207187,
      "average_mutual_information": 0.015870685783117622,
      "ricci_scalar": 0.015870685783117622,
      "analysis_summary": {
        "einstein_equations_satisfied": false,
        "residual_magnitude": 0.011224513768830754,
        "conservation_violation": 0.007935342891558811,
        "entropy_evolution_rate": 0.0,
        "entropy_acceleration": 0.0,
        "entanglement_curvature_coupling": 0.011222264539325628
      }
    }
  ],
  "bootstrap_analysis": {
    "gromov_delta": {
      "mean": 39.96441508361528,
      "lower_ci": 39.96441508361528,
      "upper_ci": 39.96441508361528,
      "all_values": [
        39.96441508361528
      ],
      "uncertainty": 0.0
    },
    "entropy": {
      "mean": null,
      "lower_ci": null,
      "upper_ci": null,
      "uncertainty": null
    },
    "distance_matrix": {
      "mean": [
        [
          0.0,
          41.11813345280295,
          42.50067288991907,
          41.11813345280148
        ],
        [
          41.11813345280295,
          0.0,
          41.118133452802915,
          2.3074367383742476
        ],
        [
          42.50067288991907,
          41.118133452802915,
          0.0,
          41.11813345280189
        ],
        [
          41.11813345280148,
          2.3074367383742476,
          41.11813345280189,
          0.0
        ]
      ],
      "lower_ci": [
        [
          0.0,
          41.11813345280295,
          42.50067288991907,
          41.11813345280148
        ],
        [
          41.11813345280295,
          0.0,
          41.118133452802915,
          2.3074367383742476
        ],
        [
          42.50067288991907,
          41.118133452802915,
          0.0,
          41.11813345280189
        ],
        [
          41.11813345280148,
          2.3074367383742476,
          41.11813345280189,
          0.0
        ]
      ],
      "upper_ci": [
        [
          0.0,
          41.11813345280295,
          42.50067288991907,
          41.11813345280148
        ],
        [
          41.11813345280295,
          0.0,
          41.118133452802915,
          2.3074367383742476
        ],
        [
          42.50067288991907,
          41.118133452802915,
          0.0,
          41.11813345280189
        ],
        [
          41.11813345280148,
          2.3074367383742476,
          41.11813345280189,
          0.0
        ]
      ]
    }
  },
  "topology_compatibility": {
    "current_topology": "triangulated",
    "explanation": "Triangulated topology is specifically designed for angle-sum curvature. Creates multiple triangles per vertex, enabling robust local curvature measurements. Each vertex has multiple incident triangles for well-defined angle sums.",
    "supports_local_curvature": true
  },
  "rt_surface_analysis": {
    "region_A": [
      0
    ],
    "region_B": [
      1,
      2,
      3
    ],
    "bulk_point": 2,
    "is_complementary": true,
    "rt_area_AB": 124.73693979552351,
    "rt_area_BA": 124.73693979552351,
    "area_consistent": true,
    "edges_consistent": true,
    "area_difference": 0.0,
    "rt_edges_AB": [
      [
        0,
        1
      ],
      [
        0,
        2
      ],
      [
        0,
        3
      ]
    ],
    "rt_edges_BA": [
      [
        0,
        1
      ],
      [
        0,
        2
      ],
      [
        0,
        3
      ]
    ],
    "edge_lengths": [
      41.11813345280295,
      42.50067288991907,
      41.11813345280148,
      41.118133452802915,
      2.3074367383742476,
      41.11813345280189
    ],
    "all_edges": [
      [
        0,
        1
      ],
      [
        0,
        2
      ],
      [
        0,
        3
      ],
      [
        1,
        2
      ],
      [
        1,
        3
      ],
      [
        2,
        3
      ]
    ]
  },
  "bulk_excitation_analysis": {
    "ground_state_mi": [
      [
        0.0,
        0.024320160105675406,
        0.023529029236392662,
        0.024320160105675996
      ],
      [
        0.024320160105675406,
        0.0,
        0.024320160105674747,
        0.006155816605847887
      ],
      [
        0.023529029236392662,
        0.024320160105674747,
        0.0,
        0.024320160105675906
      ],
      [
        0.024320160105675996,
        0.006155816605847887,
        0.024320160105675906,
        0.0
      ]
    ],
    "excited_state_mi": [
      [
        0.0,
        0.01991694271131278,
        0.0293931619884098,
        0.01991694271131189
      ],
      [
        0.01991694271131278,
        0.0,
        0.5778814155536387,
        0.192093185753067
      ],
      [
        0.0293931619884098,
        0.5778814155536387,
        0.0,
        0.5778814155536388
      ],
      [
        0.01991694271131189,
        0.192093185753067,
        0.5778814155536388,
        0.0
      ]
    ],
    "mi_difference": [
      [
        0.0,
        -0.004403217394362627,
        0.005864132752017137,
        -0.004403217394364105
      ],
      [
        -0.004403217394362627,
        0.0,
        0.553561255447964,
        0.18593736914721912
      ],
      [
        0.005864132752017137,
        0.553561255447964,
        0.0,
        0.5535612554479629
      ],
      [
        -0.004403217394364105,
        0.18593736914721912,
        0.5535612554479629,
        0.0
      ]
    ],
    "avg_mi_change": 0.16346630594798622,
    "max_mi_change": 0.553561255447964,
    "mi_change_boundary_A": NaN,
    "mi_change_boundary_B": 0.431019960014382,
    "bulk_point": 2,
    "ground_state_counts": {
      "1001 1001": 1,
      "0001 0001": 4,
      "0000 0000": 74,
      "1100 1100": 1,
      "0011 0011": 1,
      "1000 1000": 9,
      "0110 0110": 1,
      "0100 0100": 1,
      "0010 0010": 7,
      "0101 0101": 1
    },
    "excited_state_counts": {
      "1100 0110": 1,
      "1010 0000": 29,
      "0010 1000": 2,
      "1100 0010": 3,
      "1110 0000": 35,
      "0110 1000": 2,
      "1000 0000": 2,
      "0100 0000": 1,
      "0100 1010": 1,
      "1101 0001": 1,
      "1100 0000": 5,
      "1111 0001": 2,
      "0110 0000": 5,
      "1011 0001": 2,
      "1010 0010": 1,
      "0100 1000": 1,
      "0010 0000": 2,
      "1000 0010": 2,
      "1110 1000": 1,
      "0010 0100": 1,
      "1001 0011": 1
    },
    "boundary_entropies": {
      "ground_state": {
        "entropy_A": 0.02703669360632944,
        "entropy_B": 0.027036693606329612,
        "mi_AB": 0.05407338721265162
      },
      "excited_state": {
        "entropy_A": 0.396055548225095,
        "entropy_B": 0.3960555482250937,
        "mi_AB": 0.7921110964501831
      },
      "rt_relation_test": {
        "entropy_ratio": 1.0000000000000064,
        "rt_area_ratio": 1.0,
        "rt_deviation": 6.439293542825908e-15,
        "excited_entropy_ratio": 0.9999999999999968,
        "rt_relation_change": 9.658940314238862e-15
      }
    }
  },
  "page_curve_analysis": null,
  "deutsch_ctc_analysis": {
    "fixed_point_density_matrix": [
      [
        {
          "real": 0.25,
          "imag": 0.0
        },
        {
          "real": 0.0,
          "imag": 0.0
        },
        {
          "real": 0.0,
          "imag": 0.0
        },
        {
          "real": 0.0,
          "imag": 0.0
        }
      ],
      [
        {
          "real": 0.0,
          "imag": 0.0
        },
        {
          "real": 0.25,
          "imag": 0.0
        },
        {
          "real": 0.0,
          "imag": 0.0
        },
        {
          "real": 0.0,
          "imag": 0.0
        }
      ],
      [
        {
          "real": 0.0,
          "imag": 0.0
        },
        {
          "real": 0.0,
          "imag": 0.0
        },
        {
          "real": 0.25,
          "imag": 0.0
        },
        {
          "real": 0.0,
          "imag": 0.0
        }
      ],
      [
        {
          "real": 0.0,
          "imag": 0.0
        },
        {
          "real": 0.0,
          "imag": 0.0
        },
        {
          "real": 0.0,
          "imag": 0.0
        },
        {
          "real": 0.25,
          "imag": 0.0
        }
      ]
    ],
    "convergence_info": {
      "iterations": 1,
      "converged": true,
      "final_fidelity": 0.9999999999999976,
      "fidelity_history": [
        0.9999999999999976
      ]
    },
    "sample_counts": {
      "1000": 25,
      "0100": 25,
      "0010": 25,
      "0001": 25
    },
    "loop_qubits": [
      0,
      1
    ]
  },
  "einstein_analysis": null,
  "dynamic_evidence": {
    "angle_sums_per_timestep": [
      [
        9.42477796076938,
        3.141592653589793,
        9.42477796076938,
        3.141592653589793
      ]
    ],
    "gromov_delta_per_timestep": [
      39.96441508361528
    ],
    "edge_mi_per_timestep": [
      {
        "0,1": 0.02432016010567467,
        "0,3": 0.024320160105675538,
        "0,2": 0.02352902923639276,
        "1,2": 0.02432016010567469,
        "2,3": 0.024320160105675295
      }
    ],
    "shortest_paths_per_timestep": [
      {}
    ],
    "mean_distance_per_timestep": [
      26.16008042993782
    ],
    "triangle_violations_per_timestep": [
      0
    ],
    "embedding_coords_per_timestep": [
      [
        [
          -0.032192491716419365,
          0.3401075451352132
        ],
        [
          -0.1299688981035559,
          0.14232078152222455
        ],
        [
          0.20556468366939104,
          -0.3112551687173264
        ],
        [
          -0.04340329384941573,
          -0.17117315794011134
        ]
      ]
    ],
    "regge_evolution_data": null,
    "evolution_summary": {
      "total_timesteps": 1,
      "gromov_delta_range": [
        39.96441508361528,
        39.96441508361528
      ],
      "mean_distance_range": [
        26.16008042993782,
        26.16008042993782
      ],
      "total_triangle_violations": 0,
      "hyperbolic_evolution": [
        false
      ],
      "regge_corrected": false
    }
  },
  "quantum_state_outputs": [
    {
      "timestep": 1,
      "statevector": [
        {
          "real": -0.6647586928498572,
          "imag": -0.5849138319698323
        },
        {
          "real": -0.17441280124479933,
          "imag": -0.07474864844200556
        },
        {
          "real": -0.23853781767804905,
          "imag": 0.0029877947449711015
        },
        {
          "real": -0.04845194638419602,
          "imag": 0.05102818001873043
        },
        {
          "real": -0.17441280124479935,
          "imag": -0.07474864844200556
        },
        {
          "real": -0.058336835139497924,
          "imag": 0.021129111229315066
        },
        {
          "real": -0.048451946384196073,
          "imag": 0.05102818001873045
        },
        {
          "real": 0.013366887446162958,
          "imag": 0.019917504690215845
        },
        {
          "real": -0.2385378176780491,
          "imag": 0.0029877947449711492
        },
        {
          "real": -0.04845194638419606,
          "imag": 0.05102818001873044
        },
        {
          "real": -0.04788399802843995,
          "imag": 0.04281345004312925
        },
        {
          "real": 0.011012992073257096,
          "imag": 0.021254348821490836
        },
        {
          "real": -0.04845194638419603,
          "imag": 0.051028180018730454
        },
        {
          "real": 0.013366887446162953,
          "imag": 0.019917504690215845
        },
        {
          "real": 0.0110129920732571,
          "imag": 0.02125434882149084
        },
        {
          "real": 0.005415343638686048,
          "imag": -0.00560087962396545
        }
      ],
      "mutual_information_matrix": [
        [
          0.0,
          0.02432016010567467,
          0.02352902923639276,
          0.024320160105675538
        ],
        [
          0.02432016010567467,
          0.0,
          0.02432016010567469,
          0.006155816605848019
        ],
        [
          0.02352902923639276,
          0.02432016010567469,
          0.0,
          0.024320160105675295
        ],
        [
          0.024320160105675538,
          0.006155816605848019,
          0.024320160105675295,
          0.0
        ]
      ],
      "circuit_depth": 42,
      "num_gates": 77
    }
  ]
}