{
  "phase": [
    0.0,
    0.0,
    0.0,
    0.0,
    0.0,
    0.0,
    0.0,
    0.0,
    0.0,
    0.0,
    0.6981317007977318,
    0.6981317007977318,
    0.6981317007977318,
    0.6981317007977318,
    0.6981317007977318,
    0.6981317007977318,
    0.6981317007977318,
    0.6981317007977318,
    0.6981317007977318,
    0.6981317007977318,
    1.3962634015954636,
    1.3962634015954636,
    1.3962634015954636,
    1.3962634015954636,
    1.3962634015954636,
    1.3962634015954636,
    1.3962634015954636,
    1.3962634015954636,
    1.3962634015954636,
    1.3962634015954636,
    2.0943951023931953,
    2.0943951023931953,
    2.0943951023931953,
    2.0943951023931953,
    2.0943951023931953,
    2.0943951023931953,
    2.0943951023931953,
    2.0943951023931953,
    2.0943951023931953,
    2.0943951023931953,
    2.792526803190927,
    2.792526803190927,
    2.792526803190927,
    2.792526803190927,
    2.792526803190927,
    2.792526803190927,
    2.792526803190927,
    2.792526803190927,
    2.792526803190927,
    2.792526803190927,
    3.490658503988659,
    3.490658503988659,
    3.490658503988659,
    3.490658503988659,
    3.490658503988659,
    3.490658503988659,
    3.490658503988659,
    3.490658503988659,
    3.490658503988659,
    3.490658503988659,
    4.1887902047863905,
    4.1887902047863905,
    4.1887902047863905,
    4.1887902047863905,
    4.1887902047863905,
    4.1887902047863905,
    4.1887902047863905,
    4.1887902047863905,
    4.1887902047863905,
    4.1887902047863905,
    4.886921905584122,
    4.886921905584122,
    4.886921905584122,
    4.886921905584122,
    4.886921905584122,
    4.886921905584122,
    4.886921905584122,
    4.886921905584122,
    4.886921905584122,
    4.886921905584122,
    5.585053606381854,
    5.585053606381854,
    5.585053606381854,
    5.585053606381854,
    5.585053606381854,
    5.585053606381854,
    5.585053606381854,
    5.585053606381854,
    5.585053606381854,
    5.585053606381854,
    6.283185307179586,
    6.283185307179586,
    6.283185307179586,
    6.283185307179586,
    6.283185307179586,
    6.283185307179586,
    6.283185307179586,
    6.283185307179586,
    6.283185307179586,
    6.283185307179586
  ],
  "strength": [
    0.0,
    0.6981317007977318,
    1.3962634015954636,
    2.0943951023931953,
    2.792526803190927,
    3.490658503988659,
    4.1887902047863905,
    4.886921905584122,
    5.585053606381854,
    6.283185307179586,
    0.0,
    0.6981317007977318,
    1.3962634015954636,
    2.0943951023931953,
    2.792526803190927,
    3.490658503988659,
    4.1887902047863905,
    4.886921905584122,
    5.585053606381854,
    6.283185307179586,
    0.0,
    0.6981317007977318,
    1.3962634015954636,
    2.0943951023931953,
    2.792526803190927,
    3.490658503988659,
    4.1887902047863905,
    4.886921905584122,
    5.585053606381854,
    6.283185307179586,
    0.0,
    0.6981317007977318,
    1.3962634015954636,
    2.0943951023931953,
    2.792526803190927,
    3.490658503988659,
    4.1887902047863905,
    4.886921905584122,
    5.585053606381854,
    6.283185307179586,
    0.0,
    0.6981317007977318,
    1.3962634015954636,
    2.0943951023931953,
    2.792526803190927,
    3.490658503988659,
    4.1887902047863905,
    4.886921905584122,
    5.585053606381854,
    6.283185307179586,
    0.0,
    0.6981317007977318,
    1.3962634015954636,
    2.0943951023931953,
    2.792526803190927,
    3.490658503988659,
    4.1887902047863905,
    4.886921905584122,
    5.585053606381854,
    6.283185307179586,
    0.0,
    0.6981317007977318,
    1.3962634015954636,
    2.0943951023931953,
    2.792526803190927,
    3.490658503988659,
    4.1887902047863905,
    4.886921905584122,
    5.585053606381854,
    6.283185307179586,
    0.0,
    0.6981317007977318,
    1.3962634015954636,
    2.0943951023931953,
    2.792526803190927,
    3.490658503988659,
    4.1887902047863905,
    4.886921905584122,
    5.585053606381854,
    6.283185307179586,
    0.0,
    0.6981317007977318,
    1.3962634015954636,
    2.0943951023931953,
    2.792526803190927,
    3.490658503988659,
    4.1887902047863905,
    4.886921905584122,
    5.585053606381854,
    6.283185307179586,
    0.0,
    0.6981317007977318,
    1.3962634015954636,
    2.0943951023931953,
    2.792526803190927,
    3.490658503988659,
    4.1887902047863905,
    4.886921905584122,
    5.585053606381854,
    6.283185307179586
  ],
  "entropies": [
    0.9990064000837202,
    4.008668353905007,
    5.1989201920657475,
    5.28649170581299,
    2.3476426179606023,
    2.2774089266238553,
    5.125171021088548,
    5.403888779768716,
    4.078276242071492,
    2.391151623509553,
    0.9992046060352292,
    3.8557068367636917,
    5.802001061764102,
    5.42294400596107,
    2.2740733720341377,
    2.2104738618053332,
    5.254853892494023,
    5.765455142648573,
    3.954226244638229,
    2.516778265782566,
    0.99827948943826,
    3.947708311683249,
    5.79493037748532,
    5.451363856113945,
    2.3245814549620363,
    2.3098033733636116,
    5.2991026363640845,
    5.748092569712062,
    3.972131623725864,
    2.5330992046875025,
    0.9997770990017212,
    4.024089153867678,
    5.187984487912801,
    5.283017572681756,
    2.2377064797284096,
    2.3401098422686015,
    5.0822042090614055,
    5.420719696054753,
    4.161367925125395,
    2.4712033230615464,
    0.9996037156839629,
    4.091137996723051,
    5.830438527412893,
    5.490933259345512,
    2.2450774136936853,
    2.2946219792600626,
    5.318196045038489,
    5.779314706970273,
    4.086229943461154,
    2.4853758932167125,
    0.99827948943826,
    4.077533020563497,
    5.738375748822161,
    5.389658533441679,
    2.247516313596231,
    2.2771633928332493,
    5.288242899740883,
    5.700641322771633,
    4.099518063423857,
    2.5838180128038477,
    0.9999559719906115,
    4.025942645618743,
    5.229804424017386,
    5.238942788040703,
    2.185350247643784,
    2.3088029575763716,
    5.164837292295976,
    5.379113601158271,
    4.077243244722495,
    2.572142477409204,
    0.9999559719906115,
    3.9816911120801173,
    5.829441355767953,
    5.468433050206899,
    2.328252318149694,
    2.294115649138938,
    5.348025189063799,
    5.7678371704248494,
    4.029804919461252,
    2.4558111926428596,
    0.9992046060352292,
    4.059709364710449,
    5.773544122301581,
    5.4785047979108965,
    2.3265842931357743,
    2.2203690690813174,
    5.340791175999185,
    5.656627784111487,
    4.062752732553438,
    2.5177910398683654,
    0.9995349089288796,
    3.846363464556294,
    5.161094777923468,
    5.293355697292663,
    2.314082749804353,
    2.291099431710146,
    5.141611572322092,
    5.448064027166458,
    4.118637419169815,
    2.604265598576874
  ],
  "curvatures": [
    0.0,
    1.1102230246251565e-16,
    1.1102230246251565e-16,
    1.3322676295501878e-16,
    6.661338147750939e-17,
    8.881784197001253e-17,
    1.1102230246251565e-16,
    1.1102230246251565e-16,
    1.554312234475219e-16,
    1.554312234475219e-16,
    1.3322676295501878e-16,
    8.881784197001253e-17,
    1.554312234475219e-16,
    8.881784197001253e-17,
    1.3322676295501878e-16,
    6.661338147750939e-17,
    4.4408920985006264e-17,
    1.3322676295501878e-16,
    6.661338147750939e-17,
    1.1102230246251565e-16,
    1.554312234475219e-16,
    2.2204460492503132e-17,
    4.4408920985006264e-17,
    6.661338147750939e-17,
    2.2204460492503132e-17,
    1.1102230246251565e-16,
    6.661338147750939e-17,
    8.881784197001253e-17,
    6.661338147750939e-17,
    1.554312234475219e-16,
    6.661338147750939e-17,
    1.1102230246251565e-16,
    1.7763568394002506e-16,
    8.881784197001253e-17,
    6.661338147750939e-17,
    8.881784197001253e-17,
    8.881784197001253e-17,
    6.661338147750939e-17,
    1.1102230246251565e-16,
    6.661338147750939e-17,
    8.881784197001253e-17,
    6.661338147750939e-17,
    1.7763568394002506e-16,
    6.661338147750939e-17,
    1.3322676295501878e-16,
    6.661338147750939e-17,
    6.661338147750939e-17,
    1.554312234475219e-16,
    1.9984014443252818e-16,
    1.3322676295501878e-16,
    6.661338147750939e-17,
    4.4408920985006264e-17,
    6.661338147750939e-17,
    6.661338147750939e-17,
    8.881784197001253e-17,
    1.7763568394002506e-16,
    1.3322676295501878e-16,
    4.4408920985006264e-17,
    6.661338147750939e-17,
    6.661338147750939e-17,
    1.1102230246251565e-16,
    8.881784197001253e-17,
    2.2204460492503132e-17,
    1.7763568394002506e-16,
    1.1102230246251565e-16,
    1.1102230246251565e-16,
    8.881784197001253e-17,
    -2.2204460492503132e-17,
    4.4408920985006264e-17,
    6.661338147750939e-17,
    1.554312234475219e-16,
    4.4408920985006264e-17,
    1.1102230246251565e-16,
    8.881784197001253e-17,
    1.554312234475219e-16,
    1.554312234475219e-16,
    1.1102230246251565e-16,
    4.4408920985006264e-17,
    1.1102230246251565e-16,
    8.881784197001253e-17,
    1.1102230246251565e-16,
    -2.2204460492503132e-17,
    8.881784197001253e-17,
    6.661338147750939e-17,
    4.4408920985006264e-17,
    8.881784197001253e-17,
    2.2204460492503132e-17,
    0.0,
    1.3322676295501878e-16,
    4.4408920985006264e-17,
    6.661338147750939e-17,
    4.4408920985006264e-17,
    1.1102230246251565e-16,
    8.881784197001253e-17,
    8.881784197001253e-17,
    8.881784197001253e-17,
    1.1102230246251565e-16,
    1.554312234475219e-16,
    1.7763568394002506e-16,
    6.661338147750939e-17
  ],
  "distances": [
    0.36824514780634543,
    0.767873327444576,
    0.9986721930154838,
    0.958817977280445,
    0.5476344842597893,
    0.5497714177783933,
    0.942385695924416,
    0.9908116032635175,
    0.817516373134196,
    0.5522429515008284,
    0.36817216665932384,
    0.7421734025116046,
    0.9981134374884095,
    0.9543958980372913,
    0.5380220937651583,
    0.5371035100150381,
    0.9378366530701087,
    0.9896958464226528,
    0.8058907642910981,
    0.5714232090604311,
    0.36851292643820305,
    0.7544473065435625,
    0.9982241909669308,
    0.9542251355792425,
    0.5441333525701176,
    0.5542291744344666,
    0.9429218540830586,
    0.9911544779839562,
    0.8064840716128783,
    0.5713133527467377,
    0.36796145100582295,
    0.7702789443364505,
    0.9983853099286003,
    0.9596430120730108,
    0.5318694894340498,
    0.556905784036525,
    0.9375428139256776,
    0.9900375107874881,
    0.8228999278667251,
    0.5624534720456043,
    0.3680252549141124,
    0.7762123354664785,
    0.9985080769859508,
    0.9610430857019323,
    0.535031410175367,
    0.5522701454341302,
    0.9452058775373473,
    0.9900164341541555,
    0.8224946814299606,
    0.569162175829249,
    0.36851292643820305,
    0.7689130022502648,
    0.9990216527653136,
    0.9508715441860913,
    0.5376274373260659,
    0.5448644598559429,
    0.9400884947337932,
    0.9890795512721187,
    0.8188066003353492,
    0.5847867132675544,
    0.3678956385274982,
    0.7676803619626195,
    0.9985342314154705,
    0.9526102404038426,
    0.5257631724575804,
    0.5508906235582037,
    0.945645198371881,
    0.9888806688058633,
    0.8169510578273083,
    0.5764175405616805,
    0.3678956385274982,
    0.7615220078565186,
    0.9982689081644349,
    0.9571686940394218,
    0.5443157660915282,
    0.5484353095220765,
    0.9456279251522073,
    0.9912591239705002,
    0.8183550857067368,
    0.5583396987976478,
    0.36817216665932384,
    0.7707063979241899,
    0.9983027480066268,
    0.96228035256054,
    0.5488143297668682,
    0.5374314820860268,
    0.9466551364333949,
    0.9896531580221795,
    0.8176953240739094,
    0.5694636581117878,
    0.3680505784088956,
    0.7423309171931936,
    0.9988266573003983,
    0.9602640650841295,
    0.5455882047939657,
    0.5445711781896272,
    0.9414617531796367,
    0.9897575478865548,
    0.8227706596612656,
    0.5843004016257324
  ],
  "mi_matrices": [
    [
      [
        0.0,
        0.9990064000837202,
        0.9990064000837202,
        0.9990064000837202,
        0.9990064000837202,
        0.9990064000837202
      ],
      [
        0.9990064000837202,
        0.0,
        0.9990064000837202,
        0.9990064000837202,
        0.9990064000837202,
        0.9990064000837202
      ],
      [
        0.9990064000837202,
        0.9990064000837202,
        0.0,
        0.9990064000837202,
        0.9990064000837202,
        0.9990064000837202
      ],
      [
        0.9990064000837202,
        0.9990064000837202,
        0.9990064000837202,
        0.0,
        0.9990064000837202,
        0.9990064000837202
      ],
      [
        0.9990064000837202,
        0.9990064000837202,
        0.9990064000837202,
        0.9990064000837202,
        0.0,
        0.9990064000837202
      ],
      [
        0.9990064000837202,
        0.9990064000837202,
        0.9990064000837202,
        0.9990064000837202,
        0.9990064000837202,
        0.0
      ]
    ],
    [
      [
        0.0,
        0.21446495171272417,
        0.27802953339634184,
        0.2605776471262107,
        0.2279592865741824,
        0.22293786994400344
      ],
      [
        0.21446495171272417,
        0.0,
        0.27151542914307325,
        0.26515223385208087,
        0.25681708450689333,
        0.21850582493940118
      ],
      [
        0.27802953339634184,
        0.27151542914307325,
        0.0,
        0.33144135776822026,
        0.33625357737518335,
        0.2813852342844987
      ],
      [
        0.2605776471262107,
        0.26515223385208087,
        0.33144135776822026,
        0.0,
        0.29168498190535685,
        0.25956125456331836
      ],
      [
        0.2279592865741824,
        0.25681708450689333,
        0.33625357737518335,
        0.29168498190535685,
        0.0,
        0.25499269140646286
      ],
      [
        0.22293786994400344,
        0.21850582493940118,
        0.2813852342844987,
        0.25956125456331836,
        0.25499269140646286,
        0.0
      ]
    ],
    [
      [
        0.0,
        0.0004038713177023645,
        8.528979280164606e-05,
        1.1625966292783119e-05,
        0.00031858286455954676,
        0.004115391102382571
      ],
      [
        0.0004038713177023645,
        0.0,
        0.00038847095273708554,
        0.0021610079446579,
        0.0007891142864338008,
        0.002136028612566454
      ],
      [
        8.528979280164606e-05,
        0.00038847095273708554,
        0.0,
        0.0015954425797426453,
        0.0014225298423136135,
        0.0016826517709374045
      ],
      [
        1.1625966292783119e-05,
        0.0021610079446579,
        0.0015954425797426453,
        0.0,
        0.0017259233142381536,
        0.0013243091064958357
      ],
      [
        0.00031858286455954676,
        0.0007891142864338008,
        0.0014225298423136135,
        0.0017259233142381536,
        0.0,
        0.001778100785937653
      ],
      [
        0.004115391102382571,
        0.002136028612566454,
        0.0016826517709374045,
        0.0013243091064958357,
        0.001778100785937653,
        0.0
      ]
    ],
    [
      [
        0.0,
        0.11075966088242284,
        0.05008114606332592,
        0.03554019928229413,
        0.03854350504139248,
        0.07992150700356726
      ],
      [
        0.11075966088242284,
        0.0,
        0.03480822014592144,
        0.0434560815567846,
        0.03480538052045823,
        0.08206916255113272
      ],
      [
        0.05008114606332592,
        0.03480822014592144,
        0.0,
        0.010240451966778696,
        0.016019259721298917,
        0.026146596910411102
      ],
      [
        0.03554019928229413,
        0.0434560815567846,
        0.010240451966778696,
        0.0,
        0.016480152373132162,
        0.024595058601068587
      ],
      [
        0.03854350504139248,
        0.03480538052045823,
        0.016019259721298917,
        0.016480152373132162,
        0.0,
        0.03276922408568872
      ],
      [
        0.07992150700356726,
        0.08206916255113272,
        0.026146596910411102,
        0.024595058601068587,
        0.03276922408568872,
        0.0
      ]
    ],
    [
      [
        0.0,
        0.8895145188309239,
        0.7225253706108321,
        0.5384119212732956,
        0.5972943599848277,
        0.8667188601294318
      ],
      [
        0.8895145188309239,
        0.0,
        0.6778505921313893,
        0.5168787676786575,
        0.5605311092436449,
        0.8088507950592194
      ],
      [
        0.7225253706108321,
        0.6778505921313893,
        0.0,
        0.4321871805463371,
        0.4871136807207983,
        0.67783269811255
      ],
      [
        0.5384119212732956,
        0.5168787676786575,
        0.4321871805463371,
        0.0,
        0.36522096165471485,
        0.5109307339973981
      ],
      [
        0.5972943599848277,
        0.5605311092436449,
        0.4871136807207983,
        0.36522096165471485,
        0.0,
        0.5476744023547926
      ],
      [
        0.8667188601294318,
        0.8088507950592194,
        0.67783269811255,
        0.5109307339973981,
        0.5476744023547926,
        0.0
      ]
    ],
    [
      [
        0.0,
        0.3097938707856196,
        0.39773710513493343,
        0.4131248124237661,
        0.40537323758199895,
        0.32640184556562235
      ],
      [
        0.3097938707856196,
        0.0,
        0.6658763633478046,
        0.6904464850203891,
        0.6780048614433887,
        0.5275864628690805
      ],
      [
        0.39773710513493343,
        0.6658763633478046,
        0.0,
        0.9208221313096767,
        0.9016830054324245,
        0.6736297780404017
      ],
      [
        0.4131248124237661,
        0.6904464850203891,
        0.9208221313096767,
        0.0,
        0.9711164855991659,
        0.7050231947164234
      ],
      [
        0.40537323758199895,
        0.6780048614433887,
        0.9016830054324245,
        0.9711164855991659,
        0.0,
        0.7097011146229626
      ],
      [
        0.32640184556562235,
        0.5275864628690805,
        0.6736297780404017,
        0.7050231947164234,
        0.7097011146229626,
        0.0
      ]
    ],
    [
      [
        0.0,
        0.00378253846047083,
        0.01668667040907157,
        0.016336816923485875,
        0.018579792703222076,
        0.0056017551133695775
      ],
      [
        0.00378253846047083,
        0.0,
        0.02415325475619401,
        0.057909566775328214,
        0.047760824994166784,
        0.012746352974105424
      ],
      [
        0.01668667040907157,
        0.02415325475619401,
        0.0,
        0.18413112418886857,
        0.1279393832359299,
        0.04247210146347524
      ],
      [
        0.016336816923485875,
        0.057909566775328214,
        0.18413112418886857,
        0.0,
        0.24037808290368656,
        0.07545674182717188
      ],
      [
        0.018579792703222076,
        0.047760824994166784,
        0.1279393832359299,
        0.24037808290368656,
        0.0,
        0.04925453897747145
      ],
      [
        0.0056017551133695775,
        0.012746352974105424,
        0.04247210146347524,
        0.07545674182717188,
        0.04925453897747145,
        0.0
      ]
    ],
    [
      [
        0.0,
        0.04163548060499633,
        0.00023414358950257785,
        0.031869657166738286,
        0.0040076510492701445,
        0.04209131152528256
      ],
      [
        0.04163548060499633,
        0.0,
        0.00032493983401793436,
        0.006593625231387401,
        0.0015759469525935543,
        0.005718671813653486
      ],
      [
        0.00023414358950257785,
        0.00032493983401793436,
        0.0,
        0.0005342977275353267,
        6.731408701776687e-05,
        0.00014929622753157012
      ],
      [
        0.031869657166738286,
        0.006593625231387401,
        0.0005342977275353267,
        0.0,
        0.0004623711114029039,
        0.004585448841409434
      ],
      [
        0.0040076510492701445,
        0.0015759469525935543,
        6.731408701776687e-05,
        0.0004623711114029039,
        0.0,
        0.0002648195767105399
      ],
      [
        0.04209131152528256,
        0.005718671813653486,
        0.00014929622753157012,
        0.004585448841409434,
        0.0002648195767105399,
        0.0
      ]
    ],
    [
      [
        0.0,
        0.7225253706108321,
        0.2854591196042957,
        0.0880127773506687,
        0.15518565577908894,
        0.6268652524441505
      ],
      [
        0.7225253706108321,
        0.0,
        0.23845230982156163,
        0.06982065324503184,
        0.12267287977381791,
        0.5176047068816461
      ],
      [
        0.2854591196042957,
        0.23845230982156163,
        0.0,
        0.037340820230798544,
        0.05001670012356452,
        0.21965924918075208
      ],
      [
        0.0880127773506687,
        0.06982065324503184,
        0.037340820230798544,
        0.0,
        0.015956673866381443,
        0.07084348384211303
      ],
      [
        0.15518565577908894,
        0.12267287977381791,
        0.05001670012356452,
        0.015956673866381443,
        0.0,
        0.12189108248730385
      ],
      [
        0.6268652524441505,
        0.5176047068816461,
        0.21965924918075208,
        0.07084348384211303,
        0.12189108248730385,
        0.0
      ]
    ],
    [
      [
        0.0,
        0.5025906830486226,
        0.5145674632278907,
        0.3577057733628377,
        0.4698873426873622,
        0.5715229178722163
      ],
      [
        0.5025906830486226,
        0.0,
        0.7185368317885297,
        0.5233850512147507,
        0.6792048242539994,
        0.8090799103041209
      ],
      [
        0.5145674632278907,
        0.7185368317885297,
        0.0,
        0.5420440828890898,
        0.6792048242539994,
        0.8292119493080348
      ],
      [
        0.3577057733628377,
        0.5233850512147507,
        0.5420440828890898,
        0.0,
        0.4952083266410072,
        0.5811180241619764
      ],
      [
        0.4698873426873622,
        0.6792048242539994,
        0.6792048242539994,
        0.4952083266410072,
        0.0,
        0.7636651821340612
      ],
      [
        0.5715229178722163,
        0.8090799103041209,
        0.8292119493080348,
        0.5811180241619764,
        0.7636651821340612,
        0.0
      ]
    ],
    [
      [
        0.0,
        0.9992046060352292,
        0.9992046060352292,
        0.9992046060352292,
        0.9992046060352292,
        0.9992046060352292
      ],
      [
        0.9992046060352292,
        0.0,
        0.9992046060352292,
        0.9992046060352292,
        0.9992046060352292,
        0.9992046060352292
      ],
      [
        0.9992046060352292,
        0.9992046060352292,
        0.0,
        0.9992046060352292,
        0.9992046060352292,
        0.9992046060352292
      ],
      [
        0.9992046060352292,
        0.9992046060352292,
        0.9992046060352292,
        0.0,
        0.9992046060352292,
        0.9992046060352292
      ],
      [
        0.9992046060352292,
        0.9992046060352292,
        0.9992046060352292,
        0.9992046060352292,
        0.0,
        0.9992046060352292
      ],
      [
        0.9992046060352292,
        0.9992046060352292,
        0.9992046060352292,
        0.9992046060352292,
        0.9992046060352292,
        0.0
      ]
    ],
    [
      [
        0.0,
        0.262656606888269,
        0.2743411107005038,
        0.30663086673730433,
        0.30801948132295776,
        0.2423685526770356
      ],
      [
        0.262656606888269,
        0.0,
        0.26024873681150273,
        0.3119021752561826,
        0.3059073390329847,
        0.23311450508999676
      ],
      [
        0.2743411107005038,
        0.26024873681150273,
        0.0,
        0.37431021590895464,
        0.3404420903664349,
        0.27361994645058996
      ],
      [
        0.30663086673730433,
        0.3119021752561826,
        0.37431021590895464,
        0.0,
        0.3871218829994032,
        0.3056909895844233
      ],
      [
        0.30801948132295776,
        0.3059073390329847,
        0.3404420903664349,
        0.3871218829994032,
        0.0,
        0.29970245502905235
      ],
      [
        0.2423685526770356,
        0.23311450508999676,
        0.27361994645058996,
        0.3056909895844233,
        0.29970245502905235,
        0.0
      ]
    ],
    [
      [
        0.0,
        0.00012827062884324114,
        2.6244985644741092e-06,
        0.0008872747899466571,
        4.1686743148305894e-05,
        0.0004109053451220035
      ],
      [
        0.00012827062884324114,
        0.0,
        9.593212133118811e-06,
        0.0009676662837727612,
        0.0005699334926216881,
        0.0003870176483729004
      ],
      [
        2.6244985644741092e-06,
        9.593212133118811e-06,
        0.0,
        0.003367270355434382,
        0.0012053160582623512,
        0.008315397641798006
      ],
      [
        0.0008872747899466571,
        0.0009676662837727612,
        0.003367270355434382,
        0.0,
        0.00579386999893039,
        0.006285546740378178
      ],
      [
        4.1686743148305894e-05,
        0.0005699334926216881,
        0.0012053160582623512,
        0.00579386999893039,
        0.0,
        4.5877233163516e-06
      ],
      [
        0.0004109053451220035,
        0.0003870176483729004,
        0.008315397641798006,
        0.006285546740378178,
        4.5877233163516e-06,
        0.0
      ]
    ],
    [
      [
        0.0,
        0.12752867786480238,
        0.08202229654697701,
        0.049214401703409294,
        0.042724466688575546,
        0.11311770801755316
      ],
      [
        0.12752867786480238,
        0.0,
        0.04451868045812657,
        0.020718968425816442,
        0.028798366423251842,
        0.07294602656245397
      ],
      [
        0.08202229654697701,
        0.04451868045812657,
        0.0,
        0.01664441224362756,
        0.019949110314921414,
        0.038981402347989746
      ],
      [
        0.049214401703409294,
        0.020718968425816442,
        0.01664441224362756,
        0.0,
        0.007725380805312598,
        0.0188188956624602
      ],
      [
        0.042724466688575546,
        0.028798366423251842,
        0.019949110314921414,
        0.007725380805312598,
        0.0,
        0.02548834186282667
      ],
      [
        0.11311770801755316,
        0.07294602656245397,
        0.038981402347989746,
        0.0188188956624602,
        0.02548834186282667,
        0.0
      ]
    ],
    [
      [
        0.0,
        0.8954838466587358,
        0.6777681752780593,
        0.5804154093404812,
        0.6256642813800777,
        0.8897573179799121
      ],
      [
        0.8954838466587358,
        0.0,
        0.6547568235129388,
        0.5541219324639552,
        0.6043292530363309,
        0.8446301340827045
      ],
      [
        0.6777681752780593,
        0.6547568235129388,
        0.0,
        0.4320384828101713,
        0.4959271241148091,
        0.643591157315923
      ],
      [
        0.5804154093404812,
        0.5541219324639552,
        0.4320384828101713,
        0.0,
        0.41141962169263535,
        0.5445522730337866
      ],
      [
        0.6256642813800777,
        0.6043292530363309,
        0.4959271241148091,
        0.41141962169263535,
        0.0,
        0.5939529783310493
      ],
      [
        0.8897573179799121,
        0.8446301340827045,
        0.643591157315923,
        0.5445522730337866,
        0.5939529783310493,
        0.0
      ]
    ],
    [
      [
        0.0,
        0.38412669457047866,
        0.5098344494317741,
        0.5374247825549836,
        0.5315990274720759,
        0.40275403845781677
      ],
      [
        0.38412669457047866,
        0.0,
        0.6099752211523879,
        0.649938410810329,
        0.6502183162669661,
        0.479970946837069
      ],
      [
        0.5098344494317741,
        0.6099752211523879,
        0.0,
        0.9105576290446504,
        0.8978492667252915,
        0.6400129789424673
      ],
      [
        0.5374247825549836,
        0.649938410810329,
        0.9105576290446504,
        0.0,
        0.9775851101046071,
        0.6822724645501648
      ],
      [
        0.5315990274720759,
        0.6502183162669661,
        0.8978492667252915,
        0.9775851101046071,
        0.0,
        0.6740719598843061
      ],
      [
        0.40275403845781677,
        0.479970946837069,
        0.6400129789424673,
        0.6822724645501648,
        0.6740719598843061,
        0.0
      ]
    ],
    [
      [
        0.0,
        0.0008778171778160981,
        0.0031933403061785715,
        0.007301471421832018,
        0.003853232453113087,
        0.0013764038078158958
      ],
      [
        0.0008778171778160981,
        0.0,
        0.009577685882951492,
        0.03231501294450578,
        0.03545703493175134,
        0.01389648033218771
      ],
      [
        0.0031933403061785715,
        0.009577685882951492,
        0.0,
        0.22597597089702037,
        0.16552129675113747,
        0.07693481537038793
      ],
      [
        0.007301471421832018,
        0.03231501294450578,
        0.22597597089702037,
        0.0,
        0.26288902552551674,
        0.09193826076245704
      ],
      [
        0.003853232453113087,
        0.03545703493175134,
        0.16552129675113747,
        0.26288902552551674,
        0.0,
        0.08126400970110126
      ],
      [
        0.0013764038078158958,
        0.01389648033218771,
        0.07693481537038793,
        0.09193826076245704,
        0.08126400970110126,
        0.0
      ]
    ],
    [
      [
        0.0,
        0.05382528757748628,
        0.0023102096123415183,
        0.0228908398424148,
        0.004855742503484972,
        0.02712152420785041
      ],
      [
        0.05382528757748628,
        0.0,
        0.0013382016620615556,
        0.013505424604637328,
        0.005088836758807558,
        0.01274178592227937
      ],
      [
        0.0023102096123415183,
        0.0013382016620615556,
        0.0,
        1.2067619381772587e-05,
        0.00022120051928431472,
        0.002463404354055898
      ],
      [
        0.0228908398424148,
        0.013505424604637328,
        1.2067619381772587e-05,
        0.0,
        0.0001330755580344345,
        0.009892080247248636
      ],
      [
        0.004855742503484972,
        0.005088836758807558,
        0.00022120051928431472,
        0.0001330755580344345,
        0.0,
        0.00046186999147646013
      ],
      [
        0.02712152420785041,
        0.01274178592227937,
        0.002463404354055898,
        0.009892080247248636,
        0.00046186999147646013,
        0.0
      ]
    ],
    [
      [
        0.0,
        0.774663280067976,
        0.25714401527511166,
        0.07527931882517302,
        0.20655310979560237,
        0.6652120893201379
      ],
      [
        0.774663280067976,
        0.0,
        0.23701685413116969,
        0.06361840759571336,
        0.18020496190060475,
        0.5763433662805446
      ],
      [
        0.25714401527511166,
        0.23701685413116969,
        0.0,
        0.03864674637847765,
        0.05669096480480129,
        0.22012153546314495
      ],
      [
        0.07527931882517302,
        0.06361840759571336,
        0.03864674637847765,
        0.0,
        0.02773509944376351,
        0.06027758766026059
      ],
      [
        0.20655310979560237,
        0.18020496190060475,
        0.05669096480480129,
        0.02773509944376351,
        0.0,
        0.1610172992627683
      ],
      [
        0.6652120893201379,
        0.5763433662805446,
        0.22012153546314495,
        0.06027758766026059,
        0.1610172992627683,
        0.0
      ]
    ],
    [
      [
        0.0,
        0.46748259388082936,
        0.5080908862754447,
        0.3163277336029924,
        0.47591486150026685,
        0.5229825318811139
      ],
      [
        0.46748259388082936,
        0.0,
        0.7451976581693298,
        0.42961318895873357,
        0.6742211258448372,
        0.7756928079401975
      ],
      [
        0.5080908862754447,
        0.7451976581693298,
        0.0,
        0.4732728572812466,
        0.723439303967987,
        0.8357774700290819
      ],
      [
        0.3163277336029924,
        0.42961318895873357,
        0.4732728572812466,
        0.0,
        0.41665795285385765,
        0.4702776209343782
      ],
      [
        0.47591486150026685,
        0.6742211258448372,
        0.723439303967987,
        0.41665795285385765,
        0.0,
        0.735537447692131
      ],
      [
        0.5229825318811139,
        0.7756928079401975,
        0.8357774700290819,
        0.4702776209343782,
        0.735537447692131,
        0.0
      ]
    ],
    [
      [
        0.0,
        0.99827948943826,
        0.99827948943826,
        0.99827948943826,
        0.99827948943826,
        0.99827948943826
      ],
      [
        0.99827948943826,
        0.0,
        0.99827948943826,
        0.99827948943826,
        0.99827948943826,
        0.99827948943826
      ],
      [
        0.99827948943826,
        0.99827948943826,
        0.0,
        0.99827948943826,
        0.99827948943826,
        0.99827948943826
      ],
      [
        0.99827948943826,
        0.99827948943826,
        0.99827948943826,
        0.0,
        0.99827948943826,
        0.99827948943826
      ],
      [
        0.99827948943826,
        0.99827948943826,
        0.99827948943826,
        0.99827948943826,
        0.0,
        0.99827948943826
      ],
      [
        0.99827948943826,
        0.99827948943826,
        0.99827948943826,
        0.99827948943826,
        0.99827948943826,
        0.0
      ]
    ],
    [
      [
        0.0,
        0.22441776819692683,
        0.21764159464555788,
        0.26408147578131924,
        0.254700079216565,
        0.2736822439427675
      ],
      [
        0.22441776819692683,
        0.0,
        0.2677920392600317,
        0.27534466602879326,
        0.258240810386164,
        0.2584571009723222
      ],
      [
        0.21764159464555788,
        0.2677920392600317,
        0.0,
        0.299405016193663,
        0.33996898608455783,
        0.27755094496538635
      ],
      [
        0.26408147578131924,
        0.27534466602879326,
        0.299405016193663,
        0.0,
        0.37653474498972916,
        0.3270342506424533
      ],
      [
        0.254700079216565,
        0.258240810386164,
        0.33996898608455783,
        0.37653474498972916,
        0.0,
        0.32480317028061334
      ],
      [
        0.2736822439427675,
        0.2584571009723222,
        0.27755094496538635,
        0.3270342506424533,
        0.32480317028061334,
        0.0
      ]
    ],
    [
      [
        0.0,
        0.0026432939084666263,
        0.0011905293055491928,
        0.0001890008640845764,
        0.00282310176405165,
        4.886139433102343e-05
      ],
      [
        0.0026432939084666263,
        0.0,
        0.004195117631847989,
        2.6670656423366523e-06,
        2.7517346601335646e-06,
        6.912678768467018e-05
      ],
      [
        0.0011905293055491928,
        0.004195117631847989,
        0.0,
        0.005017476763097939,
        0.003199208160842515,
        3.541016646102513e-05
      ],
      [
        0.0001890008640845764,
        2.6670656423366523e-06,
        0.005017476763097939,
        0.0,
        0.004408327306220761,
        0.002463404354055676
      ],
      [
        0.00282310176405165,
        2.7517346601335646e-06,
        0.003199208160842515,
        0.004408327306220761,
        0.0,
        0.00039633876692990455
      ],
      [
        4.886139433102343e-05,
        6.912678768467018e-05,
        3.541016646102513e-05,
        0.002463404354055676,
        0.00039633876692990455,
        0.0
      ]
    ],
    [
      [
        0.0,
        0.14537962167842755,
        0.05064558383501283,
        0.036771013902821004,
        0.05140403070185484,
        0.09943650084391153
      ],
      [
        0.14537962167842755,
        0.0,
        0.06345700118643283,
        0.02508155458607142,
        0.02864371215895023,
        0.07504097104389285
      ],
      [
        0.05064558383501283,
        0.06345700118643283,
        0.0,
        0.0063987943414733905,
        0.018879623682714897,
        0.04602690505076468
      ],
      [
        0.036771013902821004,
        0.02508155458607142,
        0.0063987943414733905,
        0.0,
        0.009023908895317678,
        0.025118862201738645
      ],
      [
        0.05140403070185484,
        0.02864371215895023,
        0.018879623682714897,
        0.009023908895317678,
        0.0,
        0.030903170615398157
      ],
      [
        0.09943650084391153,
        0.07504097104389285,
        0.04602690505076468,
        0.025118862201738645,
        0.030903170615398157,
        0.0
      ]
    ],
    [
      [
        0.0,
        0.9086230597542158,
        0.6937554901340328,
        0.5829968322365038,
        0.5924488311865745,
        0.86650823580224
      ],
      [
        0.9086230597542158,
        0.0,
        0.6555573330273816,
        0.5492727380960987,
        0.5649372350779993,
        0.81482010695086
      ],
      [
        0.6937554901340328,
        0.6555573330273816,
        0.0,
        0.4506893581314726,
        0.46384627658407185,
        0.64321753129819
      ],
      [
        0.5829968322365038,
        0.5492727380960987,
        0.4506893581314726,
        0.0,
        0.40150045430840287,
        0.5411884189871137
      ],
      [
        0.5924488311865745,
        0.5649372350779993,
        0.46384627658407185,
        0.40150045430840287,
        0.0,
        0.5499850941485185
      ],
      [
        0.86650823580224,
        0.81482010695086,
        0.64321753129819,
        0.5411884189871137,
        0.5499850941485185,
        0.0
