{
  "spec": {
    "num_qubits": 4,
    "topology": "triangulated",
    "custom_edges": "0-1:1.0000,0-2:1.0000,0-3:1.0000,1-2:1.0000,1-3:1.0000,2-3:1.0000",
    "alpha": 0.8,
    "weight": 1.4854027691563356,
    "gamma": 0.34069725012906193,
    "sigma": 0.2778699037178898,
    "init_angle": 1.427485249942633,
    "init_angles": null,
    "shots": 100,
    "device": "simulator",
    "geometry": "spherical",
    "curvature": 4.5,
    "timesteps": 3,
    "dimension": 2,
    "mass_hinge": null,
    "mass_value": 0.0,
    "solve_regge": false,
    "lorentzian": true,
    "excite": true,
    "fast": false,
    "fast_preset": "balanced",
    "ctc_mode": false,
    "ctc_perturbation": null,
    "ctc_perturbation_strength": 1.0,
    "test_ctc_recovery": false,
    "strong_curvature": true,
    "charge_injection": true,
    "charge_strength": 2.5,
    "charge_location": null,
    "spin_injection": true,
    "spin_strength": 2.0,
    "spin_location": null,
    "edge_floor": 0.001,
    "compute_entropies": true,
    "hyperbolic_triangulation": true,
    "trotter_steps": 8,
    "dt": 0.05,
    "analyze_curvature": true,
    "einstein_solver": true,
    "page_curve": true,
    "radiation_ordering": null,
    "page_curve_timesteps": 15,
    "entropy_method": "hybrid",
    "num_shadows": 100,
    "shots_per_shadow": 1000,
    "num_bases": 20,
    "shots_per_basis": 1000,
    "enhanced_entanglement": false,
    "entanglement_strength": 0.7623666772101896,
    "interpolate_geometry": false,
    "smooth_charge_injection": false,
    "min_qubits_for_continuum": 10,
    "benchmark_against_classical_geometry": false,
    "geometry_fit_metric": "wasserstein,kl,euclidean",
    "verify_noise_robustness": false,
    "run_on_multiple_backends": false,
    "detect_and_flag_causal_loops": true,
    "restrict_information_flow_direction": "bidirectional",
    "filter_noncausal_edges": true,
    "use_ryu_takayanagi_test": true,
    "compare_MI_vs_subsystem_entropy": true,
    "embed_boundary_entropy_in_geometry": true,
    "entropy_engineering": true,
    "target_entropy_pattern": "quantum_gravity",
    "custom_target_entropies": null,
    "entropy_optimization_iterations": 200,
    "entropy_tolerance": 0.05,
    "continue_on_engineering_failure": true,
    "skip_entropy_engineering": false,
    "validate_engineered_geometry": true,
    "enhance_bell_violations": true,
    "bell_entanglement_strength": 4.0,
    "teleportation_circuits": true,
    "long_range_coupling": 3.0,
    "holographic_optimization": true,
    "rt_surface_encoding": true,
    "conformal_symmetry": true,
    "bulk_reconstruction": true,
    "scalable_entanglement": true,
    "parallel_execution": true,
    "memory_optimization": true,
    "circuit_compilation": "optimized",
    "real_hardware": false,
    "error_mitigation": true,
    "zero_noise_extrapolation": true,
    "zne_noise_factors": [
      1.0,
      2.0,
      3.0
    ],
    "zne_extrapolation_method": "polynomial",
    "hardware_calibration": true,
    "noise_characterization": true,
    "backend_name": "ibm_brisbane",
    "quantum_mode": true,
    "quantum_entanglement_strength": 5.0,
    "quantum_circuit_depth": 12,
    "geometric_teleportation": false,
    "teleportation_mode": "both",
    "bridge_strength": 1.0,
    "signal_state": "+",
    "emergent_geometry_teleportation": false,
    "teleportation_node_pairs": "auto",
    "teleportation_embedding_dim": 2,
    "teleportation_fidelity_threshold": 0.7,
    "superposition_gravity": true,
    "massive_bulk_mass_hinge": "2",
    "massive_bulk_mass_value": 1.0,
    "massless_bulk_mass_hinge": "None",
    "massless_bulk_mass_value": 0.0,
    "superposition_control_qubit": 0,
    "superposition_phase": 0.0,
    "interference_analysis": true,
    "classical_mixture_comparison": true,
    "coherence_preservation": true,
    "bulk_reconstruction_method": "mi_embedding"
  },
  "uid": "E1MSQ8",
  "counts_per_timestep": [
    null,
    null,
    null
  ],
  "job_ids_per_timestep": [
    null,
    null,
    null
  ],
  "entropy_per_timestep": [
    null,
    null,
    null
  ],
  "mutual_information_per_timestep": [
    {
      "I_0,1": 0.24936862276271854,
      "I_0,2": 0.5948944396201996,
      "I_0,3": 0.24936862276271898,
      "I_1,2": 0.24936862276271876,
      "I_1,3": 0.5634016116052372,
      "I_2,3": 0.2493686227627192
    },
    {
      "I_0,1": 0.2978637357000311,
      "I_0,2": 0.5706812517886455,
      "I_0,3": 0.2978637357000309,
      "I_1,2": 0.29786373570003155,
      "I_1,3": 0.5829839844900468,
      "I_2,3": 0.29786373570003155
    },
    {
      "I_0,1": 0.4953604822322184,
      "I_0,2": 0.5310938979358351,
      "I_0,3": 0.4953604822322175,
      "I_1,2": 0.49536048223221774,
      "I_1,3": 0.57362762406079,
      "I_2,3": 0.4953604822322175
    }
  ],
  "boundary_entropies_per_timestep": [
    {
      "entropy_A": 0.9611949636320252,
      "entropy_B": 0.9611949636320213,
      "mi_AB": 1.922389927264035,
      "pure_state_check": true,
      "entropy_difference": 3.885780586188048e-15,
      "multiple_regions": {
        "size_1_region_0": {
          "region": [
            0
          ],
          "entropy": 0.9769413776395024,
          "rt_area": 3,
          "size": 1
        },
        "size_1_region_1": {
          "region": [
            1
          ],
          "entropy": 0.9611949636320214,
          "rt_area": 3,
          "size": 1
        },
        "size_1_region_2": {
          "region": [
            2
          ],
          "entropy": 0.9769413776395027,
          "rt_area": 3,
          "size": 1
        },
        "size_2_region_0": {
          "region": [
            0,
            1
          ],
          "entropy": 1.688767718508805,
          "rt_area": 4,
          "size": 2
        },
        "size_2_region_1": {
          "region": [
            0,
            2
          ],
          "entropy": 1.3589883156588054,
          "rt_area": 4,
          "size": 2
        },
        "size_2_region_2": {
          "region": [
            0,
            3
          ],
          "entropy": 1.688767718508805,
          "rt_area": 4,
          "size": 2
        },
        "size_3_region_0": {
          "region": [
            0,
            1,
            2
          ],
          "entropy": 0.9611949636320252,
          "rt_area": 3,
          "size": 3
        },
        "size_3_region_1": {
          "region": [
            0,
            1,
            3
          ],
          "entropy": 0.9769413776395047,
          "rt_area": 3,
          "size": 3
        },
        "size_3_region_2": {
          "region": [
            0,
            2,
            3
          ],
          "entropy": 0.961194963632024,
          "rt_area": 3,
          "size": 3
        }
      }
    },
    {
      "entropy_A": 0.9460921873474183,
      "entropy_B": 0.9460921873474144,
      "mi_AB": 1.8921843746948148,
      "pure_state_check": true,
      "entropy_difference": 3.885780586188048e-15,
      "multiple_regions": {
        "size_1_region_0": {
          "region": [
            0
          ],
          "entropy": 0.9399408209967137,
          "rt_area": 3,
          "size": 1
        },
        "size_1_region_1": {
          "region": [
            1
          ],
          "entropy": 0.9460921873474148,
          "rt_area": 3,
          "size": 1
        },
        "size_1_region_2": {
          "region": [
            2
          ],
          "entropy": 0.9399408209967137,
          "rt_area": 3,
          "size": 1
        },
        "size_2_region_0": {
          "region": [
            0,
            1
          ],
          "entropy": 1.588169272644097,
          "rt_area": 4,
          "size": 2
        },
        "size_2_region_1": {
          "region": [
            0,
            2
          ],
          "entropy": 1.309200390204782,
          "rt_area": 4,
          "size": 2
        },
        "size_2_region_2": {
          "region": [
            0,
            3
          ],
          "entropy": 1.5881692726440975,
          "rt_area": 4,
          "size": 2
        },
        "size_3_region_0": {
          "region": [
            0,
            1,
            2
          ],
          "entropy": 0.9460921873474183,
          "rt_area": 3,
          "size": 3
        },
        "size_3_region_1": {
          "region": [
            0,
            1,
            3
          ],
          "entropy": 0.939940820996717,
          "rt_area": 3,
          "size": 3
        },
        "size_3_region_2": {
          "region": [
            0,
            2,
            3
          ],
          "entropy": 0.9460921873474165,
          "rt_area": 3,
          "size": 3
        }
      }
    },
    {
      "entropy_A": 0.9516826473764188,
      "entropy_B": 0.9516826473764162,
      "mi_AB": 1.9033652947528064,
      "pure_state_check": true,
      "entropy_difference": 2.6645352591003757e-15,
      "multiple_regions": {
        "size_1_region_0": {
          "region": [
            0
          ],
          "entropy": 0.9304157843139386,
          "rt_area": 3,
          "size": 1
        },
        "size_1_region_1": {
          "region": [
            1
          ],
          "entropy": 0.9516826473764162,
          "rt_area": 3,
          "size": 1
        },
        "size_1_region_2": {
          "region": [
            2
          ],
          "entropy": 0.9304157843139382,
          "rt_area": 3,
          "size": 1
        },
        "size_2_region_0": {
          "region": [
            0,
            1
          ],
          "entropy": 1.3867379494581364,
          "rt_area": 4,
          "size": 2
        },
        "size_2_region_1": {
          "region": [
            0,
            2
          ],
          "entropy": 1.3297376706920416,
          "rt_area": 4,
          "size": 2
        },
        "size_2_region_2": {
          "region": [
            0,
            3
          ],
          "entropy": 1.386737949458137,
          "rt_area": 4,
          "size": 2
        },
        "size_3_region_0": {
          "region": [
            0,
            1,
            2
          ],
          "entropy": 0.9516826473764188,
          "rt_area": 3,
          "size": 3
        },
        "size_3_region_1": {
          "region": [
            0,
            1,
            3
          ],
          "entropy": 0.9304157843139438,
          "rt_area": 3,
          "size": 3
        },
        "size_3_region_2": {
          "region": [
            0,
            2,
            3
          ],
          "entropy": 0.9516826473764205,
          "rt_area": 3,
          "size": 3
        }
      }
    }
  ],
  "distance_matrix_per_timestep": [
    [
      [
        0.0,
        1.38882306454633,
        0.5193713015789752,
        1.3888230645463282
      ],
      [
        1.38882306454633,
        0.0,
        1.388823064546329,
        2.7776461290926564
      ],
      [
        0.5193713015789752,
        1.388823064546329,
        0.0,
        1.3888230645463273
      ],
      [
        1.3888230645463282,
        2.7776461290926564,
        1.3888230645463273,
        0.0
      ]
    ],
    [
      [
        0.0,
        1.2111191598047986,
        0.5609244532343097,
        1.2111191598047992
      ],
      [
        1.2111191598047986,
        0.0,
        1.211119159804797,
        2.422238319609594
      ],
      [
        0.5609244532343097,
        1.211119159804797,
        0.0,
        1.211119159804797
      ],
      [
        1.2111191598047992,
        2.422238319609594,
        1.211119159804797,
        0.0
      ]
    ],
    [
      [
        0.0,
        0.7024695345228004,
        0.6328164411023055,
        0.7024695345228021
      ],
      [
        0.7024695345228004,
        0.0,
        0.7024695345228017,
        1.4049390690456025
      ],
      [
        0.6328164411023055,
        0.7024695345228017,
        0.0,
        0.7024695345228021
      ],
      [
        0.7024695345228021,
        1.4049390690456025,
        0.7024695345228021,
        0.0
      ]
    ]
  ],
  "edge_mi": {
    "0,1": 0.4953604822322184,
    "0,3": 0.4953604822322175,
    "0,2": 0.5310938979358351,
    "1,2": 0.49536048223221774,
    "2,3": 0.4953604822322175
  },
  "distance_matrix": [
    [
      0.0,
      0.7024695345228004,
      0.6328164411023055,
      0.7024695345228021
    ],
    [
      0.7024695345228004,
      0.0,
      0.7024695345228017,
      0.555774831754543
    ],
    [
      0.6328164411023055,
      0.7024695345228017,
      0.0,
      0.7024695345228021
    ],
    [
      0.7024695345228021,
      0.555774831754543,
      0.7024695345228021,
      0.0
    ]
  ],
  "shortest_paths": {
    "0": {
      "0": 0,
      "2": 0.6328164411023055,
      "1": 0.7024695345228004,
      "3": 0.7024695345228021
    },
    "1": {
      "1": 0,
      "3": 0.555774831754543,
      "0": 0.7024695345228004,
      "2": 0.7024695345228017
    },
    "2": {
      "2": 0,
      "0": 0.6328164411023055,
      "1": 0.7024695345228017,
      "3": 0.7024695345228021
    },
    "3": {
      "3": 0,
      "1": 0.555774831754543,
      "0": 0.7024695345228021,
      "2": 0.7024695345228021
    }
  },
  "gromov_delta": 0.4245821186455304,
  "mean_distance": 0.49980867636850684,
  "angle_sums": [
    4.360735161681443,
    4.216787894913962,
    4.360735161681447,
    4.2167878949139626
  ],
  "mean_angle_sum": 4.288761528297703,
  "min_angle_sum": 4.216787894913962,
  "max_angle_sum": 4.360735161681447,
  "angle_sum_deviations": [
    1.2191425080916503,
    1.0751952413241685,
    1.2191425080916538,
    1.0751952413241694
  ],
  "triangle_inequality_violations": [],
  "embedding_coords": [
    [
      0.1888011446355398,
      0.21241896338847605
    ],
    [
      -0.21417925482998282,
      0.17250636199923522
    ],
    [
      0.2152541966131274,
      -0.18613956862244133
    ],
    [
      -0.18987608641868436,
      -0.1987857567652699
    ]
  ],
  "embedding_coords_3d": [
    [
      0.13188317333365043,
      0.24721118566568803,
      0.0659827555973809
    ],
    [
      0.09428402138644293,
      -0.10987700450740363,
      -0.23800899913873746
    ],
    [
      -0.28060886054890666,
      0.06259044148555541,
      -0.014191317842735121
    ],
    [
      0.05444166582881326,
      -0.1999246226438398,
      0.18621756138409165
    ]
  ],
  "edge_weight_variance": 0.0,
  "event_nodes": [
    [
      0,
      0
    ],
    [
      1,
      0
    ],
    [
      2,
      0
    ],
    [
      3,
      0
    ],
    [
      0,
      1
    ],
    [
      1,
      1
    ],
    [
      2,
      1
    ],
    [
      3,
      1
    ],
    [
      0,
      2
    ],
    [
      1,
      2
    ],
    [
      2,
      2
    ],
    [
      3,
      2
    ]
  ],
  "event_edges": [
    {
      "type": "spatial",
      "from": [
        0,
        0
      ],
      "to": [
        1,
        0
      ],
      "weight": 1.38882306454633
    },
    {
      "type": "spatial",
      "from": [
        0,
        0
      ],
      "to": [
        2,
        0
      ],
      "weight": 0.5193713015789752
    },
    {
      "type": "spatial",
      "from": [
        0,
        0
      ],
      "to": [
        3,
        0
      ],
      "weight": 1.3888230645463282
    },
    {
      "type": "spatial",
      "from": [
        1,
        0
      ],
      "to": [
        2,
        0
      ],
      "weight": 1.388823064546329
    },
    {
      "type": "spatial",
      "from": [
        1,
        0
      ],
      "to": [
        3,
        0
      ],
      "weight": 2.7776461290926564
    },
    {
      "type": "spatial",
      "from": [
        2,
        0
      ],
      "to": [
        3,
        0
      ],
      "weight": 1.3888230645463273
    },
    {
      "type": "temporal",
      "from": [
        0,
        0
      ],
      "to": [
        0,
        1
      ],
      "weight": 1.0
    },
    {
      "type": "temporal",
      "from": [
        1,
        0
      ],
      "to": [
        1,
        1
      ],
      "weight": 1.0
    },
    {
      "type": "temporal",
      "from": [
        2,
        0
      ],
      "to": [
        2,
        1
      ],
      "weight": 1.0
    },
    {
      "type": "temporal",
      "from": [
        3,
        0
      ],
      "to": [
        3,
        1
      ],
      "weight": 1.0
    },
    {
      "type": "spatial",
      "from": [
        0,
        1
      ],
      "to": [
        1,
        1
      ],
      "weight": 1.2111191598047986
    },
    {
      "type": "spatial",
      "from": [
        0,
        1
      ],
      "to": [
        2,
        1
      ],
      "weight": 0.5609244532343097
    },
    {
      "type": "spatial",
      "from": [
        0,
        1
      ],
      "to": [
        3,
        1
      ],
      "weight": 1.2111191598047992
    },
    {
      "type": "spatial",
      "from": [
        1,
        1
      ],
      "to": [
        2,
        1
      ],
      "weight": 1.211119159804797
    },
    {
      "type": "spatial",
      "from": [
        1,
        1
      ],
      "to": [
        3,
        1
      ],
      "weight": 2.422238319609594
    },
    {
      "type": "spatial",
      "from": [
        2,
        1
      ],
      "to": [
        3,
        1
      ],
      "weight": 1.211119159804797
    },
    {
      "type": "temporal",
      "from": [
        0,
        1
      ],
      "to": [
        0,
        2
      ],
      "weight": 1.0
    },
    {
      "type": "temporal",
      "from": [
        1,
        1
      ],
      "to": [
        1,
        2
      ],
      "weight": 1.0
    },
    {
      "type": "temporal",
      "from": [
        2,
        1
      ],
      "to": [
        2,
        2
      ],
      "weight": 1.0
    },
    {
      "type": "temporal",
      "from": [
        3,
        1
      ],
      "to": [
        3,
        2
      ],
      "weight": 1.0
    },
    {
      "type": "spatial",
      "from": [
        0,
        2
      ],
      "to": [
        1,
        2
      ],
      "weight": 0.7024695345228004
    },
    {
      "type": "spatial",
      "from": [
        0,
        2
      ],
      "to": [
        2,
        2
      ],
      "weight": 0.6328164411023055
    },
    {
      "type": "spatial",
      "from": [
        0,
        2
      ],
      "to": [
        3,
        2
      ],
      "weight": 0.7024695345228021
    },
    {
      "type": "spatial",
      "from": [
        1,
        2
      ],
      "to": [
        2,
        2
      ],
      "weight": 0.7024695345228017
    },
    {
      "type": "spatial",
      "from": [
        1,
        2
      ],
      "to": [
        3,
        2
      ],
      "weight": 1.4049390690456025
    },
    {
      "type": "spatial",
      "from": [
        2,
        2
      ],
      "to": [
        3,
        2
      ],
      "weight": 0.7024695345228021
    }
  ],
  "lorentzian_dissimilarity": [
    [
      0.0,
      1.9288295046158594,
      0.26974654890383876,
      1.9288295046158546,
      -1.0,
      0.9288295046158594,
      -0.7302534510961612,
      0.9288295046158546,
      -4.0,
      -2.0711704953841403,
      -3.730253451096161,
      -2.0711704953841457
    ],
    [
      1.9288295046158594,
      0.0,
      1.928829504615857,
      7.715318018463418,
      0.9288295046158594,
      -1.0,
      0.928829504615857,
      6.715318018463418,
      -2.0711704953841403,
      -4.0,
      -2.071170495384143,
      3.7153180184634182
    ],
    [
      0.26974654890383876,
      1.928829504615857,
      0.0,
      1.9288295046158521,
      -0.7302534510961612,
      0.928829504615857,
      -1.0,
      0.9288295046158521,
      -3.730253451096161,
      -2.071170495384143,
      -4.0,
      -2.071170495384148
    ],
    [
      1.9288295046158546,
      7.715318018463418,
      1.9288295046158521,
      0.0,
      0.9288295046158546,
      6.715318018463418,
      0.9288295046158521,
      -1.0,
      -2.0711704953841457,
      3.7153180184634182,
      -2.071170495384148,
      -4.0
    ],
    [
      -1.0,
      0.9288295046158594,
      -0.7302534510961612,
      0.9288295046158546,
      0.0,
      1.4668096192462812,
      0.31463624223620934,
      1.4668096192462827,
      -1.0,
      0.46680961924628117,
      -0.6853637577637907,
      0.4668096192462827
    ],
    [
      0.9288295046158594,
      -1.0,
      0.928829504615857,
      6.715318018463418,
      1.4668096192462812,
      0.0,
      1.4668096192462774,
      5.86723847698511,
      0.46680961924628117,
      -1.0,
      0.4668096192462774,
      4.86723847698511
    ],
    [
      -0.7302534510961612,
      0.928829504615857,
      -1.0,
      0.9288295046158521,
      0.31463624223620934,
      1.4668096192462774,
      0.0,
      1.4668096192462774,
      -0.6853637577637907,
      0.4668096192462774,
      -1.0,
      0.4668096192462774
    ],
    [
      0.9288295046158546,
      6.715318018463418,
      0.9288295046158521,
      -1.0,
      1.4668096192462827,
      5.86723847698511,
      1.4668096192462774,
      0.0,
      0.4668096192462827,
      4.86723847698511,
      0.4668096192462774,
      -1.0
    ],
    [
      -4.0,
      -2.0711704953841403,
      -3.730253451096161,
      -2.0711704953841457,
      -1.0,
      0.46680961924628117,
      -0.6853637577637907,
      0.4668096192462827,
      0.0,
      0.4934634469326798,
      0.4004566481293877,
      0.4934634469326823
    ],
    [
      -2.0711704953841403,
      -4.0,
      -2.071170495384143,
      3.7153180184634182,
      0.46680961924628117,
      -1.0,
      0.4668096192462774,
      4.86723847698511,
      0.4934634469326798,
      0.0,
      0.4934634469326817,
      1.9738537877307243
    ],
    [
      -3.730253451096161,
      -2.071170495384143,
      -4.0,
      -2.071170495384148,
      -0.6853637577637907,
      0.4668096192462774,
      -1.0,
      0.4668096192462774,
      0.4004566481293877,
      0.4934634469326817,
      0.0,
      0.4934634469326823
    ],
    [
      -2.0711704953841457,
      3.7153180184634182,
      -2.071170495384148,
      -4.0,
      0.4668096192462827,
      4.86723847698511,
      0.4668096192462774,
      -1.0,
      0.4934634469326823,
      1.9738537877307243,
      0.4934634469326823,
      0.0
    ]
  ],
  "lorentzian_embedding": [
    [
      0.06579621552381917,
      0.5447831490011433,
      -0.6121481795238815
    ],
    [
      0.35102130119117025,
      -0.9182376252009202,
      -0.3333197920620476
    ],
    [
      -0.008537250590476208,
      0.4163324107403839,
      -1.0297486763426087
    ],
    [
      -0.4231908149173156,
      1.9039610145513308,
      -1.3391573070014706
    ],
    [
      1.1370255058777852,
      0.3467625804129772,
      -0.34318835609431836
    ],
    [
      1.296714828637313,
      -0.9350141991155861,
      -0.15965578898253963
    ],
    [
      1.0569214001104716,
      0.20831066014402183,
      -0.7932850531776042
    ],
    [
      0.6167904889124505,
      1.543447079911971,
      -1.0430114395369476
    ],
    [
      2.156942716894472,
      0.14591595311542502,
      -0.12171143777635302
    ],
    [
      2.091730620431179,
      -0.8049039479461924,
      -0.05840182996487043
    ],
    [
      2.0841185741239556,
      0.020031689936847667,
      -0.5309542518348197
    ],
    [
      1.5746456797465567,
      1.0800529110539687,
      -0.7302053185457283
    ]
  ],
  "edge_length_evolution": [],
  "angle_deficit_evolution": [],
  "regge_action_evolution": [],
  "gromov_delta_evolution": [],
  "mass_hinge": null,
  "mass_value": 0.0,
  "matter": [
    {
      "(0, 1)": 0.0,
      "(1, 2)": 0.0,
      "(0, 3)": 0.0,
      "(2, 3)": 0.0,
      "(0, 2)": 0.0,
      "(1, 3)": 0.0
    },
    {
      "(0, 1)": 0.0,
      "(1, 2)": 0.0,
      "(0, 3)": 0.0,
      "(2, 3)": 0.0,
      "(0, 2)": 0.0,
      "(1, 3)": 0.0
    },
    {
      "(0, 1)": 0.0,
      "(1, 2)": 0.0,
      "(0, 3)": 0.0,
      "(2, 3)": 0.0,
      "(0, 2)": 0.0,
      "(1, 3)": 0.0
    }
  ],
  "stationary_solution": null,
  "einstein_analysis_per_timestep": [
    {
      "ricci_tensor": [
        [
          0.13473565889226952,
          0.0
        ],
        [
          0.0,
          0.13473565889226952
        ]
      ],
      "metric_tensor": [
        [
          1.026947131778454,
          0.013473565889226952
        ],
        [
          0.013473565889226952,
          1.026947131778454
        ]
      ],
      "stress_energy_tensor": [
        [
          0.13473565889226952,
          0.0026947131778453904
        ],
        [
          0.0026947131778453904,
          0.13473565889226952
        ]
      ],
      "einstein_solution": {
        "einstein_tensor": [
          [
            0.0,
            0.0
          ],
          [
            0.0,
            0.0
          ]
        ],
        "ricci_scalar": 0.26947131778453903,
        "metric_tensor": [
          [
            1.0,
            0.0
          ],
          [
            0.0,
            1.0
          ]
        ],
        "lhs": [
          [
            0.0,
            0.0
          ],
          [
            0.0,
            0.0
          ]
        ],
        "rhs": [
          [
            0.13473565889226952,
            0.0026947131778453904
          ],
          [
            0.0026947131778453904,
            0.13473565889226952
          ]
        ],
        "equations_satisfied": false,
        "residual": 0.19058310132981288,
        "conservation_violation": 0.13473565889226952,
        "gravitational_constant": 0.039788735772973836,
        "cosmological_constant": 0.0
      },
      "entropy_first_derivative": 0.0,
      "entropy_second_derivative": 0.0,
      "entropy_curvature_correlation": 0.1905449911407228,
      "emergent_gravitational_constant": 0.021443846123448178,
      "average_mutual_information": 0.26947131778453903,
      "ricci_scalar": 0.26947131778453903,
      "analysis_summary": {
        "einstein_equations_satisfied": false,
        "residual_magnitude": 0.19058310132981288,
        "conservation_violation": 0.13473565889226952,
        "entropy_evolution_rate": 0.0,
        "entropy_acceleration": 0.0,
        "entanglement_curvature_coupling": 0.1905449911407228
      }
    },
    {
      "ricci_tensor": [
        [
          0.1465700111924261,
          0.0
        ],
        [
          0.0,
          0.1465700111924261
        ]
      ],
      "metric_tensor": [
        [
          1.0293140022384852,
          0.014657001119242612
        ],
        [
          0.014657001119242612,
          1.0293140022384852
        ]
      ],
      "stress_energy_tensor": [
        [
          0.1465700111924261,
          0.002931400223848522
        ],
        [
          0.002931400223848522,
          0.1465700111924261
        ]
      ],
      "einstein_solution": {
        "einstein_tensor": [
          [
            0.0,
            0.0
          ],
          [
            0.0,
            0.0
          ]
        ],
        "ricci_scalar": 0.2931400223848522,
        "metric_tensor": [
          [
            1.0,
            0.0
          ],
          [
            0.0,
            1.0
          ]
        ],
        "lhs": [
          [
            0.0,
            0.0
          ],
          [
            0.0,
            0.0
          ]
        ],
        "rhs": [
          [
            0.1465700111924261,
            0.002931400223848522
          ],
          [
            0.002931400223848522,
            0.1465700111924261
          ]
        ],
        "equations_satisfied": false,
        "residual": 0.2073227497802414,
        "conservation_violation": 0.1465700111924261,
        "gravitational_constant": 0.039788735772973836,
        "cosmological_constant": 0.0
      },
      "entropy_first_derivative": 0.0,
      "entropy_second_derivative": 0.0,
      "entropy_curvature_correlation": 0.20728129266550546,
      "emergent_gravitational_constant": 0.02332734179030904,
      "average_mutual_information": 0.2931400223848522,
      "ricci_scalar": 0.2931400223848522,
      "analysis_summary": {
        "einstein_equations_satisfied": false,
        "residual_magnitude": 0.2073227497802414,
        "conservation_violation": 0.1465700111924261,
        "entropy_evolution_rate": 0.0,
        "entropy_acceleration": 0.0,
        "entanglement_curvature_coupling": 0.20728129266550546
      }
    },
    {
      "ricci_tensor": [
        [
          0.19288521568284353,
          0.0
        ],
        [
          0.0,
          0.19288521568284353
        ]
      ],
      "metric_tensor": [
        [
          1.0385770431365686,
          0.019288521568284353
        ],
        [
          0.019288521568284353,
          1.0385770431365686
        ]
      ],
      "stress_energy_tensor": [
        [
          0.19288521568284353,
          0.003857704313656871
        ],
        [
          0.003857704313656871,
          0.19288521568284353
        ]
      ],
      "einstein_solution": {
        "einstein_tensor": [
          [
            0.0,
            0.0
          ],
          [
            0.0,
            0.0
          ]
        ],
        "ricci_scalar": 0.38577043136568706,
        "metric_tensor": [
          [
            1.0,
            0.0
          ],
          [
            0.0,
            1.0
          ]
        ],
        "lhs": [
          [
            0.0,
            0.0
          ],
          [
            0.0,
            0.0
          ]
        ],
        "rhs": [
          [
            0.19288521568284353,
            0.003857704313656871
          ],
          [
            0.003857704313656871,
            0.19288521568284353
          ]
        ],
        "equations_satisfied": false,
        "residual": 0.27283543872301,
        "conservation_violation": 0.19288521568284353,
        "gravitational_constant": 0.039788735772973836,
        "cosmological_constant": 0.0
      },
      "entropy_first_derivative": 0.0,
      "entropy_second_derivative": 0.0,
      "entropy_curvature_correlation": 0.272780882999937,
      "emergent_gravitational_constant": 0.030698635525270922,
      "average_mutual_information": 0.38577043136568706,
      "ricci_scalar": 0.38577043136568706,
      "analysis_summary": {
        "einstein_equations_satisfied": false,
        "residual_magnitude": 0.27283543872301,
        "conservation_violation": 0.19288521568284353,
        "entropy_evolution_rate": 0.0,
        "entropy_acceleration": 0.0,
        "entanglement_curvature_coupling": 0.272780882999937
      }
    }
  ],
  "bootstrap_analysis": {
    "gromov_delta": {
      "mean": 1.1008039196246429,
      "lower_ci": 0.7024695345228021,
      "upper_ci": 1.3888230645463293,
      "all_values": [
        1.3888230645463293,
        1.2111191598047975,
        0.702469534522802
      ],
      "uncertainty": 0.28801914492168645
    },
    "entropy": {
      "mean": null,
      "lower_ci": null,
      "upper_ci": null,
      "uncertainty": null
    },
    "distance_matrix": {
      "mean": [
        [
          0.0,
          1.1008039196246429,
          0.5710373986385301,
          1.1008039196246433
        ],
        [
          1.1008039196246429,
          0.0,
          1.1008039196246426,
          2.2016078392492844
        ],
        [
          0.5710373986385301,
          1.1008039196246426,
          0.0,
          1.1008039196246422
        ],
        [
          1.1008039196246433,
          2.2016078392492844,
          1.1008039196246422,
          0.0
        ]
      ],
      "lower_ci": [
        [
          0.0,
          0.7024695345228004,
          0.5193713015789752,
          0.7024695345228021
        ],
        [
          0.7024695345228004,
          0.0,
          0.7024695345228017,
          1.4049390690456025
        ],
        [
          0.5193713015789752,
          0.7024695345228017,
          0.0,
          0.7024695345228021
        ],
        [
          0.7024695345228021,
          1.4049390690456025,
          0.7024695345228021,
          0.0
        ]
      ],
      "upper_ci": [
        [
          0.0,
          1.3888230645463302,
          0.6328164411023055,
          1.3888230645463284
        ],
        [
          1.3888230645463302,
          0.0,
          1.3888230645463289,
          2.777646129092657
        ],
        [
          0.6328164411023055,
          1.3888230645463289,
          0.0,
          1.388823064546327
        ],
        [
          1.3888230645463284,
          2.777646129092657,
          1.388823064546327,
          0.0
        ]
      ]
    }
  },
  "topology_compatibility": {
    "current_topology": "triangulated",
    "explanation": "Triangulated topology is specifically designed for angle-sum curvature. Creates multiple triangles per vertex, enabling robust local curvature measurements. Each vertex has multiple incident triangles for well-defined angle sums.",
    "supports_local_curvature": true
  },
  "rt_surface_analysis": {
    "region_A": [
      0
    ],
    "region_B": [
      1,
      2,
      3
    ],
    "bulk_point": 2,
    "is_complementary": true,
    "rt_area_AB": 2.037755510147908,
    "rt_area_BA": 2.037755510147908,
    "area_consistent": true,
    "edges_consistent": true,
    "area_difference": 0.0,
    "rt_edges_AB": [
      [
        0,
        1
      ],
      [
        0,
        2
      ],
      [
        0,
        3
      ]
    ],
    "rt_edges_BA": [
      [
        0,
        1
      ],
      [
        0,
        2
      ],
      [
        0,
        3
      ]
    ],
    "edge_lengths": [
      0.7024695345228004,
      0.6328164411023055,
      0.7024695345228021,
      0.7024695345228017,
      1.4049390690456025,
      0.7024695345228021
    ],
    "all_edges": [
      [
        0,
        1
      ],
      [
        0,
        2
      ],
      [
        0,
        3
      ],
      [
        1,
        2
      ],
      [
        1,
        3
      ],
      [
        2,
        3
      ]
    ]
  },
  "bulk_excitation_analysis": {
    "ground_state_mi": [
      [
        0.0,
        0.4953604822322182,
        0.5310938979358353,
        0.4953604822322175
      ],
      [
        0.4953604822322182,
        0.0,
        0.4953604822322173,
        0.57362762406079
      ],
      [
        0.5310938979358353,
        0.4953604822322173,
        0.0,
        0.49536048223221707
      ],
      [
        0.4953604822322175,
        0.57362762406079,
        0.49536048223221707,
        0.0
      ]
    ],
    "excited_state_mi": [
      [
        0.0,
        0.552486836214426,
        0.37841099753981844,
        0.5524868362144255
      ],
      [
        0.552486836214426,
        0.0,
        0.4893807825908407,
        0.453960038472323
      ],
      [
        0.37841099753981844,
        0.4893807825908407,
        0.0,
        0.48938078259084117
      ],
      [
        0.5524868362144255,
        0.453960038472323,
        0.48938078259084117,
        0.0
      ]
    ],
    "mi_difference": [
      [
        0.0,
        0.05712635398220778,
        -0.15268290039601684,
        0.057126353982208
      ],
      [
        0.05712635398220778,
        0.0,
        -0.005979699641376568,
        -0.11966758558846702
      ],
      [
        -0.15268290039601684,
        -0.005979699641376568,
        0.0,
        -0.005979699641375902
      ],
      [
        0.057126353982208,
        -0.11966758558846702,
        -0.005979699641375902,
        0.0
      ]
    ],
    "avg_mi_change": 0.04982032415395651,
    "max_mi_change": 0.15268290039601684,
    "mi_change_boundary_A": NaN,
    "mi_change_boundary_B": -0.04387566162373983,
    "bulk_point": 2,
    "ground_state_counts": {
      "1110 1110": 13,
      "0000 0000": 9,
      "0101 0101": 2,
      "1010 1010": 25,
      "0100 0100": 8,
      "1101 1101": 10,
      "0010 0010": 10,
      "0111 0111": 5,
      "1011 1011": 10,
      "1111 1111": 2,
      "1000 1000": 3,
      "0001 0001": 3
    },
    "excited_state_counts": {
      "0100 1010": 10,
      "1001 1111": 1,
      "0111 1101": 5,
      "1000 0010": 4,
      "0111 1111": 1,
      "1110 0000": 4,
      "1000 0100": 1,
      "0100 1110": 4,
      "0011 1101": 5,
      "0000 1010": 7,
      "1101 0111": 1,
      "0110 1110": 1,
      "1111 0101": 1,
      "1011 0001": 3,
      "0101 1011": 4,
      "1000 1110": 1,
      "0111 1011": 1,
      "0010 1010": 3,
      "1110 0100": 2,
      "0111 0001": 1,
      "1111 0001": 2,
      "0110 1010": 2,
      "1100 1010": 2,
      "0011 1011": 1,
      "1100 0010": 1,
      "0000 1110": 3,
      "0001 1011": 5,
      "1001 0111": 6,
      "0001 0111": 2,
      "1000 1010": 2,
      "1010 0000": 4,
      "0001 1111": 3,
      "1010 0100": 1,
      "0010 1000": 1,
      "0110 1000": 2,
      "1111 0111": 1,
      "0110 0000": 1,
      "0010 0000": 1
    },
    "boundary_entropies": {
      "ground_state": {
        "entropy_A": 0.9516826473764188,
        "entropy_B": 0.9516826473764162,
        "mi_AB": 1.9033652947528064
      },
      "excited_state": {
        "entropy_A": 0.9366372779684002,
        "entropy_B": 0.9366372779683987,
        "mi_AB": 1.8732745559367723
      },
      "rt_relation_test": {
        "entropy_ratio": 0.9999999999999972,
        "rt_area_ratio": 1.0,
        "rt_deviation": 2.7755575615628914e-15,
        "excited_entropy_ratio": 0.9999999999999983,
        "rt_relation_change": 1.1102230246251565e-15
      }
    }
  },
  "page_curve_analysis": null,
  "deutsch_ctc_analysis": null,
  "ctc_recovery_analysis": null,
  "einstein_analysis": null,
  "dynamic_evidence": {
    "angle_sums_per_timestep": [
      [
        9.42477796076938,
        3.141592653589793,
        9.42477796076938,
        0.0
      ],
      [
        9.42477796076938,
        3.141592653589793,
        9.42477796076938,
        0.0
      ],
      [
        4.360735161681443,
        0.0,
        4.360735161681447,
        3.14159299278264
      ]
    ],
    "gromov_delta_per_timestep": [
      1.3888230645463293,
      1.2111191598047975,
      0.702469534522802
    ],
    "edge_mi_per_timestep": [
      {
        "0,1": 0.24936862276271854,
        "0,3": 0.24936862276271898,
        "0,2": 0.5948944396201996,
        "1,2": 0.24936862276271876,
        "2,3": 0.2493686227627192
      },
      {
        "0,1": 0.2978637357000311,
        "0,3": 0.2978637357000309,
        "0,2": 0.5706812517886455,
        "1,2": 0.29786373570003155,
        "2,3": 0.29786373570003155
      },
      {
        "0,1": 0.4953604822322184,
        "0,3": 0.4953604822322175,
        "0,2": 0.5310938979358351,
        "1,2": 0.49536048223221774,
        "2,3": 0.4953604822322175
      }
    ],
    "shortest_paths_per_timestep": [
      {
        "0": {
          "0": 0,
          "2": 0.5193713015789752,
          "3": 1.3888230645463282,
          "1": 1.38882306454633
        },
        "1": {
          "1": 0,
          "2": 1.388823064546329,
          "0": 1.38882306454633,
          "3": 2.7776461290926564
        },
        "2": {
          "2": 0,
          "0": 0.5193713015789752,
          "3": 1.3888230645463273,
          "1": 1.388823064546329
        },
        "3": {
          "3": 0,
          "2": 1.3888230645463273,
          "0": 1.3888230645463282,
          "1": 2.7776461290926564
        }
      },
      {
        "0": {
          "0": 0,
          "2": 0.5609244532343097,
          "1": 1.2111191598047986,
          "3": 1.2111191598047992
        },
        "1": {
          "1": 0,
          "2": 1.211119159804797,
          "0": 1.2111191598047986,
          "3": 2.422238319609594
        },
        "2": {
          "2": 0,
          "0": 0.5609244532343097,
          "1": 1.211119159804797,
          "3": 1.211119159804797
        },
        "3": {
          "3": 0,
