{
  "circuit_info": {
    "num_qubits": 4,
    "control_qubit": 0,
    "phase": 0.0,
    "massive_bulk_params": {
      "mass_hinge": "2",
      "mass_value": 1.0
    },
    "massless_bulk_params": {
      "mass_hinge": "None",
      "mass_value": 0.0
    }
  },
  "execution_info": {
    "device": "simulator",
    "shots": 100,
    "job_id": null,
    "total_shots": 100,
    "unique_states": 12
  },
  "superposition_state": {
    "counts": {
      "1100": 17,
      "0100": 13,
      "1101": 2,
      "0000": 8,
      "1000": 12,
      "0110": 10,
      "1010": 14,
      "0010": 16,
      "1001": 1,
      "1111": 1,
      "1011": 1,
      "1110": 5
    },
    "mutual_information_matrix": [
      [
        0.0,
        0.0007532191663217449,
        0.0021971665937839365,
        0.047477521287983326
      ],
      [
        0.0007532191663217449,
        0.0,
        0.050578449791687546,
        0.017834631644517582
      ],
      [
        0.0021971665937839365,
        0.050578449791687546,
        0.0,
        0.00022461047421747267
      ],
      [
        0.047477521287983326,
        0.017834631644517582,
        0.00022461047421747267,
        0.0
      ]
    ]
  },
  "bulk_reconstruction": {
    "method": "mi_embedding",
    "num_qubits": 4,
    "mi_matrix": [
      [
        0.0,
        0.0007532191663217449,
        0.0021971665937839365,
        0.047477521287983326
      ],
      [
        0.0007532191663217449,
        0.0,
        0.050578449791687546,
        0.017834631644517582
      ],
      [
        0.0021971665937839365,
        0.050578449791687546,
        0.0,
        0.00022461047421747267
      ],
      [
        0.047477521287983326,
        0.017834631644517582,
        0.00022461047421747267,
        0.0
      ]
    ],
    "mds_embedding": {
      "coordinates_3d": [
        [
          -0.48636629876414555,
          0.31136992458586393,
          0.17725279129182783
        ],
        [
          0.11799440982937492,
          0.07149741586156372,
          -0.5802193028792009
        ],
        [
          -0.07883194644137921,
          -0.5941333339467899,
          0.06710693029769571
        ],
        [
          0.4472038353756875,
          0.21126599349908246,
          0.335859581289633
        ]
      ],
      "stress": 2.000005258142416,
      "embedding_quality": "poor"
    }
  },
  "classical_comparison": {
    "massive": {
      "counts": {
        "1110": 5,
        "1111": 9,
        "0110": 4,
        "0111": 9,
        "0011": 9,
        "1001": 7,
        "1010": 8,
        "0010": 5,
        "1011": 8,
        "0001": 6,
        "1101": 6,
        "0100": 8,
        "0000": 4,
        "1000": 4,
        "0101": 3,
        "1100": 5
      },
      "mutual_information_matrix": [
        [
          0.0,
          0.00755951149780356,
          0.0010187083074421014,
          0.00015280254983393669
        ],
        [
          0.00755951149780356,
          0.0,
          0.0010187083074420702,
          0.0001528025498340104
        ],
        [
          0.0010187083074421014,
          0.0010187083074420702,
          0.0,
          0.00026646134725968537
        ],
        [
          0.00015280254983393669,
          0.0001528025498340104,
          0.00026646134725968537,
          0.0
        ]
      ],
      "bulk_reconstruction": {
        "method": "mi_embedding",
        "num_qubits": 4,
        "mi_matrix": [
          [
            0.0,
            0.00755951149780356,
            0.0010187083074421014,
            0.00015280254983393669
          ],
          [
            0.00755951149780356,
            0.0,
            0.0010187083074420702,
            0.0001528025498340104
          ],
          [
            0.0010187083074421014,
            0.0010187083074420702,
            0.0,
            0.00026646134725968537
          ],
          [
            0.00015280254983393669,
            0.0001528025498340104,
            0.00026646134725968537,
            0.0
          ]
        ],
        "mds_embedding": {
          "coordinates_3d": [
            [
              -0.26020756533568923,
              -0.21540918929472677,
              0.5077518810398236
            ],
            [
              0.017646085287288112,
              -0.44562905263735314,
              -0.4159533871817615
            ],
            [
              -0.3275594663139506,
              0.47122862220245837,
              -0.21392149523687684
            ],
            [
              0.5701209463636705,
              0.18980961972898283,
              0.12212300137793043
            ]
          ],
          "stress": 2.0000053361645005,
          "embedding_quality": "poor"
        }
      }
    },
    "massless": {
      "counts": {
        "0011": 5,
        "1100": 9,
        "1001": 8,
        "0101": 9,
        "1110": 3,
        "1011": 6,
        "0111": 9,
        "0100": 10,
        "0010": 6,
        "1000": 7,
        "1101": 5,
        "1010": 6,
        "0001": 7,
        "1111": 2,
        "0000": 2,
        "0110": 6
      },
      "mutual_information_matrix": [
        [
          0.0,
          5.770803875127482e-06,
          0.004781251665858702,
          0.007042575881164886
        ],
        [
          5.770803875127482e-06,
          0.0,
          0.009206364403887272,
          0.009194162716787552
        ],
        [
          0.004781251665858702,
          0.009206364403887272,
          0.0,
          0.03397267575424627
        ],
        [
          0.007042575881164886,
          0.009194162716787552,
          0.03397267575424627,
          0.0
        ]
      ],
      "bulk_reconstruction": {
        "method": "mi_embedding",
        "num_qubits": 4,
        "mi_matrix": [
          [
            0.0,
            5.770803875127482e-06,
            0.004781251665858702,
            0.007042575881164886
          ],
          [
            5.770803875127482e-06,
            0.0,
            0.009206364403887272,
            0.009194162716787552
          ],
          [
            0.004781251665858702,
            0.009206364403887272,
            0.0,
            0.03397267575424627
          ],
          [
            0.007042575881164886,
            0.009194162716787552,
            0.03397267575424627,
            0.0
          ]
        ],
        "mds_embedding": {
          "coordinates_3d": [
            [
              0.2980489472452474,
              0.5197880945813815,
              0.13434107664855155
            ],
            [
              0.19332224571160153,
              -0.2136433877758106,
              -0.5392439088632496
            ],
            [
              -0.5903519553429292,
              0.1012053459403889,
              -0.02218406200245448
            ],
            [
              0.09898076238498647,
              -0.4073500527448912,
              0.42708689421908563
            ]
          ],
          "stress": 2.00000498752847,
          "embedding_quality": "poor"
        }
      }
    }
  },
  "interference_analysis": {
    "interference_detected": false,
    "interference_strength": 0.0,
    "max_interference_strength": 0.0,
    "interference_term_matrix": null,
    "supporting_qubit_pairs": [],
    "quantum_effects": [],
    "classical_vs_quantum_differences": {},
    "massive_mi_matrix": null,
    "massless_mi_matrix": null,
    "classical_mixture_matrix": null
  }
}