{
  "spec": {
    "num_qubits": 4,
    "topology": "triangulated",
    "custom_edges": "0-1:1.0000,0-2:1.0000,0-3:1.0000,1-2:1.0000,1-3:1.0000,2-3:1.0000",
    "alpha": 0.8,
    "weight": 1.7193959947057547,
    "gamma": 0.03189845494884652,
    "sigma": 2.3184654981539726e-11,
    "init_angle": 0.6411007537843121,
    "init_angles": null,
    "shots": 100,
    "device": "simulator",
    "geometry": "spherical",
    "curvature": 4.5,
    "timesteps": 3,
    "dimension": 2,
    "mass_hinge": null,
    "mass_value": 0.0,
    "solve_regge": false,
    "lorentzian": true,
    "excite": true,
    "fast": false,
    "fast_preset": "balanced",
    "ctc_mode": false,
    "ctc_perturbation": null,
    "ctc_perturbation_strength": 1.0,
    "test_ctc_recovery": false,
    "strong_curvature": true,
    "charge_injection": true,
    "charge_strength": 2.5,
    "charge_location": null,
    "spin_injection": true,
    "spin_strength": 2.0,
    "spin_location": null,
    "edge_floor": 0.001,
    "compute_entropies": true,
    "hyperbolic_triangulation": true,
    "trotter_steps": 8,
    "dt": 0.05,
    "analyze_curvature": true,
    "einstein_solver": true,
    "page_curve": true,
    "radiation_ordering": null,
    "page_curve_timesteps": 15,
    "entropy_method": "hybrid",
    "num_shadows": 100,
    "shots_per_shadow": 1000,
    "num_bases": 20,
    "shots_per_basis": 1000,
    "enhanced_entanglement": false,
    "entanglement_strength": -6.613989532692316e-11,
    "interpolate_geometry": false,
    "smooth_charge_injection": false,
    "min_qubits_for_continuum": 10,
    "benchmark_against_classical_geometry": false,
    "geometry_fit_metric": "wasserstein,kl,euclidean",
    "verify_noise_robustness": false,
    "run_on_multiple_backends": false,
    "detect_and_flag_causal_loops": true,
    "restrict_information_flow_direction": "bidirectional",
    "filter_noncausal_edges": true,
    "use_ryu_takayanagi_test": true,
    "compare_MI_vs_subsystem_entropy": true,
    "embed_boundary_entropy_in_geometry": true,
    "entropy_engineering": true,
    "target_entropy_pattern": "quantum_gravity",
    "custom_target_entropies": null,
    "entropy_optimization_iterations": 200,
    "entropy_tolerance": 0.05,
    "continue_on_engineering_failure": true,
    "skip_entropy_engineering": false,
    "validate_engineered_geometry": true,
    "enhance_bell_violations": true,
    "bell_entanglement_strength": 4.0,
    "teleportation_circuits": true,
    "long_range_coupling": 3.0,
    "holographic_optimization": true,
    "rt_surface_encoding": true,
    "conformal_symmetry": true,
    "bulk_reconstruction": true,
    "scalable_entanglement": true,
    "parallel_execution": true,
    "memory_optimization": true,
    "circuit_compilation": "optimized",
    "real_hardware": false,
    "error_mitigation": true,
    "zero_noise_extrapolation": true,
    "zne_noise_factors": [
      1.0,
      2.0,
      3.0
    ],
    "zne_extrapolation_method": "polynomial",
    "hardware_calibration": true,
    "noise_characterization": true,
    "backend_name": "ibm_brisbane",
    "quantum_mode": true,
    "quantum_entanglement_strength": 5.0,
    "quantum_circuit_depth": 12,
    "geometric_teleportation": false,
    "teleportation_mode": "both",
    "bridge_strength": 1.0,
    "signal_state": "+",
    "emergent_geometry_teleportation": false,
    "teleportation_node_pairs": "auto",
    "teleportation_embedding_dim": 2,
    "teleportation_fidelity_threshold": 0.7,
    "superposition_gravity": true,
    "massive_bulk_mass_hinge": "2",
    "massive_bulk_mass_value": 1.0,
    "massless_bulk_mass_hinge": "None",
    "massless_bulk_mass_value": 0.0,
    "superposition_control_qubit": 0,
    "superposition_phase": 0.0,
    "interference_analysis": true,
    "classical_mixture_comparison": true,
    "coherence_preservation": true,
    "bulk_reconstruction_method": "mi_embedding"
  },
  "uid": "7ZDF4B",
  "counts_per_timestep": [
    null,
    null,
    null
  ],
  "job_ids_per_timestep": [
    null,
    null,
    null
  ],
  "entropy_per_timestep": [
    null,
    null,
    null
  ],
  "mutual_information_per_timestep": [
    {
      "I_0,1": 0.2877716364425408,
      "I_0,2": 0.36750024883924726,
      "I_0,3": 0.28777163644254056,
      "I_1,2": 0.28777163644254034,
      "I_1,3": 0.32687787917101185,
      "I_2,3": 0.28777163644254067
    },
    {
      "I_0,1": 0.14410215606668453,
      "I_0,2": 0.3867451991153379,
      "I_0,3": 0.14410215606668486,
      "I_1,2": 0.14410215606668475,
      "I_1,3": 0.5074833652319185,
      "I_2,3": 0.14410215606668508
    },
    {
      "I_0,1": 0.19560969532346872,
      "I_0,2": 0.3128509216711175,
      "I_0,3": 0.19560969532346928,
      "I_1,2": 0.19560969532347006,
      "I_1,3": 0.5476430826755455,
      "I_2,3": 0.19560969532346928
    }
  ],
  "boundary_entropies_per_timestep": [
    {
      "entropy_A": 0.5646251946699605,
      "entropy_B": 0.5646251946699591,
      "mi_AB": 1.1292503893399104,
      "pure_state_check": true,
      "entropy_difference": 1.4432899320127035e-15,
      "multiple_regions": {
        "size_1_region_0": {
          "region": [
            0
          ],
          "entropy": 0.5849363795040766,
          "rt_area": 3,
          "size": 1
        },
        "size_1_region_1": {
          "region": [
            1
          ],
          "entropy": 0.5646251946699589,
          "rt_area": 3,
          "size": 1
        },
        "size_1_region_2": {
          "region": [
            2
          ],
          "entropy": 0.5849363795040764,
          "rt_area": 3,
          "size": 1
        },
        "size_2_region_0": {
          "region": [
            0,
            1
          ],
          "entropy": 0.8617899377314947,
          "rt_area": 4,
          "size": 2
        },
        "size_2_region_1": {
          "region": [
            0,
            2
          ],
          "entropy": 0.802372510168906,
          "rt_area": 4,
          "size": 2
        },
        "size_2_region_2": {
          "region": [
            0,
            3
          ],
          "entropy": 0.8617899377314949,
          "rt_area": 4,
          "size": 2
        },
        "size_3_region_0": {
          "region": [
            0,
            1,
            2
          ],
          "entropy": 0.5646251946699605,
          "rt_area": 3,
          "size": 3
        },
        "size_3_region_1": {
          "region": [
            0,
            1,
            3
          ],
          "entropy": 0.5849363795040774,
          "rt_area": 3,
          "size": 3
        },
        "size_3_region_2": {
          "region": [
            0,
            2,
            3
          ],
          "entropy": 0.5646251946699615,
          "rt_area": 3,
          "size": 3
        }
      }
    },
    {
      "entropy_A": 0.553266172877142,
      "entropy_B": 0.5532661728771402,
      "mi_AB": 1.1065323457542664,
      "pure_state_check": true,
      "entropy_difference": 1.7763568394002505e-15,
      "multiple_regions": {
        "size_1_region_0": {
          "region": [
            0
          ],
          "entropy": 0.49289708981884983,
          "rt_area": 3,
          "size": 1
        },
        "size_1_region_1": {
          "region": [
            1
          ],
          "entropy": 0.5532661728771403,
          "rt_area": 3,
          "size": 1
        },
        "size_1_region_2": {
          "region": [
            2
          ],
          "entropy": 0.49289708981884955,
          "rt_area": 3,
          "size": 1
        },
        "size_2_region_0": {
          "region": [
            0,
            1
          ],
          "entropy": 0.9020611066293057,
          "rt_area": 4,
          "size": 2
        },
        "size_2_region_1": {
          "region": [
            0,
            2
          ],
          "entropy": 0.5990489805223623,
          "rt_area": 4,
          "size": 2
        },
        "size_2_region_2": {
          "region": [
            0,
            3
          ],
          "entropy": 0.9020611066293054,
          "rt_area": 4,
          "size": 2
        },
        "size_3_region_0": {
          "region": [
            0,
            1,
            2
          ],
          "entropy": 0.553266172877142,
          "rt_area": 3,
          "size": 3
        },
        "size_3_region_1": {
          "region": [
            0,
            1,
            3
          ],
          "entropy": 0.492897089818851,
          "rt_area": 3,
          "size": 3
        },
        "size_3_region_2": {
          "region": [
            0,
            2,
            3
          ],
          "entropy": 0.5532661728771407,
          "rt_area": 3,
          "size": 3
        }
      }
    },
    {
      "entropy_A": 0.5443918545184712,
      "entropy_B": 0.5443918545184682,
      "mi_AB": 1.0887837090369235,
      "pure_state_check": true,
      "entropy_difference": 2.9976021664879227e-15,
      "multiple_regions": {
        "size_1_region_0": {
          "region": [
            0
          ],
          "entropy": 0.4269957740162538,
          "rt_area": 3,
          "size": 1
        },
        "size_1_region_1": {
          "region": [
            1
          ],
          "entropy": 0.544391854518468,
          "rt_area": 3,
          "size": 1
        },
        "size_1_region_2": {
          "region": [
            2
          ],
          "entropy": 0.4269957740162543,
          "rt_area": 3,
          "size": 1
        },
        "size_2_region_0": {
          "region": [
            0,
            1
          ],
          "entropy": 0.7757779332112529,
          "rt_area": 4,
          "size": 2
        },
        "size_2_region_1": {
          "region": [
            0,
            2
          ],
          "entropy": 0.5411406263613909,
          "rt_area": 4,
          "size": 2
        },
        "size_2_region_2": {
          "region": [
            0,
            3
          ],
          "entropy": 0.7757779332112527,
          "rt_area": 4,
          "size": 2
        },
        "size_3_region_0": {
          "region": [
            0,
            1,
            2
          ],
          "entropy": 0.5443918545184712,
          "rt_area": 3,
          "size": 3
        },
        "size_3_region_1": {
          "region": [
            0,
            1,
            3
          ],
          "entropy": 0.4269957740162577,
          "rt_area": 3,
          "size": 3
        },
        "size_3_region_2": {
          "region": [
            0,
            2,
            3
          ],
          "entropy": 0.5443918545184694,
          "rt_area": 3,
          "size": 3
        }
      }
    }
  ],
  "distance_matrix_per_timestep": [
    [
      [
        0.0,
        1.2455880423996413,
        1.001031283215877,
        1.2455880423996422
      ],
      [
        1.2455880423996413,
        0.0,
        1.2455880423996428,
        2.4911760847992834
      ],
      [
        1.001031283215877,
        1.2455880423996428,
        0.0,
        1.2455880423996417
      ],
      [
        1.2455880423996422,
        2.4911760847992834,
        1.2455880423996417,
        0.0
      ]
    ],
    [
      [
        0.0,
        1.937232813793768,
        0.9499892030117283,
        1.9372328137937656
      ],
      [
        1.937232813793768,
        0.0,
        1.9372328137937664,
        3.8744656275875307
      ],
      [
        0.9499892030117283,
        1.9372328137937664,
        0.0,
        1.9372328137937642
      ],
      [
        1.9372328137937656,
        3.8744656275875307,
        1.9372328137937642,
        0.0
      ]
    ],
    [
      [
        0.0,
        1.6316339555164294,
        1.1620284904941018,
        1.6316339555164268
      ],
      [
        1.6316339555164294,
        0.0,
        1.6316339555164228,
        3.2632679110328495
      ],
      [
        1.1620284904941018,
        1.6316339555164228,
        0.0,
        1.6316339555164268
      ],
      [
        1.6316339555164268,
        3.2632679110328495,
        1.6316339555164268,
        0.0
      ]
    ]
  ],
  "edge_mi": {
    "0,1": 0.19560969532346872,
    "0,3": 0.19560969532346928,
    "0,2": 0.3128509216711175,
    "1,2": 0.19560969532347006,
    "2,3": 0.19560969532346928
  },
  "distance_matrix": [
    [
      0.0,
      1.6316339555164294,
      1.1620284904941018,
      1.6316339555164268
    ],
    [
      1.6316339555164294,
      0.0,
      1.6316339555164228,
      0.6021315132141909
    ],
    [
      1.1620284904941018,
      1.6316339555164228,
      0.0,
      1.6316339555164268
    ],
    [
      1.6316339555164268,
      0.6021315132141909,
      1.6316339555164268,
      0.0
    ]
  ],
  "shortest_paths": {
    "0": {
      "0": 0,
      "2": 1.1620284904941018,
      "3": 1.6316339555164268,
      "1": 1.6316339555164294
    },
    "1": {
      "1": 0,
      "3": 0.6021315132141909,
      "2": 1.6316339555164228,
      "0": 1.6316339555164294
    },
    "2": {
      "2": 0,
      "0": 1.1620284904941018,
      "1": 1.6316339555164228,
      "3": 1.6316339555164268
    },
    "3": {
      "3": 0,
      "1": 0.6021315132141909,
      "0": 1.6316339555164268,
      "2": 1.6316339555164268
    }
  },
  "gromov_delta": 1.3305681989093325,
  "mean_distance": 1.0363369782217497,
  "angle_sums": [
    3.141592653589793,
    3.141592653589793,
    3.141592653589793,
    3.141592653589793
  ],
  "mean_angle_sum": 3.141592653589793,
  "min_angle_sum": 3.141592653589793,
  "max_angle_sum": 3.141592653589793,
  "angle_sum_deviations": [
    0.0,
    0.0,
    0.0,
    0.0
  ],
  "triangle_inequality_violations": [],
  "embedding_coords": [
    [
      -0.009956034515851584,
      0.030424591403443422
    ],
    [
      0.05312845295568458,
      0.00399765766475477
    ],
    [
      -0.011098503732591835,
      -0.07892243731651569
    ],
    [
      -0.032073914707241157,
      0.04450018824831749
    ]
  ],
  "embedding_coords_3d": [
    [
      -0.021028303864370514,
      0.012128546581508286,
      0.009716717414011937
    ],
    [
      -0.015937244220632855,
      -0.010285339511063984,
      -0.03821307943118454
    ],
    [
      -0.01886331269419259,
      -0.06715970494149012,
      -0.00932677545330368
    ],
    [
      0.05582886077919596,
      0.0653164978710458,
      0.03782313747047628
    ]
  ],
  "edge_weight_variance": 0.0,
  "event_nodes": [
    [
      0,
      0
    ],
    [
      1,
      0
    ],
    [
      2,
      0
    ],
    [
      3,
      0
    ],
    [
      0,
      1
    ],
    [
      1,
      1
    ],
    [
      2,
      1
    ],
    [
      3,
      1
    ],
    [
      0,
      2
    ],
    [
      1,
      2
    ],
    [
      2,
      2
    ],
    [
      3,
      2
    ]
  ],
  "event_edges": [
    {
      "type": "spatial",
      "from": [
        0,
        0
      ],
      "to": [
        1,
        0
      ],
      "weight": 1.2455880423996413
    },
    {
      "type": "spatial",
      "from": [
        0,
        0
      ],
      "to": [
        2,
        0
      ],
      "weight": 1.001031283215877
    },
    {
      "type": "spatial",
      "from": [
        0,
        0
      ],
      "to": [
        3,
        0
      ],
      "weight": 1.2455880423996422
    },
    {
      "type": "spatial",
      "from": [
        1,
        0
      ],
      "to": [
        2,
        0
      ],
      "weight": 1.2455880423996428
    },
    {
      "type": "spatial",
      "from": [
        1,
        0
      ],
      "to": [
        3,
        0
      ],
      "weight": 2.4911760847992834
    },
    {
      "type": "spatial",
      "from": [
        2,
        0
      ],
      "to": [
        3,
        0
      ],
      "weight": 1.2455880423996417
    },
    {
      "type": "temporal",
      "from": [
        0,
        0
      ],
      "to": [
        0,
        1
      ],
      "weight": 1.0
    },
    {
      "type": "temporal",
      "from": [
        1,
        0
      ],
      "to": [
        1,
        1
      ],
      "weight": 1.0
    },
    {
      "type": "temporal",
      "from": [
        2,
        0
      ],
      "to": [
        2,
        1
      ],
      "weight": 1.0
    },
    {
      "type": "temporal",
      "from": [
        3,
        0
      ],
      "to": [
        3,
        1
      ],
      "weight": 1.0
    },
    {
      "type": "spatial",
      "from": [
        0,
        1
      ],
      "to": [
        1,
        1
      ],
      "weight": 1.937232813793768
    },
    {
      "type": "spatial",
      "from": [
        0,
        1
      ],
      "to": [
        2,
        1
      ],
      "weight": 0.9499892030117283
    },
    {
      "type": "spatial",
      "from": [
        0,
        1
      ],
      "to": [
        3,
        1
      ],
      "weight": 1.9372328137937656
    },
    {
      "type": "spatial",
      "from": [
        1,
        1
      ],
      "to": [
        2,
        1
      ],
      "weight": 1.9372328137937664
    },
    {
      "type": "spatial",
      "from": [
        1,
        1
      ],
      "to": [
        3,
        1
      ],
      "weight": 3.8744656275875307
    },
    {
      "type": "spatial",
      "from": [
        2,
        1
      ],
      "to": [
        3,
        1
      ],
      "weight": 1.9372328137937642
    },
    {
      "type": "temporal",
      "from": [
        0,
        1
      ],
      "to": [
        0,
        2
      ],
      "weight": 1.0
    },
    {
      "type": "temporal",
      "from": [
        1,
        1
      ],
      "to": [
        1,
        2
      ],
      "weight": 1.0
    },
    {
      "type": "temporal",
      "from": [
        2,
        1
      ],
      "to": [
        2,
        2
      ],
      "weight": 1.0
    },
    {
      "type": "temporal",
      "from": [
        3,
        1
      ],
      "to": [
        3,
        2
      ],
      "weight": 1.0
    },
    {
      "type": "spatial",
      "from": [
        0,
        2
      ],
      "to": [
        1,
        2
      ],
      "weight": 1.6316339555164294
    },
    {
      "type": "spatial",
      "from": [
        0,
        2
      ],
      "to": [
        2,
        2
      ],
      "weight": 1.1620284904941018
    },
    {
      "type": "spatial",
      "from": [
        0,
        2
      ],
      "to": [
        3,
        2
      ],
      "weight": 1.6316339555164268
    },
    {
      "type": "spatial",
      "from": [
        1,
        2
      ],
      "to": [
        2,
        2
      ],
      "weight": 1.6316339555164228
    },
    {
      "type": "spatial",
      "from": [
        1,
        2
      ],
      "to": [
        3,
        2
      ],
      "weight": 3.2632679110328495
    },
    {
      "type": "spatial",
      "from": [
        2,
        2
      ],
      "to": [
        3,
        2
      ],
      "weight": 1.6316339555164268
    }
  ],
  "lorentzian_dissimilarity": [
    [
      0.0,
      1.5514895713689705,
      1.0020636299768253,
      1.5514895713689727,
      -1.0,
      0.5514895713689705,
      0.0020636299768252986,
      0.5514895713689727,
      -4.0,
      -2.4485104286310295,
      -2.997936370023175,
      -2.4485104286310273
    ],
    [
      1.5514895713689705,
      0.0,
      1.5514895713689745,
      6.205958285475886,
      0.5514895713689705,
      -1.0,
      0.5514895713689745,
      5.205958285475886,
      -2.4485104286310295,
      -4.0,
      -2.4485104286310255,
      2.2059582854758863
    ],
    [
      1.0020636299768253,
      1.5514895713689745,
      0.0,
      1.5514895713689716,
      0.0020636299768252986,
      0.5514895713689745,
      -1.0,
      0.5514895713689716,
      -2.997936370023175,
      -2.4485104286310255,
      -4.0,
      -2.448510428631028
    ],
    [
      1.5514895713689727,
      6.205958285475886,
      1.5514895713689716,
      0.0,
      0.5514895713689727,
      5.205958285475886,
      0.5514895713689716,
      -1.0,
      -2.4485104286310273,
      2.2059582854758863,
      -2.448510428631028,
      -4.0
    ],
    [
      -1.0,
      0.5514895713689705,
      0.0020636299768252986,
      0.5514895713689727,
      0.0,
      3.7528709748393196,
      0.9024794858388587,
      3.7528709748393103,
      -1.0,
      2.7528709748393196,
      -0.09752051416114127,
      2.7528709748393103
    ],
    [
      0.5514895713689705,
      -1.0,
      0.5514895713689745,
      5.205958285475886,
      3.7528709748393196,
      0.0,
      3.752870974839314,
      15.011483899357238,
      2.7528709748393196,
      -1.0,
      2.752870974839314,
      14.011483899357238
    ],
    [
      0.0020636299768252986,
      0.5514895713689745,
      -1.0,
      0.5514895713689716,
      0.9024794858388587,
      3.752870974839314,
      0.0,
      3.752870974839305,
      -0.09752051416114127,
      2.752870974839314,
      -1.0,
      2.752870974839305
    ],
    [
      0.5514895713689727,
      5.205958285475886,
      0.5514895713689716,
      -1.0,
      3.7528709748393103,
      15.011483899357238,
      3.752870974839305,
      0.0,
      2.7528709748393103,
      14.011483899357238,
      2.752870974839305,
      -1.0
    ],
    [
      -4.0,
      -2.4485104286310295,
      -2.997936370023175,
      -2.4485104286310273,
      -1.0,
      2.7528709748393196,
      -0.09752051416114127,
      2.7528709748393103,
      0.0,
      2.6622293647941895,
      1.3503102127200008,
      2.662229364794181
    ],
    [
      -2.4485104286310295,
      -4.0,
      -2.4485104286310255,
      2.2059582854758863,
      2.7528709748393196,
      -1.0,
      2.752870974839314,
      14.011483899357238,
      2.6622293647941895,
      0.0,
      2.6622293647941677,
      10.648917459176698
    ],
    [
      -2.997936370023175,
      -2.4485104286310255,
      -4.0,
      -2.448510428631028,
      -0.09752051416114127,
      2.752870974839314,
      -1.0,
      2.752870974839305,
      1.3503102127200008,
      2.6622293647941677,
      0.0,
      2.662229364794181
    ],
    [
      -2.4485104286310273,
      2.2059582854758863,
      -2.448510428631028,
      -4.0,
      2.7528709748393103,
      14.011483899357238,
      2.752870974839305,
      -1.0,
      2.662229364794181,
      10.648917459176698,
      2.662229364794181,
      0.0
    ]
  ],
  "lorentzian_embedding": [
    [
      -0.18401844096460404,
      0.17188561316818324,
      -0.8642027328187801
    ],
    [
      0.06973732362425063,
      -0.40197914992940276,
      0.004967534878466042
    ],
    [
      -0.30291981897611353,
      0.9156710175245328,
      -0.6310013445623516
    ],
    [
      -0.4929185146387492,
      1.4767162292925915,
      -1.4922398529220369
    ],
    [
      1.0495188291428044,
      -0.23876542478489446,
      -0.7658831584018296
    ],
    [
      1.9007747619920066,
      -0.24756500023931172,
      1.383616781074608
    ],
    [
      0.8762080459232512,
      0.8454554090255593,
      -0.42594002102847234
    ],
    [
      1.251375812586158,
      0.6099209037549095,
      -2.421145538856444
    ],
    [
      1.8292632689446173,
      -0.07783978133308478,
      -0.5588094280966395
    ],
    [
      2.4226749494464874,
      -0.37376881239271337,
      1.239097687027577
    ],
    [
      1.7603950761850018,
      0.3529529684395115,
      -0.4237308299469525
    ],
    [
      1.8199045908663674,
      0.5187789946044521,
      -2.139517696857983
    ]
  ],
  "edge_length_evolution": [],
  "angle_deficit_evolution": [],
  "regge_action_evolution": [],
  "gromov_delta_evolution": [],
  "mass_hinge": null,
  "mass_value": 0.0,
  "matter": [
    {
      "(0, 1)": 0.0,
      "(1, 2)": 0.0,
      "(0, 3)": 0.0,
      "(2, 3)": 0.0,
      "(0, 2)": 0.0,
      "(1, 3)": 0.0
    },
    {
      "(0, 1)": 0.0,
      "(1, 2)": 0.0,
      "(0, 3)": 0.0,
      "(2, 3)": 0.0,
      "(0, 2)": 0.0,
      "(1, 3)": 0.0
    },
    {
      "(0, 1)": 0.0,
      "(1, 2)": 0.0,
      "(0, 3)": 0.0,
      "(2, 3)": 0.0,
      "(0, 2)": 0.0,
      "(1, 3)": 0.0
    }
  ],
  "stationary_solution": null,
  "einstein_analysis_per_timestep": [
    {
      "ricci_tensor": [
        [
          0.11534154211127634,
          0.0
        ],
        [
          0.0,
          0.11534154211127634
        ]
      ],
      "metric_tensor": [
        [
          1.0230683084222552,
          0.011534154211127634
        ],
        [
          0.011534154211127634,
          1.0230683084222552
        ]
      ],
      "stress_energy_tensor": [
        [
          0.11534154211127634,
          0.002306830842225527
        ],
        [
          0.002306830842225527,
          0.11534154211127634
        ]
      ],
      "einstein_solution": {
        "einstein_tensor": [
          [
            0.0,
            0.0
          ],
          [
            0.0,
            0.0
          ]
        ],
        "ricci_scalar": 0.23068308422255268,
        "metric_tensor": [
          [
            1.0,
            0.0
          ],
          [
            0.0,
            1.0
          ]
        ],
        "lhs": [
          [
            0.0,
            0.0
          ],
          [
            0.0,
            0.0
          ]
        ],
        "rhs": [
          [
            0.11534154211127634,
            0.002306830842225527
          ],
          [
            0.002306830842225527,
            0.11534154211127634
          ]
        ],
        "equations_satisfied": false,
        "residual": 0.16315019341172707,
        "conservation_violation": 0.11534154211127634,
        "gravitational_constant": 0.039788735772973836,
        "cosmological_constant": 0.0
      },
      "entropy_first_derivative": 0.0,
      "entropy_second_derivative": 0.0,
      "entropy_curvature_correlation": 0.16311756815879463,
      "emergent_gravitational_constant": 0.018357176570851636,
      "average_mutual_information": 0.23068308422255268,
      "ricci_scalar": 0.23068308422255268,
      "analysis_summary": {
        "einstein_equations_satisfied": false,
        "residual_magnitude": 0.16315019341172707,
        "conservation_violation": 0.11534154211127634,
        "entropy_evolution_rate": 0.0,
        "entropy_acceleration": 0.0,
        "entanglement_curvature_coupling": 0.16311756815879463
      }
    },
    {
      "ricci_tensor": [
        [
          0.09191482428837472,
          0.0
        ],
        [
          0.0,
          0.09191482428837472
        ]
      ],
      "metric_tensor": [
        [
          1.018382964857675,
          0.009191482428837472
        ],
        [
          0.009191482428837472,
          1.018382964857675
        ]
      ],
      "stress_energy_tensor": [
        [
          0.09191482428837472,
          0.0018382964857674945
        ],
        [
          0.0018382964857674945,
          0.09191482428837472
        ]
      ],
      "einstein_solution": {
        "einstein_tensor": [
          [
            0.0,
            0.0
          ],
          [
            0.0,
            0.0
          ]
        ],
        "ricci_scalar": 0.18382964857674944,
        "metric_tensor": [
          [
            1.0,
            0.0
          ],
          [
            0.0,
            1.0
          ]
        ],
        "lhs": [
          [
            0.0,
            0.0
          ],
          [
            0.0,
            0.0
          ]
        ],
        "rhs": [
          [
            0.09191482428837472,
            0.0018382964857674945
          ],
          [
            0.0018382964857674945,
            0.09191482428837472
          ]
        ],
        "equations_satisfied": false,
        "residual": 0.13001318593075384,
        "conservation_violation": 0.09191482428837472,
        "gravitational_constant": 0.039788735772973836,
        "cosmological_constant": 0.0
      },
      "entropy_first_derivative": 0.0,
      "entropy_second_derivative": 0.0,
      "entropy_curvature_correlation": 0.1299871860917597,
      "emergent_gravitational_constant": 0.014628698628917839,
      "average_mutual_information": 0.18382964857674944,
      "ricci_scalar": 0.18382964857674944,
      "analysis_summary": {
        "einstein_equations_satisfied": false,
        "residual_magnitude": 0.13001318593075384,
        "conservation_violation": 0.09191482428837472,
        "entropy_evolution_rate": 0.0,
        "entropy_acceleration": 0.0,
        "entanglement_curvature_coupling": 0.1299871860917597
      }
    },
    {
      "ricci_tensor": [
        [
          0.10268329910253376,
          0.0
        ],
        [
          0.0,
          0.10268329910253376
        ]
      ],
      "metric_tensor": [
        [
          1.0205366598205068,
          0.010268329910253378
        ],
        [
          0.010268329910253378,
          1.0205366598205068
        ]
      ],
      "stress_energy_tensor": [
        [
          0.10268329910253376,
          0.0020536659820506752
        ],
        [
          0.0020536659820506752,
          0.10268329910253376
        ]
      ],
      "einstein_solution": {
        "einstein_tensor": [
          [
            0.0,
            0.0
          ],
          [
            0.0,
            0.0
          ]
        ],
        "ricci_scalar": 0.20536659820506753,
        "metric_tensor": [
          [
            1.0,
            0.0
          ],
          [
            0.0,
            1.0
          ]
        ],
        "lhs": [
          [
            0.0,
            0.0
          ],
          [
            0.0,
            0.0
          ]
        ],
        "rhs": [
          [
            0.10268329910253376,
            0.0020536659820506752
          ],
          [
            0.0020536659820506752,
            0.10268329910253376
          ]
        ],
        "equations_satisfied": false,
        "residual": 0.14524515453911874,
        "conservation_violation": 0.10268329910253376,
        "gravitational_constant": 0.039788735772973836,
        "cosmological_constant": 0.0
      },
      "entropy_first_derivative": 0.0,
      "entropy_second_derivative": 0.0,
      "entropy_curvature_correlation": 0.1452161092200165,
      "emergent_gravitational_constant": 0.01634255462515183,
      "average_mutual_information": 0.20536659820506753,
      "ricci_scalar": 0.20536659820506753,
      "analysis_summary": {
        "einstein_equations_satisfied": false,
        "residual_magnitude": 0.14524515453911874,
        "conservation_violation": 0.10268329910253376,
        "entropy_evolution_rate": 0.0,
        "entropy_acceleration": 0.0,
        "entanglement_curvature_coupling": 0.1452161092200165
      }
    }
  ],
  "bootstrap_analysis": {
    "gromov_delta": {
      "mean": 1.6048182705699452,
      "lower_ci": 1.2455880423996422,
      "upper_ci": 1.9372328137937667,
      "all_values": [
        1.2455880423996422,
        1.9372328137937667,
        1.6316339555164265
      ],
      "uncertainty": 0.33241454322382147
    },
    "entropy": {
      "mean": null,
      "lower_ci": null,
      "upper_ci": null,
      "uncertainty": null
    },
    "distance_matrix": {
      "mean": [
        [
          0.0,
          1.604818270569946,
          1.037682992240569,
          1.604818270569945
        ],
        [
          1.604818270569946,
          0.0,
          1.6048182705699439,
          3.209636541139888
        ],
        [
          1.037682992240569,
          1.6048182705699439,
          0.0,
          1.6048182705699443
        ],
        [
          1.604818270569945,
          3.209636541139888,
          1.6048182705699443,
          0.0
        ]
      ],
      "lower_ci": [
        [
          0.0,
          1.2455880423996413,
          0.9670032297464445,
          1.2455880423996422
        ],
        [
          1.2455880423996413,
          0.0,
          1.2455880423996428,
          2.4911760847992834
        ],
        [
          0.9499892030117283,
          1.2455880423996428,
          0.0,
          1.2455880423996417
        ],
        [
          1.2455880423996422,
          2.4911760847992834,
          1.2455880423996417,
          0.0
        ]
      ],
      "upper_ci": [
        [
          0.0,
          1.937232813793768,
          1.1620284904941018,
          1.9372328137937656
        ],
        [
          1.937232813793768,
          0.0,
          1.9372328137937664,
          3.8744656275875307
        ],
        [
          1.1620284904941018,
          1.9372328137937664,
          0.0,
          1.937232813793764
        ],
        [
          1.9372328137937656,
          3.8744656275875307,
          1.937232813793764,
          0.0
        ]
      ]
    }
  },
  "topology_compatibility": {
    "current_topology": "triangulated",
    "explanation": "Triangulated topology is specifically designed for angle-sum curvature. Creates multiple triangles per vertex, enabling robust local curvature measurements. Each vertex has multiple incident triangles for well-defined angle sums.",
    "supports_local_curvature": true
  },
  "rt_surface_analysis": {
    "region_A": [
      0
    ],
    "region_B": [
      1,
      2,
      3
    ],
    "bulk_point": 2,
    "is_complementary": true,
    "rt_area_AB": 4.425296401526958,
    "rt_area_BA": 4.425296401526958,
    "area_consistent": true,
    "edges_consistent": true,
    "area_difference": 0.0,
    "rt_edges_AB": [
      [
        0,
        1
      ],
      [
        0,
        2
      ],
      [
        0,
        3
      ]
    ],
    "rt_edges_BA": [
      [
        0,
        1
      ],
      [
        0,
        2
      ],
      [
        0,
        3
      ]
    ],
    "edge_lengths": [
      1.6316339555164294,
      1.1620284904941018,
      1.6316339555164268,
      1.6316339555164228,
      3.2632679110328495,
      1.6316339555164268
    ],
    "all_edges": [
      [
        0,
        1
      ],
      [
        0,
        2
      ],
      [
        0,
        3
      ],
      [
        1,
        2
      ],
      [
        1,
        3
      ],
      [
        2,
        3
      ]
    ]
  },
  "bulk_excitation_analysis": {
    "ground_state_mi": [
      [
        0.0,
        0.19560969532346895,
        0.3128509216711173,
        0.1956096953234694
      ],
      [
        0.19560969532346895,
        0.0,
        0.19560969532346972,
        0.5476430826755457
      ],
      [
        0.3128509216711173,
        0.19560969532346972,
        0.0,
        0.1956096953234694
      ],
      [
        0.1956096953234694,
        0.5476430826755457,
        0.1956096953234694,
        0.0
      ]
    ],
    "excited_state_mi": [
      [
        0.0,
        0.19796070744080896,
        0.25424862294427786,
        0.1979607074408095
      ],
      [
        0.19796070744080896,
        0.0,
        0.41845248691472436,
        0.39005621157388715
      ],
      [
        0.25424862294427786,
        0.41845248691472436,
        0.0,
        0.41845248691472425
      ],
      [
        0.1979607074408095,
        0.39005621157388715,
        0.41845248691472425,
        0.0
      ]
    ],
    "mi_difference": [
      [
        0.0,
        0.0023510121173400123,
        -0.05860229872683942,
        0.0023510121173401233
      ],
      [
        0.0023510121173400123,
        0.0,
        0.22284279159125464,
        -0.1575868711016586
      ],
      [
        -0.05860229872683942,
        0.22284279159125464,
        0.0,
        0.22284279159125486
      ],
      [
        0.0023510121173401233,
        -0.1575868711016586,
        0.22284279159125486,
        0.0
      ]
    ],
    "avg_mi_change": 0.08332209715571096,
    "max_mi_change": 0.22284279159125486,
    "mi_change_boundary_A": NaN,
    "mi_change_boundary_B": 0.0960329040269503,
    "bulk_point": 2,
    "ground_state_counts": {
      "1010 1010": 2,
      "1110 1110": 4,
      "0001 0001": 5,
      "0101 0101": 2,
      "0000 0000": 50,
      "1101 1101": 1,
      "0100 0100": 2,
      "0110 0110": 1,
      "1000 1000": 18,
      "0010 0010": 12,
      "0111 0111": 2,
      "1011 1011": 1
    },
    "excited_state_counts": {
      "1100 0010": 6,
      "1110 0000": 20,
      "1000 0010": 6,
      "0000 1010": 3,
      "1010 0000": 27,
      "0110 1000": 5,
      "0100 1010": 3,
      "1100 0000": 3,
      "0101 1011": 3,
      "0011 1101": 1,
      "1001 0111": 1,
      "0010 1000": 8,
      "1011 0001": 2,
      "0110 0000": 2,
      "1110 0100": 1,
      "1000 0000": 2,
      "1010 0010": 1,
      "0000 0010": 1,
      "0010 0000": 1,
      "1100 1010": 1,
      "0011 0001": 1,
      "0100 0000": 1,
      "0110 1110": 1
    },
    "boundary_entropies": {
      "ground_state": {
        "entropy_A": 0.5443918545184712,
        "entropy_B": 0.5443918545184682,
        "mi_AB": 1.0887837090369235
      },
      "excited_state": {
        "entropy_A": 0.6051454580680141,
        "entropy_B": 0.6051454580680153,
        "mi_AB": 1.2102909161360111
      },
      "rt_relation_test": {
        "entropy_ratio": 0.9999999999999944,
        "rt_area_ratio": 1.0,
        "rt_deviation": 5.551115123125783e-15,
        "excited_entropy_ratio": 1.000000000000002,
        "rt_relation_change": 7.549516567451064e-15
      }
    }
  },
  "page_curve_analysis": null,
  "deutsch_ctc_analysis": null,
  "ctc_recovery_analysis": null,
  "einstein_analysis": null,
  "dynamic_evidence": {
    "angle_sums_per_timestep": [
      [
        9.42477796076938,
        0.0,
        9.42477796076938,
        3.141592653589793
      ],
      [
        3.141592653589793,
        3.1415927474298546,
        3.141592653589793,
        0.0
      ],
      [
        3.141592653589793,
        3.14159267716392,
        3.141592653589793,
        0.0
      ]
    ],
    "gromov_delta_per_timestep": [
      1.2455880423996422,
      1.9372328137937667,
      1.6316339555164265
    ],
    "edge_mi_per_timestep": [
      {
        "0,1": 0.2877716364425408,
        "0,3": 0.28777163644254056,
        "0,2": 0.36750024883924726,
        "1,2": 0.28777163644254034,
        "2,3": 0.28777163644254067
      },
      {
        "0,1": 0.14410215606668453,
        "0,3": 0.14410215606668486,
        "0,2": 0.3867451991153379,
        "1,2": 0.14410215606668475,
        "2,3": 0.14410215606668508
      },
      {
        "0,1": 0.19560969532346872,
        "0,3": 0.19560969532346928,
        "0,2": 0.3128509216711175,
        "1,2": 0.19560969532347006,
        "2,3": 0.19560969532346928
      }
    ],
    "shortest_paths_per_timestep": [
      {
        "0": {
          "0": 0,
          "2": 1.001031283215877,
          "1": 1.2455880423996413,
          "3": 1.2455880423996422
        },
        "1": {
          "1": 0,
          "0": 1.2455880423996413,
          "2": 1.2455880423996428,
          "3": 2.4911760847992834
        },
        "2": {
          "2": 0,
          "0": 1.001031283215877,
          "3": 1.2455880423996417,
          "1": 1.2455880423996428
        },
        "3": {
          "3": 0,
          "2": 1.2455880423996417,
          "0": 1.2455880423996422,
          "1": 2.4911760847992834
        }
      },
      {
        "0": {
          "0": 0,
          "2": 0.9499892030117283,
          "3": 1.9372328137937656,
          "1": 1.937232813793768
        },
        "1": {
          "1": 0,
          "2": 1.9372328137937664,
          "0": 1.937232813793768,
          "3": 3.8744656275875307
        },
        "2": {
          "2": 0,
          "0": 0.9499892030117283,
          "3": 1.9372328137937642,
          "1": 1.9372328137937664
        },
        "3": {
          "3": 0,
          "2": 1.9372328137937642,
          "0": 1.9372328137937656,
          "1": 3.8744656275875307
        }
      },
      {
        "0": {
          "0": 0,
          "2": 1.1620284904941018,
          "3": 1.6316339555164268,
          "1": 1.6316339555164294
        },
