{
  "spec": {
    "num_qubits": 6,
    "topology": "triangulated",
    "custom_edges": "0-1:0.6663,0-2:0.6260,0-3:0.6759,0-4:0.7315,0-5:0.6199,1-2:0.6199,1-3:0.7350,1-4:0.6835,1-5:0.6050,2-3:0.6692,2-4:0.6054,2-5:0.6052,3-4:0.6502,3-5:0.5133,4-5:0.5253",
    "alpha": 0.8,
    "weight": 0.6347905195460711,
    "gamma": 0.01,
    "sigma": 0.01,
    "init_angle": 0.0,
    "init_angles": null,
    "shots": 100,
    "device": "simulator",
    "geometry": "spherical",
    "curvature": 1.0,
    "timesteps": 3,
    "dimension": 2,
    "mass_hinge": null,
    "mass_value": 0.0,
    "solve_regge": false,
    "lorentzian": false,
    "excite": false,
    "fast": true,
    "strong_curvature": false,
    "charge_injection": false,
    "charge_strength": 1.0,
    "charge_location": 3,
    "spin_injection": false,
    "spin_strength": 1.0,
    "spin_location": 3,
    "edge_floor": 0.001,
    "compute_entropies": false,
    "hyperbolic_triangulation": false,
    "trotter_steps": 4,
    "dt": 0.1,
    "analyze_curvature": false,
    "einstein_solver": false,
    "page_curve": false,
    "radiation_ordering": "0,1",
    "page_curve_timesteps": 10,
    "entropy_method": "basic",
    "num_shadows": 50,
    "shots_per_shadow": 500,
    "num_bases": 10,
    "shots_per_basis": 500,
    "enhanced_entanglement": false,
    "entanglement_strength": 1.2806049321412023,
    "interpolate_geometry": false,
    "smooth_charge_injection": false,
    "min_qubits_for_continuum": 10,
    "benchmark_against_classical_geometry": false,
    "geometry_fit_metric": "wasserstein,kl,euclidean",
    "verify_noise_robustness": false,
    "run_on_multiple_backends": false,
    "detect_and_flag_causal_loops": false,
    "restrict_information_flow_direction": "forward",
    "filter_noncausal_edges": false,
    "use_ryu_takayanagi_test": false,
    "compare_MI_vs_subsystem_entropy": false,
    "embed_boundary_entropy_in_geometry": false,
    "entropy_engineering": true,
    "target_entropy_pattern": "spacetime",
    "custom_target_entropies": null,
    "entropy_optimization_iterations": 50,
    "entropy_tolerance": 0.2,
    "continue_on_engineering_failure": false,
    "validate_engineered_geometry": false
  },
  "uid": "I03CAT",
  "counts_per_timestep": [
    null,
    null,
    null
  ],
  "job_ids_per_timestep": [
    null,
    null,
    null
  ],
  "entropy_per_timestep": [
    null,
    null,
    null
  ],
  "mutual_information_per_timestep": [
    {
      "I_0,1": 0.12248299043966315,
      "I_0,2": 0.05683084350062928,
      "I_0,3": 0.12550610965286424,
      "I_0,4": 0.04754405593327915,
      "I_0,5": 0.1339558882833296,
      "I_1,2": 0.45278667796443406,
      "I_1,3": 0.10479909463136927,
      "I_1,4": 0.17233085023817063,
      "I_1,5": 0.1464205052847556,
      "I_2,3": 0.3725921468570528,
      "I_2,4": 0.1404585772038245,
      "I_2,5": 0.265230761665038,
      "I_3,4": 0.4995469408069999,
      "I_3,5": 0.26167034982581416,
      "I_4,5": 0.4025076389384572
    },
    {
      "I_0,1": 0.25820463825842355,
      "I_0,2": 0.17683560008791344,
      "I_0,3": 0.20613877183906548,
      "I_0,4": 0.0345961755023243,
      "I_0,5": 0.018507604062122596,
      "I_1,2": 0.11459466564046772,
      "I_1,3": 0.06568905506471023,
      "I_1,4": 0.04568679299982481,
      "I_1,5": 0.06474403372879545,
      "I_2,3": 0.25190826020080714,
      "I_2,4": 0.09639893696257817,
      "I_2,5": 0.12300456901234513,
      "I_3,4": 0.31250352126539216,
      "I_3,5": 0.09478947805329874,
      "I_4,5": 0.48148688566034314
    },
    {
      "I_0,1": 0.20198729574643592,
      "I_0,2": 0.028472783480694153,
      "I_0,3": 0.027044558393161555,
      "I_0,4": 0.061715671214958245,
      "I_0,5": 0.0981314389204424,
      "I_1,2": 0.17357628059218855,
      "I_1,3": 0.15377498739365913,
      "I_1,4": 0.03890697318374703,
      "I_1,5": 0.0317761766384288,
      "I_2,3": 0.2743252149281554,
      "I_2,4": 0.10452282873179541,
      "I_2,5": 0.16979655893526102,
      "I_3,4": 0.14359053785028308,
      "I_3,5": 0.06347099167624926,
      "I_4,5": 0.1921791779176032
    }
  ],
  "boundary_entropies_per_timestep": [
    {
      "entropy_A": 1.5407871561142632,
      "entropy_B": 1.5407871561142623,
      "mi_AB": 3.0815743122285193,
      "pure_state_check": true,
      "entropy_difference": 8.881784197001252e-16,
      "multiple_regions": {
        "size_1_region_0": {
          "region": [
            0
          ],
          "entropy": 0.5406556368962886,
          "rt_area": 5,
          "size": 1
        },
        "size_1_region_1": {
          "region": [
            1
          ],
          "entropy": 0.9050173453753481,
          "rt_area": 5,
          "size": 1
        },
        "size_1_region_2": {
          "region": [
            2
          ],
          "entropy": 0.9997129076519522,
          "rt_area": 5,
          "size": 1
        },
        "size_2_region_0": {
          "region": [
            0,
            1
          ],
          "entropy": 1.3231899918319738,
          "rt_area": 8,
          "size": 2
        },
        "size_2_region_1": {
          "region": [
            0,
            2
          ],
          "entropy": 1.4835377010476114,
          "rt_area": 8,
          "size": 2
        },
        "size_2_region_2": {
          "region": [
            0,
            3
          ],
          "entropy": 1.3626241581083987,
          "rt_area": 8,
          "size": 2
        },
        "size_3_region_0": {
          "region": [
            0,
            1,
            2
          ],
          "entropy": 1.5407871561142632,
          "rt_area": 9,
          "size": 3
        },
        "size_3_region_1": {
          "region": [
            0,
            1,
            3
          ],
          "entropy": 1.790573871580284,
          "rt_area": 9,
          "size": 3
        },
        "size_3_region_2": {
          "region": [
            0,
            1,
            4
          ],
          "entropy": 1.8514702044514861,
          "rt_area": 9,
          "size": 3
        },
        "size_4_region_0": {
          "region": [
            0,
            1,
            2,
            3
          ],
          "entropy": 1.5274415056174626,
          "rt_area": 8,
          "size": 4
        },
        "size_4_region_1": {
          "region": [
            0,
            1,
            2,
            4
          ],
          "entropy": 1.6255127954295996,
          "rt_area": 8,
          "size": 4
        },
        "size_4_region_2": {
          "region": [
            0,
            1,
            2,
            5
          ],
          "entropy": 1.4381683202234543,
          "rt_area": 8,
          "size": 4
        },
        "size_5_region_0": {
          "region": [
            0,
            1,
            2,
            3,
            4
          ],
          "entropy": 0.9397085143904401,
          "rt_area": 5,
          "size": 5
        },
        "size_5_region_1": {
          "region": [
            0,
            1,
            2,
            3,
            5
          ],
          "entropy": 0.9902406301654845,
          "rt_area": 5,
          "size": 5
        },
        "size_5_region_2": {
          "region": [
            0,
            1,
            2,
            4,
            5
          ],
          "entropy": 0.9474746308649786,
          "rt_area": 5,
          "size": 5
        }
      }
    },
    {
      "entropy_A": 1.7778162820249592,
      "entropy_B": 1.7778162820249592,
      "mi_AB": 3.555632564049912,
      "pure_state_check": true,
      "entropy_difference": 0.0,
      "multiple_regions": {
        "size_1_region_0": {
          "region": [
            0
          ],
          "entropy": 0.9089456212235141,
          "rt_area": 5,
          "size": 1
        },
        "size_1_region_1": {
          "region": [
            1
          ],
          "entropy": 0.8892051749600011,
          "rt_area": 5,
          "size": 1
        },
        "size_1_region_2": {
          "region": [
            2
          ],
          "entropy": 0.9621527098888398,
          "rt_area": 5,
          "size": 1
        },
        "size_2_region_0": {
          "region": [
            0,
            1
          ],
          "entropy": 1.5399461579250913,
          "rt_area": 8,
          "size": 2
        },
        "size_2_region_1": {
          "region": [
            0,
            2
          ],
          "entropy": 1.6942627310244398,
          "rt_area": 8,
          "size": 2
        },
        "size_2_region_2": {
          "region": [
            0,
            3
          ],
          "entropy": 1.7023794385862403,
          "rt_area": 8,
          "size": 2
        },
        "size_3_region_0": {
          "region": [
            0,
            1,
            2
          ],
          "entropy": 1.7778162820249592,
          "rt_area": 9,
          "size": 3
        },
        "size_3_region_1": {
          "region": [
            0,
            1,
            3
          ],
          "entropy": 1.7408194603630653,
          "rt_area": 9,
          "size": 3
        },
        "size_3_region_2": {
          "region": [
            0,
            1,
            4
          ],
          "entropy": 2.1518684178883745,
          "rt_area": 9,
          "size": 3
        },
        "size_4_region_0": {
          "region": [
            0,
            1,
            2,
            3
          ],
          "entropy": 1.3665163525935724,
          "rt_area": 8,
          "size": 4
        },
        "size_4_region_1": {
          "region": [
            0,
            1,
            2,
            4
          ],
          "entropy": 1.7806011634397927,
          "rt_area": 8,
          "size": 4
        },
        "size_4_region_2": {
          "region": [
            0,
            1,
            2,
            5
          ],
          "entropy": 1.6592542538990225,
          "rt_area": 8,
          "size": 4
        },
        "size_5_region_0": {
          "region": [
            0,
            1,
            2,
            3,
            4
          ],
          "entropy": 0.8758180522913006,
          "rt_area": 5,
          "size": 5
        },
        "size_5_region_1": {
          "region": [
            0,
            1,
            2,
            3,
            5
          ],
          "entropy": 0.9721851859626233,
          "rt_area": 5,
          "size": 5
        },
        "size_5_region_2": {
          "region": [
            0,
            1,
            2,
            4,
            5
          ],
          "entropy": 0.9995725892017995,
          "rt_area": 5,
          "size": 5
        }
      }
    },
    {
      "entropy_A": 2.0675418118991864,
      "entropy_B": 2.0675418118991864,
      "mi_AB": 4.135083623798363,
      "pure_state_check": true,
      "entropy_difference": 0.0,
      "multiple_regions": {
        "size_1_region_0": {
          "region": [
            0
          ],
          "entropy": 0.7815756039725079,
          "rt_area": 5,
          "size": 1
        },
        "size_1_region_1": {
          "region": [
            1
          ],
          "entropy": 0.8458486215259418,
          "rt_area": 5,
          "size": 1
        },
        "size_1_region_2": {
          "region": [
            2
          ],
          "entropy": 0.984355750247432,
          "rt_area": 5,
          "size": 1
        },
        "size_2_region_0": {
          "region": [
            0,
            1
          ],
          "entropy": 1.4254369297520137,
          "rt_area": 8,
          "size": 2
        },
        "size_2_region_1": {
          "region": [
            0,
            2
          ],
          "entropy": 1.7374585707392458,
          "rt_area": 8,
          "size": 2
        },
        "size_2_region_2": {
          "region": [
            0,
            3
          ],
          "entropy": 1.7459151804525561,
          "rt_area": 8,
          "size": 2
        },
        "size_3_region_0": {
          "region": [
            0,
            1,
            2
          ],
          "entropy": 2.0675418118991864,
          "rt_area": 9,
          "size": 3
        },
        "size_3_region_1": {
          "region": [
            0,
            1,
            3
          ],
          "entropy": 1.8963438830451482,
          "rt_area": 9,
          "size": 3
        },
        "size_3_region_2": {
          "region": [
            0,
            1,
            4
          ],
          "entropy": 1.88530781876777,
          "rt_area": 9,
          "size": 3
        },
        "size_4_region_0": {
          "region": [
            0,
            1,
            2,
            3
          ],
          "entropy": 1.5872033525789868,
          "rt_area": 8,
          "size": 4
        },
        "size_4_region_1": {
          "region": [
            0,
            1,
            2,
            4
          ],
          "entropy": 1.7370281503282865,
          "rt_area": 8,
          "size": 4
        },
        "size_4_region_2": {
          "region": [
            0,
            1,
            2,
            5
          ],
          "entropy": 1.818061120388198,
          "rt_area": 8,
          "size": 4
        },
        "size_5_region_0": {
          "region": [
            0,
            1,
            2,
            3,
            4
          ],
          "entropy": 0.8091150071313278,
          "rt_area": 5,
          "size": 5
        },
        "size_5_region_1": {
          "region": [
            0,
            1,
            2,
            3,
            5
          ],
          "entropy": 0.9702675233652718,
          "rt_area": 5,
          "size": 5
        },
        "size_5_region_2": {
          "region": [
            0,
            1,
            2,
            4,
            5
          ],
          "entropy": 0.9913841348732151,
          "rt_area": 5,
          "size": 5
        }
      }
    }
  ],
  "distance_matrix_per_timestep": [
    [
      [
        0.0,
        2.099783112192173,
        2.8676760812594257,
        2.0754008391023104,
        2.769454548821679,
        2.010244725142229
      ],
      [
        2.099783112192173,
        0.0,
        0.792334173982622,
        1.7796050716241822,
        1.7583391019216161,
        2.119489207167801
      ],
      [
        2.8676760812594257,
        0.792334173982622,
        0.0,
        0.9872708976415604,
        1.681324607360929,
        1.3271550331851791
      ],
      [
        2.0754008391023104,
        1.7796050716241822,
        0.9872708976415604,
        0.0,
        0.6940537097193685,
        1.604094913293895
      ],
      [
        2.769454548821679,
        1.7583391019216161,
        1.681324607360929,
        0.6940537097193685,
        0.0,
        0.9100412035745266
      ],
      [
        2.010244725142229,
        2.119489207167801,
        1.3271550331851791,
        1.604094913293895,
        0.9100412035745266,
        0.0
      ]
    ],
    [
      [
        0.0,
        1.3540028369105568,
        1.7325347910850764,
        1.5792056872884663,
        2.742345229108376,
        3.473221513650368
      ],
      [
        1.3540028369105568,
        0.0,
        2.1663540234247707,
        2.9332085241990233,
        3.0859460162879113,
        3.8168223008299034
      ],
      [
        1.7325347910850764,
        2.1663540234247707,
        0.0,
        1.3786903045740388,
        2.3392601047855863,
        2.0955337778578014
      ],
      [
        1.5792056872884663,
        2.9332085241990233,
        1.3786903045740388,
        0.0,
        1.16313954181991,
        1.894015826361902
      ],
      [
        2.742345229108376,
        3.0859460162879113,
        2.3392601047855863,
        1.16313954181991,
        0.0,
        0.730876284541992
      ],
      [
        3.473221513650368,
        3.8168223008299034,
        2.0955337778578014,
        1.894015826361902,
        0.730876284541992,
        0.0
      ]
    ],
    [
      [
        0.0,
        1.5995504759031154,
        3.3506885945275537,
        3.610269462386567,
        2.785217389802964,
        2.321447485461047
      ],
      [
        1.5995504759031154,
        0.0,
        1.7511381186244384,
        3.0445790792500036,
        3.2465817852004624,
        3.5242923893336084
      ],
      [
        3.3506885945275537,
        1.7511381186244384,
        0.0,
        1.293440960625565,
        2.258349774671883,
        1.77315427070917
      ],
      [
        3.610269462386567,
        3.0445790792500036,
        1.293440960625565,
        0.0,
        1.9407895169465128,
        3.066595231334735
      ],
      [
        2.785217389802964,
        3.2465817852004624,
        2.258349774671883,
        1.9407895169465128,
        0.0,
        1.649327123811
      ],
      [
        2.321447485461047,
        3.5242923893336084,
        1.77315427070917,
        3.066595231334735,
        1.649327123811,
        0.0
      ]
    ]
  ],
  "edge_mi": {
    "0,1": 0.20198729574643592,
    "0,5": 0.0981314389204424,
    "0,2": 0.028472783480694153,
    "0,4": 0.061715671214958245,
    "0,3": 0.027044558393161555,
    "1,2": 0.17357628059218855,
    "1,4": 0.03890697318374703,
    "2,3": 0.2743252149281554,
    "2,4": 0.10452282873179541,
    "2,5": 0.16979655893526102,
    "3,4": 0.14359053785028308,
    "4,5": 0.1921791779176032
  },
  "distance_matrix": [
    [
      0.0,
      1.5995504759031154,
      3.3506885945275537,
      3.471815341769955,
      2.785217389802964,
      2.321447485461047
    ],
    [
      1.5995504759031154,
      0.0,
      1.7511381186244384,
      1.8722648658668395,
      3.2465817852004624,
      3.449038432271885
    ],
    [
      3.3506885945275537,
      1.7511381186244384,
      0.0,
      1.293440960625565,
      2.258349774671883,
      1.77315427070917
    ],
    [
      3.471815341769955,
      1.8722648658668395,
      1.293440960625565,
      0.0,
      1.9407895169465128,
      2.7571723014554363
    ],
    [
      2.785217389802964,
      3.2465817852004624,
      2.258349774671883,
      1.9407895169465128,
      0.0,
      1.649327123811
    ],
    [
      2.321447485461047,
      3.449038432271885,
      1.77315427070917,
      2.7571723014554363,
      1.649327123811,
      0.0
    ]
  ],
  "shortest_paths": {
    "0": {
      "0": 0,
      "1": 1.5995504759031154,
      "5": 2.321447485461047,
      "4": 2.785217389802964,
      "2": 3.3506885945275537,
      "3": 3.471815341769955
    },
    "1": {
      "1": 0,
      "0": 1.5995504759031154,
      "2": 1.7511381186244384,
      "3": 1.8722648658668395,
      "4": 3.2465817852004624,
      "5": 3.449038432271885
    },
    "2": {
      "2": 0,
      "3": 1.293440960625565,
      "1": 1.7511381186244384,
      "5": 1.77315427070917,
      "4": 2.258349774671883,
      "0": 3.3506885945275537
    },
    "3": {
      "3": 0,
      "2": 1.293440960625565,
      "1": 1.8722648658668395,
      "4": 1.9407895169465128,
      "5": 2.7571723014554363,
      "0": 3.471815341769955
    },
    "4": {
      "4": 0,
      "5": 1.649327123811,
      "3": 1.9407895169465128,
      "2": 2.258349774671883,
      "0": 2.785217389802964,
      "1": 3.2465817852004624
    },
    "5": {
      "5": 0,
      "4": 1.649327123811,
      "2": 1.77315427070917,
      "0": 2.321447485461047,
      "3": 2.7571723014554363,
      "1": 3.449038432271885
    }
  },
  "gromov_delta": 2.7645314878359715,
  "mean_distance": 1.9733320243137686,
  "angle_sums": [
    0.0,
    0.0,
    3.141592653589793,
    3.141592653589793,
    3.141592653589793,
    3.141592653589793,
    3.141592653589793,
    3.141592653589793,
    3.141592653589793,
    9.42477796076938,
    4.847373093979662,
    3.141592653589793,
    3.141592653589793,
    3.141592653589793,
    3.141592653589793,
    3.141592653589793,
    5.546506014930676,
    5.507244069829912,
    6.0483720133529495,
    9.42477796076938
  ],
  "mean_angle_sum": 3.924908147835474,
  "min_angle_sum": 0.0,
  "max_angle_sum": 9.42477796076938,
  "angle_sum_deviations": [
    -3.141592653589793,
    -3.141592653589793,
    0.0,
    0.0,
    0.0,
    0.0,
    0.0,
    0.0,
    0.0,
    6.283185307179586,
    1.7057804403898693,
    0.0,
    0.0,
    0.0,
    0.0,
    0.0,
    2.404913361340883,
    2.3656514162401185,
    2.9067793597631564,
    6.283185307179586
  ],
  "triangle_inequality_violations": [],
  "embedding_coords": null,
  "edge_weight_variance": 0.003717398400000001,
  "event_nodes": [
    [
      0,
      0
    ],
    [
      1,
      0
    ],
    [
      2,
      0
    ],
    [
      3,
      0
    ],
    [
      4,
      0
    ],
    [
      5,
      0
    ],
    [
      0,
      1
    ],
    [
      1,
      1
    ],
    [
      2,
      1
    ],
    [
      3,
      1
    ],
    [
      4,
      1
    ],
    [
      5,
      1
    ],
    [
      0,
      2
    ],
    [
      1,
      2
    ],
    [
      2,
      2
    ],
    [
      3,
      2
    ],
    [
      4,
      2
    ],
    [
      5,
      2
    ]
  ],
  "event_edges": [
    {
      "type": "spatial",
      "from": [
        0,
        0
      ],
      "to": [
        1,
        0
      ],
      "weight": 2.099783112192173
    },
    {
      "type": "spatial",
      "from": [
        0,
        0
      ],
      "to": [
        2,
        0
      ],
      "weight": 2.8676760812594257
    },
    {
      "type": "spatial",
      "from": [
        0,
        0
      ],
      "to": [
        3,
        0
      ],
      "weight": 2.0754008391023104
    },
    {
      "type": "spatial",
      "from": [
        0,
        0
      ],
      "to": [
        4,
        0
      ],
      "weight": 2.769454548821679
    },
    {
      "type": "spatial",
      "from": [
        0,
        0
      ],
      "to": [
        5,
        0
      ],
      "weight": 2.010244725142229
    },
    {
      "type": "spatial",
      "from": [
        1,
        0
      ],
      "to": [
        2,
        0
      ],
      "weight": 0.792334173982622
    },
    {
      "type": "spatial",
      "from": [
        1,
        0
      ],
      "to": [
        3,
        0
      ],
      "weight": 1.7796050716241822
    },
    {
      "type": "spatial",
      "from": [
        1,
        0
      ],
      "to": [
        4,
        0
      ],
      "weight": 1.7583391019216161
    },
    {
      "type": "spatial",
      "from": [
        1,
        0
      ],
      "to": [
        5,
        0
      ],
      "weight": 2.119489207167801
    },
    {
      "type": "spatial",
      "from": [
        2,
        0
      ],
      "to": [
        3,
        0
      ],
      "weight": 0.9872708976415604
    },
    {
      "type": "spatial",
      "from": [
        2,
        0
      ],
      "to": [
        4,
        0
      ],
      "weight": 1.681324607360929
    },
    {
      "type": "spatial",
      "from": [
        2,
        0
      ],
      "to": [
        5,
        0
      ],
      "weight": 1.3271550331851791
    },
    {
      "type": "spatial",
      "from": [
        3,
        0
      ],
      "to": [
        4,
        0
      ],
      "weight": 0.6940537097193685
    },
    {
      "type": "spatial",
      "from": [
        3,
        0
      ],
      "to": [
        5,
        0
      ],
      "weight": 1.604094913293895
    },
    {
      "type": "spatial",
      "from": [
        4,
        0
      ],
      "to": [
        5,
        0
      ],
      "weight": 0.9100412035745266
    },
    {
      "type": "temporal",
      "from": [
        0,
        0
      ],
      "to": [
        0,
        1
      ],
      "weight": 1.0
    },
    {
      "type": "temporal",
      "from": [
        1,
        0
      ],
      "to": [
        1,
        1
      ],
      "weight": 1.0
    },
    {
      "type": "temporal",
      "from": [
        2,
        0
      ],
      "to": [
        2,
        1
      ],
      "weight": 1.0
    },
    {
      "type": "temporal",
      "from": [
        3,
        0
      ],
      "to": [
        3,
        1
      ],
      "weight": 1.0
    },
    {
      "type": "temporal",
      "from": [
        4,
        0
      ],
      "to": [
        4,
        1
      ],
      "weight": 1.0
    },
    {
      "type": "temporal",
      "from": [
        5,
        0
      ],
      "to": [
        5,
        1
      ],
      "weight": 1.0
    },
    {
      "type": "spatial",
      "from": [
        0,
        1
      ],
      "to": [
        1,
        1
      ],
      "weight": 1.3540028369105568
    },
    {
      "type": "spatial",
      "from": [
        0,
        1
      ],
      "to": [
        2,
        1
      ],
      "weight": 1.7325347910850764
    },
    {
      "type": "spatial",
      "from": [
        0,
        1
      ],
      "to": [
        3,
        1
      ],
      "weight": 1.5792056872884663
    },
    {
      "type": "spatial",
      "from": [
        0,
        1
      ],
      "to": [
        4,
        1
      ],
      "weight": 2.742345229108376
    },
    {
      "type": "spatial",
      "from": [
        0,
        1
      ],
      "to": [
        5,
        1
      ],
      "weight": 3.473221513650368
    },
    {
      "type": "spatial",
      "from": [
        1,
        1
      ],
      "to": [
        2,
        1
      ],
      "weight": 2.1663540234247707
    },
    {
      "type": "spatial",
      "from": [
        1,
        1
      ],
      "to": [
        3,
        1
      ],
      "weight": 2.9332085241990233
    },
    {
      "type": "spatial",
      "from": [
        1,
        1
      ],
      "to": [
        4,
        1
      ],
      "weight": 3.0859460162879113
    },
    {
      "type": "spatial",
      "from": [
        1,
        1
      ],
      "to": [
        5,
        1
      ],
      "weight": 3.8168223008299034
    },
    {
      "type": "spatial",
      "from": [
        2,
        1
      ],
      "to": [
        3,
        1
      ],
      "weight": 1.3786903045740388
    },
    {
      "type": "spatial",
      "from": [
        2,
        1
      ],
      "to": [
        4,
        1
      ],
      "weight": 2.3392601047855863
    },
    {
      "type": "spatial",
      "from": [
        2,
        1
      ],
      "to": [
        5,
        1
      ],
      "weight": 2.0955337778578014
    },
    {
      "type": "spatial",
      "from": [
        3,
        1
      ],
      "to": [
        4,
        1
      ],
      "weight": 1.16313954181991
    },
    {
      "type": "spatial",
      "from": [
        3,
        1
      ],
      "to": [
        5,
        1
      ],
      "weight": 1.894015826361902
    },
    {
      "type": "spatial",
      "from": [
        4,
        1
      ],
      "to": [
        5,
        1
      ],
      "weight": 0.730876284541992
    },
    {
      "type": "temporal",
      "from": [
        0,
        1
      ],
      "to": [
        0,
        2
      ],
      "weight": 1.0
    },
    {
      "type": "temporal",
      "from": [
        1,
        1
      ],
      "to": [
        1,
        2
      ],
      "weight": 1.0
    },
    {
      "type": "temporal",
      "from": [
        2,
        1
      ],
      "to": [
        2,
        2
      ],
      "weight": 1.0
    },
    {
      "type": "temporal",
      "from": [
        3,
        1
      ],
      "to": [
        3,
        2
      ],
      "weight": 1.0
    },
    {
      "type": "temporal",
      "from": [
        4,
        1
      ],
      "to": [
        4,
        2
      ],
      "weight": 1.0
    },
    {
      "type": "temporal",
      "from": [
        5,
        1
      ],
      "to": [
        5,
        2
      ],
      "weight": 1.0
    },
    {
      "type": "spatial",
      "from": [
        0,
        2
      ],
      "to": [
        1,
        2
      ],
      "weight": 1.5995504759031154
    },
    {
      "type": "spatial",
      "from": [
        0,
        2
      ],
      "to": [
        2,
        2
      ],
      "weight": 3.3506885945275537
    },
    {
      "type": "spatial",
      "from": [
        0,
        2
      ],
      "to": [
        3,
        2
      ],
      "weight": 3.610269462386567
    },
    {
      "type": "spatial",
      "from": [
        0,
        2
      ],
      "to": [
        4,
        2
      ],
      "weight": 2.785217389802964
    },
    {
      "type": "spatial",
      "from": [
        0,
        2
      ],
      "to": [
        5,
        2
      ],
      "weight": 2.321447485461047
    },
    {
      "type": "spatial",
      "from": [
        1,
        2
      ],
      "to": [
        2,
        2
      ],
      "weight": 1.7511381186244384
    },
    {
      "type": "spatial",
      "from": [
        1,
        2
      ],
      "to": [
        3,
        2
      ],
      "weight": 3.0445790792500036
    },
    {
      "type": "spatial",
      "from": [
        1,
        2
      ],
      "to": [
        4,
        2
      ],
      "weight": 3.2465817852004624
    },
    {
      "type": "spatial",
      "from": [
        1,
        2
      ],
      "to": [
        5,
        2
      ],
      "weight": 3.5242923893336084
    },
    {
      "type": "spatial",
      "from": [
        2,
        2
      ],
      "to": [
        3,
        2
      ],
      "weight": 1.293440960625565
    },
    {
      "type": "spatial",
      "from": [
        2,
        2
      ],
      "to": [
        4,
        2
      ],
      "weight": 2.258349774671883
    },
    {
      "type": "spatial",
      "from": [
        2,
        2
      ],
      "to": [
        5,
        2
      ],
      "weight": 1.77315427070917
    },
    {
      "type": "spatial",
      "from": [
        3,
        2
      ],
      "to": [
        4,
        2
      ],
      "weight": 1.9407895169465128
    },
    {
      "type": "spatial",
      "from": [
        3,
        2
      ],
      "to": [
        5,
        2
      ],
      "weight": 3.066595231334735
    },
    {
      "type": "spatial",
      "from": [
        4,
        2
      ],
      "to": [
        5,
        2
      ],
      "weight": 1.649327123811
    }
  ],
  "lorentzian_dissimilarity": [
    [
      0.0,
      4.409089118247447,
      8.223566107027416,
      4.307288642946574,
      7.669878497989089,
      4.041083854962156,
      -1.0,
      3.409089118247447,
      7.223566107027416,
      3.307288642946574,
      6.669878497989089,
      3.0410838549621557,
      -4.0,
      0.4090891182474472,
      4.223566107027416,
      0.307288642946574,
      3.669878497989089,
      0.04108385496215572
    ],
    [
      4.409089118247447,
      0.0,
      0.6277934432607238,
      3.1669942109505107,
      3.0917563973465154,
      4.492234499300793,
      3.409089118247447,
      -1.0,
      -0.37220655673927616,
      2.1669942109505107,
      2.0917563973465154,
      3.4922344993007934,
      0.4090891182474472,
      -4.0,
      -3.3722065567392763,
      -0.8330057890494893,
      -0.9082436026534846,
      0.49223449930079344
    ],
    [
      8.223566107027416,
      0.6277934432607238,
      0.0,
      0.9747038253299725,
      2.826852435317382,
      1.761340482108754,
      7.223566107027416,
      -0.37220655673927616,
      -1.0,
      -0.025296174670027538,
      1.8268524353173818,
      0.7613404821087539,
      4.223566107027416,
      -3.3722065567392763,
      -4.0,
      -3.0252961746700278,
      -1.1731475646826182,
      -2.238659517891246
    ],
    [
      4.307288642946574,
      3.1669942109505107,
      0.9747038253299725,
      0.0,
      0.48171055197521745,
      2.5731204908553487,
      3.307288642946574,
      2.1669942109505107,
      -0.025296174670027538,
      -1.0,
      -0.5182894480247826,
      1.5731204908553487,
      0.307288642946574,
      -0.8330057890494893,
      -3.0252961746700278,
      -4.0,
      -3.5182894480247824,
      -1.4268795091446513
    ],
    [
      7.669878497989089,
      3.0917563973465154,
      2.826852435317382,
      0.48171055197521745,
      0.0,
      0.8281749922033729,
      6.669878497989089,
      2.0917563973465154,
      1.8268524353173818,
      -0.5182894480247826,
      -1.0,
      -0.17182500779662713,
      3.669878497989089,
      -0.9082436026534846,
      -1.1731475646826182,
      -3.5182894480247824,
      -4.0,
      -3.171825007796627
    ],
    [
      4.041083854962156,
      4.492234499300793,
      1.761340482108754,
      2.5731204908553487,
      0.8281749922033729,
      0.0,
      3.0410838549621557,
      3.4922344993007934,
      0.7613404821087539,
      1.5731204908553487,
      -0.17182500779662713,
      -1.0,
      0.04108385496215572,
      0.49223449930079344,
      -2.238659517891246,
      -1.4268795091446513,
      -3.171825007796627,
      -4.0
    ],
    [
      -1.0,
      3.409089118247447,
      7.223566107027416,
      3.307288642946574,
      6.669878497989089,
      3.0410838549621557,
      0.0,
      1.8333236823618357,
      3.001676802320209,
      2.493890602764237,
      7.5204573556134715,
      12.063267682883755,
      -1.0,
      0.8333236823618357,
      2.001676802320209,
      1.4938906027642371,
      6.5204573556134715,
      11.063267682883755
    ],
    [
      3.409089118247447,
      -1.0,
      -0.37220655673927616,
      2.1669942109505107,
      2.0917563973465154,
      3.4922344993007934,
      1.8333236823618357,
      0.0,
      4.693089754808692,
      8.603712246433812,
      9.52306281544323,
      14.568132476112478,
      0.8333236823618357,
      -1.0,
      3.6930897548086916,
      7.603712246433812,
      8.52306281544323,
      13.568132476112478
    ],
    [
      7.223566107027416,
      -0.37220655673927616,
      -1.0,
      -0.025296174670027538,
      1.8268524353173818,
      0.7613404821087539,
      3.001676802320209,
      4.693089754808692,
      0.0,
      1.900786955926456,
      5.472137837841473,
      4.3912618141429896,
      2.001676802320209,
      3.6930897548086916,
      -1.0,
      0.9007869559264561,
      4.472137837841473,
      3.3912618141429896
    ],
    [
      3.307288642946574,
      2.1669942109505107,
      -0.025296174670027538,
      -1.0,
      -0.5182894480247826,
      1.5731204908553487,
      2.493890602764237,
      8.603712246433812,
      1.900786955926456,
      0.0,
      1.3528935937450302,
      3.5872959505093585,
      1.4938906027642371,
      7.603712246433812,
      0.9007869559264561,
      -1.0,
      0.35289359374503015,
      2.5872959505093585
    ],
    [
      6.669878497989089,
      2.0917563973465154,
      1.8268524353173818,
      -0.5182894480247826,
      -1.0,
      -0.17182500779662713,
      7.5204573556134715,
      9.52306281544323,
      5.472137837841473,
      1.3528935937450302,
      0.0,
      0.5341801433059069,
      6.5204573556134715,
      8.52306281544323,
      4.472137837841473,
      0.35289359374503015,
      -1.0,
      -0.4658198566940931
    ],
    [
      3.0410838549621557,
      3.4922344993007934,
      0.7613404821087539,
      1.5731204908553487,
      -0.17182500779662713,
      -1.0,
      12.063267682883755,
      14.568132476112478,
      4.3912618141429896,
      3.5872959505093585,
      0.5341801433059069,
      0.0,
      11.063267682883755,
      13.568132476112478,
      3.3912618141429896,
      2.5872959505093585,
      -0.4658198566940931,
      -1.0
    ],
    [
      -4.0,
      0.4090891182474472,
      4.223566107027416,
      0.307288642946574,
      3.669878497989089,
      0.04108385496215572,
      -1.0,
      0.8333236823618357,
      2.001676802320209,
      1.4938906027642371,
      6.5204573556134715,
      11.063267682883755,
      0.0,
      2.558561724961883,
      11.227114057497033,
      13.034045591040991,
      7.7574359084608355,
      5.389118427753417
    ],
    [
      0.4090891182474472,
      -4.0,
      -3.3722065567392763,
      -0.8330057890494893,
      -0.9082436026534846,
      0.49223449930079344,
      0.8333236823618357,
      -1.0,
      3.6930897548086916,
      7.603712246433812,
      8.52306281544323,
      13.568132476112478,
      2.558561724961883,
      0.0,
      3.0664847104995374,
      9.2694617698068,
      10.540293287995421,
      12.420636845514794
    ],
    [
      4.223566107027416,
      -3.3722065567392763,
      -4.0,
      -3.0252961746700278,
      -1.1731475646826182,
      -2.238659517891246,
      2.001676802320209,
      3.6930897548086916,
      -1.0,
      0.9007869559264561,
      4.472137837841473,
      3.3912618141429896,
      11.227114057497033,
      3.0664847104995374,
      0.0,
      1.6729895186239845,
      5.100143704760545,
      3.144076067734169
    ],
    [
      0.307288642946574,
      -0.8330057890494893,
      -3.0252961746700278,
      -4.0,
      -3.5182894480247824,
      -1.4268795091446513,
      1.4938906027642371,
      7.603712246433812,
      0.9007869559264561,
      -1.0,
      0.35289359374503015,
      2.5872959505093585,
      13.034045591040991,
      9.2694617698068,
      1.6729895186239845,
      0.0,
      3.7666639490894784,
      9.404006312844936
    ],
    [
      3.669878497989089,
      -0.9082436026534846,
      -1.1731475646826182,
      -3.5182894480247824,
      -4.0,
      -3.171825007796627,
      6.5204573556134715,
      8.52306281544323,
      4.472137837841473,
      0.35289359374503015,
      -1.0,
      -0.4658198566940931,
      7.7574359084608355,
      10.540293287995421,
      5.100143704760545,
      3.7666639490894784,
      0.0,
      2.720279961338666
    ],
    [
      0.04108385496215572,
      0.49223449930079344,
      -2.238659517891246,
      -1.4268795091446513,
      -3.171825007796627,
      -4.0,
      11.063267682883755,
      13.568132476112478,
      3.3912618141429896,
      2.5872959505093585,
      -0.4658198566940931,
      -1.0,
      5.389118427753417,
      12.420636845514794,
      3.144076067734169,
      9.404006312844936,
      2.720279961338666,
      0.0
    ]
  ],
  "lorentzian_embedding": [
    [
      0.0,
      0.0,
      0.0
    ],
    [
      0.0,
      0.0,
      0.0
    ],
    [
      0.0,
      0.0,
      0.0
    ],
    [
      0.0,
      0.0,
      0.0
    ],
    [
      0.0,
      0.0,
      0.0
    ],
    [
      0.0,
      0.0,
      0.0
    ],
    [
      0.0,
      0.0,
      0.0
    ],
    [
      0.0,
      0.0,
      0.0
    ],
    [
      0.0,
      0.0,
      0.0
    ],
    [
      0.0,
      0.0,
      0.0
    ],
    [
      0.0,
      0.0,
      0.0
    ],
    [
      0.0,
      0.0,
      0.0
    ],
    [
      0.0,
      0.0,
      0.0
    ],
    [
      0.0,
      0.0,
      0.0
    ],
    [
      0.0,
      0.0,
      0.0
    ],
    [
      0.0,
      0.0,
      0.0
    ],
    [
      0.0,
      0.0,
      0.0
    ],
    [
      0.0,
      0.0,
      0.0
    ]
  ],
  "edge_length_evolution": [],
  "angle_deficit_evolution": [],
  "regge_action_evolution": [],
  "gromov_delta_evolution": [],
  "mass_hinge": null,
  "mass_value": 0.0,
  "matter": {
    "(0, 1)": 0.0,
    "(2, 4)": 0.0,
    "(1, 2)": 0.0,
    "(0, 4)": 0.0,
    "(3, 4)": 0.0,
    "(1, 5)": 0.0,
    "(0, 3)": 0.0,
    "(1, 4)": 0.0,
    "(2, 3)": 0.0,
    "(0, 2)": 0.0,
    "(4, 5)": 0.0,
    "(0, 5)": 0.0,
    "(2, 5)": 0.0,
    "(1, 3)": 0.0,
    "(3, 5)": 0.0
  },
  "stationary_solution": null,
  "einstein_analysis_per_timestep": [
    null,
    null,
    null
  ],
  "bootstrap_analysis": {
    "gromov_delta": {
      "mean": 2.6690890247222256,
      "lower_ci": 2.0875625097344885,
      "upper_ci": 3.0859460162879113,
      "all_values": [
        2.0875625097344885,
        3.0859460162879113,
        2.833758548144278
      ],
      "uncertainty": 0.4168569915656857
    },
    "entropy": {
      "mean": null,
      "lower_ci": null,
      "upper_ci": null,
