{
  "spec": {
    "num_qubits": 4,
    "topology": "triangulated",
    "custom_edges": "0-1:1.0000,0-2:1.0000,0-3:1.0000,1-2:1.0000,1-3:0.9806,2-3:0.9806",
    "alpha": 0.8,
    "weight": 1.096130189495845,
    "gamma": -1.836470263149411e-09,
    "sigma": -2.7033513110515145e-09,
    "init_angle": -1.1230133919838865e-08,
    "init_angles": null,
    "shots": 100,
    "device": "simulator",
    "geometry": "spherical",
    "curvature": 4.5,
    "timesteps": 2,
    "dimension": 2,
    "mass_hinge": null,
    "mass_value": 0.0,
    "solve_regge": false,
    "lorentzian": true,
    "excite": true,
    "fast": false,
    "fast_preset": "balanced",
    "ctc_mode": false,
    "ctc_perturbation": null,
    "ctc_perturbation_strength": 1.0,
    "test_ctc_recovery": false,
    "strong_curvature": true,
    "charge_injection": true,
    "charge_strength": 2.5,
    "charge_location": null,
    "spin_injection": true,
    "spin_strength": 2.0,
    "spin_location": null,
    "edge_floor": 0.001,
    "compute_entropies": true,
    "hyperbolic_triangulation": true,
    "trotter_steps": 8,
    "dt": 0.05,
    "analyze_curvature": true,
    "einstein_solver": true,
    "page_curve": true,
    "radiation_ordering": null,
    "page_curve_timesteps": 15,
    "entropy_method": "hybrid",
    "num_shadows": 100,
    "shots_per_shadow": 1000,
    "num_bases": 20,
    "shots_per_basis": 1000,
    "enhanced_entanglement": false,
    "entanglement_strength": 0.38909463112620774,
    "interpolate_geometry": false,
    "smooth_charge_injection": false,
    "min_qubits_for_continuum": 10,
    "benchmark_against_classical_geometry": false,
    "geometry_fit_metric": "wasserstein,kl,euclidean",
    "verify_noise_robustness": false,
    "run_on_multiple_backends": false,
    "detect_and_flag_causal_loops": true,
    "restrict_information_flow_direction": "bidirectional",
    "filter_noncausal_edges": true,
    "use_ryu_takayanagi_test": true,
    "compare_MI_vs_subsystem_entropy": true,
    "embed_boundary_entropy_in_geometry": true,
    "entropy_engineering": true,
    "target_entropy_pattern": "quantum_gravity",
    "custom_target_entropies": null,
    "entropy_optimization_iterations": 200,
    "entropy_tolerance": 0.05,
    "continue_on_engineering_failure": true,
    "skip_entropy_engineering": false,
    "validate_engineered_geometry": true,
    "enhance_bell_violations": true,
    "bell_entanglement_strength": 4.0,
    "teleportation_circuits": true,
    "long_range_coupling": 3.0,
    "holographic_optimization": true,
    "rt_surface_encoding": true,
    "conformal_symmetry": true,
    "bulk_reconstruction": true,
    "scalable_entanglement": true,
    "parallel_execution": true,
    "memory_optimization": true,
    "circuit_compilation": "optimized",
    "real_hardware": false,
    "error_mitigation": true,
    "zero_noise_extrapolation": true,
    "zne_noise_factors": [
      1.0,
      2.0,
      3.0
    ],
    "zne_extrapolation_method": "polynomial",
    "hardware_calibration": true,
    "noise_characterization": true,
    "backend_name": "ibm_brisbane",
    "quantum_mode": true,
    "quantum_entanglement_strength": 5.0,
    "quantum_circuit_depth": 12,
    "geometric_teleportation": false,
    "teleportation_mode": "both",
    "bridge_strength": 1.0,
    "signal_state": "+",
    "emergent_geometry_teleportation": false,
    "teleportation_node_pairs": "auto",
    "teleportation_embedding_dim": 2,
    "teleportation_fidelity_threshold": 0.7,
    "superposition_gravity": true,
    "massive_bulk_mass_hinge": "0,1,2",
    "massive_bulk_mass_value": 2.0,
    "massless_bulk_mass_hinge": null,
    "massless_bulk_mass_value": 0.0,
    "superposition_control_qubit": 0,
    "superposition_phase": 0.0,
    "interference_analysis": true,
    "classical_mixture_comparison": true,
    "coherence_preservation": true,
    "bulk_reconstruction_method": "mi_embedding"
  },
  "uid": "5Y397X",
  "counts_per_timestep": [
    null,
    null
  ],
  "job_ids_per_timestep": [
    null,
    null
  ],
  "entropy_per_timestep": [
    null,
    null
  ],
  "mutual_information_per_timestep": [
    {
      "I_0,1": 0.023236839524315565,
      "I_0,2": 0.02277108978546935,
      "I_0,3": 0.02323683952431555,
      "I_1,2": 0.02323683952431469,
      "I_1,3": 0.0057629198648470464,
      "I_2,3": 0.023236839524315926
    },
    {
      "I_0,1": 0.15787443915750043,
      "I_0,2": 0.13837296148695627,
      "I_0,3": 0.15787443915749994,
      "I_1,2": 0.1578744391575006,
      "I_1,3": 0.11225995810222678,
      "I_2,3": 0.1578744391575006
    }
  ],
  "boundary_entropies_per_timestep": [
    {
      "entropy_A": 0.02576377219957445,
      "entropy_B": 0.025763772199573303,
      "mi_AB": 0.05152754439914067,
      "pure_state_check": true,
      "entropy_difference": 1.1483869410966463e-15,
      "multiple_regions": {
        "size_1_region_0": {
          "region": [
            0
          ],
          "entropy": 0.0342678571598836,
          "rt_area": 3,
          "size": 1
        },
        "size_1_region_1": {
          "region": [
            1
          ],
          "entropy": 0.025763772199573685,
          "rt_area": 3,
          "size": 1
        },
        "size_1_region_2": {
          "region": [
            2
          ],
          "entropy": 0.03426785715988331,
          "rt_area": 3,
          "size": 1
        },
        "size_2_region_0": {
          "region": [
            0,
            1
          ],
          "entropy": 0.03679478983514182,
          "rt_area": 4,
          "size": 2
        },
        "size_2_region_1": {
          "region": [
            0,
            2
          ],
          "entropy": 0.04576462453429772,
          "rt_area": 4,
          "size": 2
        },
        "size_2_region_2": {
          "region": [
            0,
            3
          ],
          "entropy": 0.036794789835141346,
          "rt_area": 4,
          "size": 2
        },
        "size_3_region_0": {
          "region": [
            0,
            1,
            2
          ],
          "entropy": 0.02576377219957445,
          "rt_area": 3,
          "size": 3
        },
        "size_3_region_1": {
          "region": [
            0,
            1,
            3
          ],
          "entropy": 0.034267857159885076,
          "rt_area": 3,
          "size": 3
        },
        "size_3_region_2": {
          "region": [
            0,
            2,
            3
          ],
          "entropy": 0.02576377219957502,
          "rt_area": 3,
          "size": 3
        }
      }
    },
    {
      "entropy_A": 0.22292663799103712,
      "entropy_B": 0.22292663799103654,
      "mi_AB": 0.44585327598205793,
      "pure_state_check": true,
      "entropy_difference": 5.828670879282072e-16,
      "multiple_regions": {
        "size_1_region_0": {
          "region": [
            0
          ],
          "entropy": 0.2359831396834006,
          "rt_area": 3,
          "size": 1
        },
        "size_1_region_1": {
          "region": [
            1
          ],
          "entropy": 0.22292663799103643,
          "rt_area": 3,
          "size": 1
        },
        "size_1_region_2": {
          "region": [
            2
          ],
          "entropy": 0.2359831396834011,
          "rt_area": 3,
          "size": 1
        },
        "size_2_region_0": {
          "region": [
            0,
            1
          ],
          "entropy": 0.3010353385169366,
          "rt_area": 4,
          "size": 2
        },
        "size_2_region_1": {
          "region": [
            0,
            2
          ],
          "entropy": 0.3335933178798453,
          "rt_area": 4,
          "size": 2
        },
        "size_2_region_2": {
          "region": [
            0,
            3
          ],
          "entropy": 0.3010353385169371,
          "rt_area": 4,
          "size": 2
        },
        "size_3_region_0": {
          "region": [
            0,
            1,
            2
          ],
          "entropy": 0.22292663799103712,
          "rt_area": 3,
          "size": 3
        },
        "size_3_region_1": {
          "region": [
            0,
            1,
            3
          ],
          "entropy": 0.23598313968340595,
          "rt_area": 3,
          "size": 3
        },
        "size_3_region_2": {
          "region": [
            0,
            2,
            3
          ],
          "entropy": 0.22292663799103768,
          "rt_area": 3,
          "size": 3
        }
      }
    }
  ],
  "distance_matrix_per_timestep": [
    [
      [
        0.0,
        3.7620163491759264,
        3.7822635394690143,
        3.762016349175927
      ],
      [
        3.7620163491759264,
        0.0,
        3.7620163491759637,
        7.524032698351853
      ],
      [
        3.7822635394690143,
        3.7620163491759637,
        0.0,
        3.762016349175911
      ],
      [
        3.762016349175927,
        7.524032698351853,
        3.762016349175911,
        0.0
      ]
    ],
    [
      [
        0.0,
        1.8459552507643449,
        1.9778026198634309,
        1.845955250764348
      ],
      [
        1.8459552507643449,
        0.0,
        1.8459552507643437,
        3.6919105015286875
      ],
      [
        1.9778026198634309,
        1.8459552507643437,
        0.0,
        1.8459552507643437
      ],
      [
        1.845955250764348,
        3.6919105015286875,
        1.8459552507643437,
        0.0
      ]
    ]
  ],
  "edge_mi": {
    "0,1": 0.15787443915750043,
    "0,3": 0.15787443915749994,
    "0,2": 0.13837296148695627,
    "1,2": 0.1578744391575006,
    "2,3": 0.1578744391575006
  },
  "distance_matrix": [
    [
      0.0,
      1.8459552507643449,
      1.9778026198634309,
      1.845955250764348
    ],
    [
      1.8459552507643449,
      0.0,
      1.8459552507643437,
      2.186938042689009
    ],
    [
      1.9778026198634309,
      1.8459552507643437,
      0.0,
      1.8459552507643437
    ],
    [
      1.845955250764348,
      2.186938042689009,
      1.8459552507643437,
      0.0
    ]
  ],
  "shortest_paths": {
    "0": {
      "0": 0,
      "1": 1.8459552507643449,
      "3": 1.845955250764348,
      "2": 1.9778026198634309
    },
    "1": {
      "1": 0,
      "2": 1.8459552507643437,
      "0": 1.8459552507643449,
      "3": 2.186938042689009
    },
    "2": {
      "2": 0,
      "1": 1.8459552507643437,
      "3": 1.8459552507643437,
      "0": 1.9778026198634309
    },
    "3": {
      "3": 0,
      "2": 1.8459552507643437,
      "0": 1.845955250764348,
      "1": 2.186938042689009
    }
  },
  "gromov_delta": 1.0934690213445062,
  "mean_distance": 1.4435702082012276,
  "angle_sums": [
    9.42477796076938,
    9.42477796076938,
    9.42477796076938,
    9.42477796076938
  ],
  "mean_angle_sum": 9.42477796076938,
  "min_angle_sum": 9.42477796076938,
  "max_angle_sum": 9.42477796076938,
  "angle_sum_deviations": [
    6.283185307179586,
    6.283185307179586,
    6.283185307179586,
    6.283185307179586
  ],
  "triangle_inequality_violations": [],
  "embedding_coords": [
    [
      -0.0709248047652116,
      0.2325582965186149
    ],
    [
      0.09074419837741551,
      -0.056484152291267645
    ],
    [
      0.19153593223838541,
      -0.1794048609688518
    ],
    [
      -0.21135532585058933,
      0.0033307167415045145
    ]
  ],
  "embedding_coords_3d": [
    [
      0.19383416992345281,
      -0.030998829357428617,
      -0.13727890219700054
    ],
    [
      -0.12278319040802599,
      0.026010146689024943,
      0.15113215717200024
    ],
    [
      0.08665965651776815,
      0.009327717178590439,
      0.1670128055162064
    ],
    [
      -0.15771063603319496,
      -0.004339034510186769,
      -0.18086606049120613
    ]
  ],
  "edge_weight_variance": 8.363555555555532e-05,
  "event_nodes": [
    [
      0,
      0
    ],
    [
      1,
      0
    ],
    [
      2,
      0
    ],
    [
      3,
      0
    ],
    [
      0,
      1
    ],
    [
      1,
      1
    ],
    [
      2,
      1
    ],
    [
      3,
      1
    ]
  ],
  "event_edges": [
    {
      "type": "spatial",
      "from": [
        0,
        0
      ],
      "to": [
        1,
        0
      ],
      "weight": 3.7620163491759264
    },
    {
      "type": "spatial",
      "from": [
        0,
        0
      ],
      "to": [
        2,
        0
      ],
      "weight": 3.7822635394690143
    },
    {
      "type": "spatial",
      "from": [
        0,
        0
      ],
      "to": [
        3,
        0
      ],
      "weight": 3.762016349175927
    },
    {
      "type": "spatial",
      "from": [
        1,
        0
      ],
      "to": [
        2,
        0
      ],
      "weight": 3.7620163491759637
    },
    {
      "type": "spatial",
      "from": [
        1,
        0
      ],
      "to": [
        3,
        0
      ],
      "weight": 7.524032698351853
    },
    {
      "type": "spatial",
      "from": [
        2,
        0
      ],
      "to": [
        3,
        0
      ],
      "weight": 3.762016349175911
    },
    {
      "type": "temporal",
      "from": [
        0,
        0
      ],
      "to": [
        0,
        1
      ],
      "weight": 1.0
    },
    {
      "type": "temporal",
      "from": [
        1,
        0
      ],
      "to": [
        1,
        1
      ],
      "weight": 1.0
    },
    {
      "type": "temporal",
      "from": [
        2,
        0
      ],
      "to": [
        2,
        1
      ],
      "weight": 1.0
    },
    {
      "type": "temporal",
      "from": [
        3,
        0
      ],
      "to": [
        3,
        1
      ],
      "weight": 1.0
    },
    {
      "type": "spatial",
      "from": [
        0,
        1
      ],
      "to": [
        1,
        1
      ],
      "weight": 1.8459552507643449
    },
    {
      "type": "spatial",
      "from": [
        0,
        1
      ],
      "to": [
        2,
        1
      ],
      "weight": 1.9778026198634309
    },
    {
      "type": "spatial",
      "from": [
        0,
        1
      ],
      "to": [
        3,
        1
      ],
      "weight": 1.845955250764348
    },
    {
      "type": "spatial",
      "from": [
        1,
        1
      ],
      "to": [
        2,
        1
      ],
      "weight": 1.8459552507643437
    },
    {
      "type": "spatial",
      "from": [
        1,
        1
      ],
      "to": [
        3,
        1
      ],
      "weight": 3.6919105015286875
    },
    {
      "type": "spatial",
      "from": [
        2,
        1
      ],
      "to": [
        3,
        1
      ],
      "weight": 1.8459552507643437
    }
  ],
  "lorentzian_dissimilarity": [
    [
      0.0,
      14.152767011466967,
      14.305517481996675,
      14.152767011466969,
      -1.0,
      13.152767011466967,
      13.305517481996675,
      13.152767011466969
    ],
    [
      14.152767011466967,
      0.0,
      14.152767011467247,
      56.61106804586787,
      13.152767011466967,
      -1.0,
      13.152767011467247,
      55.61106804586787
    ],
    [
      14.305517481996675,
      14.152767011467247,
      0.0,
      14.15276701146685,
      13.305517481996675,
      13.152767011467247,
      -1.0,
      13.15276701146685
    ],
    [
      14.152767011466969,
      56.61106804586787,
      14.15276701146685,
      0.0,
      13.152767011466969,
      55.61106804586787,
      13.15276701146685,
      -1.0
    ],
    [
      -1.0,
      13.152767011466967,
      13.305517481996675,
      13.152767011466969,
      0.0,
      3.407550787824455,
      3.911703203138651,
      3.4075507878244666
    ],
    [
      13.152767011466967,
      -1.0,
      13.152767011467247,
      55.61106804586787,
      3.407550787824455,
      0.0,
      3.407550787824451,
      13.630203151297804
    ],
    [
      13.305517481996675,
      13.152767011467247,
      -1.0,
      13.15276701146685,
      3.911703203138651,
      3.407550787824451,
      0.0,
      3.407550787824451
    ],
    [
      13.152767011466969,
      55.61106804586787,
      13.15276701146685,
      -1.0,
      3.4075507878244666,
      13.630203151297804,
      3.407550787824451,
      0.0
    ]
  ],
  "lorentzian_embedding": [
    [
      1.0158740556572579,
      0.7261849232293508,
      1.5379342571026688
    ],
    [
      2.203622780288869,
      -3.3463936216505723,
      0.9280390001077671
    ],
    [
      0.0998592855464158,
      0.4150116301235878,
      -2.2616172161851527
    ],
    [
      -0.7970038628930787,
      4.5864137456496685,
      -0.4450971936945018
    ],
    [
      0.7304215968373804,
      0.6291891794532642,
      0.3536276924033179
    ],
    [
      -1.6671821677293475,
      -2.4212909203737305,
      -1.894824498681071
    ],
    [
      0.2626792026105892,
      0.47033217375590297,
      -1.586069555073715
    ],
    [
      2.1517373751004314,
      3.3480792409232305,
      -1.446569734116374
    ]
  ],
  "edge_length_evolution": [],
  "angle_deficit_evolution": [],
  "regge_action_evolution": [],
  "gromov_delta_evolution": [],
  "mass_hinge": null,
  "mass_value": 0.0,
  "matter": [
    {
      "(0, 1)": 0.0,
      "(1, 2)": 0.0,
      "(0, 3)": 0.0,
      "(2, 3)": 0.0,
      "(0, 2)": 0.0,
      "(1, 3)": 0.0
    },
    {
      "(0, 1)": 0.0,
      "(1, 2)": 0.0,
      "(0, 3)": 0.0,
      "(2, 3)": 0.0,
      "(0, 2)": 0.0,
      "(1, 3)": 0.0
    }
  ],
  "stationary_solution": null,
  "einstein_analysis_per_timestep": [
    {
      "ricci_tensor": [
        [
          0.007592585484223633,
          0.0
        ],
        [
          0.0,
          0.007592585484223633
        ]
      ],
      "metric_tensor": [
        [
          1.0015185170968448,
          0.0007592585484223634
        ],
        [
          0.0007592585484223634,
          1.0015185170968448
        ]
      ],
      "stress_energy_tensor": [
        [
          0.007592585484223633,
          0.00015185170968447267
        ],
        [
          0.00015185170968447267,
          0.007592585484223633
        ]
      ],
      "einstein_solution": {
        "einstein_tensor": [
          [
            0.0,
            0.0
          ],
          [
            0.0,
            0.0
          ]
        ],
        "ricci_scalar": 0.015185170968447266,
        "metric_tensor": [
          [
            1.0,
            0.0
          ],
          [
            0.0,
            1.0
          ]
        ],
        "lhs": [
          [
            0.0,
            0.0
          ],
          [
            0.0,
            0.0
          ]
        ],
        "rhs": [
          [
            0.007592585484223633,
            0.00015185170968447267
          ],
          [
            0.00015185170968447267,
            0.007592585484223633
          ]
        ],
        "equations_satisfied": false,
        "residual": 0.010739684658031401,
        "conservation_violation": 0.007592585484223633,
        "gravitational_constant": 0.039788735772973836,
        "cosmological_constant": 0.0
      },
      "entropy_first_derivative": 0.0,
      "entropy_second_derivative": 0.0,
      "entropy_curvature_correlation": 0.010737532365268481,
      "emergent_gravitational_constant": 0.001208397510661963,
      "average_mutual_information": 0.015185170968447266,
      "ricci_scalar": 0.015185170968447266,
      "analysis_summary": {
        "einstein_equations_satisfied": false,
        "residual_magnitude": 0.010739684658031401,
        "conservation_violation": 0.007592585484223633,
        "entropy_evolution_rate": 0.0,
        "entropy_acceleration": 0.0,
        "entanglement_curvature_coupling": 0.010737532365268481
      }
    },
    {
      "ricci_tensor": [
        [
          0.05513316726369904,
          0.0
        ],
        [
          0.0,
          0.05513316726369904
        ]
      ],
      "metric_tensor": [
        [
          1.0110266334527398,
          0.005513316726369904
        ],
        [
          0.005513316726369904,
          1.0110266334527398
        ]
      ],
      "stress_energy_tensor": [
        [
          0.05513316726369904,
          0.0011026633452739809
        ],
        [
          0.0011026633452739809,
          0.05513316726369904
        ]
      ],
      "einstein_solution": {
        "einstein_tensor": [
          [
            0.0,
            0.0
          ],
          [
            0.0,
            0.0
          ]
        ],
        "ricci_scalar": 0.11026633452739808,
        "metric_tensor": [
          [
            1.0,
            0.0
          ],
          [
            0.0,
            1.0
          ]
        ],
        "lhs": [
          [
            0.0,
            0.0
          ],
          [
            0.0,
            0.0
          ]
        ],
        "rhs": [
          [
            0.05513316726369904,
            0.0011026633452739809
          ],
          [
            0.0011026633452739809,
            0.05513316726369904
          ]
        ],
        "equations_satisfied": false,
        "residual": 0.07798566533639405,
        "conservation_violation": 0.05513316726369904,
        "gravitational_constant": 0.039788735772973836,
        "cosmological_constant": 0.0
      },
      "entropy_first_derivative": 0.0,
      "entropy_second_derivative": 0.0,
      "entropy_curvature_correlation": 0.07797006788090784,
      "emergent_gravitational_constant": 0.008774716098329968,
      "average_mutual_information": 0.11026633452739808,
      "ricci_scalar": 0.11026633452739808,
      "analysis_summary": {
        "einstein_equations_satisfied": false,
        "residual_magnitude": 0.07798566533639405,
        "conservation_violation": 0.05513316726369904,
        "entropy_evolution_rate": 0.0,
        "entropy_acceleration": 0.0,
        "entanglement_curvature_coupling": 0.07797006788090784
      }
    }
  ],
  "bootstrap_analysis": {
    "gromov_delta": {
      "mean": 2.803985799970149,
      "lower_ci": 1.845955250764345,
      "upper_ci": 3.762016349175953,
      "all_values": [
        3.762016349175953,
        1.845955250764345
      ],
      "uncertainty": 0.9580305492058039
    },
    "entropy": {
      "mean": null,
      "lower_ci": null,
      "upper_ci": null,
      "uncertainty": null
    },
    "distance_matrix": {
      "mean": [
        [
          0.0,
          2.8039857999701354,
          2.8800330796662226,
          2.803985799970137
        ],
        [
          2.8039857999701354,
          0.0,
          2.8039857999701536,
          5.60797159994027
        ],
        [
          2.8800330796662226,
          2.8039857999701536,
          0.0,
          2.8039857999701274
        ],
        [
          2.803985799970137,
          5.60797159994027,
          2.8039857999701274,
          0.0
        ]
      ],
      "lower_ci": [
        [
          0.0,
          1.8459552507643449,
          1.9778026198634309,
          1.845955250764348
        ],
        [
          1.8459552507643449,
          0.0,
          1.8459552507643437,
          3.6919105015286875
        ],
        [
          1.9778026198634309,
          1.8459552507643437,
          0.0,
          1.8459552507643437
        ],
        [
          1.845955250764348,
          3.6919105015286875,
          1.8459552507643437,
          0.0
        ]
      ],
      "upper_ci": [
        [
          0.0,
          3.7620163491759264,
          3.7822635394690143,
          3.762016349175927
        ],
        [
          3.7620163491759264,
          0.0,
          3.7620163491759637,
          7.524032698351853
        ],
        [
          3.7822635394690143,
          3.7620163491759637,
          0.0,
          3.762016349175911
        ],
        [
          3.762016349175927,
          7.524032698351853,
          3.762016349175911,
          0.0
        ]
      ]
    }
  },
  "topology_compatibility": {
    "current_topology": "triangulated",
    "explanation": "Triangulated topology is specifically designed for angle-sum curvature. Creates multiple triangles per vertex, enabling robust local curvature measurements. Each vertex has multiple incident triangles for well-defined angle sums.",
    "supports_local_curvature": true
  },
  "rt_surface_analysis": {
    "region_A": [
      0
    ],
    "region_B": [
      1,
      2,
      3
    ],
    "bulk_point": 2,
    "is_complementary": true,
    "rt_area_AB": 5.669713121392124,
    "rt_area_BA": 5.669713121392124,
    "area_consistent": true,
    "edges_consistent": true,
    "area_difference": 0.0,
    "rt_edges_AB": [
      [
        0,
        1
      ],
      [
        0,
        2
      ],
      [
        0,
        3
      ]
    ],
    "rt_edges_BA": [
      [
        0,
        1
      ],
      [
        0,
        2
      ],
      [
        0,
        3
      ]
    ],
    "edge_lengths": [
      1.8459552507643449,
      1.9778026198634309,
      1.845955250764348,
      1.8459552507643437,
      3.6919105015286875,
      1.8459552507643437
    ],
    "all_edges": [
      [
        0,
        1
      ],
      [
        0,
        2
      ],
      [
        0,
        3
      ],
      [
        1,
        2
      ],
      [
        1,
        3
      ],
      [
        2,
        3
      ]
    ]
  },
  "bulk_excitation_analysis": {
    "ground_state_mi": [
      [
        0.0,
        0.15787443915750043,
        0.13837296148695638,
        0.15787443915750005
      ],
      [
        0.15787443915750043,
        0.0,
        0.15787443915750055,
        0.11225995810222672
      ],
      [
        0.13837296148695638,
        0.15787443915750055,
        0.0,
        0.15787443915750077
      ],
      [
        0.15787443915750005,
        0.11225995810222672,
        0.15787443915750077,
        0.0
      ]
    ],
    "excited_state_mi": [
      [
        0.0,
        0.15239004851654858,
        0.12589017026058325,
        0.15239004851654842
      ],
      [
        0.15239004851654858,
        0.0,
        0.24991229712973312,
        0.12981573282369052
      ],
      [
        0.12589017026058325,
        0.24991229712973312,
        0.0,
        0.2499122971297335
      ],
      [
        0.15239004851654842,
        0.12981573282369052,
        0.2499122971297335,
        0.0
      ]
    ],
    "mi_difference": [
      [
        0.0,
        -0.005484390640951853,
        -0.012482791226373136,
        -0.005484390640951631
      ],
      [
        -0.005484390640951853,
        0.0,
        0.09203785797223257,
        0.0175557747214638
      ],
      [
        -0.012482791226373136,
        0.09203785797223257,
        0.0,
        0.09203785797223274
      ],
      [
        -0.005484390640951631,
        0.0175557747214638,
        0.09203785797223274,
        0.0
      ]
    ],
    "avg_mi_change": 0.028135382896775717,
    "max_mi_change": 0.09203785797223274,
    "mi_change_boundary_A": NaN,
    "mi_change_boundary_B": 0.06721049688864304,
    "bulk_point": 2,
    "ground_state_counts": {
      "1110 1110": 1,
      "1001 1001": 1,
      "0000 0000": 86,
      "0110 0110": 1,
      "1101 1101": 1,
      "0010 0010": 3,
      "1011 1011": 2,
      "1000 1000": 5
    },
    "excited_state_counts": {
      "1010 0000": 30,
      "1010 0100": 1,
      "1110 1000": 1,
      "1110 0000": 28,
      "0000 1100": 1,
      "0011 1101": 3,
      "0110 0000": 2,
      "1000 0010": 5,
      "0010 0000": 4,
      "1100 0000": 3,
      "1000 0000": 6,
      "0000 0000": 1,
      "1101 1011": 1,
      "0100 0010": 1,
      "0010 1000": 3,
      "0111 1001": 1,
      "0110 1000": 2,
      "1000 0110": 1,
      "1100 0010": 1,
      "0001 1111": 1,
      "1011 0001": 2,
      "0100 0000": 1,
      "1110 0010": 1
    },
    "boundary_entropies": {
      "ground_state": {
        "entropy_A": 0.22292663799103712,
        "entropy_B": 0.22292663799103654,
        "mi_AB": 0.44585327598205793
      },
      "excited_state": {
        "entropy_A": 0.28670704527154744,
        "entropy_B": 0.2867070452715455,
        "mi_AB": 0.5734140905430813
      },
      "rt_relation_test": {
        "entropy_ratio": 0.9999999999999973,
        "rt_area_ratio": 1.0,
        "rt_deviation": 2.6645352591003757e-15,
        "excited_entropy_ratio": 0.9999999999999932,
        "rt_relation_change": 4.107825191113079e-15
      }
    }
  },
  "page_curve_analysis": null,
  "deutsch_ctc_analysis": null,
  "ctc_recovery_analysis": null,
  "einstein_analysis": null,
  "dynamic_evidence": {
    "angle_sums_per_timestep": [
      [
        5.203614502757417,
        0.0,
        5.203614502757264,
        3.141592653589793
      ],
      [
        9.42477796076938,
        3.1415927378102904,
        9.42477796076938,
        0.0
      ]
    ],
    "gromov_delta_per_timestep": [
      3.762016349175953,
      1.845955250764345
    ],
    "edge_mi_per_timestep": [
      {
        "0,1": 0.023236839524315565,
        "0,3": 0.02323683952431555,
        "0,2": 0.02277108978546935,
        "1,2": 0.02323683952431469,
        "2,3": 0.023236839524315926
      },
      {
        "0,1": 0.15787443915750043,
        "0,3": 0.15787443915749994,
        "0,2": 0.13837296148695627,
        "1,2": 0.1578744391575006,
        "2,3": 0.1578744391575006
      }
    ],
    "shortest_paths_per_timestep": [
      {
        "0": {
          "0": 0,
          "1": 3.7620163491759264,
          "3": 3.762016349175927,
          "2": 3.7822635394690143
        },
        "1": {
          "1": 0,
          "0": 3.7620163491759264,
          "2": 3.7620163491759637,
          "3": 7.524032698351853
        },
        "2": {
          "2": 0,
          "3": 3.762016349175911,
          "1": 3.7620163491759637,
          "0": 3.7822635394690143
        },
        "3": {
          "3": 0,
          "2": 3.762016349175911,
          "0": 3.762016349175927,
          "1": 7.524032698351853
        }
      },
      {
        "0": {
          "0": 0,
          "1": 1.8459552507643449,
          "3": 1.845955250764348,
          "2": 1.9778026198634309
        },
        "1": {
          "1": 0,
          "2": 1.8459552507643437,
          "0": 1.8459552507643449,
          "3": 3.6919105015286875
        },
        "2": {
          "2": 0,
          "1": 1.8459552507643437,
          "3": 1.8459552507643437,
          "0": 1.9778026198634309
        },
        "3": {
          "3": 0,
          "2": 1.8459552507643437,
          "0": 1.845955250764348,
          "1": 3.6919105015286875
        }
      }
    ],
    "mean_distance_per_timestep": [
      3.294295204315574,
      1.6316917655561873
    ],
    "triangle_violations_per_timestep": [
      0,
      0
    ],
    "embedding_coords_per_timestep": [
      [
        [
          0.03013800631463209,
          0.3098344377618356
        ],
        [
          -0.1708718249239976,
          -0.13375230448069947
        ],
        [
          0.29839284472437055,
          -0.0877636977478573
        ],
        [
          -0.15765902611500504,
          -0.08831843553327891
        ]
      ],
      [
        [
          0.06466934859258336,
          0.2589353362255194
        ],
        [
          0.03388089502973221,
          -0.1178010449721185
        ],
        [
          -0.0896242918967818,
          -0.2516400853171501
        ],
        [
          -0.008925951725533756,
          0.11050579406374912
        ]
      ]
    ],
    "regge_evolution_data": null,
    "evolution_summary": {
      "total_timesteps": 2,
      "gromov_delta_range": [
        1.845955250764345,
        3.762016349175953
      ],
      "mean_distance_range": [
        1.6316917655561873,
        3.294295204315574
      ],
      "total_triangle_violations": 0,
      "hyperbolic_evolution": [
        false,
        false
      ],
      "regge_corrected": false
    }
  },
  "quantum_state_outputs": [
    {
      "timestep": 1,
      "statevector": [
        {
          "real": -0.5881942936168721,
          "imag": -0.6548260889082123
        },
        {
          "real": -0.17579415805002804,
          "imag": -0.08793562945729098
        },
        {
          "real": -0.24073207371037503,
          "imag": -0.015791509269080618
        },
        {
          "real": -0.05144214010312075,
          "imag": 0.050116496929622084
        },
        {
          "real": -0.17579415805002796,
          "imag": -0.08793562945729104
        },
        {
          "real": -0.06058038839380613,
          "imag": 0.021074648446125117
        },
        {
          "real": -0.051442140103120766,
          "imag": 0.050116496929622084
        },
        {
          "real": 0.012982185289562348,
          "imag": 0.020608712900139044
        },
        {
          "real": -0.2407320737103752,
          "imag": -0.015791509269080618
        },
        {
          "real": -0.05144214010312079,
          "imag": 0.050116496929622105
        },
        {
          "real": -0.05092233935591194,
          "imag": 0.04224759295383512
        },
        {
          "real": 0.010700540184804132,
          "imag": 0.021830276201470315
        },
        {
          "real": -0.05144214010312077,
          "imag": 0.050116496929622084
        },
        {
          "real": 0.012982185289562347,
          "imag": 0.02060871290013905
        },
        {
          "real": 0.010700540184804135,
          "imag": 0.0218302762014703
        },
        {
          "real": 0.005722880095559711,
          "imag": -0.005463814471362656
        }
      ],
      "mutual_information_matrix": [
        [
          0.0,
          0.023236839524315565,
          0.02277108978546935,
          0.02323683952431555
        ],
        [
          0.023236839524315565,
          0.0,
          0.02323683952431469,
          0.0057629198648470464
        ],
        [
          0.02277108978546935,
          0.02323683952431469,
          0.0,
          0.023236839524315926
        ],
        [
          0.02323683952431555,
          0.0057629198648470464,
          0.023236839524315926,
          0.0
        ]
      ],
      "circuit_depth": 42,
      "num_gates": 77
    },
    {
      "timestep": 2,
      "statevector": [
        {
          "real": 0.06241758788556248,
          "imag": 0.8614369681355466
        },
        {
          "real": -0.013082763842217272,
          "imag": 0.07434164118702251
        },
        {
          "real": 0.008506039394953535,
          "imag": 0.2806589513551627
        },
        {
          "real": -0.0015976786709130776,
          "imag": 0.10069881076300079
        },
        {
          "real": -0.013082763842217371,
          "imag": 0.07434164118702236
        },
        {
          "real": -0.04339523102041315,
          "imag": -0.014308154413574494
        },
        {
          "real": -0.0015976786709131397,
          "imag": 0.10069881076300073
        },
        {
          "real": 0.07706989183583496,
          "imag": 0.04842977659799754
        },
        {
          "real": 0.008506039394953507,
          "imag": 0.2806589513551628
        },
        {
          "real": -0.0015976786709131058,
          "imag": 0.1006988107630008
        },
        {
          "real": 0.00844782264361079,
          "imag": 0.06995655767003872
        },
        {
          "real": 0.05528489075440295,
          "imag": 0.07182356965956034
        },
        {
          "real": -0.0015976786709130972,
          "imag": 0.10069881076300076
        },
        {
          "real": 0.07706989183583499,
          "imag": 0.04842977659799754
        },
        {
          "real": 0.05528489075440291,
          "imag": 0.07182356965956029
        },
        {
          "real": 0.0002223677675609625,
          "imag": -0.06577378136013423
        }
      ],
      "mutual_information_matrix": [
        [
          0.0,
          0.15787443915750043,
          0.13837296148695627,
          0.15787443915749994
        ],
        [
          0.15787443915750043,
          0.0,
          0.1578744391575006,
          0.11225995810222678
        ],
        [
          0.13837296148695627,
          0.1578744391575006,
          0.0,
          0.1578744391575006
        ],
        [
          0.15787443915749994,
          0.11225995810222678,
          0.1578744391575006,
          0.0
        ]
      ],
      "circuit_depth": 82,
      "num_gates": 149
    }
  ],
  "emergent_geometry_teleportation": null,
  "superposition_gravity": null,
  "teleportation_geometry_correlation": null
}