{
  "spec": {
    "num_qubits": 4,
    "topology": "triangulated",
    "custom_edges": "0-1:0.1466,0-2:0.1123,0-3:0.1547,1-2:0.2019,1-3:0.1072,2-3:0.1072",
    "alpha": 0.8,
    "weight": 0.11977789437714338,
    "gamma": 0.01,
    "sigma": 0.21113668513198472,
    "init_angle": 1.6735754676671897,
    "init_angles": null,
    "shots": 100,
    "device": "simulator",
    "geometry": "spherical",
    "curvature": 4.5,
    "timesteps": 2,
    "dimension": 2,
    "mass_hinge": null,
    "mass_value": 0.0,
    "solve_regge": false,
    "lorentzian": true,
    "excite": true,
    "fast": false,
    "fast_preset": "balanced",
    "ctc_mode": false,
    "ctc_perturbation": null,
    "ctc_perturbation_strength": 1.0,
    "test_ctc_recovery": false,
    "strong_curvature": true,
    "charge_injection": true,
    "charge_strength": 2.5,
    "charge_location": null,
    "spin_injection": true,
    "spin_strength": 2.0,
    "spin_location": null,
    "edge_floor": 0.001,
    "compute_entropies": true,
    "hyperbolic_triangulation": true,
    "trotter_steps": 8,
    "dt": 0.05,
    "analyze_curvature": true,
    "einstein_solver": true,
    "page_curve": true,
    "radiation_ordering": null,
    "page_curve_timesteps": 15,
    "entropy_method": "hybrid",
    "num_shadows": 100,
    "shots_per_shadow": 1000,
    "num_bases": 20,
    "shots_per_basis": 1000,
    "enhanced_entanglement": false,
    "entanglement_strength": 1.5876754645410613,
    "interpolate_geometry": false,
    "smooth_charge_injection": false,
    "min_qubits_for_continuum": 10,
    "benchmark_against_classical_geometry": false,
    "geometry_fit_metric": "wasserstein,kl,euclidean",
    "verify_noise_robustness": false,
    "run_on_multiple_backends": false,
    "detect_and_flag_causal_loops": true,
    "restrict_information_flow_direction": "bidirectional",
    "filter_noncausal_edges": true,
    "use_ryu_takayanagi_test": true,
    "compare_MI_vs_subsystem_entropy": true,
    "embed_boundary_entropy_in_geometry": true,
    "entropy_engineering": true,
    "target_entropy_pattern": "quantum_gravity",
    "custom_target_entropies": null,
    "entropy_optimization_iterations": 200,
    "entropy_tolerance": 0.05,
    "continue_on_engineering_failure": true,
    "skip_entropy_engineering": false,
    "validate_engineered_geometry": true,
    "enhance_bell_violations": true,
    "bell_entanglement_strength": 4.0,
    "teleportation_circuits": true,
    "long_range_coupling": 3.0,
    "holographic_optimization": true,
    "rt_surface_encoding": true,
    "conformal_symmetry": true,
    "bulk_reconstruction": true,
    "scalable_entanglement": true,
    "parallel_execution": true,
    "memory_optimization": true,
    "circuit_compilation": "optimized",
    "real_hardware": false,
    "error_mitigation": true,
    "zero_noise_extrapolation": true,
    "zne_noise_factors": [
      1.0,
      2.0,
      3.0
    ],
    "zne_extrapolation_method": "polynomial",
    "hardware_calibration": true,
    "noise_characterization": true,
    "backend_name": "ibm_brisbane",
    "quantum_mode": true,
    "quantum_entanglement_strength": 5.0,
    "quantum_circuit_depth": 12,
    "geometric_teleportation": false,
    "teleportation_mode": "both",
    "bridge_strength": 1.0,
    "signal_state": "+",
    "emergent_geometry_teleportation": false,
    "teleportation_node_pairs": "auto",
    "teleportation_embedding_dim": 2,
    "teleportation_fidelity_threshold": 0.7,
    "superposition_gravity": true,
    "massive_bulk_mass_hinge": "0,1,2",
    "massive_bulk_mass_value": 2.0,
    "massless_bulk_mass_hinge": null,
    "massless_bulk_mass_value": 0.0,
    "superposition_control_qubit": 0,
    "superposition_phase": 0.0,
    "interference_analysis": true,
    "classical_mixture_comparison": true,
    "coherence_preservation": true,
    "bulk_reconstruction_method": "mi_embedding"
  },
  "uid": "EUKEJQ",
  "counts_per_timestep": [
    null,
    null
  ],
  "job_ids_per_timestep": [
    null,
    null
  ],
  "entropy_per_timestep": [
    null,
    null
  ],
  "mutual_information_per_timestep": [
    {
      "I_0,1": 0.028668787812702885,
      "I_0,2": 0.032196821630001704,
      "I_0,3": 0.02866878781270195,
      "I_1,2": 0.02866878781270174,
      "I_1,3": 0.006636395443886646,
      "I_2,3": 0.028668787812700908
    },
    {
      "I_0,1": 0.046637146246985894,
      "I_0,2": 0.05312967725322189,
      "I_0,3": 0.04663714624698581,
      "I_1,2": 0.04663714624698484,
      "I_1,3": 0.012475716793138136,
      "I_2,3": 0.046637146246984604
    }
  ],
  "boundary_entropies_per_timestep": [
    {
      "entropy_A": 0.03141510367365848,
      "entropy_B": 0.031415103673657484,
      "mi_AB": 0.06283020734730523,
      "pure_state_check": true,
      "entropy_difference": 9.992007221626409e-16,
      "multiple_regions": {
        "size_1_region_0": {
          "region": [
            0
          ],
          "entropy": 0.04419531676671478,
          "rt_area": 3,
          "size": 1
        },
        "size_1_region_1": {
          "region": [
            1
          ],
          "entropy": 0.03141510367365747,
          "rt_area": 3,
          "size": 1
        },
        "size_1_region_2": {
          "region": [
            2
          ],
          "entropy": 0.044195316766714496,
          "rt_area": 3,
          "size": 1
        },
        "size_2_region_0": {
          "region": [
            0,
            1
          ],
          "entropy": 0.0469416326276697,
          "rt_area": 4,
          "size": 2
        },
        "size_2_region_1": {
          "region": [
            0,
            2
          ],
          "entropy": 0.056193811903428065,
          "rt_area": 4,
          "size": 2
        },
        "size_2_region_2": {
          "region": [
            0,
            3
          ],
          "entropy": 0.046941632627670496,
          "rt_area": 4,
          "size": 2
        },
        "size_3_region_0": {
          "region": [
            0,
            1,
            2
          ],
          "entropy": 0.03141510367365848,
          "rt_area": 3,
          "size": 3
        },
        "size_3_region_1": {
          "region": [
            0,
            1,
            3
          ],
          "entropy": 0.04419531676671583,
          "rt_area": 3,
          "size": 3
        },
        "size_3_region_2": {
          "region": [
            0,
            2,
            3
          ],
          "entropy": 0.03141510367365779,
          "rt_area": 3,
          "size": 3
        }
      }
    },
    {
      "entropy_A": 0.05186381066276361,
      "entropy_B": 0.05186381066276444,
      "mi_AB": 0.10372762132551079,
      "pure_state_check": true,
      "entropy_difference": 8.257283745649602e-16,
      "multiple_regions": {
        "size_1_region_0": {
          "region": [
            0
          ],
          "entropy": 0.07219079089280626,
          "rt_area": 3,
          "size": 1
        },
        "size_1_region_1": {
          "region": [
            1
          ],
          "entropy": 0.05186381066276488,
          "rt_area": 3,
          "size": 1
        },
        "size_1_region_2": {
          "region": [
            2
          ],
          "entropy": 0.07219079089280608,
          "rt_area": 3,
          "size": 1
        },
        "size_2_region_0": {
          "region": [
            0,
            1
          ],
          "entropy": 0.07741745530858524,
          "rt_area": 4,
          "size": 2
        },
        "size_2_region_1": {
          "region": [
            0,
            2
          ],
          "entropy": 0.09125190453239039,
          "rt_area": 4,
          "size": 2
        },
        "size_2_region_2": {
          "region": [
            0,
            3
          ],
          "entropy": 0.07741745530858515,
          "rt_area": 4,
          "size": 2
        },
        "size_3_region_0": {
          "region": [
            0,
            1,
            2
          ],
          "entropy": 0.05186381066276361,
          "rt_area": 3,
          "size": 3
        },
        "size_3_region_1": {
          "region": [
            0,
            1,
            3
          ],
          "entropy": 0.07219079089280708,
          "rt_area": 3,
          "size": 3
        },
        "size_3_region_2": {
          "region": [
            0,
            2,
            3
          ],
          "entropy": 0.051863810662764645,
          "rt_area": 3,
          "size": 3
        }
      }
    }
  ],
  "distance_matrix_per_timestep": [
    [
      [
        0.0,
        3.5519462806677407,
        3.4358875384464493,
        3.5519462806677735
      ],
      [
        3.5519462806677407,
        0.0,
        3.5519462806677806,
        7.103892561335514
      ],
      [
        3.4358875384464493,
        3.5519462806677806,
        0.0,
        3.55194628066781
      ],
      [
        3.5519462806677735,
        7.103892561335514,
        3.55194628066781,
        0.0
      ]
    ],
    [
      [
        0.0,
        3.0653579256260857,
        2.9350196131994735,
        3.0653579256260874
      ],
      [
        3.0653579256260857,
        0.0,
        3.0653579256261083,
        6.130715851252173
      ],
      [
        2.9350196131994735,
        3.0653579256261083,
        0.0,
        3.065357925626113
      ],
      [
        3.0653579256260874,
        6.130715851252173,
        3.065357925626113,
        0.0
      ]
    ]
  ],
  "edge_mi": {
    "0,1": 0.046637146246985894,
    "0,3": 0.04663714624698581,
    "0,2": 0.05312967725322189,
    "1,2": 0.04663714624698484,
    "2,3": 0.046637146246984604
  },
  "distance_matrix": [
    [
      0.0,
      3.0653579256260857,
      2.9350196131994735,
      3.0653579256260874
    ],
    [
      3.0653579256260857,
      0.0,
      3.0653579256261083,
      4.383971180627437
    ],
    [
      2.9350196131994735,
      3.0653579256261083,
      0.0,
      3.065357925626113
    ],
    [
      3.0653579256260874,
      4.383971180627437,
      3.065357925626113,
      0.0
    ]
  ],
  "shortest_paths": {
    "0": {
      "0": 0,
      "2": 2.9350196131994735,
      "1": 3.0653579256260857,
      "3": 3.0653579256260874
    },
    "1": {
      "1": 0,
      "0": 3.0653579256260857,
      "2": 3.0653579256261083,
      "3": 4.383971180627437
    },
    "2": {
      "2": 0,
      "0": 2.9350196131994735,
      "1": 3.0653579256261083,
      "3": 3.065357925626113
    },
    "3": {
      "3": 0,
      "0": 3.0653579256260874,
      "2": 3.065357925626113,
      "1": 4.383971180627437
    }
  },
  "gromov_delta": 2.1919855903137213,
  "mean_distance": 2.447552812041413,
  "angle_sums": [
    3.661172294041995,
    3.141592653589793,
    3.6611722940419797,
    3.141592653589793
  ],
  "mean_angle_sum": 3.4013824738158904,
  "min_angle_sum": 3.141592653589793,
  "max_angle_sum": 3.661172294041995,
  "angle_sum_deviations": [
    0.5195796404522017,
    0.0,
    0.5195796404521866,
    0.0
  ],
  "triangle_inequality_violations": [],
  "embedding_coords": [
    [
      0.04822500227987014,
      0.002893655960808731
    ],
    [
      -0.04697246654169411,
      0.035324728608453836
    ],
    [
      0.047356818282578664,
      -0.007308658309374076
    ],
    [
      -0.04860935402075468,
      -0.030909726259888498
    ]
  ],
  "embedding_coords_3d": [
    [
      -0.03604227456334853,
      -0.035063125962933546,
      0.00704022036207761
    ],
    [
      0.02724772881147469,
      0.03581010840792261,
      -0.0356357909080706
    ],
    [
      -0.027613558771480227,
      -0.03821348854924265,
      0.004788893453206597
    ],
    [
      0.03640810452335405,
      0.037466506104253575,
      0.02380667709278639
    ]
  ],
  "edge_weight_variance": 0.0011655380555555554,
  "event_nodes": [
    [
      0,
      0
    ],
    [
      1,
      0
    ],
    [
      2,
      0
    ],
    [
      3,
      0
    ],
    [
      0,
      1
    ],
    [
      1,
      1
    ],
    [
      2,
      1
    ],
    [
      3,
      1
    ]
  ],
  "event_edges": [
    {
      "type": "spatial",
      "from": [
        0,
        0
      ],
      "to": [
        1,
        0
      ],
      "weight": 3.5519462806677407
    },
    {
      "type": "spatial",
      "from": [
        0,
        0
      ],
      "to": [
        2,
        0
      ],
      "weight": 3.4358875384464493
    },
    {
      "type": "spatial",
      "from": [
        0,
        0
      ],
      "to": [
        3,
        0
      ],
      "weight": 3.5519462806677735
    },
    {
      "type": "spatial",
      "from": [
        1,
        0
      ],
      "to": [
        2,
        0
      ],
      "weight": 3.5519462806677806
    },
    {
      "type": "spatial",
      "from": [
        1,
        0
      ],
      "to": [
        3,
        0
      ],
      "weight": 7.103892561335514
    },
    {
      "type": "spatial",
      "from": [
        2,
        0
      ],
      "to": [
        3,
        0
      ],
      "weight": 3.55194628066781
    },
    {
      "type": "temporal",
      "from": [
        0,
        0
      ],
      "to": [
        0,
        1
      ],
      "weight": 1.0
    },
    {
      "type": "temporal",
      "from": [
        1,
        0
      ],
      "to": [
        1,
        1
      ],
      "weight": 1.0
    },
    {
      "type": "temporal",
      "from": [
        2,
        0
      ],
      "to": [
        2,
        1
      ],
      "weight": 1.0
    },
    {
      "type": "temporal",
      "from": [
        3,
        0
      ],
      "to": [
        3,
        1
      ],
      "weight": 1.0
    },
    {
      "type": "spatial",
      "from": [
        0,
        1
      ],
      "to": [
        1,
        1
      ],
      "weight": 3.0653579256260857
    },
    {
      "type": "spatial",
      "from": [
        0,
        1
      ],
      "to": [
        2,
        1
      ],
      "weight": 2.9350196131994735
    },
    {
      "type": "spatial",
      "from": [
        0,
        1
      ],
      "to": [
        3,
        1
      ],
      "weight": 3.0653579256260874
    },
    {
      "type": "spatial",
      "from": [
        1,
        1
      ],
      "to": [
        2,
        1
      ],
      "weight": 3.0653579256261083
    },
    {
      "type": "spatial",
      "from": [
        1,
        1
      ],
      "to": [
        3,
        1
      ],
      "weight": 6.130715851252173
    },
    {
      "type": "spatial",
      "from": [
        2,
        1
      ],
      "to": [
        3,
        1
      ],
      "weight": 3.065357925626113
    }
  ],
  "lorentzian_dissimilarity": [
    [
      0.0,
      12.616322380749397,
      11.805323176851601,
      12.61632238074963,
      -1.0,
      11.616322380749397,
      10.805323176851601,
      11.61632238074963
    ],
    [
      12.616322380749397,
      0.0,
      12.616322380749681,
      50.46528952299805,
      11.616322380749397,
      -1.0,
      11.616322380749681,
      49.46528952299805
    ],
    [
      11.805323176851601,
      12.616322380749681,
      0.0,
      12.616322380749889,
      10.805323176851601,
      11.616322380749681,
      -1.0,
      11.616322380749889
    ],
    [
      12.61632238074963,
      50.46528952299805,
      12.616322380749889,
      0.0,
      11.61632238074963,
      49.46528952299805,
      11.616322380749889,
      -1.0
    ],
    [
      -1.0,
      11.616322380749397,
      10.805323176851601,
      11.61632238074963,
      0.0,
      9.396419212198658,
      8.614340129865587,
      9.39641921219867
    ],
    [
      11.616322380749397,
      -1.0,
      11.616322380749681,
      49.46528952299805,
      9.396419212198658,
      0.0,
      9.396419212198797,
      37.585676848794655
    ],
    [
      10.805323176851601,
      11.616322380749681,
      -1.0,
      11.616322380749889,
      8.614340129865587,
      9.396419212198797,
      0.0,
      9.396419212198827
    ],
    [
      11.61632238074963,
      49.46528952299805,
      11.616322380749889,
      -1.0,
      9.39641921219867,
      37.585676848794655,
      9.396419212198827,
      0.0
    ]
  ],
  "lorentzian_embedding": [
    [
      0.03821381325229799,
      0.4460789162320635,
      1.0296804146618554
    ],
    [
      1.4175608362948484,
      -3.0529854611537743,
      -0.6154964566036095
    ],
    [
      -0.5651460805797379,
      0.6130788842386716,
      -2.496599150833252
    ],
    [
      1.688105641346235,
      4.213766539461562,
      -0.22504880987599057
    ],
    [
      -0.24379614535999847,
      0.4505751792392198,
      0.7504476420986378
    ],
    [
      1.0963573595281928,
      -2.6260646419426403,
      -0.650280890369858
    ],
    [
      -0.765846959877085,
      0.595071009517527,
      -2.300621039286302
    ],
    [
      1.3345478951595489,
      3.76799636891385,
      -0.3066704812676855
    ]
  ],
  "edge_length_evolution": [],
  "angle_deficit_evolution": [],
  "regge_action_evolution": [],
  "gromov_delta_evolution": [],
  "mass_hinge": null,
  "mass_value": 0.0,
  "matter": [
    {
      "(0, 1)": 0.0,
      "(1, 2)": 0.0,
      "(0, 3)": 0.0,
      "(2, 3)": 0.0,
      "(0, 2)": 0.0,
      "(1, 3)": 0.0
    },
    {
      "(0, 1)": 0.0,
      "(1, 2)": 0.0,
      "(0, 3)": 0.0,
      "(2, 3)": 0.0,
      "(0, 2)": 0.0,
      "(1, 3)": 0.0
    }
  ],
  "stationary_solution": null,
  "einstein_analysis_per_timestep": [
    {
      "ricci_tensor": [
        [
          0.00959427302029349,
          0.0
        ],
        [
          0.0,
          0.00959427302029349
        ]
      ],
      "metric_tensor": [
        [
          1.0019188546040587,
          0.000959427302029349
        ],
        [
          0.000959427302029349,
          1.0019188546040587
        ]
      ],
      "stress_energy_tensor": [
        [
          0.00959427302029349,
          0.0001918854604058698
        ],
        [
          0.0001918854604058698,
          0.00959427302029349
        ]
      ],
      "einstein_solution": {
        "einstein_tensor": [
          [
            0.0,
            0.0
          ],
          [
            0.0,
            0.0
          ]
        ],
        "ricci_scalar": 0.01918854604058698,
        "metric_tensor": [
          [
            1.0,
            0.0
          ],
          [
            0.0,
            1.0
          ]
        ],
        "lhs": [
          [
            0.0,
            0.0
          ],
          [
            0.0,
            0.0
          ]
        ],
        "rhs": [
          [
            0.00959427302029349,
            0.0001918854604058698
          ],
          [
            0.0001918854604058698,
            0.00959427302029349
          ]
        ],
        "equations_satisfied": false,
        "residual": 0.013571064425301852,
        "conservation_violation": 0.00959427302029349,
        "gravitational_constant": 0.039788735772973836,
        "cosmological_constant": 0.0
      },
      "entropy_first_derivative": 0.0,
      "entropy_second_derivative": 0.0,
      "entropy_curvature_correlation": 0.01356834602641117,
      "emergent_gravitational_constant": 0.0015269759765529172,
      "average_mutual_information": 0.01918854604058698,
      "ricci_scalar": 0.01918854604058698,
      "analysis_summary": {
        "einstein_equations_satisfied": false,
        "residual_magnitude": 0.013571064425301852,
        "conservation_violation": 0.00959427302029349,
        "entropy_evolution_rate": 0.0,
        "entropy_acceleration": 0.0,
        "entanglement_curvature_coupling": 0.01356834602641117
      }
    },
    {
      "ricci_tensor": [
        [
          0.01575962368964382,
          0.0
        ],
        [
          0.0,
          0.01575962368964382
        ]
      ],
      "metric_tensor": [
        [
          1.0031519247379288,
          0.0015759623689643822
        ],
        [
          0.0015759623689643822,
          1.0031519247379288
        ]
      ],
      "stress_energy_tensor": [
        [
          0.01575962368964382,
          0.00031519247379287646
        ],
        [
          0.00031519247379287646,
          0.01575962368964382
        ]
      ],
      "einstein_solution": {
        "einstein_tensor": [
          [
            0.0,
            0.0
          ],
          [
            0.0,
            0.0
          ]
        ],
        "ricci_scalar": 0.03151924737928764,
        "metric_tensor": [
          [
            1.0,
            0.0
          ],
          [
            0.0,
            1.0
          ]
        ],
        "lhs": [
          [
            0.0,
            0.0
          ],
          [
            0.0,
            0.0
          ]
        ],
        "rhs": [
          [
            0.01575962368964382,
            0.00031519247379287646
          ],
          [
            0.00031519247379287646,
            0.01575962368964382
          ]
        ],
        "equations_satisfied": false,
        "residual": 0.022291930608842225,
        "conservation_violation": 0.01575962368964382,
        "gravitational_constant": 0.039788735772973836,
        "cosmological_constant": 0.0
      },
      "entropy_first_derivative": 0.0,
      "entropy_second_derivative": 0.0,
      "entropy_curvature_correlation": 0.022287468559791728,
      "emergent_gravitational_constant": 0.0025082220114749482,
      "average_mutual_information": 0.03151924737928764,
      "ricci_scalar": 0.03151924737928764,
      "analysis_summary": {
        "einstein_equations_satisfied": false,
        "residual_magnitude": 0.022291930608842225,
        "conservation_violation": 0.01575962368964382,
        "entropy_evolution_rate": 0.0,
        "entropy_acceleration": 0.0,
        "entanglement_curvature_coupling": 0.022287468559791728
      }
    }
  ],
  "bootstrap_analysis": {
    "gromov_delta": {
      "mean": 3.3086521031469314,
      "lower_ci": 3.065357925626089,
      "upper_ci": 3.5519462806677735,
      "all_values": [
        3.5519462806677735,
        3.065357925626089
      ],
      "uncertainty": 0.24329417752084215
    },
    "entropy": {
      "mean": null,
      "lower_ci": null,
      "upper_ci": null,
      "uncertainty": null
    },
    "distance_matrix": {
      "mean": [
        [
          0.0,
          3.308652103146913,
          3.1854535758229616,
          3.3086521031469305
        ],
        [
          3.308652103146913,
          0.0,
          3.3086521031469447,
          6.617304206293843
        ],
        [
          3.1854535758229616,
          3.3086521031469447,
          0.0,
          3.3086521031469616
        ],
        [
          3.3086521031469305,
          6.617304206293843,
          3.3086521031469616,
          0.0
        ]
      ],
      "lower_ci": [
        [
          0.0,
          3.0653579256260857,
          2.9350196131994735,
          3.0653579256260874
        ],
        [
          3.0653579256260857,
          0.0,
          3.0653579256261083,
          6.130715851252173
        ],
        [
          2.9350196131994735,
          3.0653579256261083,
          0.0,
          3.065357925626113
        ],
        [
          3.0653579256260874,
          6.130715851252173,
          3.065357925626113,
          0.0
        ]
      ],
      "upper_ci": [
        [
          0.0,
          3.5519462806677407,
          3.4358875384464493,
          3.5519462806677735
        ],
        [
          3.5519462806677407,
          0.0,
          3.5519462806677806,
          7.103892561335514
        ],
        [
          3.4358875384464493,
          3.5519462806677806,
          0.0,
          3.55194628066781
        ],
        [
          3.5519462806677735,
          7.103892561335514,
          3.55194628066781,
          0.0
        ]
      ]
    }
  },
  "topology_compatibility": {
    "current_topology": "triangulated",
    "explanation": "Triangulated topology is specifically designed for angle-sum curvature. Creates multiple triangles per vertex, enabling robust local curvature measurements. Each vertex has multiple incident triangles for well-defined angle sums.",
    "supports_local_curvature": true
  },
  "rt_surface_analysis": {
    "region_A": [
      0
    ],
    "region_B": [
      1,
      2,
      3
    ],
    "bulk_point": 2,
    "is_complementary": true,
    "rt_area_AB": 9.065735464451645,
    "rt_area_BA": 9.065735464451645,
    "area_consistent": true,
    "edges_consistent": true,
    "area_difference": 0.0,
    "rt_edges_AB": [
      [
        0,
        1
      ],
      [
        0,
        2
      ],
      [
        0,
        3
      ]
    ],
    "rt_edges_BA": [
      [
        0,
        1
      ],
      [
        0,
        2
      ],
      [
        0,
        3
      ]
    ],
    "edge_lengths": [
      3.0653579256260857,
      2.9350196131994735,
      3.0653579256260874,
      3.0653579256261083,
      6.130715851252173,
      3.065357925626113
    ],
    "all_edges": [
      [
        0,
        1
      ],
      [
        0,
        2
      ],
      [
        0,
        3
      ],
      [
        1,
        2
      ],
      [
        1,
        3
      ],
      [
        2,
        3
      ]
    ]
  },
  "bulk_excitation_analysis": {
    "ground_state_mi": [
      [
        0.0,
        0.04663714624698591,
        0.053129677253221944,
        0.04663714624698555
      ],
      [
        0.04663714624698591,
        0.0,
        0.046637146246984715,
        0.012475716793138747
      ],
      [
        0.053129677253221944,
        0.046637146246984715,
        0.0,
        0.04663714624698416
      ],
      [
        0.04663714624698555,
        0.012475716793138747,
        0.04663714624698416,
        0.0
      ]
    ],
    "excited_state_mi": [
      [
        0.0,
        0.040117675856316704,
        0.06198399190665094,
        0.04011767585631604
      ],
      [
        0.040117675856316704,
        0.0,
        0.4730769376252605,
        0.14296978703660745
      ],
      [
        0.06198399190665094,
        0.4730769376252605,
        0.0,
        0.47307693762525993
      ],
      [
        0.04011767585631604,
        0.14296978703660745,
        0.47307693762525993,
        0.0
      ]
    ],
    "mi_difference": [
      [
        0.0,
        -0.006519470390669205,
        0.008854314653428993,
        -0.00651947039066951
      ],
      [
        -0.006519470390669205,
        0.0,
        0.42643979137827576,
        0.1304940702434687
      ],
      [
        0.008854314653428993,
        0.42643979137827576,
        0.0,
        0.42643979137827576
      ],
      [
        -0.00651947039066951,
        0.1304940702434687,
        0.42643979137827576,
        0.0
      ]
    ],
    "avg_mi_change": 0.12565836355434848,
    "max_mi_change": 0.42643979137827576,
    "mi_change_boundary_A": NaN,
    "mi_change_boundary_B": 0.32779121766667346,
    "bulk_point": 2,
    "ground_state_counts": {
      "1101 1101": 3,
      "1011 1011": 3,
      "1111 1111": 90,
      "0111 0111": 2,
      "1110 1110": 2
    },
    "excited_state_counts": {
      "0100 1110": 1,
      "0101 1111": 29,
      "0001 1111": 38,
      "1001 1111": 8,
      "1101 1111": 6,
      "0000 1110": 1,
      "0011 1111": 5,
      "0111 1011": 2,
      "1111 1111": 1,
      "0111 1111": 6,
      "0101 1011": 1,
      "0110 1100": 1,
      "0001 1011": 1
    },
    "boundary_entropies": {
      "ground_state": {
        "entropy_A": 0.05186381066276361,
        "entropy_B": 0.05186381066276444,
        "mi_AB": 0.10372762132551079
      },
      "excited_state": {
        "entropy_A": 0.3291633193422563,
        "entropy_B": 0.32916331934225557,
        "mi_AB": 0.6583266386844889
      },
      "rt_relation_test": {
        "entropy_ratio": 1.000000000000016,
        "rt_area_ratio": 1.0,
        "rt_deviation": 1.5987211554602254e-14,
        "excited_entropy_ratio": 0.9999999999999978,
        "rt_relation_change": 1.8207657603852567e-14
      }
    }
  },
  "page_curve_analysis": null,
  "deutsch_ctc_analysis": null,
  "ctc_recovery_analysis": null,
  "einstein_analysis": null,
  "dynamic_evidence": {
    "angle_sums_per_timestep": [
      [
        3.840571113522934,
        0.0,
        3.84057111352299,
        3.1415936645056606
      ],
      [
        3.661172294041995,
        0.0,
        3.6611722940419797,
        3.141592685879176
      ]
    ],
    "gromov_delta_per_timestep": [
      3.5519462806677735,
      3.065357925626089
    ],
    "edge_mi_per_timestep": [
      {
        "0,1": 0.028668787812702885,
        "0,3": 0.02866878781270195,
        "0,2": 0.032196821630001704,
        "1,2": 0.02866878781270174,
        "2,3": 0.028668787812700908
      },
      {
        "0,1": 0.046637146246985894,
        "0,3": 0.04663714624698581,
        "0,2": 0.05312967725322189,
        "1,2": 0.04663714624698484,
        "2,3": 0.046637146246984604
      }
    ],
    "shortest_paths_per_timestep": [
      {
        "0": {
          "0": 0,
          "2": 3.4358875384464493,
          "1": 3.5519462806677407,
          "3": 3.5519462806677735
        },
        "1": {
          "1": 0,
          "0": 3.5519462806677407,
          "2": 3.5519462806677806,
          "3": 7.103892561335514
        },
        "2": {
          "2": 0,
          "0": 3.4358875384464493,
          "1": 3.5519462806677806,
          "3": 3.55194628066781
        },
        "3": {
          "3": 0,
          "0": 3.5519462806677735,
          "2": 3.55194628066781,
          "1": 7.103892561335514
        }
      },
      {
        "0": {
          "0": 0,
          "2": 2.9350196131994735,
          "1": 3.0653579256260857,
          "3": 3.0653579256260874
        },
        "1": {
          "1": 0,
          "0": 3.0653579256260857,
          "2": 3.0653579256261083,
          "3": 6.130715851252173
        },
        "2": {
          "2": 0,
          "0": 2.9350196131994735,
          "1": 3.0653579256261083,
          "3": 3.065357925626113
        },
        "3": {
          "3": 0,
          "0": 3.0653579256260874,
          "2": 3.065357925626113,
          "1": 6.130715851252173
        }
      }
    ],
    "mean_distance_per_timestep": [
      3.0934456528066336,
      2.665895895869505
    ],
    "triangle_violations_per_timestep": [
      0,
      0
    ],
    "embedding_coords_per_timestep": [
      [
        [
          0.19068245214153307,
          0.19429946762291966
        ],
        [
          -0.20437439778099742,
          0.11143552855961898
        ],
        [
          0.20730393790098323,
          -0.17672521976497943
        ],
        [
          -0.19361199226151893,
          -0.12900977641755923
        ]
      ],
      [
        [
          0.00027375524491499354,
          -0.002160775169839052
        ],
        [
          -0.09255435027173955,
          0.04118304987643819
        ],
        [
          0.002445988890510515,
          0.007799397304298884
        ],
        [
          0.08983460613631407,
          -0.04682167201089803
        ]
      ]
    ],
    "regge_evolution_data": null,
    "evolution_summary": {
      "total_timesteps": 2,
      "gromov_delta_range": [
        3.065357925626089,
        3.5519462806677735
      ],
      "mean_distance_range": [
        2.665895895869505,
        3.0934456528066336
      ],
      "total_triangle_violations": 0,
      "hyperbolic_evolution": [
        false,
        false
      ],
      "regge_corrected": false
    }
  },
  "quantum_state_outputs": [
    {
      "timestep": 1,
      "statevector": [
        {
          "real": 0.024167403915359893,
          "imag": -0.019134602823142347
        },
        {
          "real": -0.0062077376542461595,
          "imag": -0.06175685936258067
        },
        {
          "real": -0.018639995013410973,
          "imag": -0.06126848717337058
        },
        {
          "real": -0.13822458498574666,
          "imag": -0.001465287526075898
        },
        {
          "real": -0.006207737654246159,
          "imag": -0.061756859362580706
        },
        {
          "real": -0.13596869066555603,
          "imag": -0.02921487928083338
        },
        {
          "real": -0.13822458498574652,
          "imag": -0.0014652875260758949
        },
        {
          "real": -0.009947403035827102,
          "imag": 0.31129337789802164
        },
        {
          "real": -0.018639995013410984,
          "imag": -0.06126848717337063
        },
        {
          "real": -0.1382245849857465,
          "imag": -0.0014652875260758914
        },
        {
          "real": -0.13666853743447685,
          "imag": -0.013789754182856677
        },
        {
          "real": -0.0377757834102876,
          "imag": 0.3106898730433231
        },
        {
          "real": -0.13822458498574652,
          "imag": -0.0014652875260758947
        },
        {
          "real": -0.0099474030358271,
          "imag": 0.3112933778980216
        },
        {
          "real": -0.037775783410287596,
          "imag": 0.31068987304332335
        },
        {
          "real": 0.6843355704689141,
          "imag": -0.10133885266837646
        }
      ],
      "mutual_information_matrix": [
        [
          0.0,
          0.028668787812702885,
          0.032196821630001704,
          0.02866878781270195
        ],
        [
          0.028668787812702885,
          0.0,
          0.02866878781270174,
          0.006636395443886646
        ],
        [
          0.032196821630001704,
          0.02866878781270174,
          0.0,
          0.028668787812700908
        ],
        [
          0.02866878781270195,
          0.006636395443886646,
          0.028668787812700908,
          0.0
        ]
      ],
      "circuit_depth": 42,
      "num_gates": 77
    },
    {
      "timestep": 2,
      "statevector": [
        {
          "real": -0.005622858068495457,
          "imag": -0.0013283701219070827
        },
        {
          "real": -0.00831744170930257,
          "imag": -0.0023294267069125
        },
        {
          "real": -0.013653815861828608,
          "imag": 0.0004800279613682846
        },
        {
          "real": -0.009013207001949899,
          "imag": 0.035218947307901004
        },
        {
          "real": -0.008317441709302568,
          "imag": -0.002329426706912569
        },
        {
          "real": -0.002033174374479683,
          "imag": -0.014271354000453294
        },
        {
          "real": -0.009013207001949682,
          "imag": 0.03521894730790103
        },
        {
          "real": -0.05499759776675622,
          "imag": 0.11302308213518303
        },
        {
          "real": -0.013653815861828605,
          "imag": 0.0004800279613681833
        },
        {
          "real": -0.009013207001949752,
          "imag": 0.035218947307901025
        },
        {
          "real": -0.007284188226364797,
          "imag": 0.03137336210195862
        },
        {
          "real": -0.09631147240552636,
          "imag": 0.10891817881682458
        },
        {
          "real": -0.009013207001949694,
          "imag": 0.03521894730790101
        },
        {
          "real": -0.05499759776675622,
          "imag": 0.11302308213518297
        },
        {
          "real": -0.09631147240552633,
          "imag": 0.10891817881682488
        },
        {
          "real": 0.9295573267327253,
          "imag": -0.2344346884935656
        }
      ],
      "mutual_information_matrix": [
        [
          0.0,
          0.046637146246985894,
          0.05312967725322189,
          0.04663714624698581
        ],
        [
          0.046637146246985894,
          0.0,
          0.04663714624698484,
          0.012475716793138136
        ],
        [
          0.05312967725322189,
          0.04663714624698484,
          0.0,
          0.046637146246984604
        ],
        [
          0.04663714624698581,
          0.012475716793138136,
          0.046637146246984604,
          0.0
        ]
      ],
      "circuit_depth": 82,
      "num_gates": 149
    }
  ],
  "emergent_geometry_teleportation": null,
  "superposition_gravity": null,
  "teleportation_geometry_correlation": null
}