{
  "spec": {
    "num_qubits": 4,
    "topology": "triangulated",
    "custom_edges": "0-1:0.6994,0-2:0.5360,0-3:0.7382,1-2:0.9634,1-3:0.5114,2-3:0.5114",
    "alpha": 0.8,
    "weight": 0.5716037049772554,
    "gamma": 0.0526345613773052,
    "sigma": 0.33893247133315474,
    "init_angle": 2.102738940048618,
    "init_angles": null,
    "shots": 100,
    "device": "ibm_brisbane",
    "geometry": "spherical",
    "curvature": 4.5,
    "timesteps": 2,
    "dimension": 2,
    "mass_hinge": null,
    "mass_value": 0.0,
    "solve_regge": false,
    "lorentzian": true,
    "excite": true,
    "fast": false,
    "fast_preset": "balanced",
    "ctc_mode": false,
    "ctc_perturbation": null,
    "ctc_perturbation_strength": 1.0,
    "test_ctc_recovery": false,
    "strong_curvature": true,
    "charge_injection": true,
    "charge_strength": 2.5,
    "charge_location": null,
    "spin_injection": true,
    "spin_strength": 2.0,
    "spin_location": null,
    "edge_floor": 0.001,
    "compute_entropies": true,
    "hyperbolic_triangulation": true,
    "trotter_steps": 8,
    "dt": 0.05,
    "analyze_curvature": true,
    "einstein_solver": true,
    "page_curve": true,
    "radiation_ordering": null,
    "page_curve_timesteps": 15,
    "entropy_method": "hybrid",
    "num_shadows": 100,
    "shots_per_shadow": 1000,
    "num_bases": 20,
    "shots_per_basis": 1000,
    "enhanced_entanglement": false,
    "entanglement_strength": 1.336901460809218,
    "interpolate_geometry": false,
    "smooth_charge_injection": false,
    "min_qubits_for_continuum": 10,
    "benchmark_against_classical_geometry": false,
    "geometry_fit_metric": "wasserstein,kl,euclidean",
    "verify_noise_robustness": false,
    "run_on_multiple_backends": false,
    "detect_and_flag_causal_loops": true,
    "restrict_information_flow_direction": "bidirectional",
    "filter_noncausal_edges": true,
    "use_ryu_takayanagi_test": true,
    "compare_MI_vs_subsystem_entropy": true,
    "embed_boundary_entropy_in_geometry": true,
    "entropy_engineering": true,
    "target_entropy_pattern": "quantum_gravity",
    "custom_target_entropies": null,
    "entropy_optimization_iterations": 200,
    "entropy_tolerance": 0.05,
    "continue_on_engineering_failure": true,
    "skip_entropy_engineering": false,
    "validate_engineered_geometry": true,
    "enhance_bell_violations": true,
    "bell_entanglement_strength": 4.0,
    "teleportation_circuits": true,
    "long_range_coupling": 3.0,
    "holographic_optimization": true,
    "rt_surface_encoding": true,
    "conformal_symmetry": true,
    "bulk_reconstruction": true,
    "scalable_entanglement": true,
    "parallel_execution": true,
    "memory_optimization": true,
    "circuit_compilation": "optimized",
    "real_hardware": false,
    "error_mitigation": true,
    "zero_noise_extrapolation": true,
    "zne_noise_factors": [
      1.0,
      2.0,
      3.0
    ],
    "zne_extrapolation_method": "polynomial",
    "hardware_calibration": true,
    "noise_characterization": true,
    "backend_name": "ibm_brisbane",
    "quantum_mode": true,
    "quantum_entanglement_strength": 5.0,
    "quantum_circuit_depth": 12,
    "geometric_teleportation": false,
    "teleportation_mode": "both",
    "bridge_strength": 1.0,
    "signal_state": "+",
    "emergent_geometry_teleportation": false,
    "teleportation_node_pairs": "auto",
    "teleportation_embedding_dim": 2,
    "teleportation_fidelity_threshold": 0.7,
    "superposition_gravity": true,
    "massive_bulk_mass_hinge": "0,1,2",
    "massive_bulk_mass_value": 2.0,
    "massless_bulk_mass_hinge": null,
    "massless_bulk_mass_value": 0.0,
    "superposition_control_qubit": 0,
    "superposition_phase": 0.0,
    "interference_analysis": true,
    "classical_mixture_comparison": true,
    "coherence_preservation": true,
    "bulk_reconstruction_method": "mi_embedding"
  },
  "uid": "NTPAFJ",
  "counts_per_timestep": [
    {
      "1011": 11,
      "1101": 7,
      "0101": 6,
      "1100": 6,
      "1111": 6,
      "0100": 4,
      "0111": 6,
      "0011": 6,
      "1000": 9,
      "1001": 9,
      "1110": 6,
      "0110": 3,
      "0000": 5,
      "0010": 6,
      "1010": 7,
      "0001": 3
    },
    {
      "0010": 9,
      "0111": 7,
      "0101": 6,
      "0000": 8,
      "0100": 8,
      "1000": 4,
      "1010": 7,
      "1011": 4,
      "0011": 6,
      "1100": 9,
      "1001": 3,
      "1111": 4,
      "0001": 8,
      "1110": 4,
      "0110": 7,
      "1101": 6
    }
  ],
  "job_ids_per_timestep": [
    "d27up2g56fsc73e6d9k0",
    "d27up3o56fsc73e6d9l0"
  ],
  "entropy_per_timestep": [
    3.9228241172864178,
    3.930883030731568
  ],
  "mutual_information_per_timestep": [
    {
      "I_0,1": 0.0017177456302502735,
      "I_0,2": 0.0012574794986010933,
      "I_0,3": 3.0457983415673557e-06,
      "I_1,2": 0.0016844774586148078,
      "I_1,3": 0.0010369443204665905,
      "I_2,3": 0.0028833359297625177
    },
    {
      "I_0,1": 0.0017177456302502735,
      "I_0,2": 0.0012574794986010933,
      "I_0,3": 3.0457983415673557e-06,
      "I_1,2": 0.0016844774586148078,
      "I_1,3": 0.0010369443204665905,
      "I_2,3": 0.0028833359297625177
    }
  ],
  "boundary_entropies_per_timestep": [
    {
      "entropy_A": -0.0,
      "entropy_B": -0.0,
      "mi_AB": 0.0,
      "pure_state_check": true,
      "entropy_difference": 0.0,
      "multiple_regions": {
        "size_1_region_0": {
          "region": [
            0
          ],
          "entropy": 0.6687480868518094,
          "rt_area": 3,
          "size": 1
        },
        "size_1_region_1": {
          "region": [
            1
          ],
          "entropy": 0.6859298002523728,
          "rt_area": 3,
          "size": 1
        },
        "size_2_region_0": {
          "region": [
            0,
            1
          ],
          "entropy": 0.5004024235381879,
          "rt_area": 4,
          "size": 2
        },
        "size_2_region_1": {
          "region": [
            0,
            2
          ],
          "entropy": 0.4713934868100941,
          "rt_area": 4,
          "size": 2
        },
        "size_3_region_0": {
          "region": [
            0,
            1,
            2
          ],
          "entropy": 0.2787693717685874,
          "rt_area": 3,
          "size": 3
        },
        "size_3_region_1": {
          "region": [
            0,
            1,
            3
          ],
          "entropy": 0.34651533691866615,
          "rt_area": 3,
          "size": 3
        }
      }
    },
    {
      "entropy_A": -0.0,
      "entropy_B": -0.0,
      "mi_AB": 0.0,
      "pure_state_check": true,
      "entropy_difference": 0.0,
      "multiple_regions": {
        "size_1_region_0": {
          "region": [
            0
          ],
          "entropy": 0.6768585467349507,
          "rt_area": 3,
          "size": 1
        },
        "size_1_region_1": {
          "region": [
            1
          ],
          "entropy": 0.6929471672244782,
          "rt_area": 3,
          "size": 1
        },
        "size_2_region_0": {
          "region": [
            0,
            1
          ],
          "entropy": 0.6191006644255871,
          "rt_area": 4,
          "size": 2
        },
        "size_2_region_1": {
          "region": [
            0,
            2
          ],
          "entropy": 0.6108643020548935,
          "rt_area": 4,
          "size": 2
        },
        "size_3_region_0": {
          "region": [
            0,
            1,
            2
          ],
          "entropy": 0.439669879401343,
          "rt_area": 3,
          "size": 3
        },
        "size_3_region_1": {
          "region": [
            0,
            1,
            3
          ],
          "entropy": 0.4558862130273584,
          "rt_area": 3,
          "size": 3
        }
      }
    }
  ],
  "distance_matrix_per_timestep": [
    [
      [
        0.0,
        6.366742527936241,
        6.678645959422609,
        12.527453305633802
      ],
      [
        6.366742527936241,
        0.0,
        6.386299876854689,
        12.235107223065881
      ],
      [
        6.678645959422609,
        6.386299876854689,
        0.0,
        5.848807346211193
      ],
      [
        12.527453305633802,
        12.235107223065881,
        5.848807346211193,
        0.0
      ]
    ],
    [
      [
        0.0,
        6.366742527936241,
        6.678645959422609,
        12.527453305633802
      ],
      [
        6.366742527936241,
        0.0,
        6.386299876854689,
        12.235107223065881
      ],
      [
        6.678645959422609,
        6.386299876854689,
        0.0,
        5.848807346211193
      ],
      [
        12.527453305633802,
        12.235107223065881,
        5.848807346211193,
        0.0
      ]
    ]
  ],
  "edge_mi": {
    "0,1": 0.0017177456302502735,
    "0,3": 3.0457983415673557e-06,
    "0,2": 0.0012574794986010933,
    "1,2": 0.0016844774586148078,
    "2,3": 0.0028833359297625177
  },
  "distance_matrix": [
    [
      0.0,
      6.366742527936241,
      6.678645959422609,
      12.527453305633802
    ],
    [
      6.366742527936241,
      0.0,
      6.386299876854689,
      6.871477044072511
    ],
    [
      6.678645959422609,
      6.386299876854689,
      0.0,
      5.848807346211193
    ],
    [
      12.527453305633802,
      6.871477044072511,
      5.848807346211193,
      0.0
    ]
  ],
  "shortest_paths": {
    "0": {
      "0": 0,
      "1": 6.366742527936241,
      "2": 6.678645959422609,
      "3": 12.527453305633802
    },
    "1": {
      "1": 0,
      "0": 6.366742527936241,
      "2": 6.386299876854689,
      "3": 6.871477044072511
    },
    "2": {
      "2": 0,
      "3": 5.848807346211193,
      "1": 6.386299876854689,
      "0": 6.678645959422609
    },
    "3": {
      "3": 0,
      "2": 5.848807346211193,
      "1": 6.871477044072511,
      "0": 12.527453305633802
    }
  },
  "gromov_delta": 6.67864595942261,
  "mean_distance": 5.58492825751638,
  "angle_sums": [
    3.6652283877590635,
    4.041088592226737,
    0.0,
    3.141592653589793
  ],
  "mean_angle_sum": 2.7119774083938983,
  "min_angle_sum": 0.0,
  "max_angle_sum": 4.041088592226737,
  "angle_sum_deviations": [
    0.5236357341692703,
    0.8994959386369441,
    -3.141592653589793,
    0.0
  ],
  "triangle_inequality_violations": [],
  "embedding_coords": [
    [
      0.17132611374572362,
      0.23995896875226946
    ],
    [
      -0.19273877689191535,
      0.1600346309001544
    ],
    [
      -0.004831501875768422,
      -0.20231769021944443
    ],
    [
      0.026244165021960187,
      -0.19767590943297944
    ]
  ],
  "embedding_coords_3d": [
    [
      0.12234724222109593,
      0.2727337084759815,
      -5.623587171862226e-05
    ],
    [
      0.10236809359387393,
      -0.047833942004266744,
      -0.22686180872637693
    ],
    [
      -0.09719642491165174,
      -0.11591734437553496,
      0.10983417965596327
    ],
    [
      -0.1275189109033181,
      -0.1089824220961798,
      0.11708386494213228
    ]
  ],
  "edge_weight_variance": 0.026543178888888894,
  "event_nodes": [
    [
      0,
      0
    ],
    [
      1,
      0
    ],
    [
      2,
      0
    ],
    [
      3,
      0
    ],
    [
      0,
      1
    ],
    [
      1,
      1
    ],
    [
      2,
      1
    ],
    [
      3,
      1
    ]
  ],
  "event_edges": [
    {
      "type": "spatial",
      "from": [
        0,
        0
      ],
      "to": [
        1,
        0
      ],
      "weight": 6.366742527936241
    },
    {
      "type": "spatial",
      "from": [
        0,
        0
      ],
      "to": [
        2,
        0
      ],
      "weight": 6.678645959422609
    },
    {
      "type": "spatial",
      "from": [
        0,
        0
      ],
      "to": [
        3,
        0
      ],
      "weight": 12.527453305633802
    },
    {
      "type": "spatial",
      "from": [
        1,
        0
      ],
      "to": [
        2,
        0
      ],
      "weight": 6.386299876854689
    },
    {
      "type": "spatial",
      "from": [
        1,
        0
      ],
      "to": [
        3,
        0
      ],
      "weight": 12.235107223065881
    },
    {
      "type": "spatial",
      "from": [
        2,
        0
      ],
      "to": [
        3,
        0
      ],
      "weight": 5.848807346211193
    },
    {
      "type": "temporal",
      "from": [
        0,
        0
      ],
      "to": [
        0,
        1
      ],
      "weight": 1.0
    },
    {
      "type": "temporal",
      "from": [
        1,
        0
      ],
      "to": [
        1,
        1
      ],
      "weight": 1.0
    },
    {
      "type": "temporal",
      "from": [
        2,
        0
      ],
      "to": [
        2,
        1
      ],
      "weight": 1.0
    },
    {
      "type": "temporal",
      "from": [
        3,
        0
      ],
      "to": [
        3,
        1
      ],
      "weight": 1.0
    },
    {
      "type": "spatial",
      "from": [
        0,
        1
      ],
      "to": [
        1,
        1
      ],
      "weight": 6.366742527936241
    },
    {
      "type": "spatial",
      "from": [
        0,
        1
      ],
      "to": [
        2,
        1
      ],
      "weight": 6.678645959422609
    },
    {
      "type": "spatial",
      "from": [
        0,
        1
      ],
      "to": [
        3,
        1
      ],
      "weight": 12.527453305633802
    },
    {
      "type": "spatial",
      "from": [
        1,
        1
      ],
      "to": [
        2,
        1
      ],
      "weight": 6.386299876854689
    },
    {
      "type": "spatial",
      "from": [
        1,
        1
      ],
      "to": [
        3,
        1
      ],
      "weight": 12.235107223065881
    },
    {
      "type": "spatial",
      "from": [
        2,
        1
      ],
      "to": [
        3,
        1
      ],
      "weight": 5.848807346211193
    }
  ],
  "lorentzian_dissimilarity": [
    [
      0.0,
      40.535410417031954,
      44.60431185131195,
      156.9370863248353,
      -1.0,
      39.535410417031954,
      43.60431185131195,
      155.9370863248353
    ],
    [
      40.535410417031954,
      0.0,
      40.78482611711421,
      149.6978487599189,
      39.535410417031954,
      -1.0,
      39.78482611711421,
      148.6978487599189
    ],
    [
      44.60431185131195,
      40.78482611711421,
      0.0,
      34.208547373094014,
      43.60431185131195,
      39.78482611711421,
      -1.0,
      33.208547373094014
    ],
    [
      156.9370863248353,
      149.6978487599189,
      34.208547373094014,
      0.0,
      155.9370863248353,
      148.6978487599189,
      33.208547373094014,
      -1.0
    ],
    [
      -1.0,
      39.535410417031954,
      43.60431185131195,
      155.9370863248353,
      0.0,
      40.535410417031954,
      44.60431185131195,
      156.9370863248353
    ],
    [
      39.535410417031954,
      -1.0,
      39.78482611711421,
      148.6978487599189,
      40.535410417031954,
      0.0,
      40.78482611711421,
      149.6978487599189
    ],
    [
      43.60431185131195,
      39.78482611711421,
      -1.0,
      33.208547373094014,
      44.60431185131195,
      40.78482611711421,
      0.0,
      34.208547373094014
    ],
    [
      155.9370863248353,
      148.6978487599189,
      33.208547373094014,
      -1.0,
      156.9370863248353,
      149.6978487599189,
      34.208547373094014,
      0.0
    ]
  ],
  "lorentzian_embedding": [
    [
      0.9809635950411885,
      -3.4213421657383822,
      3.3492553134381637
    ],
    [
      -0.5124152585368319,
      -4.2650012497691785,
      -3.096979105018318
    ],
    [
      -0.5740879415804654,
      1.7567636741591337,
      -1.0902759140359766
    ],
    [
      2.105852041145498,
      8.133359189156215,
      -1.5692424633308268
    ],
    [
      0.9807279278569812,
      -3.4213783559537942,
      3.3491947105585824
    ],
    [
      -0.5125595749221673,
      -4.26501995756651,
      -3.097006264203242
    ],
    [
      -0.5741358363025438,
      1.7567585311252625,
      -1.090290965401878
    ],
    [
      2.1056282036986405,
      8.133314004532643,
      -1.569269702934353
    ]
  ],
  "edge_length_evolution": [],
  "angle_deficit_evolution": [],
  "regge_action_evolution": [],
  "gromov_delta_evolution": [],
  "mass_hinge": null,
  "mass_value": 0.0,
  "matter": [
    {
      "(0, 1)": 0.0,
      "(1, 2)": 0.0,
      "(0, 3)": 0.0,
      "(2, 3)": 0.0,
      "(0, 2)": 0.0,
      "(1, 3)": 0.0
    },
    {
      "(0, 1)": 0.0,
      "(1, 2)": 0.0,
      "(0, 3)": 0.0,
      "(2, 3)": 0.0,
      "(0, 2)": 0.0,
      "(1, 3)": 0.0
    }
  ],
  "stationary_solution": null,
  "einstein_analysis_per_timestep": [
    {
      "ricci_tensor": [
        [
          0.0005364392897523031,
          0.0
        ],
        [
          0.0,
          0.0005364392897523031
        ]
      ],
      "metric_tensor": [
        [
          1.0001072878579504,
          5.364392897523031e-05
        ],
        [
          5.364392897523031e-05,
          1.0001072878579504
        ]
      ],
      "stress_energy_tensor": [
        [
          0.0005364392897523031,
          1.0728785795046062e-05
        ],
        [
          1.0728785795046062e-05,
          0.0005364392897523031
        ]
      ],
      "einstein_solution": {
        "einstein_tensor": [
          [
            0.0,
            0.0
          ],
          [
            0.0,
            0.0
          ]
        ],
        "ricci_scalar": 0.0010728785795046062,
        "metric_tensor": [
          [
            1.0,
            0.0
          ],
          [
            0.0,
            1.0
          ]
        ],
        "lhs": [
          [
            0.0,
            0.0
          ],
          [
            0.0,
            0.0
          ]
        ],
        "rhs": [
          [
            0.0005364392897523031,
            1.0728785795046062e-05
          ],
          [
            1.0728785795046062e-05,
            0.0005364392897523031
          ]
        ],
        "equations_satisfied": false,
        "residual": 0.0007587914317315283,
        "conservation_violation": 0.0005364392897523031,
        "gravitational_constant": 0.039788735772973836,
        "cosmological_constant": 0.0
      },
      "entropy_first_derivative": 0.0,
      "entropy_second_derivative": 0.0,
      "entropy_curvature_correlation": 0.000758634718990451,
      "emergent_gravitational_constant": 8.537696463278456e-05,
      "average_mutual_information": 0.0010728785795046062,
      "ricci_scalar": 0.0010728785795046062,
      "analysis_summary": {
        "einstein_equations_satisfied": false,
        "residual_magnitude": 0.0007587914317315283,
        "conservation_violation": 0.0005364392897523031,
        "entropy_evolution_rate": 0.0,
        "entropy_acceleration": 0.0,
        "entanglement_curvature_coupling": 0.000758634718990451
      }
    },
    {
      "ricci_tensor": [
        [
          0.0005364392897523031,
          0.0
        ],
        [
          0.0,
          0.0005364392897523031
        ]
      ],
      "metric_tensor": [
        [
          1.0001072878579504,
          5.364392897523031e-05
        ],
        [
          5.364392897523031e-05,
          1.0001072878579504
        ]
      ],
      "stress_energy_tensor": [
        [
          0.0005364392897523031,
          1.0728785795046062e-05
        ],
        [
          1.0728785795046062e-05,
          0.0005364392897523031
        ]
      ],
      "einstein_solution": {
        "einstein_tensor": [
          [
            0.0,
            0.0
          ],
          [
            0.0,
            0.0
          ]
        ],
        "ricci_scalar": 0.0010728785795046062,
        "metric_tensor": [
          [
            1.0,
            0.0
          ],
          [
            0.0,
            1.0
          ]
        ],
        "lhs": [
          [
            0.0,
            0.0
          ],
          [
            0.0,
            0.0
          ]
        ],
        "rhs": [
          [
            0.0005364392897523031,
            1.0728785795046062e-05
          ],
          [
            1.0728785795046062e-05,
            0.0005364392897523031
          ]
        ],
        "equations_satisfied": false,
        "residual": 0.0007587914317315283,
        "conservation_violation": 0.0005364392897523031,
        "gravitational_constant": 0.039788735772973836,
        "cosmological_constant": 0.0
      },
      "entropy_first_derivative": 0.0,
      "entropy_second_derivative": 0.0,
      "entropy_curvature_correlation": 0.000758634718990451,
      "emergent_gravitational_constant": 8.537696463278456e-05,
      "average_mutual_information": 0.0010728785795046062,
      "ricci_scalar": 0.0010728785795046062,
      "analysis_summary": {
        "einstein_equations_satisfied": false,
        "residual_magnitude": 0.0007587914317315283,
        "conservation_violation": 0.0005364392897523031,
        "entropy_evolution_rate": 0.0,
        "entropy_acceleration": 0.0,
        "entanglement_curvature_coupling": 0.000758634718990451
      }
    }
  ],
  "bootstrap_analysis": {
    "gromov_delta": {
      "mean": 9.19790900038172,
      "lower_ci": 9.19790900038172,
      "upper_ci": 9.19790900038172,
      "all_values": [
        9.19790900038172,
        9.19790900038172
      ],
      "uncertainty": 0.0
    },
    "entropy": {
      "mean": 3.9268535740089927,
      "lower_ci": 3.9228241172864178,
      "upper_ci": 3.930883030731568,
      "uncertainty": 0.004029456722575375
    },
    "distance_matrix": {
      "mean": [
        [
          0.0,
          6.366742527936241,
          6.678645959422609,
          12.527453305633802
        ],
        [
          6.366742527936241,
          0.0,
          6.386299876854689,
          12.235107223065881
        ],
        [
          6.678645959422609,
          6.386299876854689,
          0.0,
          5.848807346211193
        ],
        [
          12.527453305633802,
          12.235107223065881,
          5.848807346211193,
          0.0
        ]
      ],
      "lower_ci": [
        [
          0.0,
          6.366742527936241,
          6.678645959422609,
          12.527453305633802
        ],
        [
          6.366742527936241,
          0.0,
          6.386299876854689,
          12.235107223065881
        ],
        [
          6.678645959422609,
          6.386299876854689,
          0.0,
          5.848807346211193
        ],
        [
          12.527453305633802,
          12.235107223065881,
          5.848807346211193,
          0.0
        ]
      ],
      "upper_ci": [
        [
          0.0,
          6.366742527936241,
          6.678645959422609,
          12.527453305633802
        ],
        [
          6.366742527936241,
          0.0,
          6.386299876854689,
          12.235107223065881
        ],
        [
          6.678645959422609,
          6.386299876854689,
          0.0,
          5.848807346211193
        ],
        [
          12.527453305633802,
          12.235107223065881,
          5.848807346211193,
          0.0
        ]
      ]
    }
  },
  "topology_compatibility": {
    "current_topology": "triangulated",
    "explanation": "Triangulated topology is specifically designed for angle-sum curvature. Creates multiple triangles per vertex, enabling robust local curvature measurements. Each vertex has multiple incident triangles for well-defined angle sums.",
    "supports_local_curvature": true
  },
  "rt_surface_analysis": {
    "region_A": [
      0
    ],
    "region_B": [
      1,
      2,
      3
    ],
    "bulk_point": 2,
    "is_complementary": true,
    "rt_area_AB": 25.57284179299265,
    "rt_area_BA": 25.57284179299265,
    "area_consistent": true,
    "edges_consistent": true,
    "area_difference": 0.0,
    "rt_edges_AB": [
      [
        0,
        1
      ],
      [
        0,
        2
      ],
      [
        0,
        3
      ]
    ],
    "rt_edges_BA": [
      [
        0,
        1
      ],
      [
        0,
        2
      ],
      [
        0,
        3
      ]
    ],
    "edge_lengths": [
      6.366742527936241,
      6.678645959422609,
      12.527453305633802,
      6.386299876854689,
      12.235107223065881,
      5.848807346211193
    ],
    "all_edges": [
      [
        0,
        1
      ],
      [
        0,
        2
      ],
      [
        0,
        3
      ],
      [
        1,
        2
      ],
      [
        1,
        3
      ],
      [
        2,
        3
      ]
    ]
  },
  "bulk_excitation_analysis": {
    "ground_state_mi": [
      [
        0.0,
        0.052543093409747096,
        0.079500123540843,
        0.05254309340974844
      ],
      [
        0.052543093409747096,
        0.0,
        0.05254309340974911,
        0.03206986763074031
      ],
      [
        0.079500123540843,
        0.05254309340974911,
        0.0,
        0.05254309340974807
      ],
      [
        0.05254309340974844,
        0.03206986763074031,
        0.05254309340974807,
        0.0
      ]
    ],
    "excited_state_mi": [
      [
        0.0,
        0.04689067324219848,
        0.08023710950780549,
        0.0468906732421992
      ],
      [
        0.04689067324219848,
        0.0,
        0.2994777889806713,
        0.10866943659312572
      ],
      [
        0.08023710950780549,
        0.2994777889806713,
        0.0,
        0.29947778898067123
      ],
      [
        0.0468906732421992,
        0.10866943659312572,
        0.29947778898067123,
        0.0
      ]
    ],
    "mi_difference": [
      [
        0.0,
        -0.005652420167548619,
        0.0007369859669624917,
        -0.005652420167549244
      ],
      [
        -0.005652420167548619,
        0.0,
        0.24693469557092218,
        0.07659956896238541
      ],
      [
        0.0007369859669624917,
        0.24693469557092218,
        0.0,
        0.24693469557092318
      ],
      [
        -0.005652420167549244,
        0.07659956896238541,
        0.24693469557092318,
        0.0
      ]
    ],
    "avg_mi_change": 0.07281384830078638,
    "max_mi_change": 0.24693469557092318,
    "mi_change_boundary_A": NaN,
    "mi_change_boundary_B": 0.1901563200347436,
    "bulk_point": 2,
    "ground_state_counts": {
      "counts": {
        "0001": 7,
        "1110": 6,
        "0101": 5,
        "0110": 11,
        "0011": 7,
        "1000": 4,
        "1111": 5,
        "1100": 9,
        "0100": 7,
        "1101": 10,
        "1001": 6,
        "1010": 5,
        "0111": 6,
        "0010": 4,
        "0000": 5,
        "1011": 3
      },
      "job_id": "d27up5boctts738jndbg",
      "mutual_information": {
        "I_0,1": 0.004781251665858657,
        "I_0,2": 0.01012585699361191,
        "I_0,3": 0.00026646134725968624,
        "I_1,2": 8.728560138588455e-05,
        "I_1,3": 0.014762029278700496,
        "I_2,3": 0.0033772324005815445
      }
    },
    "excited_state_counts": {
      "counts": {
        "1010": 7,
        "1110": 8,
        "0000": 8,
        "0100": 7,
        "1101": 7,
        "0001": 4,
        "0010": 7,
        "1011": 3,
        "1111": 5,
        "1001": 8,
        "1000": 9,
        "0011": 7,
        "0101": 8,
        "1100": 8,
        "0110": 2,
        "0111": 2
      },
      "job_id": "d27up6pogaas73ct8qlg",
      "mutual_information": {
        "I_0,1": 0.0013111089749264747,
        "I_0,2": 0.002047735879093647,
        "I_0,3": 0.0017026942848690982,
        "I_1,2": 0.006187218006025445,
        "I_1,3": 0.00024410870777311165,
        "I_2,3": 0.005419410812053865
      }
    },
    "boundary_entropies": {
      "ground_state": {
        "entropy_A": 0.07371271860819203,
        "entropy_B": 0.07371271860819027,
        "mi_AB": 0.1474254372163738
      },
      "excited_state": {
        "entropy_A": 0.2379375679751368,
        "entropy_B": 0.2379375679751377,
        "mi_AB": 0.47587513595026104
      },
      "rt_relation_test": {
        "entropy_ratio": 0.9999999999999761,
        "rt_area_ratio": 1.0,
        "rt_deviation": 2.3869795029440866e-14,
        "excited_entropy_ratio": 1.0000000000000038,
        "rt_relation_change": 2.7644553313166398e-14
      }
    }
  },
  "page_curve_analysis": null,
  "deutsch_ctc_analysis": null,
  "ctc_recovery_analysis": null,
  "einstein_analysis": null,
  "dynamic_evidence": {
    "angle_sums_per_timestep": [
      [
        3.6652283877590635,
        3.5718012901578833,
        0.0,
        0.0
      ],
      [
        3.6652283877590635,
        3.5718012901578833,
        0.0,
        0.0
      ]
    ],
    "gromov_delta_per_timestep": [
      9.19790900038172,
      9.19790900038172
    ],
    "edge_mi_per_timestep": [
      {
        "0,1": 0.0017177456302502735,
        "0,3": 3.0457983415673557e-06,
        "0,2": 0.0012574794986010933,
        "1,2": 0.0016844774586148078,
        "2,3": 0.0028833359297625177
      },
      {
        "0,1": 0.0017177456302502735,
        "0,3": 3.0457983415673557e-06,
        "0,2": 0.0012574794986010933,
        "1,2": 0.0016844774586148078,
        "2,3": 0.0028833359297625177
      }
    ],
    "shortest_paths_per_timestep": [
      {
        "0": {
          "0": 0,
          "1": 6.366742527936241,
          "2": 6.678645959422609,
          "3": 12.527453305633802
        },
        "1": {
          "1": 0,
          "0": 6.366742527936241,
          "2": 6.386299876854689,
          "3": 12.235107223065881
        },
        "2": {
          "2": 0,
          "3": 5.848807346211193,
          "1": 6.386299876854689,
          "0": 6.678645959422609
        },
        "3": {
          "3": 0,
          "2": 5.848807346211193,
          "1": 12.235107223065881,
          "0": 12.527453305633802
        }
      },
      {
        "0": {
          "0": 0,
          "1": 6.366742527936241,
          "2": 6.678645959422609,
          "3": 12.527453305633802
        },
        "1": {
          "1": 0,
          "0": 6.366742527936241,
          "2": 6.386299876854689,
          "3": 12.235107223065881
        },
        "2": {
          "2": 0,
          "3": 5.848807346211193,
          "1": 6.386299876854689,
          "0": 6.678645959422609
        },
        "3": {
          "3": 0,
          "2": 5.848807346211193,
          "1": 12.235107223065881,
          "0": 12.527453305633802
        }
      }
    ],
    "mean_distance_per_timestep": [
      6.255382029890551,
      6.255382029890551
    ],
    "triangle_violations_per_timestep": [
      0,
      0
    ],
    "embedding_coords_per_timestep": [
      [
        [
          0.09680504130626187,
          0.28767633136396537
        ],
        [
          0.21308750457935524,
          -0.07008513301476772
        ],
        [
          -0.16247174015738558,
          -0.09540410620083281
        ],
        [
          -0.14742080572823155,
          -0.12218709214836487
        ]
      ],
      [
        [
          0.09680504130626187,
          0.28767633136396537
        ],
        [
          0.21308750457935524,
          -0.07008513301476772
        ],
        [
          -0.16247174015738558,
          -0.09540410620083281
        ],
        [
          -0.14742080572823155,
          -0.12218709214836487
        ]
      ]
    ],
    "regge_evolution_data": null,
    "evolution_summary": {
      "total_timesteps": 2,
      "gromov_delta_range": [
        9.19790900038172,
        9.19790900038172
      ],
      "mean_distance_range": [
        6.255382029890551,
        6.255382029890551
      ],
      "total_triangle_violations": 0,
      "hyperbolic_evolution": [
        false,
        false
      ],
      "regge_corrected": false
    }
  },
  "quantum_state_outputs": [
    {
      "timestep": 1,
      "statevector": null,
      "mutual_information_matrix": [
        [
          0.0,
          0.0017177456302502735,
          0.0012574794986010933,
          3.0457983415673557e-06
        ],
        [
          0.0017177456302502735,
          0.0,
          0.0016844774586148078,
          0.0010369443204665905
        ],
        [
          0.0012574794986010933,
          0.0016844774586148078,
          0.0,
          0.0028833359297625177
        ],
        [
          3.0457983415673557e-06,
          0.0010369443204665905,
          0.0028833359297625177,
          0.0
        ]
      ],
      "counts": {
        "1011": 11,
        "1101": 7,
        "0101": 6,
        "1100": 6,
        "1111": 6,
        "0100": 4,
        "0111": 6,
        "0011": 6,
        "1000": 9,
        "1001": 9,
        "1110": 6,
        "0110": 3,
        "0000": 5,
        "0010": 6,
        "1010": 7,
        "0001": 3
      },
      "job_id": "d27up2g56fsc73e6d9k0",
      "device": "ibm_brisbane"
    },
    {
      "timestep": 2,
      "statevector": null,
      "mutual_information_matrix": [
        [
          0.0,
          1.170745711250986e-05,
          0.00025468877249717244,
          0.0009087914893772565
        ],
        [
          1.170745711250986e-05,
          0.0,
          0.004937848310544987,
          0.0003830788119981079
        ],
        [
          0.00025468877249717244,
          0.004937848310544987,
          0.0,
          0.0036194102958041173
        ],
        [
          0.0009087914893772565,
          0.0003830788119981079,
          0.0036194102958041173,
          0.0
        ]
      ],
      "counts": {
        "0010": 9,
        "0111": 7,
        "0101": 6,
        "0000": 8,
        "0100": 8,
        "1000": 4,
        "1010": 7,
        "1011": 4,
        "0011": 6,
        "1100": 9,
        "1001": 3,
        "1111": 4,
        "0001": 8,
        "1110": 4,
        "0110": 7,
        "1101": 6
      },
      "job_id": "d27up3o56fsc73e6d9l0",
      "device": "ibm_brisbane"
    }
  ],
  "emergent_geometry_teleportation": null,
  "superposition_gravity": null,
  "teleportation_geometry_correlation": null
}