{
  "spec": {
    "num_qubits": 6,
    "topology": "triangulated",
    "custom_edges": null,
    "alpha": 0.8,
    "weight": 0.1,
    "gamma": 0.01,
    "sigma": 0.01,
    "init_angle": 0.0,
    "init_angles": null,
    "shots": 100,
    "device": "simulator",
    "geometry": "euclidean",
    "curvature": 0.0,
    "timesteps": 3,
    "dimension": 2,
    "mass_hinge": null,
    "mass_value": 0.0,
    "solve_regge": false,
    "lorentzian": true,
    "excite": true,
    "fast": true,
    "strong_curvature": true,
    "charge_injection": true,
    "charge_strength": 2.5,
    "charge_location": null,
    "spin_injection": true,
    "spin_strength": 2.0,
    "spin_location": null,
    "edge_floor": 0.001,
    "compute_entropies": true,
    "hyperbolic_triangulation": true,
    "trotter_steps": 8,
    "dt": 0.05,
    "analyze_curvature": true,
    "einstein_solver": true,
    "page_curve": true,
    "radiation_ordering": null,
    "page_curve_timesteps": 15,
    "entropy_method": "hybrid",
    "num_shadows": 100,
    "shots_per_shadow": 1000,
    "num_bases": 20,
    "shots_per_basis": 1000,
    "enhanced_entanglement": false,
    "entanglement_strength": 0.3966664553720107,
    "interpolate_geometry": false,
    "smooth_charge_injection": false,
    "min_qubits_for_continuum": 10,
    "benchmark_against_classical_geometry": false,
    "geometry_fit_metric": "wasserstein,kl,euclidean",
    "verify_noise_robustness": false,
    "run_on_multiple_backends": false,
    "detect_and_flag_causal_loops": true,
    "restrict_information_flow_direction": "bidirectional",
    "filter_noncausal_edges": true,
    "use_ryu_takayanagi_test": true,
    "compare_MI_vs_subsystem_entropy": true,
    "embed_boundary_entropy_in_geometry": true,
    "entropy_engineering": true,
    "target_entropy_pattern": "quantum_gravity",
    "custom_target_entropies": null,
    "entropy_optimization_iterations": 200,
    "entropy_tolerance": 0.05,
    "continue_on_engineering_failure": true,
    "validate_engineered_geometry": true,
    "enhance_bell_violations": true,
    "bell_entanglement_strength": 4.0,
    "teleportation_circuits": true,
    "long_range_coupling": 3.0,
    "holographic_optimization": true,
    "rt_surface_encoding": true,
    "conformal_symmetry": true,
    "bulk_reconstruction": true,
    "scalable_entanglement": true,
    "parallel_execution": true,
    "memory_optimization": true,
    "circuit_compilation": "optimized",
    "real_hardware": false,
    "error_mitigation": true,
    "zero_noise_extrapolation": true,
    "zne_noise_factors": [
      1.0,
      2.0,
      3.0
    ],
    "zne_extrapolation_method": "polynomial",
    "hardware_calibration": true,
    "noise_characterization": true,
    "backend_name": "ibm_brisbane",
    "quantum_mode": true,
    "quantum_entanglement_strength": 5.0,
    "quantum_circuit_depth": 12
  },
  "uid": "KPL692",
  "counts_per_timestep": [
    null,
    null,
    null
  ],
  "job_ids_per_timestep": [
    null,
    null,
    null
  ],
  "entropy_per_timestep": [
    null,
    null,
    null
  ],
  "mutual_information_per_timestep": [
    {
      "I_0,1": 0.02560318130278455,
      "I_0,2": 0.03345740817359491,
      "I_0,3": 0.02560318130278451,
      "I_0,4": 0.03345740817359634,
      "I_0,5": 0.025603181302782038,
      "I_1,2": 0.025603181302783204,
      "I_1,3": 0.008933038318591699,
      "I_1,4": 0.025603181302782788,
      "I_1,5": 0.008933038318587994,
      "I_2,3": 0.02560318130278301,
      "I_2,4": 0.03345740817359737,
      "I_2,5": 0.02560318130278133,
      "I_3,4": 0.02560318130278323,
      "I_3,5": 0.008933038318589687,
      "I_4,5": 0.025603181302784717
    },
    {
      "I_0,1": 0.06285945900042333,
      "I_0,2": 0.08959937614328464,
      "I_0,3": 0.06285945900042611,
      "I_0,4": 0.08959937614328542,
      "I_0,5": 0.06285945900042511,
      "I_1,2": 0.062859459000424,
      "I_1,3": 0.028131780582809685,
      "I_1,4": 0.06285945900042422,
      "I_1,5": 0.028131780582815125,
      "I_2,3": 0.0628594590004225,
      "I_2,4": 0.0895993761432839,
      "I_2,5": 0.0628594590004235,
      "I_3,4": 0.06285945900042314,
      "I_3,5": 0.028131780582813543,
      "I_4,5": 0.06285945900042428
    },
    {
      "I_0,1": 0.0796326181787069,
      "I_0,2": 0.1212072293146223,
      "I_0,3": 0.0796326181787079,
      "I_0,4": 0.12120722931462224,
      "I_0,5": 0.07963261817870848,
      "I_1,2": 0.07963261817870701,
      "I_1,3": 0.04258499039501923,
      "I_1,4": 0.07963261817870904,
      "I_1,5": 0.04258499039501992,
      "I_2,3": 0.07963261817870676,
      "I_2,4": 0.12120722931462319,
      "I_2,5": 0.07963261817870815,
      "I_3,4": 0.07963261817871023,
      "I_3,5": 0.042584990395020395,
      "I_4,5": 0.07963261817870695
    }
  ],
  "boundary_entropies_per_timestep": [
    {
      "entropy_A": 0.08626745158742345,
      "entropy_B": 0.08626745158741897,
      "mi_AB": 0.1725349031748306,
      "pure_state_check": true,
      "entropy_difference": 4.4825254619240695e-15,
      "multiple_regions": {
        "size_1_region_0": {
          "region": [
            0
          ],
          "entropy": 0.06232044677494573,
          "rt_area": 5,
          "size": 1
        },
        "size_1_region_1": {
          "region": [
            1
          ],
          "entropy": 0.040302677728667545,
          "rt_area": 5,
          "size": 1
        },
        "size_1_region_2": {
          "region": [
            2
          ],
          "entropy": 0.062320446774947316,
          "rt_area": 5,
          "size": 1
        },
        "size_2_region_0": {
          "region": [
            0,
            1
          ],
          "entropy": 0.07701994320083146,
          "rt_area": 8,
          "size": 2
        },
        "size_2_region_1": {
          "region": [
            0,
            2
          ],
          "entropy": 0.09118348537629972,
          "rt_area": 8,
          "size": 2
        },
        "size_2_region_2": {
          "region": [
            0,
            3
          ],
          "entropy": 0.07701994320083165,
          "rt_area": 8,
          "size": 2
        },
        "size_3_region_0": {
          "region": [
            0,
            1,
            2
          ],
          "entropy": 0.08626745158742345,
          "rt_area": 9,
          "size": 3
        },
        "size_3_region_1": {
          "region": [
            0,
            1,
            3
          ],
          "entropy": 0.08626745158742305,
          "rt_area": 9,
          "size": 3
        },
        "size_3_region_2": {
          "region": [
            0,
            1,
            4
          ],
          "entropy": 0.08626745158742487,
          "rt_area": 9,
          "size": 3
        },
        "size_4_region_0": {
          "region": [
            0,
            1,
            2,
            3
          ],
          "entropy": 0.07701994320083844,
          "rt_area": 8,
          "size": 4
        },
        "size_4_region_1": {
          "region": [
            0,
            1,
            2,
            4
          ],
          "entropy": 0.07167231713874693,
          "rt_area": 8,
          "size": 4
        },
        "size_4_region_2": {
          "region": [
            0,
            1,
            2,
            5
          ],
          "entropy": 0.07701994320084056,
          "rt_area": 8,
          "size": 4
        },
        "size_5_region_0": {
          "region": [
            0,
            1,
            2,
            3,
            4
          ],
          "entropy": 0.04030267772867569,
          "rt_area": 5,
          "size": 5
        },
        "size_5_region_1": {
          "region": [
            0,
            1,
            2,
            3,
            5
          ],
          "entropy": 0.062320446774957,
          "rt_area": 5,
          "size": 5
        },
        "size_5_region_2": {
          "region": [
            0,
            1,
            2,
            4,
            5
          ],
          "entropy": 0.04030267772867387,
          "rt_area": 5,
          "size": 5
        }
      }
    },
    {
      "entropy_A": 0.20657458750250998,
      "entropy_B": 0.2065745875025084,
      "mi_AB": 0.41314917500500015,
      "pure_state_check": true,
      "entropy_difference": 1.582067810090848e-15,
      "multiple_regions": {
        "size_1_region_0": {
          "region": [
            0
          ],
          "entropy": 0.15170947726233572,
          "rt_area": 5,
          "size": 1
        },
        "size_1_region_1": {
          "region": [
            1
          ],
          "entropy": 0.09803316890720686,
          "rt_area": 5,
          "size": 1
        },
        "size_1_region_2": {
          "region": [
            2
          ],
          "entropy": 0.15170947726233572,
          "rt_area": 5,
          "size": 1
        },
        "size_2_region_0": {
          "region": [
            0,
            1
          ],
          "entropy": 0.18688318716911934,
          "rt_area": 8,
          "size": 2
        },
        "size_2_region_1": {
          "region": [
            0,
            2
          ],
          "entropy": 0.21381957838138863,
          "rt_area": 8,
          "size": 2
        },
        "size_2_region_2": {
          "region": [
            0,
            3
          ],
          "entropy": 0.18688318716911884,
          "rt_area": 8,
          "size": 2
        },
        "size_3_region_0": {
          "region": [
            0,
            1,
            2
          ],
          "entropy": 0.20657458750250998,
          "rt_area": 9,
          "size": 3
        },
        "size_3_region_1": {
          "region": [
            0,
            1,
            3
          ],
          "entropy": 0.20657458750250968,
          "rt_area": 9,
          "size": 3
        },
        "size_3_region_2": {
          "region": [
            0,
            1,
            4
          ],
          "entropy": 0.20657458750250918,
          "rt_area": 9,
          "size": 3
        },
        "size_4_region_0": {
          "region": [
            0,
            1,
            2,
            3
          ],
          "entropy": 0.18688318716912292,
          "rt_area": 8,
          "size": 4
        },
        "size_4_region_1": {
          "region": [
            0,
            1,
            2,
            4
          ],
          "entropy": 0.16793455723160772,
          "rt_area": 8,
          "size": 4
        },
        "size_4_region_2": {
          "region": [
            0,
            1,
            2,
            5
          ],
          "entropy": 0.18688318716912283,
          "rt_area": 8,
          "size": 4
        },
        "size_5_region_0": {
          "region": [
            0,
            1,
            2,
            3,
            4
          ],
          "entropy": 0.09803316890721542,
          "rt_area": 5,
          "size": 5
        },
        "size_5_region_1": {
          "region": [
            0,
            1,
            2,
            3,
            5
          ],
          "entropy": 0.15170947726234413,
          "rt_area": 5,
          "size": 5
        },
        "size_5_region_2": {
          "region": [
            0,
            1,
            2,
            4,
            5
          ],
          "entropy": 0.0980331689072152,
          "rt_area": 5,
          "size": 5
        }
      }
    },
    {
      "entropy_A": 0.2529126729131567,
      "entropy_B": 0.25291267291315844,
      "mi_AB": 0.5058253458262915,
      "pure_state_check": true,
      "entropy_difference": 1.7208456881689926e-15,
      "multiple_regions": {
        "size_1_region_0": {
          "region": [
            0
          ],
          "entropy": 0.18965947847874876,
          "rt_area": 5,
          "size": 1
        },
        "size_1_region_1": {
          "region": [
            1
          ],
          "entropy": 0.1211968897846786,
          "rt_area": 5,
          "size": 1
        },
        "size_1_region_2": {
          "region": [
            2
          ],
          "entropy": 0.18965947847874948,
          "rt_area": 5,
          "size": 1
        },
        "size_2_region_0": {
          "region": [
            0,
            1
          ],
          "entropy": 0.2312237500847187,
          "rt_area": 8,
          "size": 2
        },
        "size_2_region_1": {
          "region": [
            0,
            2
          ],
          "entropy": 0.25811172764287443,
          "rt_area": 8,
          "size": 2
        },
        "size_2_region_2": {
          "region": [
            0,
            3
          ],
          "entropy": 0.23122375008471965,
          "rt_area": 8,
          "size": 2
        },
        "size_3_region_0": {
          "region": [
            0,
            1,
            2
          ],
          "entropy": 0.2529126729131567,
          "rt_area": 9,
          "size": 3
        },
        "size_3_region_1": {
          "region": [
            0,
            1,
            3
          ],
          "entropy": 0.2529126729131531,
          "rt_area": 9,
          "size": 3
        },
        "size_3_region_2": {
          "region": [
            0,
            1,
            4
          ],
          "entropy": 0.25291267291315656,
          "rt_area": 9,
          "size": 3
        },
        "size_4_region_0": {
          "region": [
            0,
            1,
            2,
            3
          ],
          "entropy": 0.23122375008472448,
          "rt_area": 8,
          "size": 4
        },
        "size_4_region_1": {
          "region": [
            0,
            1,
            2,
            4
          ],
          "entropy": 0.19980878917434247,
          "rt_area": 8,
          "size": 4
        },
        "size_4_region_2": {
          "region": [
            0,
            1,
            2,
            5
          ],
          "entropy": 0.23122375008472226,
          "rt_area": 8,
          "size": 4
        },
        "size_5_region_0": {
          "region": [
            0,
            1,
            2,
            3,
            4
          ],
          "entropy": 0.12119688978468474,
          "rt_area": 5,
          "size": 5
        },
        "size_5_region_1": {
          "region": [
            0,
            1,
            2,
            3,
            5
          ],
          "entropy": 0.18965947847875672,
          "rt_area": 5,
          "size": 5
        },
        "size_5_region_2": {
          "region": [
            0,
            1,
            2,
            4,
            5
          ],
          "entropy": 0.12119688978468689,
          "rt_area": 5,
          "size": 5
        }
      }
    }
  ],
  "distance_matrix_per_timestep": [
    [
      [
        0.0,
        3.665038665577431,
        3.3974820468661453,
        3.6650386655774323,
        3.3974820468661027,
        3.665038665577529
      ],
      [
        3.665038665577431,
        0.0,
        3.6650386655774834,
        7.330077331154863,
        3.6650386655775,
        7.330077331154924
      ],
      [
        3.3974820468661453,
        3.6650386655774834,
        0.0,
        3.665038665577491,
        3.397482046866072,
        3.6650386655775566
      ],
      [
        3.6650386655774323,
        7.330077331154863,
        3.665038665577491,
        0.0,
        3.6650386655774825,
        7.330077331154907
      ],
      [
        3.3974820468661027,
        3.6650386655775,
        3.397482046866072,
        3.6650386655774825,
        0.0,
        3.6650386655774243
      ],
      [
        3.665038665577529,
        7.330077331154924,
        3.6650386655775566,
        7.330077331154907,
        3.6650386655774243,
        0.0
      ]
    ],
    [
      [
        0.0,
        2.766853854069997,
        2.4124069217120474,
        2.7668538540699528,
        2.4124069217120385,
        2.7668538540699688
      ],
      [
        2.766853854069997,
        0.0,
        2.7668538540699865,
        5.53370770813995,
        2.766853854069983,
        5.533707708139965
      ],
      [
        2.4124069217120474,
        2.7668538540699865,
        0.0,
        2.76685385407001,
        2.4124069217120554,
        2.7668538540699945
      ],
      [
        2.7668538540699528,
        5.53370770813995,
        2.76685385407001,
        0.0,
        2.7668538540700003,
        5.5337077081399215
      ],
      [
        2.4124069217120385,
        2.766853854069983,
        2.4124069217120554,
        2.7668538540700003,
        0.0,
        2.766853854069982
      ],
      [
        2.7668538540699688,
        5.533707708139965,
        2.7668538540699945,
        5.5337077081399215,
        2.766853854069982,
        0.0
      ]
    ],
    [
      [
        0.0,
        2.5303314939526946,
        2.110253559315368,
        2.5303314939526818,
        2.1102535593153684,
        2.5303314939526746
      ],
      [
        2.5303314939526946,
        0.0,
        2.530331493952693,
        5.06066298790532,
        2.5303314939526675,
        5.060662987905362
      ],
      [
        2.110253559315368,
        2.530331493952693,
        0.0,
        2.530331493952696,
        2.1102535593153604,
        2.5303314939526786
      ],
      [
        2.5303314939526818,
        5.06066298790532,
        2.530331493952696,
        0.0,
        2.5303314939526524,
        5.060662987905346
      ],
      [
        2.1102535593153684,
        2.5303314939526675,
        2.1102535593153604,
        2.5303314939526524,
        0.0,
        2.5303314939526937
      ],
      [
        2.5303314939526746,
        5.060662987905362,
        2.5303314939526786,
        5.060662987905346,
        2.5303314939526937,
        0.0
      ]
    ]
  ],
  "edge_mi": {
    "0,1": 0.0796326181787069,
    "0,5": 0.07963261817870848,
    "0,2": 0.1212072293146223,
    "0,4": 0.12120722931462224,
    "0,3": 0.0796326181787079,
    "1,2": 0.07963261817870701,
    "1,4": 0.07963261817870904,
    "2,3": 0.07963261817870676,
    "2,4": 0.12120722931462319,
    "2,5": 0.07963261817870815,
    "3,4": 0.07963261817871023,
    "4,5": 0.07963261817870695
  },
  "distance_matrix": [
    [
      0.0,
      2.5303314939526946,
      2.110253559315368,
      2.5303314939526818,
      2.1102535593153684,
      2.5303314939526746
    ],
    [
      2.5303314939526946,
      0.0,
      2.530331493952693,
      5.06066298790532,
      2.5303314939526675,
      5.060662987905362
    ],
    [
      2.110253559315368,
      2.530331493952693,
      0.0,
      2.530331493952696,
      2.1102535593153604,
      2.5303314939526786
    ],
    [
      2.5303314939526818,
      5.06066298790532,
      2.530331493952696,
      0.0,
      2.5303314939526524,
      5.060662987905346
    ],
    [
      2.1102535593153684,
      2.5303314939526675,
      2.1102535593153604,
      2.5303314939526524,
      0.0,
      2.5303314939526937
    ],
    [
      2.5303314939526746,
      5.060662987905362,
      2.5303314939526786,
      5.060662987905346,
      2.5303314939526937,
      0.0
    ]
  ],
  "shortest_paths": {
    "0": {
      "0": 0,
      "2": 2.110253559315368,
      "4": 2.1102535593153684,
      "5": 2.5303314939526746,
      "3": 2.5303314939526818,
      "1": 2.5303314939526946
    },
    "1": {
      "1": 0,
      "4": 2.5303314939526675,
      "2": 2.530331493952693,
      "0": 2.5303314939526946,
      "3": 5.06066298790532,
      "5": 5.060662987905362
    },
    "2": {
      "2": 0,
      "4": 2.1102535593153604,
      "0": 2.110253559315368,
      "5": 2.5303314939526786,
      "1": 2.530331493952693,
      "3": 2.530331493952696
    },
    "3": {
      "3": 0,
      "4": 2.5303314939526524,
      "0": 2.5303314939526818,
      "2": 2.530331493952696,
      "1": 5.06066298790532,
      "5": 5.060662987905346
    },
    "4": {
      "4": 0,
      "2": 2.1102535593153604,
      "0": 2.1102535593153684,
      "3": 2.5303314939526524,
      "1": 2.5303314939526675,
      "5": 2.5303314939526937
    },
    "5": {
      "5": 0,
      "0": 2.5303314939526746,
      "2": 2.5303314939526786,
      "4": 2.5303314939526937,
      "3": 5.060662987905346,
      "1": 5.060662987905362
    }
  },
  "gromov_delta": 2.530331493952694,
  "mean_distance": 2.4603185048464584,
  "angle_sums": [
    3.141592653589793,
    3.141592653588869,
    3.141592653589793,
    3.141592651312592,
    3.141592653589793,
    3.1415926535897936,
    3.1415926535897936,
    3.141592653589793,
    3.1415926569645194,
    3.1415926535897936,
    3.141592652240007,
    3.141592653589793,
    3.1415926499614404,
    0.0,
    3.141592653589793,
    0.0,
    3.141592653589793,
    3.1415926525388183,
    3.1415926535897936,
    0.0
  ],
  "mean_angle_sum": 2.670353755304699,
  "min_angle_sum": 0.0,
  "max_angle_sum": 3.1415926569645194,
  "angle_sum_deviations": [
    0.0,
    -9.241496456979803e-13,
    0.0,
    -2.277201094358361e-09,
    0.0,
    4.440892098500626e-16,
    4.440892098500626e-16,
    0.0,
    3.3747262762062746e-09,
    4.440892098500626e-16,
    -1.3497860607003531e-09,
    0.0,
    -3.628352729379003e-09,
    -3.141592653589793,
    0.0,
    -3.141592653589793,
    0.0,
    -1.0509748626930104e-09,
    4.440892098500626e-16,
    -3.141592653589793
  ],
  "triangle_inequality_violations": [],
  "embedding_coords": null,
  "edge_weight_variance": null,
  "event_nodes": [
    [
      0,
      0
    ],
    [
      1,
      0
    ],
    [
      2,
      0
    ],
    [
      3,
      0
    ],
    [
      4,
      0
    ],
    [
      5,
      0
    ],
    [
      0,
      1
    ],
    [
      1,
      1
    ],
    [
      2,
      1
    ],
    [
      3,
      1
    ],
    [
      4,
      1
    ],
    [
      5,
      1
    ],
    [
      0,
      2
    ],
    [
      1,
      2
    ],
    [
      2,
      2
    ],
    [
      3,
      2
    ],
    [
      4,
      2
    ],
    [
      5,
      2
    ]
  ],
  "event_edges": [
    {
      "type": "spatial",
      "from": [
        0,
        0
      ],
      "to": [
        1,
        0
      ],
      "weight": 3.665038665577431
    },
    {
      "type": "spatial",
      "from": [
        0,
        0
      ],
      "to": [
        2,
        0
      ],
      "weight": 3.3974820468661453
    },
    {
      "type": "spatial",
      "from": [
        0,
        0
      ],
      "to": [
        3,
        0
      ],
      "weight": 3.6650386655774323
    },
    {
      "type": "spatial",
      "from": [
        0,
        0
      ],
      "to": [
        4,
        0
      ],
      "weight": 3.3974820468661027
    },
    {
      "type": "spatial",
      "from": [
        0,
        0
      ],
      "to": [
        5,
        0
      ],
      "weight": 3.665038665577529
    },
    {
      "type": "spatial",
      "from": [
        1,
        0
      ],
      "to": [
        2,
        0
      ],
      "weight": 3.6650386655774834
    },
    {
      "type": "spatial",
      "from": [
        1,
        0
      ],
      "to": [
        3,
        0
      ],
      "weight": 7.330077331154863
    },
    {
      "type": "spatial",
      "from": [
        1,
        0
      ],
      "to": [
        4,
        0
      ],
      "weight": 3.6650386655775
    },
    {
      "type": "spatial",
      "from": [
        1,
        0
      ],
      "to": [
        5,
        0
      ],
      "weight": 7.330077331154924
    },
    {
      "type": "spatial",
      "from": [
        2,
        0
      ],
      "to": [
        3,
        0
      ],
      "weight": 3.665038665577491
    },
    {
      "type": "spatial",
      "from": [
        2,
        0
      ],
      "to": [
        4,
        0
      ],
      "weight": 3.397482046866072
    },
    {
      "type": "spatial",
      "from": [
        2,
        0
      ],
      "to": [
        5,
        0
      ],
      "weight": 3.6650386655775566
    },
    {
      "type": "spatial",
      "from": [
        3,
        0
      ],
      "to": [
        4,
        0
      ],
      "weight": 3.6650386655774825
    },
    {
      "type": "spatial",
      "from": [
        3,
        0
      ],
      "to": [
        5,
        0
      ],
      "weight": 7.330077331154907
    },
    {
      "type": "spatial",
      "from": [
        4,
        0
      ],
      "to": [
        5,
        0
      ],
      "weight": 3.6650386655774243
    },
    {
      "type": "temporal",
      "from": [
        0,
        0
      ],
      "to": [
        0,
        1
      ],
      "weight": 1.0
    },
    {
      "type": "temporal",
      "from": [
        1,
        0
      ],
      "to": [
        1,
        1
      ],
      "weight": 1.0
    },
    {
      "type": "temporal",
      "from": [
        2,
        0
      ],
      "to": [
        2,
        1
      ],
      "weight": 1.0
    },
    {
      "type": "temporal",
      "from": [
        3,
        0
      ],
      "to": [
        3,
        1
      ],
      "weight": 1.0
    },
    {
      "type": "temporal",
      "from": [
        4,
        0
      ],
      "to": [
        4,
        1
      ],
      "weight": 1.0
    },
    {
      "type": "temporal",
      "from": [
        5,
        0
      ],
      "to": [
        5,
        1
      ],
      "weight": 1.0
    },
    {
      "type": "spatial",
      "from": [
        0,
        1
      ],
      "to": [
        1,
        1
      ],
      "weight": 2.766853854069997
    },
    {
      "type": "spatial",
      "from": [
        0,
        1
      ],
      "to": [
        2,
        1
      ],
      "weight": 2.4124069217120474
    },
    {
      "type": "spatial",
      "from": [
        0,
        1
      ],
      "to": [
        3,
        1
      ],
      "weight": 2.7668538540699528
    },
    {
      "type": "spatial",
      "from": [
        0,
        1
      ],
      "to": [
        4,
        1
      ],
      "weight": 2.4124069217120385
    },
    {
      "type": "spatial",
      "from": [
        0,
        1
      ],
      "to": [
        5,
        1
      ],
      "weight": 2.7668538540699688
    },
    {
      "type": "spatial",
      "from": [
        1,
        1
      ],
      "to": [
        2,
        1
      ],
      "weight": 2.7668538540699865
    },
    {
      "type": "spatial",
      "from": [
        1,
        1
      ],
      "to": [
        3,
        1
      ],
      "weight": 5.53370770813995
    },
    {
      "type": "spatial",
      "from": [
        1,
        1
      ],
      "to": [
        4,
        1
      ],
      "weight": 2.766853854069983
    },
    {
      "type": "spatial",
      "from": [
        1,
        1
      ],
      "to": [
        5,
        1
      ],
      "weight": 5.533707708139965
    },
    {
      "type": "spatial",
      "from": [
        2,
        1
      ],
      "to": [
        3,
        1
      ],
      "weight": 2.76685385407001
    },
    {
      "type": "spatial",
      "from": [
        2,
        1
      ],
      "to": [
        4,
        1
      ],
      "weight": 2.4124069217120554
    },
    {
      "type": "spatial",
      "from": [
        2,
        1
      ],
      "to": [
        5,
        1
      ],
      "weight": 2.7668538540699945
    },
    {
      "type": "spatial",
      "from": [
        3,
        1
      ],
      "to": [
        4,
        1
      ],
      "weight": 2.7668538540700003
    },
    {
      "type": "spatial",
      "from": [
        3,
        1
      ],
      "to": [
        5,
        1
      ],
      "weight": 5.5337077081399215
    },
    {
      "type": "spatial",
      "from": [
        4,
        1
      ],
      "to": [
        5,
        1
      ],
      "weight": 2.766853854069982
    },
    {
      "type": "temporal",
      "from": [
        0,
        1
      ],
      "to": [
        0,
        2
      ],
      "weight": 1.0
    },
    {
      "type": "temporal",
      "from": [
        1,
        1
      ],
      "to": [
        1,
        2
      ],
      "weight": 1.0
    },
    {
      "type": "temporal",
      "from": [
        2,
        1
      ],
      "to": [
        2,
        2
      ],
      "weight": 1.0
    },
    {
      "type": "temporal",
      "from": [
        3,
        1
      ],
      "to": [
        3,
        2
      ],
      "weight": 1.0
    },
    {
      "type": "temporal",
      "from": [
        4,
        1
      ],
      "to": [
        4,
        2
      ],
      "weight": 1.0
    },
    {
      "type": "temporal",
      "from": [
        5,
        1
      ],
      "to": [
        5,
        2
      ],
      "weight": 1.0
    },
    {
      "type": "spatial",
      "from": [
        0,
        2
      ],
      "to": [
        1,
        2
      ],
      "weight": 2.5303314939526946
    },
    {
      "type": "spatial",
      "from": [
        0,
        2
      ],
      "to": [
        2,
        2
      ],
      "weight": 2.110253559315368
    },
    {
      "type": "spatial",
      "from": [
        0,
        2
      ],
      "to": [
        3,
        2
      ],
      "weight": 2.5303314939526818
    },
    {
      "type": "spatial",
      "from": [
        0,
        2
      ],
      "to": [
        4,
        2
      ],
      "weight": 2.1102535593153684
    },
    {
      "type": "spatial",
      "from": [
        0,
        2
      ],
      "to": [
        5,
        2
      ],
      "weight": 2.5303314939526746
    },
    {
      "type": "spatial",
      "from": [
        1,
        2
      ],
      "to": [
        2,
        2
      ],
      "weight": 2.530331493952693
    },
    {
      "type": "spatial",
      "from": [
        1,
        2
      ],
      "to": [
        3,
        2
      ],
      "weight": 5.06066298790532
    },
    {
      "type": "spatial",
      "from": [
        1,
        2
      ],
      "to": [
        4,
        2
      ],
      "weight": 2.5303314939526675
    },
    {
      "type": "spatial",
      "from": [
        1,
        2
      ],
      "to": [
        5,
        2
      ],
      "weight": 5.060662987905362
    },
    {
      "type": "spatial",
      "from": [
        2,
        2
      ],
      "to": [
        3,
        2
      ],
      "weight": 2.530331493952696
    },
    {
      "type": "spatial",
      "from": [
        2,
        2
      ],
      "to": [
        4,
        2
      ],
      "weight": 2.1102535593153604
    },
    {
      "type": "spatial",
      "from": [
        2,
        2
      ],
      "to": [
        5,
        2
      ],
      "weight": 2.5303314939526786
    },
    {
      "type": "spatial",
      "from": [
        3,
        2
      ],
      "to": [
        4,
        2
      ],
      "weight": 2.5303314939526524
    },
    {
      "type": "spatial",
      "from": [
        3,
        2
      ],
      "to": [
        5,
        2
      ],
      "weight": 5.060662987905346
    },
    {
      "type": "spatial",
      "from": [
        4,
        2
      ],
      "to": [
        5,
        2
      ],
      "weight": 2.5303314939526937
    }
  ],
  "lorentzian_dissimilarity": [
    [
      0.0,
      13.432508420177596,
      11.542884258777772,
      13.432508420177605,
      11.542884258777482,
      13.432508420178316,
      -1.0,
      12.432508420177596,
      10.542884258777772,
      12.432508420177605,
      10.542884258777482,
      12.432508420178316,
      -4.0,
      9.432508420177596,
      7.542884258777772,
      9.432508420177605,
      7.542884258777482,
      9.432508420178316
    ],
    [
      13.432508420177596,
      0.0,
      13.43250842017798,
      53.7300336807104,
      13.4325084201781,
      53.730033680711294,
      12.432508420177596,
      -1.0,
      12.43250842017798,
      52.7300336807104,
      12.4325084201781,
      52.730033680711294,
      9.432508420177596,
      -4.0,
      9.43250842017798,
      49.7300336807104,
      9.4325084201781,
      49.730033680711294
    ],
    [
      11.542884258777772,
      13.43250842017798,
      0.0,
      13.432508420178035,
      11.542884258777274,
      13.432508420178516,
      10.542884258777772,
      12.43250842017798,
      -1.0,
      12.432508420178035,
      10.542884258777274,
      12.432508420178516,
      7.542884258777772,
      9.43250842017798,
      -4.0,
      9.432508420178035,
      7.542884258777274,
      9.432508420178516
    ],
    [
      13.432508420177605,
      53.7300336807104,
      13.432508420178035,
      0.0,
      13.432508420177973,
      53.730033680711045,
      12.432508420177605,
      52.7300336807104,
      12.432508420178035,
      -1.0,
      12.432508420177973,
      52.730033680711045,
      9.432508420177605,
      49.7300336807104,
      9.432508420178035,
      -4.0,
      9.432508420177973,
      49.730033680711045
    ],
    [
      11.542884258777482,
      13.4325084201781,
      11.542884258777274,
      13.432508420177973,
      0.0,
      13.432508420177546,
      10.542884258777482,
      12.4325084201781,
      10.542884258777274,
      12.432508420177973,
      -1.0,
      12.432508420177546,
      7.542884258777482,
      9.4325084201781,
      7.542884258777274,
      9.432508420177973,
      -4.0,
      9.432508420177546
    ],
    [
      13.432508420178316,
      53.730033680711294,
      13.432508420178516,
      53.730033680711045,
      13.432508420177546,
      0.0,
      12.432508420178316,
      52.730033680711294,
      12.432508420178516,
      52.730033680711045,
      12.432508420177546,
      -1.0,
      9.432508420178316,
      49.730033680711294,
      9.432508420178516,
      49.730033680711045,
      9.432508420177546,
      -4.0
    ],
    [
      -1.0,
      12.432508420177596,
      10.542884258777772,
      12.432508420177605,
      10.542884258777482,
      12.432508420178316,
      0.0,
      7.655480249781998,
      5.819707155924196,
      7.655480249781752,
      5.819707155924154,
      7.65548024978184,
      -1.0,
      6.655480249781998,
      4.819707155924196,
      6.655480249781752,
      4.819707155924154,
      6.65548024978184
    ],
    [
      12.432508420177596,
      -1.0,
      12.43250842017798,
      52.7300336807104,
      12.4325084201781,
      52.730033680711294,
      7.655480249781998,
      0.0,
      7.655480249781938,
      30.621920999127497,
      7.6554802497819185,
      30.621920999127664,
      6.655480249781998,
      -1.0,
      6.655480249781938,
      29.621920999127497,
      6.6554802497819185,
      29.621920999127664
    ],
    [
      10.542884258777772,
      12.43250842017798,
      -1.0,
      12.432508420178035,
      10.542884258777274,
      12.432508420178516,
      5.819707155924196,
      7.655480249781938,
      0.0,
      7.655480249782069,
      5.819707155924235,
      7.6554802497819825,
      4.819707155924196,
      6.655480249781938,
      -1.0,
      6.655480249782069,
      4.819707155924235,
      6.6554802497819825
    ],
    [
      12.432508420177605,
      52.7300336807104,
      12.432508420178035,
      -1.0,
      12.432508420177973,
      52.730033680711045,
      7.655480249781752,
      30.621920999127497,
      7.655480249782069,
      0.0,
      7.6554802497820145,
      30.621920999127184,
      6.655480249781752,
      29.621920999127497,
      6.655480249782069,
      -1.0,
      6.6554802497820145,
      29.621920999127184
    ],
    [
      10.542884258777482,
      12.4325084201781,
      10.542884258777274,
      12.432508420177973,
      -1.0,
      12.432508420177546,
      5.819707155924154,
      7.6554802497819185,
      5.819707155924235,
      7.6554802497820145,
      0.0,
      7.655480249781914,
      4.819707155924154,
      6.6554802497819185,
      4.819707155924235,
      6.6554802497820145,
      -1.0,
      6.655480249781914
    ],
    [
      12.432508420178316,
      52.730033680711294,
      12.432508420178516,
      52.730033680711045,
      12.432508420177546,
      -1.0,
      7.65548024978184,
      30.621920999127664,
      7.6554802497819825,
      30.621920999127184,
      7.655480249781914,
      0.0,
      6.65548024978184,
      29.621920999127664,
      6.6554802497819825,
      29.621920999127184,
      6.655480249781914,
      -1.0
    ],
    [
      -4.0,
      9.432508420177596,
      7.542884258777772,
      9.432508420177605,
      7.542884258777482,
      9.432508420178316,
      -1.0,
      6.655480249781998,
      4.819707155924196,
      6.655480249781752,
      4.819707155924154,
      6.65548024978184,
      0.0,
      6.402577469288875,
      4.453170084603179,
      6.40257746928881,
      4.453170084603181,
      6.402577469288774
    ],
    [
      9.432508420177596,
      -4.0,
      9.43250842017798,
      49.7300336807104,
      9.4325084201781,
      49.730033680711294,
      6.655480249781998,
      -1.0,
      6.655480249781938,
      29.621920999127497,
      6.6554802497819185,
      29.621920999127664,
      6.402577469288875,
      0.0,
      6.402577469288866,
      25.6103098771548,
      6.4025774692887385,
      25.610309877155224
    ],
    [
      7.542884258777772,
      9.43250842017798,
      -4.0,
      9.432508420178035,
      7.542884258777274,
      9.432508420178516,
      4.819707155924196,
      6.655480249781938,
      -1.0,
      6.655480249782069,
      4.819707155924235,
      6.6554802497819825,
      4.453170084603179,
      6.402577469288866,
      0.0,
      6.402577469288882,
      4.453170084603148,
      6.4025774692887945
    ],
    [
      9.432508420177605,
      49.7300336807104,
      9.432508420178035,
      -4.0,
      9.432508420177973,
      49.730033680711045,
      6.655480249781752,
      29.621920999127497,
      6.655480249782069,
      -1.0,
      6.6554802497820145,
      29.621920999127184,
      6.40257746928881,
      25.6103098771548,
      6.402577469288882,
      0.0,
      6.402577469288662,
      25.61030987715506
    ],
    [
      7.542884258777482,
      9.4325084201781,
      7.542884258777274,
      9.432508420177973,
      -4.0,
      9.432508420177546,
      4.819707155924154,
      6.6554802497819185,
      4.819707155924235,
      6.6554802497820145,
      -1.0,
      6.655480249781914,
      4.453170084603181,
      6.4025774692887385,
      4.453170084603148,
      6.402577469288662,
      0.0,
      6.402577469288871
    ],
    [
      9.432508420178316,
      49.730033680711294,
      9.432508420178516,
      49.730033680711045,
      9.432508420177546,
      -4.0,
      6.65548024978184,
      29.621920999127664,
      6.6554802497819825,
      29.621920999127184,
      6.655480249781914,
      -1.0,
      6.402577469288774,
      25.610309877155224,
      6.4025774692887945,
      25.61030987715506,
      6.402577469288871,
      0.0
    ]
  ],
  "lorentzian_embedding": [
    [
      0.0,
      0.0,
      0.0
    ],
    [
      0.0,
      0.0,
      0.0
    ],
    [
      0.0,
      0.0,
      0.0
    ],
    [
      0.0,
      0.0,
      0.0
    ],
    [
      0.0,
      0.0,
      0.0
    ],
    [
      0.0,
      0.0,
      0.0
    ],
    [
      0.0,
      0.0,
      0.0
    ],
    [
      0.0,
      0.0,
      0.0
    ],
    [
      0.0,
      0.0,
      0.0
    ],
    [
      0.0,
      0.0,
      0.0
    ],
    [
      0.0,
      0.0,
      0.0
    ],
    [
      0.0,
      0.0,
      0.0
    ],
    [
      0.0,
      0.0,
      0.0
    ],
    [
      0.0,
      0.0,
      0.0
    ],
    [
      0.0,
      0.0,
      0.0
    ],
    [
      0.0,
      0.0,
      0.0
    ],
    [
      0.0,
      0.0,
      0.0
    ],
    [
      0.0,
      0.0,
      0.0
    ]
  ],
  "edge_length_evolution": [],
  "angle_deficit_evolution": [],
  "regge_action_evolution": [],
  "gromov_delta_evolution": [],
  "mass_hinge": null,
  "mass_value": 0.0,
  "matter": [
    {
      "(0, 1)": 0.0,
      "(2, 4)": 0.0,
      "(1, 2)": 0.0,
      "(0, 4)": 0.0,
