{
  "spec": {
    "num_qubits": 7,
    "topology": "triangulated",
    "custom_edges": "0-1:1.0000,0-2:0.8600,0-3:1.0000,0-4:1.0000,0-5:0.7413,0-6:0.7414,1-2:1.0000,1-3:1.0000,1-4:0.4502,1-5:1.0000,1-6:0.4577,2-3:0.4548,2-4:1.0000,2-5:0.0500,2-6:0.0500,3-4:0.3354,3-5:0.0500,3-6:1.0000,4-5:0.0500,4-6:0.0500,5-6:1.0000",
    "alpha": 0.8,
    "weight": 1.0310578300927848,
    "gamma": 0.19320540629062402,
    "sigma": 0.45451537290198507,
    "init_angle": 2.006892939259702,
    "init_angles": null,
    "shots": 1000,
    "device": "simulator",
    "geometry": "spherical",
    "curvature": 12.0,
    "timesteps": 3,
    "dimension": 2,
    "mass_hinge": null,
    "mass_value": 0.0,
    "solve_regge": false,
    "lorentzian": true,
    "excite": true,
    "fast": false,
    "fast_preset": "balanced",
    "ctc_mode": false,
    "strong_curvature": true,
    "charge_injection": true,
    "charge_strength": 2.5,
    "charge_location": null,
    "spin_injection": true,
    "spin_strength": 2.0,
    "spin_location": null,
    "edge_floor": 0.001,
    "compute_entropies": true,
    "hyperbolic_triangulation": true,
    "trotter_steps": 8,
    "dt": 0.05,
    "analyze_curvature": true,
    "einstein_solver": true,
    "page_curve": true,
    "radiation_ordering": null,
    "page_curve_timesteps": 15,
    "entropy_method": "hybrid",
    "num_shadows": 100,
    "shots_per_shadow": 1000,
    "num_bases": 20,
    "shots_per_basis": 1000,
    "enhanced_entanglement": false,
    "entanglement_strength": 1.29410573730379,
    "interpolate_geometry": false,
    "smooth_charge_injection": false,
    "min_qubits_for_continuum": 10,
    "benchmark_against_classical_geometry": false,
    "geometry_fit_metric": "wasserstein,kl,euclidean",
    "verify_noise_robustness": false,
    "run_on_multiple_backends": false,
    "detect_and_flag_causal_loops": true,
    "restrict_information_flow_direction": "bidirectional",
    "filter_noncausal_edges": true,
    "use_ryu_takayanagi_test": true,
    "compare_MI_vs_subsystem_entropy": true,
    "embed_boundary_entropy_in_geometry": true,
    "entropy_engineering": true,
    "target_entropy_pattern": "quantum_gravity",
    "custom_target_entropies": null,
    "entropy_optimization_iterations": 200,
    "entropy_tolerance": 0.05,
    "continue_on_engineering_failure": true,
    "validate_engineered_geometry": true,
    "enhance_bell_violations": true,
    "bell_entanglement_strength": 4.0,
    "teleportation_circuits": true,
    "long_range_coupling": 3.0,
    "holographic_optimization": true,
    "rt_surface_encoding": true,
    "conformal_symmetry": true,
    "bulk_reconstruction": true,
    "scalable_entanglement": true,
    "parallel_execution": true,
    "memory_optimization": true,
    "circuit_compilation": "optimized",
    "real_hardware": false,
    "error_mitigation": true,
    "zero_noise_extrapolation": true,
    "zne_noise_factors": [
      1.0,
      2.0,
      3.0
    ],
    "zne_extrapolation_method": "polynomial",
    "hardware_calibration": true,
    "noise_characterization": true,
    "backend_name": "ibm_brisbane",
    "quantum_mode": true,
    "quantum_entanglement_strength": 5.0,
    "quantum_circuit_depth": 12
  },
  "uid": "KN3U0C",
  "counts_per_timestep": [
    null,
    null,
    null
  ],
  "job_ids_per_timestep": [
    null,
    null,
    null
  ],
  "entropy_per_timestep": [
    null,
    null,
    null
  ],
  "mutual_information_per_timestep": [
    {
      "I_0,1": 0.12718347378004768,
      "I_0,3": 0.18211461845989796,
      "I_1,2": 0.18605183112973256,
      "I_0,4": 0.18605183112973256,
      "I_5,6": 0.1325387822637385,
      "I_1,6": 0.18605183112973478,
      "I_1,4": 0.18605183112973234,
      "I_4,6": 0.33426850536191044,
      "I_3,5": 0.056391562758755676,
      "I_1,3": 0.13971925827006526,
      "I_4,5": 0.13253878226373805,
      "I_0,5": 0.13971925827006482,
      "I_1,5": 0.1821146184598974,
      "I_2,4": 0.3342685053619112,
      "I_0,2": 0.1860518311297319,
      "I_3,4": 0.13253878226373894,
      "I_2,5": 0.13253878226373783,
      "I_2,6": 0.33426850536191066,
      "I_2,3": 0.13253878226373828,
      "I_3,6": 0.1325387822637396,
      "I_0,6": 0.18605183112973367
    },
    {
      "I_0,3": 0.11385586574190554,
      "I_0,4": 0.130647384190808,
      "I_3,6": 0.06840320817178402,
      "I_0,6": 0.1306473841908078,
      "I_1,2": 0.13064738419080824,
      "I_0,5": 0.1112735314639055,
      "I_1,5": 0.11385586574190532,
      "I_3,5": 0.04669710080329592,
      "I_2,5": 0.06840320817178447,
      "I_4,6": 0.4389724315635306,
      "I_0,2": 0.130647384190808,
      "I_1,6": 0.130647384190808,
      "I_2,6": 0.43897243156353305,
      "I_5,6": 0.06840320817178469,
      "I_4,5": 0.06840320817178425,
      "I_3,4": 0.06840320817178402,
      "I_1,4": 0.13064738419080868,
      "I_1,3": 0.1112735314639064,
      "I_2,4": 0.4389724315635324,
      "I_0,1": 0.11327920407029413,
      "I_2,3": 0.06840320817178447
    },
    {
      "I_1,6": 0.12103343494013186,
      "I_4,5": 0.15440541369014515,
      "I_2,6": 0.4171825593978673,
      "I_3,6": 0.15440541369014582,
      "I_5,6": 0.15440541369014538,
      "I_1,2": 0.12103343494013141,
      "I_0,6": 0.12103343494013163,
      "I_4,6": 0.41718255939786664,
      "I_0,5": 0.05575201395307117,
      "I_3,4": 0.15440541369014538,
      "I_2,4": 0.4171825593978671,
      "I_0,4": 0.12103343494013141,
      "I_2,5": 0.15440541369014515,
      "I_0,2": 0.12103343494013186,
      "I_1,3": 0.05575201395307139,
      "I_1,5": 0.0915119861698439,
      "I_2,3": 0.15440541369014493,
      "I_3,5": 0.12387406769370668,
      "I_0,1": 0.10084914157299063,
      "I_0,3": 0.0915119861698428,
      "I_1,4": 0.12103343494013075
    }
  ],
  "boundary_entropies_per_timestep": [
    {
      "entropy_A": 1.3568206709849608,
      "entropy_B": 1.3568206709849644,
      "mi_AB": 2.7136413419699084,
      "pure_state_check": true,
      "entropy_difference": 3.552713678800501e-15,
      "multiple_regions": {
        "size_1_region_0": {
          "region": [
            0
          ],
          "entropy": 0.6062941686571827,
          "rt_area": 6,
          "size": 1
        },
        "size_1_region_1": {
          "region": [
            1
          ],
          "entropy": 0.6062941686571828,
          "rt_area": 6,
          "size": 1
        },
        "size_1_region_2": {
          "region": [
            2
          ],
          "entropy": 0.6426010192540603,
          "rt_area": 6,
          "size": 1
        },
        "size_2_region_0": {
          "region": [
            0,
            1
          ],
          "entropy": 1.085404863534317,
          "rt_area": 10,
          "size": 2
        },
        "size_2_region_1": {
          "region": [
            0,
            2
          ],
          "entropy": 1.0628433567815103,
          "rt_area": 10,
          "size": 2
        },
        "size_2_region_2": {
          "region": [
            0,
            3
          ],
          "entropy": 0.9860073979892742,
          "rt_area": 10,
          "size": 2
        },
        "size_3_region_0": {
          "region": [
            0,
            1,
            2
          ],
          "entropy": 1.3568206709849608,
          "rt_area": 12,
          "size": 3
        },
        "size_3_region_1": {
          "region": [
            0,
            1,
            3
          ],
          "entropy": 1.2022392658369707,
          "rt_area": 12,
          "size": 3
        },
        "size_3_region_2": {
          "region": [
            0,
            1,
            4
          ],
          "entropy": 1.356820670984962,
          "rt_area": 12,
          "size": 3
        },
        "size_4_region_0": {
          "region": [
            0,
            1,
            2,
            3
          ],
          "entropy": 1.2498169304635915,
          "rt_area": 12,
          "size": 4
        },
        "size_4_region_1": {
          "region": [
            0,
            1,
            2,
            4
          ],
          "entropy": 1.351892999636504,
          "rt_area": 12,
          "size": 4
        },
        "size_4_region_2": {
          "region": [
            0,
            1,
            2,
            5
          ],
          "entropy": 1.249816930463593,
          "rt_area": 12,
          "size": 4
        },
        "size_5_region_0": {
          "region": [
            0,
            1,
            2,
            3,
            4
          ],
          "entropy": 1.0718900847823134,
          "rt_area": 10,
          "size": 5
        },
        "size_5_region_1": {
          "region": [
            0,
            1,
            2,
            3,
            5
          ],
          "entropy": 0.9509335331462132,
          "rt_area": 10,
          "size": 5
        },
        "size_5_region_2": {
          "region": [
            0,
            1,
            2,
            3,
            6
          ],
          "entropy": 1.0718900847823136,
          "rt_area": 10,
          "size": 5
        },
        "size_6_region_0": {
          "region": [
            0,
            1,
            2,
            3,
            4,
            5
          ],
          "entropy": 0.6426010192540654,
          "rt_area": 6,
          "size": 6
        },
        "size_6_region_1": {
          "region": [
            0,
            1,
            2,
            3,
            4,
            6
          ],
          "entropy": 0.561827847791995,
          "rt_area": 6,
          "size": 6
        },
        "size_6_region_2": {
          "region": [
            0,
            1,
            2,
            3,
            5,
            6
          ],
          "entropy": 0.642601019254065,
          "rt_area": 6,
          "size": 6
        }
      }
    },
    {
      "entropy_A": 2.216144514164932,
      "entropy_B": 2.2161445141649323,
      "mi_AB": 4.432289028329839,
      "pure_state_check": true,
      "entropy_difference": 4.440892098500626e-16,
      "multiple_regions": {
        "size_1_region_0": {
          "region": [
            0
          ],
          "entropy": 0.8888861356315007,
          "rt_area": 6,
          "size": 1
        },
        "size_1_region_1": {
          "region": [
            1
          ],
          "entropy": 0.8888861356315008,
          "rt_area": 6,
          "size": 1
        },
        "size_1_region_2": {
          "region": [
            2
          ],
          "entropy": 0.8944221676960502,
          "rt_area": 6,
          "size": 1
        },
        "size_2_region_0": {
          "region": [
            0,
            1
          ],
          "entropy": 1.6644930671927074,
          "rt_area": 10,
          "size": 2
        },
        "size_2_region_1": {
          "region": [
            0,
            2
          ],
          "entropy": 1.6526609191367425,
          "rt_area": 10,
          "size": 2
        },
        "size_2_region_2": {
          "region": [
            0,
            3
          ],
          "entropy": 1.629390135883915,
          "rt_area": 10,
          "size": 2
        },
        "size_3_region_0": {
          "region": [
            0,
            1,
            2
          ],
          "entropy": 2.216144514164932,
          "rt_area": 12,
          "size": 3
        },
        "size_3_region_1": {
          "region": [
            0,
            1,
            3
          ],
          "entropy": 1.9260995764819402,
          "rt_area": 12,
          "size": 3
        },
        "size_3_region_2": {
          "region": [
            0,
            1,
            4
          ],
          "entropy": 2.216144514164931,
          "rt_area": 12,
          "size": 3
        },
        "size_4_region_0": {
          "region": [
            0,
            1,
            2,
            3
          ],
          "entropy": 1.9884214623454857,
          "rt_area": 12,
          "size": 4
        },
        "size_4_region_1": {
          "region": [
            0,
            1,
            2,
            4
          ],
          "entropy": 2.2147886344747714,
          "rt_area": 12,
          "size": 4
        },
        "size_4_region_2": {
          "region": [
            0,
            1,
            2,
            5
          ],
          "entropy": 1.9884214623454874,
          "rt_area": 12,
          "size": 4
        },
        "size_5_region_0": {
          "region": [
            0,
            1,
            2,
            3,
            4
          ],
          "entropy": 1.6803788255185903,
          "rt_area": 10,
          "size": 5
        },
        "size_5_region_1": {
          "region": [
            0,
            1,
            2,
            3,
            5
          ],
          "entropy": 1.349871903828574,
          "rt_area": 10,
          "size": 5
        },
        "size_5_region_2": {
          "region": [
            0,
            1,
            2,
            3,
            6
          ],
          "entropy": 1.680378825518591,
          "rt_area": 10,
          "size": 5
        },
        "size_6_region_0": {
          "region": [
            0,
            1,
            2,
            3,
            4,
            5
          ],
          "entropy": 0.8944221676960569,
          "rt_area": 6,
          "size": 6
        },
        "size_6_region_1": {
          "region": [
            0,
            1,
            2,
            3,
            4,
            6
          ],
          "entropy": 0.8543598659943279,
          "rt_area": 6,
          "size": 6
        },
        "size_6_region_2": {
          "region": [
            0,
            1,
            2,
            3,
            5,
            6
          ],
          "entropy": 0.8944221676960564,
          "rt_area": 6,
          "size": 6
        }
      }
    },
    {
      "entropy_A": 2.294829541407278,
      "entropy_B": 2.2948295414072795,
      "mi_AB": 4.589659082814527,
      "pure_state_check": true,
      "entropy_difference": 1.3322676295501878e-15,
      "multiple_regions": {
        "size_1_region_0": {
          "region": [
            0
          ],
          "entropy": 0.8953343391526747,
          "rt_area": 6,
          "size": 1
        },
        "size_1_region_1": {
          "region": [
            1
          ],
          "entropy": 0.8953343391526749,
          "rt_area": 6,
          "size": 1
        },
        "size_1_region_2": {
          "region": [
            2
          ],
          "entropy": 0.9438816584193812,
          "rt_area": 6,
          "size": 1
        },
        "size_2_region_0": {
          "region": [
            0,
            1
          ],
          "entropy": 1.6898195367323587,
          "rt_area": 10,
          "size": 2
        },
        "size_2_region_1": {
          "region": [
            0,
            2
          ],
          "entropy": 1.718182562631924,
          "rt_area": 10,
          "size": 2
        },
        "size_2_region_2": {
          "region": [
            0,
            3
          ],
          "entropy": 1.7116577301555909,
          "rt_area": 10,
          "size": 2
        },
        "size_3_region_0": {
          "region": [
            0,
            1,
            2
          ],
          "entropy": 2.294829541407278,
          "rt_area": 12,
          "size": 3
        },
        "size_3_region_1": {
          "region": [
            0,
            1,
            3
          ],
          "entropy": 2.0884799792885818,
          "rt_area": 12,
          "size": 3
        },
        "size_3_region_2": {
          "region": [
            0,
            1,
            4
          ],
          "entropy": 2.294829541407278,
          "rt_area": 12,
          "size": 3
        },
        "size_4_region_0": {
          "region": [
            0,
            1,
            2,
            3
          ],
          "entropy": 2.069960534928627,
          "rt_area": 12,
          "size": 4
        },
        "size_4_region_1": {
          "region": [
            0,
            1,
            2,
            4
          ],
          "entropy": 2.2730930231078332,
          "rt_area": 12,
          "size": 4
        },
        "size_4_region_2": {
          "region": [
            0,
            1,
            2,
            5
          ],
          "entropy": 2.069960534928627,
          "rt_area": 12,
          "size": 4
        },
        "size_5_region_0": {
          "region": [
            0,
            1,
            2,
            3,
            4
          ],
          "entropy": 1.697311621902001,
          "rt_area": 10,
          "size": 5
        },
        "size_5_region_1": {
          "region": [
            0,
            1,
            2,
            3,
            5
          ],
          "entropy": 1.4705807574409009,
          "rt_area": 10,
          "size": 5
        },
        "size_5_region_2": {
          "region": [
            0,
            1,
            2,
            3,
            6
          ],
          "entropy": 1.6973116219020004,
          "rt_area": 10,
          "size": 5
        },
        "size_6_region_0": {
          "region": [
            0,
            1,
            2,
            3,
            4,
            5
          ],
          "entropy": 0.9438816584193883,
          "rt_area": 6,
          "size": 6
        },
        "size_6_region_1": {
          "region": [
            0,
            1,
            2,
            3,
            4,
            6
          ],
          "entropy": 0.907835377172767,
          "rt_area": 6,
          "size": 6
        },
        "size_6_region_2": {
          "region": [
            0,
            1,
            2,
            3,
            5,
            6
          ],
          "entropy": 0.9438816584193886,
          "rt_area": 6,
          "size": 6
        }
      }
    }
  ],
  "distance_matrix_per_timestep": [
    [
      [
        0.0,
        2.062124559629687,
        1.6817299821001703,
        1.7031190183706748,
        1.6817299821001666,
        3.702609962153133,
        1.6817299821001608
      ],
      [
        2.062124559629687,
        0.0,
        1.6817299821001666,
        3.7026099621531188,
        1.6817299821001679,
        1.703119018370678,
        1.6817299821001548
      ],
      [
        1.6817299821001703,
        1.6817299821001666,
        0.0,
        2.020879980052974,
        1.0958107006974183,
        2.0208799800529773,
        1.0958107006974198
      ],
      [
        1.7031190183706748,
        3.7026099621531188,
        2.020879980052974,
        0.0,
        2.020879980052969,
        4.041759960105937,
        2.020879980052964
      ],
      [
        1.6817299821001666,
        1.6817299821001679,
        1.0958107006974183,
        2.020879980052969,
        0.0,
        2.020879980052976,
        1.0958107006974205
      ],
      [
        3.702609962153133,
        1.703119018370678,
        2.0208799800529773,
        4.041759960105937,
        2.020879980052976,
        0.0,
        2.0208799800529724
      ],
      [
        1.6817299821001608,
        1.6817299821001548,
        1.0958107006974198,
        2.020879980052964,
        1.0958107006974205,
        2.0208799800529724,
        0.0
      ]
    ],
    [
      [
        0.0,
        2.177899675277035,
        2.0352533087176092,
        2.172821966131551,
        2.0352533087176092,
        4.3507216414085885,
        2.035253308717611
      ],
      [
        2.177899675277035,
        0.0,
        2.0352533087176075,
        4.350721641408587,
        2.0352533087176043,
        2.1728219661315533,
        2.0352533087176092
      ],
      [
        2.0352533087176092,
        2.0352533087176075,
        0.0,
        2.682335552357284,
        0.8233186661396054,
        2.682335552357284,
        0.8233186661396038
      ],
      [
        2.172821966131551,
        4.350721641408587,
        2.682335552357284,
        0.0,
        2.6823355523572903,
        5.364671104714568,
        2.6823355523572903
      ],
      [
        2.0352533087176092,
        2.0352533087176043,
        0.8233186661396054,
        2.6823355523572903,
        0.0,
        2.682335552357287,
        0.8233186661396094
      ],
      [
        4.3507216414085885,
        2.1728219661315533,
        2.682335552357284,
        5.364671104714568,
        2.682335552357287,
        0.0,
        2.6823355523572805
      ],
      [
        2.035253308717611,
        2.0352533087176092,
        0.8233186661396038,
        2.6823355523572903,
        0.8233186661396094,
        2.6823355523572805,
        0.0
      ]
    ],
    [
      [
        0.0,
        2.294129526536927,
        2.111688449735967,
        2.391285318888215,
        2.1116884497359707,
        3.9798620289821054,
        2.111688449735969
      ],
      [
        2.294129526536927,
        0.0,
        2.1116884497359707,
        3.979862028982101,
        2.111688449735976,
        2.391285318888203,
        2.111688449735967
      ],
      [
        2.111688449735967,
        2.1116884497359707,
        0.0,
        1.8681735792461394,
        0.8742313606654094,
        1.868173579246138,
        0.8742313606654089
      ],
      [
        2.391285318888215,
        3.979862028982101,
        1.8681735792461394,
        0.0,
        1.8681735792461365,
        3.7363471584922703,
        1.8681735792461336
      ],
      [
        2.1116884497359707,
        2.111688449735976,
        0.8742313606654094,
        1.8681735792461365,
        0.0,
        1.868173579246138,
        0.8742313606654104
      ],
      [
        3.9798620289821054,
        2.391285318888203,
        1.868173579246138,
        3.7363471584922703,
        1.868173579246138,
        0.0,
        1.8681735792461365
      ],
      [
        2.111688449735969,
        2.111688449735967,
        0.8742313606654089,
        1.8681735792461336,
        0.8742313606654104,
        1.8681735792461365,
        0.0
      ]
    ]
  ],
  "edge_mi": {
    "0,1": 0.10084914157299063,
    "0,6": 0.12103343494013163,
    "0,2": 0.12103343494013186,
    "0,3": 0.0915119861698428,
    "0,4": 0.12103343494013141,
    "1,2": 0.12103343494013141,
    "1,6": 0.12103343494013186,
    "1,4": 0.12103343494013075,
    "1,5": 0.0915119861698439,
    "2,3": 0.15440541369014493,
    "2,4": 0.4171825593978671,
    "2,5": 0.15440541369014515,
    "2,6": 0.4171825593978673,
    "3,4": 0.15440541369014538,
    "3,6": 0.15440541369014582,
    "4,5": 0.15440541369014515,
    "4,6": 0.41718255939786664,
    "5,6": 0.15440541369014538
  },
  "distance_matrix": [
    [
      0.0,
      2.294129526536927,
      2.111688449735967,
      2.391285318888215,
      2.1116884497359707,
      2.8868417445756256,
      2.111688449735969
    ],
    [
      2.294129526536927,
      0.0,
      2.1116884497359707,
      2.8868417445756216,
      2.111688449735976,
      2.391285318888203,
      2.111688449735967
    ],
    [
      2.111688449735967,
      2.1116884497359707,
      0.0,
      1.8681735792461394,
      0.8742313606654094,
      1.868173579246138,
      0.8742313606654089
    ],
    [
      2.391285318888215,
      2.8868417445756216,
      1.8681735792461394,
      0.0,
      1.8681735792461365,
      2.0884898125463276,
      1.8681735792461336
    ],
    [
      2.1116884497359707,
      2.111688449735976,
      0.8742313606654094,
      1.8681735792461365,
      0.0,
      1.868173579246138,
      0.8742313606654104
    ],
    [
      2.8868417445756256,
      2.391285318888203,
      1.868173579246138,
      2.0884898125463276,
      1.868173579246138,
      0.0,
      1.8681735792461365
    ],
    [
      2.111688449735969,
      2.111688449735967,
      0.8742313606654089,
      1.8681735792461336,
      0.8742313606654104,
      1.8681735792461365,
      0.0
    ]
  ],
  "shortest_paths": {
    "0": {
      "0": 0,
      "2": 2.111688449735967,
      "6": 2.111688449735969,
      "4": 2.1116884497359707,
      "1": 2.294129526536927,
      "3": 2.391285318888215,
      "5": 2.8868417445756256
    },
    "1": {
      "1": 0,
      "6": 2.111688449735967,
      "2": 2.1116884497359707,
      "4": 2.111688449735976,
      "0": 2.294129526536927,
      "5": 2.391285318888203,
      "3": 2.8868417445756216
    },
    "2": {
      "2": 0,
      "6": 0.8742313606654089,
      "4": 0.8742313606654094,
      "5": 1.868173579246138,
      "3": 1.8681735792461394,
      "0": 2.111688449735967,
      "1": 2.1116884497359707
    },
    "3": {
      "3": 0,
      "6": 1.8681735792461336,
      "4": 1.8681735792461365,
      "2": 1.8681735792461394,
      "5": 2.0884898125463276,
      "0": 2.391285318888215,
      "1": 2.8868417445756216
    },
    "4": {
      "4": 0,
      "2": 0.8742313606654094,
      "6": 0.8742313606654104,
      "3": 1.8681735792461365,
      "5": 1.868173579246138,
      "0": 2.1116884497359707,
      "1": 2.111688449735976
    },
    "5": {
      "5": 0,
      "6": 1.8681735792461365,
      "2": 1.868173579246138,
      "4": 1.868173579246138,
      "3": 2.0884898125463276,
      "1": 2.391285318888203,
      "0": 2.8868417445756256
    },
    "6": {
      "6": 0,
      "2": 0.8742313606654089,
      "4": 0.8742313606654104,
      "3": 1.8681735792461336,
      "5": 1.8681735792461365,
      "1": 2.111688449735967,
      "0": 2.111688449735969
    }
  },
  "gromov_delta": 1.6745727694032686,
  "mean_distance": 1.691458764159175,
  "angle_sums": [
    3.7853572728860567,
    3.779675981322625,
    3.7853572728860856,
    3.7796759813229595,
    3.7853572728860505,
    3.141592653589793,
    3.141592653589793,
    9.42477796076938,
    3.141592653589793,
    3.141592653589793,
    6.295725968105881,
    3.141592653589793,
    9.42477796076938,
    3.141592653589793,
    9.42477796076938,
    9.42477796076938,
    3.141592653589793,
    3.141592653589793,
    3.141592653589793,
    9.42477796076938,
    6.29572596810609,
    9.42477796076938,
    3.141592653589793,
    3.141592653589793,
    3.141592653589793,
    3.141592653589793,
    3.141592653589793,
    3.141592653589793,
    3.141592653589793,
    9.42477796076938,
    3.141592653589793,
    3.141592653589793,
    3.141592653589793,
    3.141592653589793,
    3.141592653589793
  ],
  "mean_angle_sum": 4.670107633379629,
  "min_angle_sum": 3.141592653589793,
  "max_angle_sum": 9.42477796076938,
  "angle_sum_deviations": [
    0.6437646192962636,
    0.6380833277328319,
    0.6437646192962925,
    0.6380833277331663,
    0.6437646192962574,
    0.0,
    0.0,
    6.283185307179586,
    0.0,
    0.0,
    3.1541333145160877,
    0.0,
    6.283185307179586,
    0.0,
    6.283185307179586,
    6.283185307179586,
    0.0,
    0.0,
    0.0,
    6.283185307179586,
    3.1541333145162973,
    6.283185307179586,
    0.0,
    0.0,
    0.0,
    0.0,
    0.0,
    0.0,
    0.0,
    6.283185307179586,
    0.0,
    0.0,
    0.0,
    0.0,
    0.0
  ],
  "triangle_inequality_violations": [],
  "embedding_coords": [
    [
      -0.03006108433538642,
      0.15456894915117336
    ],
    [
      -0.06027115389475035,
      -0.14548098436698756
    ],
    [
      0.043472861480577996,
      -0.009763175348133922
    ],
    [
      -0.030631226181987554,
      -0.10741682373090755
    ],
    [
      0.0573351955116133,
      -0.002561533332383064
    ],
    [
      -0.00860514434981955,
      0.11136517887674516
    ],
    [
      0.028760551769752583,
      -0.0007116112495064702
    ]
  ],
  "embedding_coords_3d": [
    [
      0.017450896752837713,
      -0.12642001769328473,
      0.09167386713314268
    ],
    [
      -0.0975637727030442,
      0.11259450937010998,
      -0.04994214604359696
    ],
    [
      0.039283307309594555,
      0.016292430759436646,
      -0.004373273654049118
    ],
    [
      -0.059375581070777846,
      0.08421267197105613,
      -0.04260851011026611
    ],
    [
      0.046750230610076854,
      0.008079795476853826,
      -0.024400696967420987
    ],
    [
      0.024562236456862292,
      -0.09022062978820568,
      0.060743202375399805
    ],
    [
      0.028892682644450635,
      -0.004538760095966184,
      -0.031092442733209328
    ]
  ],
  "edge_weight_variance": 0.15100576902494328,
  "event_nodes": [
    [
      0,
      0
    ],
    [
      1,
      0
    ],
    [
      2,
      0
    ],
    [
      3,
      0
    ],
    [
      4,
      0
    ],
    [
      5,
      0
    ],
    [
      6,
      0
    ],
    [
      0,
      1
    ],
    [
      1,
      1
    ],
    [
      2,
      1
    ],
    [
      3,
      1
    ],
    [
      4,
      1
    ],
    [
      5,
      1
    ],
    [
      6,
      1
    ],
    [
      0,
      2
    ],
    [
      1,
      2
    ],
    [
      2,
      2
    ],
    [
      3,
      2
    ],
    [
      4,
      2
    ],
    [
      5,
      2
    ],
    [
      6,
      2
    ]
  ],
  "event_edges": [
    {
      "type": "spatial",
      "from": [
        0,
        0
      ],
      "to": [
        1,
        0
      ],
      "weight": 2.062124559629687
    },
    {
      "type": "spatial",
      "from": [
        0,
        0
      ],
      "to": [
        2,
        0
      ],
      "weight": 1.6817299821001703
    },
    {
      "type": "spatial",
      "from": [
        0,
        0
      ],
      "to": [
        3,
        0
      ],
      "weight": 1.7031190183706748
    },
    {
      "type": "spatial",
      "from": [
        0,
        0
      ],
      "to": [
        4,
        0
      ],
      "weight": 1.6817299821001666
    },
    {
      "type": "spatial",
      "from": [
        0,
        0
      ],
      "to": [
        5,
        0
      ],
      "weight": 3.702609962153133
    },
    {
      "type": "spatial",
      "from": [
        0,
        0
      ],
      "to": [
        6,
        0
      ],
      "weight": 1.6817299821001608
    },
    {
      "type": "spatial",
      "from": [
        1,
        0
      ],
      "to": [
        2,
        0
      ],
      "weight": 1.6817299821001666
    },
    {
      "type": "spatial",
      "from": [
        1,
        0
      ],
      "to": [
        3,
        0
      ],
      "weight": 3.7026099621531188
    },
    {
      "type": "spatial",
      "from": [
        1,
        0
      ],
      "to": [
        4,
        0
      ],
      "weight": 1.6817299821001679
    },
    {
      "type": "spatial",
      "from": [
        1,
        0
      ],
      "to": [
        5,
        0
      ],
      "weight": 1.703119018370678
    },
    {
      "type": "spatial",
      "from": [
        1,
        0
      ],
      "to": [
        6,
        0
      ],
      "weight": 1.6817299821001548
    },
    {
      "type": "spatial",
      "from": [
        2,
        0
      ],
      "to": [
        3,
        0
      ],
      "weight": 2.020879980052974
    },
    {
      "type": "spatial",
      "from": [
        2,
        0
      ],
      "to": [
        4,
        0
      ],
      "weight": 1.0958107006974183
    },
    {
      "type": "spatial",
      "from": [
        2,
        0
      ],
      "to": [
        5,
        0
      ],
      "weight": 2.0208799800529773
    },
    {
      "type": "spatial",
      "from": [
        2,
        0
      ],
      "to": [
        6,
        0
      ],
      "weight": 1.0958107006974198
    },
    {
      "type": "spatial",
      "from": [
        3,
        0
      ],
      "to": [
        4,
        0
      ],
      "weight": 2.020879980052969
    },
    {
      "type": "spatial",
      "from": [
        3,
        0
      ],
      "to": [
        5,
        0
      ],
      "weight": 4.041759960105937
    },
    {
      "type": "spatial",
      "from": [
        3,
        0
      ],
      "to": [
        6,
        0
      ],
      "weight": 2.020879980052964
    },
    {
      "type": "spatial",
      "from": [
        4,
        0
      ],
      "to": [
        5,
        0
      ],
      "weight": 2.020879980052976
    },
    {
      "type": "spatial",
      "from": [
        4,
        0
      ],
      "to": [
        6,
        0
      ],
      "weight": 1.0958107006974205
    },
    {
      "type": "spatial",
      "from": [
        5,
        0
      ],
      "to": [
        6,
        0
      ],
      "weight": 2.0208799800529724
    },
    {
      "type": "temporal",
      "from": [
        0,
        0
      ],
      "to": [
        0,
        1
      ],
      "weight": 1.0
    },
    {
      "type": "temporal",
      "from": [
        1,
        0
      ],
      "to": [
        1,
        1
      ],
      "weight": 1.0
    },
    {
      "type": "temporal",
      "from": [
        2,
        0
      ],
      "to": [
        2,
        1
      ],
      "weight": 1.0
    },
    {
      "type": "temporal",
      "from": [
        3,
        0
      ],
      "to": [
        3,
        1
      ],
      "weight": 1.0
    },
    {
      "type": "temporal",
      "from": [
        4,
        0
      ],
      "to": [
        4,
        1
      ],
      "weight": 1.0
    },
    {
      "type": "temporal",
      "from": [
        5,
        0
      ],
      "to": [
        5,
        1
      ],
      "weight": 1.0
    },
    {
      "type": "temporal",
      "from": [
        6,
        0
      ],
      "to": [
        6,
        1
      ],
      "weight": 1.0
    },
    {
      "type": "spatial",
      "from": [
        0,
        1
      ],
      "to": [
        1,
        1
      ],
      "weight": 2.177899675277035
    },
    {
      "type": "spatial",
      "from": [
        0,
        1
      ],
      "to": [
        2,
        1
      ],
      "weight": 2.0352533087176092
    },
    {
      "type": "spatial",
      "from": [
        0,
        1
      ],
      "to": [
        3,
        1
      ],
      "weight": 2.172821966131551
    },
    {
      "type": "spatial",
      "from": [
        0,
        1
      ],
      "to": [
        4,
        1
      ],
      "weight": 2.0352533087176092
    },
    {
      "type": "spatial",
      "from": [
        0,
        1
      ],
      "to": [
        5,
        1
      ],
      "weight": 4.3507216414085885
    },
    {
      "type": "spatial",
      "from": [
        0,
        1
      ],
      "to": [
        6,
        1
      ],
      "weight": 2.035253308717611
    },
    {
      "type": "spatial",
      "from": [
        1,
        1
      ],
      "to": [
        2,
        1
      ],
      "weight": 2.0352533087176075
    },
    {
      "type": "spatial",
      "from": [
        1,
        1
      ],
      "to": [
        3,
        1
      ],
      "weight": 4.350721641408587
    },
    {
      "type": "spatial",
      "from": [
        1,
        1
      ],
      "to": [
        4,
        1
      ],
      "weight": 2.0352533087176043
    },
    {
      "type": "spatial",
      "from": [
        1,
        1
      ],
      "to": [
        5,
        1
      ],
      "weight": 2.1728219661315533
    },
    {
      "type": "spatial",
      "from": [
        1,
        1
      ],
      "to": [
        6,
        1
      ],
      "weight": 2.0352533087176092
    },
    {
      "type": "spatial",
      "from": [
        2,
        1
      ],
      "to": [
        3,
        1
      ],
      "weight": 2.682335552357284
    },
    {
      "type": "spatial",
      "from": [
        2,
        1
      ],
      "to": [
        4,
        1
      ],
      "weight": 0.8233186661396054
    },
    {
      "type": "spatial",
      "from": [
        2,
        1
      ],
      "to": [
        5,
        1
      ],
      "weight": 2.682335552357284
    },
    {
      "type": "spatial",
      "from": [
        2,
        1
      ],
      "to": [
        6,
        1
      ],
      "weight": 0.8233186661396038
    },
    {
      "type": "spatial",
      "from": [
        3,
        1
      ],
      "to": [
        4,
        1
      ],
      "weight": 2.6823355523572903
    },
    {
      "type": "spatial",
      "from": [
        3,
        1
      ],
      "to": [
        5,
        1
      ],
      "weight": 5.364671104714568
    },
    {
      "type": "spatial",
      "from": [
        3,
        1
      ],
      "to": [
        6,
        1
      ],
      "weight": 2.6823355523572903
    },
    {
      "type": "spatial",
      "from": [
        4,
        1
      ],
      "to": [
        5,
        1
      ],
      "weight": 2.682335552357287
    },
    {
      "type": "spatial",
      "from": [
        4,
        1
      ],
      "to": [
        6,
        1
      ],
      "weight": 0.8233186661396094
    },
    {
      "type": "spatial",
      "from": [
        5,
        1
      ],
      "to": [
        6,
        1
      ],
      "weight": 2.6823355523572805
    },
    {
      "type": "temporal",
      "from": [
        0,
        1
      ],
      "to": [
        0,
        2
      ],
      "weight": 1.0
    },
    {
      "type": "temporal",
      "from": [
        1,
        1
      ],
      "to": [
        1,
        2
      ],
      "weight": 1.0
    },
    {
      "type": "temporal",
      "from": [
        2,
        1
      ],
      "to": [
        2,
        2
      ],
      "weight": 1.0
    },
    {
      "type": "temporal",
      "from": [
        3,
        1
      ],
      "to": [
        3,
        2
      ],
      "weight": 1.0
    },
    {
      "type": "temporal",
      "from": [
        4,
        1
      ],
      "to": [
        4,
        2
      ],
      "weight": 1.0
    },
    {
      "type": "temporal",
      "from": [
        5,
        1
      ],
      "to": [
        5,
        2
      ],
      "weight": 1.0
    },
    {
      "type": "temporal",
      "from": [
        6,
        1
      ],
      "to": [
        6,
        2
      ],
      "weight": 1.0
    },
    {
      "type": "spatial",
      "from": [
        0,
        2
      ],
      "to": [
        1,
        2
      ],
      "weight": 2.294129526536927
    },
    {
      "type": "spatial",
      "from": [
        0,
        2
      ],
      "to": [
        2,
        2
      ],
      "weight": 2.111688449735967
    },
    {
      "type": "spatial",
      "from": [
        0,
        2
      ],
      "to": [
        3,
        2
      ],
      "weight": 2.391285318888215
    },
    {
      "type": "spatial",
      "from": [
        0,
        2
      ],
      "to": [
        4,
        2
      ],
      "weight": 2.1116884497359707
    },
    {
      "type": "spatial",
      "from": [
        0,
        2
      ],
      "to": [
        5,
        2
      ],
      "weight": 3.9798620289821054
    },
    {
      "type": "spatial",
      "from": [
        0,
        2
      ],
      "to": [
        6,
        2
      ],
      "weight": 2.111688449735969
    },
    {
      "type": "spatial",
      "from": [
        1,
        2
      ],
      "to": [
        2,
        2
      ],
      "weight": 2.1116884497359707
    },
    {
      "type": "spatial",
      "from": [
        1,
        2
      ],
      "to": [
        3,
        2
      ],
      "weight": 3.979862028982101
    },
    {
      "type": "spatial",
      "from": [
        1,
        2
      ],
      "to": [
        4,
        2
      ],
      "weight": 2.111688449735976
    },
    {
      "type": "spatial",
      "from": [
        1,
        2
      ],
      "to": [
        5,
        2
      ],
      "weight": 2.391285318888203
    },
    {
      "type": "spatial",
      "from": [
        1,
        2
      ],
      "to": [
        6,
        2
      ],
      "weight": 2.111688449735967
    },
    {
      "type": "spatial",
      "from": [
        2,
        2
      ],
      "to": [
        3,
        2
      ],
      "weight": 1.8681735792461394
    },
    {
      "type": "spatial",
      "from": [
        2,
        2
      ],
      "to": [
        4,
