{
  "spec": {
    "num_qubits": 6,
    "topology": "triangulated",
    "custom_edges": "0-1:1.0000,0-2:1.0000,0-3:1.0000,0-4:1.0000,0-5:1.0000,1-2:1.0000,1-3:1.0000,1-4:1.0000,1-5:0.1221,2-3:1.0000,2-4:0.1463,2-5:0.1371,3-4:1.0000,3-5:0.0500,4-5:0.0500",
    "alpha": 0.8,
    "weight": 2.0,
    "gamma": 1.0,
    "sigma": null,
    "init_angle": 0.0,
    "init_angles": null,
    "shots": 2000,
    "device": "ibm_brisbane",
    "geometry": "spherical",
    "curvature": 20.0,
    "timesteps": 4,
    "dimension": 2,
    "mass_hinge": null,
    "mass_value": 0.0,
    "solve_regge": false,
    "lorentzian": false,
    "excite": false,
    "fast": true,
    "strong_curvature": false,
    "charge_injection": false,
    "charge_strength": 1.0,
    "charge_location": 3,
    "spin_injection": false,
    "spin_strength": 1.0,
    "spin_location": 3,
    "edge_floor": 0.001,
    "compute_entropies": false,
    "hyperbolic_triangulation": false,
    "trotter_steps": 4,
    "dt": 0.1,
    "analyze_curvature": false,
    "einstein_solver": false,
    "page_curve": false,
    "radiation_ordering": "0,1",
    "page_curve_timesteps": 10,
    "entropy_method": "basic",
    "num_shadows": 50,
    "shots_per_shadow": 500,
    "num_bases": 10,
    "shots_per_basis": 500,
    "enhanced_entanglement": false,
    "entanglement_strength": 1.5,
    "interpolate_geometry": false,
    "smooth_charge_injection": false,
    "min_qubits_for_continuum": 10,
    "benchmark_against_classical_geometry": false,
    "geometry_fit_metric": "wasserstein,kl,euclidean",
    "verify_noise_robustness": false,
    "run_on_multiple_backends": false,
    "detect_and_flag_causal_loops": false,
    "restrict_information_flow_direction": "forward",
    "filter_noncausal_edges": false,
    "use_ryu_takayanagi_test": false,
    "compare_MI_vs_subsystem_entropy": false,
    "embed_boundary_entropy_in_geometry": false,
    "entropy_engineering": false,
    "target_entropy_pattern": "page_curve",
    "custom_target_entropies": null,
    "entropy_optimization_iterations": 100,
    "entropy_tolerance": 0.1,
    "continue_on_engineering_failure": false,
    "validate_engineered_geometry": false,
    "enhance_bell_violations": true,
    "bell_entanglement_strength": 3.0,
    "teleportation_circuits": true,
    "long_range_coupling": 2.5,
    "holographic_optimization": true,
    "rt_surface_encoding": true,
    "conformal_symmetry": true,
    "bulk_reconstruction": false,
    "scalable_entanglement": true,
    "parallel_execution": false,
    "memory_optimization": false,
    "circuit_compilation": "auto",
    "real_hardware": false,
    "error_mitigation": true,
    "zero_noise_extrapolation": false,
    "hardware_calibration": false,
    "noise_characterization": false,
    "backend_name": "ibm_brisbane"
  },
  "uid": "P509QZ",
  "counts_per_timestep": [
    {
      "000110": 34,
      "011010": 29,
      "101101": 22,
      "010111": 26,
      "011110": 28,
      "101000": 38,
      "001000": 40,
      "101011": 27,
      "011011": 32,
      "000001": 31,
      "010000": 43,
      "011111": 28,
      "111111": 19,
      "111101": 43,
      "010011": 32,
      "111011": 29,
      "110111": 24,
      "110110": 22,
      "111001": 36,
      "100110": 32,
      "111010": 23,
      "000011": 33,
      "001010": 37,
      "010010": 33,
      "110011": 30,
      "101010": 44,
      "010100": 24,
      "000111": 43,
      "010101": 33,
      "100111": 37,
      "100011": 25,
      "100101": 31,
      "110000": 38,
      "001100": 29,
      "001101": 28,
      "111110": 30,
      "011100": 25,
      "001111": 33,
      "110001": 32,
      "001110": 40,
      "010001": 32,
      "101001": 31,
      "101100": 26,
      "111000": 38,
      "000000": 36,
      "000100": 33,
      "011101": 29,
      "111100": 29,
      "011000": 28,
      "100100": 31,
      "000101": 36,
      "000010": 39,
      "100010": 30,
      "001011": 29,
      "110101": 32,
      "010110": 28,
      "100001": 28,
      "011001": 27,
      "110010": 37,
      "110100": 29,
      "001001": 30,
      "100000": 34,
      "101110": 25,
      "101111": 20
    },
    {
      "010010": 30,
      "011010": 27,
      "001000": 40,
      "110111": 30,
      "111111": 33,
      "010000": 29,
      "001010": 34,
      "110101": 33,
      "101110": 24,
      "110110": 49,
      "000010": 42,
      "000101": 40,
      "110100": 27,
      "110000": 38,
      "100011": 31,
      "000000": 32,
      "001011": 29,
      "110010": 50,
      "010101": 27,
      "100111": 26,
      "000110": 34,
      "010100": 25,
      "000001": 36,
      "000011": 42,
      "100100": 34,
      "001001": 27,
      "010001": 39,
      "110001": 31,
      "010110": 31,
      "111000": 33,
      "001101": 37,
      "011011": 29,
      "001111": 33,
      "101011": 36,
      "000111": 36,
      "111001": 35,
      "100010": 21,
      "111101": 35,
      "101101": 19,
      "111011": 41,
      "100000": 26,
      "000100": 36,
      "110011": 37,
      "111010": 31,
      "011110": 25,
      "011000": 31,
      "010011": 38,
      "101100": 19,
      "100110": 31,
      "001110": 33,
      "100001": 25,
      "101111": 21,
      "010111": 33,
      "101001": 23,
      "001100": 27,
      "111110": 39,
      "111100": 23,
      "011001": 39,
      "101000": 21,
      "011100": 25,
      "011111": 29,
      "100101": 15,
      "101010": 24,
      "011101": 24
    },
    {
      "101011": 36,
      "011111": 26,
      "100011": 28,
      "110010": 41,
      "100000": 24,
      "110011": 42,
      "111011": 33,
      "010111": 33,
      "001010": 29,
      "110001": 36,
      "111110": 37,
      "000110": 31,
      "111111": 38,
      "110000": 23,
      "111100": 24,
      "010110": 30,
      "001110": 34,
      "010101": 34,
      "111010": 38,
      "000010": 30,
      "101110": 36,
      "111001": 43,
      "010001": 39,
      "100111": 43,
      "110110": 26,
      "011101": 25,
      "011010": 27,
      "100101": 34,
      "111101": 34,
      "010100": 35,
      "001000": 31,
      "001100": 28,
      "110101": 37,
      "000011": 27,
      "100010": 29,
      "011110": 19,
      "000001": 34,
      "110111": 47,
      "011000": 26,
      "101111": 35,
      "010000": 26,
      "011011": 41,
      "011100": 39,
      "101100": 30,
      "001111": 27,
      "001101": 35,
      "100100": 24,
      "100001": 32,
      "000101": 29,
      "101001": 30,
      "001001": 29,
      "010011": 32,
      "101010": 36,
      "101101": 31,
      "101000": 24,
      "000000": 31,
      "100110": 26,
      "011001": 24,
      "001011": 18,
      "110100": 25,
      "000100": 24,
      "010010": 30,
      "111000": 25,
      "000111": 30
    },
    {
      "101011": 30,
      "101001": 34,
      "110111": 25,
      "101110": 27,
      "111001": 20,
      "011100": 29,
      "111110": 33,
      "010011": 36,
      "011111": 29,
      "100100": 34,
      "010110": 32,
      "110000": 34,
      "111101": 47,
      "111000": 38,
      "110001": 29,
      "011110": 33,
      "101111": 35,
      "100111": 35,
      "111010": 35,
      "001110": 23,
      "010010": 35,
      "010101": 35,
      "010111": 24,
      "100001": 36,
      "100000": 29,
      "101101": 25,
      "001000": 27,
      "001111": 31,
      "011101": 32,
      "110100": 19,
      "110010": 20,
      "001001": 28,
      "100101": 41,
      "010100": 23,
      "010000": 26,
      "100110": 29,
      "000111": 41,
      "000000": 30,
      "100011": 36,
      "011000": 31,
      "010001": 23,
      "000001": 37,
      "000110": 42,
      "100010": 30,
      "011011": 29,
      "110011": 38,
      "000011": 30,
      "000101": 29,
      "111100": 27,
      "111111": 42,
      "101010": 30,
      "110110": 29,
      "001011": 33,
      "101000": 39,
      "001010": 31,
      "001101": 43,
      "011001": 36,
      "000100": 23,
      "000010": 43,
      "011010": 26,
      "110101": 29,
      "111011": 24,
      "001100": 29,
      "101100": 22
    }
  ],
  "job_ids_per_timestep": [
    "d25fq6n39ohc73e6vofg",
    "d25fqceliavc738j7n60",
    "d25fqf739ohc73e6vong",
    "d25fqhf291fs7395pk40"
  ],
  "entropy_per_timestep": [
    5.976214869490325,
    5.963421141766912,
    5.9728825596600785,
    5.971770155672086
  ],
  "mutual_information_per_timestep": [
    {
      "I_0,1": 8.082079679495218e-05,
      "I_0,2": 0.0012234040632801424,
      "I_0,3": 0.00011115240133776055,
      "I_0,4": 0.0004807976435503916,
      "I_0,5": 3.964199690682183e-05,
      "I_1,2": 4.893843795263607e-05,
      "I_1,3": 1.0667328643287942e-05,
      "I_1,4": 0.001092726955176487,
      "I_1,5": 0.0009095233619816276,
      "I_2,3": 0.00010444346283425927,
      "I_2,4": 0.0002136385566619478,
      "I_2,5": 0.00017038776274797517,
      "I_3,4": 1.3048967555287722e-05,
      "I_3,5": 0.00011594772065743166,
      "I_4,5": 0.0008464977557485192
    },
    {
      "I_0,1": 5.464419501626915e-05,
      "I_0,2": 0.00019207955391340684,
      "I_0,3": 0.00032578548140478093,
      "I_0,4": 5.615579257477752e-05,
      "I_0,5": 0.0003828910936932266,
      "I_1,2": 0.000102769208949863,
      "I_1,3": 0.00013443889091967025,
      "I_1,4": 2.285710048594144e-05,
      "I_1,5": 0.0007998753843955642,
      "I_2,3": 4.572294100061575e-05,
      "I_2,4": 0.00021805614871055808,
      "I_2,5": 1.3996655004180566e-08,
      "I_3,4": 3.6172383429459304e-05,
      "I_3,5": 1.2028820089681359e-05,
      "I_4,5": 0.007838347078247532
    },
    {
      "I_0,1": 0.00037105938282307096,
      "I_0,2": 2.9206687050793365e-05,
      "I_0,3": 0.000773773971340418,
      "I_0,4": 0.0004177241139714464,
      "I_0,5": 0.001068614934081438,
      "I_1,2": 1.3589267079987082e-05,
      "I_1,3": 3.3327608641845786e-06,
      "I_1,4": 3.8594758722796264e-05,
      "I_1,5": 0.0017092829215592624,
      "I_2,3": 2.146980409754645e-06,
      "I_2,4": 0.00026971824827499036,
      "I_2,5": 2.5834190974506036e-07,
      "I_3,4": 0.0003025287769726796,
      "I_3,5": 0.0003275720429550535,
      "I_4,5": 0.00010338811160526349
    },
    {
      "I_0,1": 0.0002575574223549204,
      "I_0,2": 0.0011128268413557133,
      "I_0,3": 7.68112457605265e-06,
      "I_0,4": 8.03112771104353e-05,
      "I_0,5": 4.019434616862622e-05,
      "I_1,2": 2.484395270192785e-05,
      "I_1,3": 0.0005111959056726401,
      "I_1,4": 6.0908646203761e-06,
      "I_1,5": 0.00022090928069698826,
      "I_2,3": 0.00018039918440337054,
      "I_2,4": 5.9511183631988894e-05,
      "I_2,5": 4.500167796927551e-12,
      "I_3,4": 0.0015668422920474493,
      "I_3,5": 0.00014454169560194647,
      "I_4,5": 4.083093683797433e-05
    }
  ],
  "boundary_entropies_per_timestep": [
    {
      "entropy_A": -0.0,
      "entropy_B": -0.0,
      "mi_AB": 0.0,
      "pure_state_check": true,
      "entropy_difference": 0.0,
      "multiple_regions": {
        "size_1_region_0": {
          "region": [
            0
          ],
          "entropy": 0.6927551293225422,
          "rt_area": 5,
          "size": 1
        },
        "size_1_region_1": {
          "region": [
            1
          ],
          "entropy": 0.6926350931428009,
          "rt_area": 5,
          "size": 1
        },
        "size_2_region_0": {
          "region": [
            0,
            1
          ],
          "entropy": 0.58865285090912,
          "rt_area": 8,
          "size": 2
        },
        "size_2_region_1": {
          "region": [
            0,
            2
          ],
          "entropy": 0.5812594319855474,
          "rt_area": 8,
          "size": 2
        },
        "size_3_region_0": {
          "region": [
            0,
            1,
            2
          ],
          "entropy": 0.4094758829967651,
          "rt_area": 9,
          "size": 3
        },
        "size_3_region_1": {
          "region": [
            0,
            1,
            3
          ],
          "entropy": 0.40039917444896944,
          "rt_area": 9,
          "size": 3
        },
        "size_4_region_0": {
          "region": [
            0,
            1,
            2,
            3
          ],
          "entropy": 0.252343677883885,
          "rt_area": 8,
          "size": 4
        },
        "size_4_region_1": {
          "region": [
            0,
            1,
            2,
            4
          ],
          "entropy": 0.2484345717431909,
          "rt_area": 8,
          "size": 4
        },
        "size_5_region_0": {
          "region": [
            0,
            1,
            2,
            3,
            4
          ],
          "entropy": 0.14670553163763317,
          "rt_area": 5,
          "size": 5
        },
        "size_5_region_1": {
          "region": [
            0,
            1,
            2,
            3,
            5
          ],
          "entropy": 0.15991595531465677,
          "rt_area": 5,
          "size": 5
        }
      }
    },
    {
      "entropy_A": -0.0,
      "entropy_B": -0.0,
      "mi_AB": 0.0,
      "pure_state_check": true,
      "entropy_difference": 0.0,
      "multiple_regions": {
        "size_1_region_0": {
          "region": [
            0
          ],
          "entropy": 0.6923864876558082,
          "rt_area": 5,
          "size": 1
        },
        "size_1_region_1": {
          "region": [
            1
          ],
          "entropy": 0.6920888071224436,
          "rt_area": 5,
          "size": 1
        },
        "size_2_region_0": {
          "region": [
            0,
            1
          ],
          "entropy": 0.5920063738715278,
          "rt_area": 8,
          "size": 2
        },
        "size_2_region_1": {
          "region": [
            0,
            2
          ],
          "entropy": 0.5881687773541907,
          "rt_area": 8,
          "size": 2
        },
        "size_3_region_0": {
          "region": [
            0,
            1,
            2
          ],
          "entropy": 0.42097055798032224,
          "rt_area": 9,
          "size": 3
        },
        "size_3_region_1": {
          "region": [
            0,
            1,
            3
          ],
          "entropy": 0.4067746304543399,
          "rt_area": 9,
          "size": 3
        },
        "size_4_region_0": {
          "region": [
            0,
            1,
            2,
            3
          ],
          "entropy": 0.2688895909234597,
          "rt_area": 8,
          "size": 4
        },
        "size_4_region_1": {
          "region": [
            0,
            1,
            2,
            4
          ],
          "entropy": 0.25878187038738687,
          "rt_area": 8,
          "size": 4
        },
        "size_5_region_0": {
          "region": [
            0,
            1,
            2,
            3,
            4
          ],
          "entropy": 0.14838275729589523,
          "rt_area": 5,
          "size": 5
        },
        "size_5_region_1": {
          "region": [
            0,
            1,
            2,
            3,
            5
          ],
          "entropy": 0.15828988065270586,
          "rt_area": 5,
          "size": 5
        }
      }
    },
    {
      "entropy_A": -0.0,
      "entropy_B": -0.0,
      "mi_AB": 0.0,
      "pure_state_check": true,
      "entropy_difference": 0.0,
      "multiple_regions": {
        "size_1_region_0": {
          "region": [
            0
          ],
          "entropy": 0.692042273560129,
          "rt_area": 5,
          "size": 1
        },
        "size_1_region_1": {
          "region": [
            1
          ],
          "entropy": 0.6925345554465462,
          "rt_area": 5,
          "size": 1
        },
        "size_2_region_0": {
          "region": [
            0,
            1
          ],
          "entropy": 0.5434709677211493,
          "rt_area": 8,
          "size": 2
        },
        "size_2_region_1": {
          "region": [
            0,
            2
          ],
          "entropy": 0.559571909976142,
          "rt_area": 8,
          "size": 2
        },
        "size_3_region_0": {
          "region": [
            0,
            1,
            2
          ],
          "entropy": 0.3629210998971987,
          "rt_area": 9,
          "size": 3
        },
        "size_3_region_1": {
          "region": [
            0,
            1,
            3
          ],
          "entropy": 0.35582146087842287,
          "rt_area": 9,
          "size": 3
        },
        "size_4_region_0": {
          "region": [
            0,
            1,
            2,
            3
          ],
          "entropy": 0.22971023829100615,
          "rt_area": 8,
          "size": 4
        },
        "size_4_region_1": {
          "region": [
            0,
            1,
            2,
            4
          ],
          "entropy": 0.2242070754418573,
          "rt_area": 8,
          "size": 4
        },
        "size_5_region_0": {
          "region": [
            0,
            1,
            2,
            3,
            4
          ],
          "entropy": 0.14332780248416813,
          "rt_area": 5,
          "size": 5
        },
        "size_5_region_1": {
          "region": [
            0,
            1,
            2,
            3,
            5
          ],
          "entropy": 0.13647594492704543,
          "rt_area": 5,
          "size": 5
        }
      }
    },
    {
      "entropy_A": -0.0,
      "entropy_B": -0.0,
      "mi_AB": 0.0,
      "pure_state_check": true,
      "entropy_difference": 0.0,
      "multiple_regions": {
        "size_1_region_0": {
          "region": [
            0
          ],
          "entropy": 0.6931466805598621,
          "rt_area": 5,
          "size": 1
        },
        "size_1_region_1": {
          "region": [
            1
          ],
          "entropy": 0.6926350931428009,
          "rt_area": 5,
          "size": 1
        },
        "size_2_region_0": {
          "region": [
            0,
            1
          ],
          "entropy": 0.5730569171314204,
          "rt_area": 8,
          "size": 2
        },
        "size_2_region_1": {
          "region": [
            0,
            2
          ],
          "entropy": 0.5672251136728618,
          "rt_area": 8,
          "size": 2
        },
        "size_3_region_0": {
          "region": [
            0,
            1,
            2
          ],
          "entropy": 0.40039917444896944,
          "rt_area": 9,
          "size": 3
        },
        "size_3_region_1": {
          "region": [
            0,
            1,
            3
          ],
          "entropy": 0.3854351204837836,
          "rt_area": 9,
          "size": 3
        },
        "size_4_region_0": {
          "region": [
            0,
            1,
            2,
            3
          ],
          "entropy": 0.2536389469216915,
          "rt_area": 8,
          "size": 4
        },
        "size_4_region_1": {
          "region": [
            0,
            1,
            2,
            4
          ],
          "entropy": 0.2255895327443273,
          "rt_area": 8,
          "size": 4
        },
        "size_5_region_0": {
          "region": [
            0,
            1,
            2,
            3,
            4
          ],
          "entropy": 0.14670553163763317,
          "rt_area": 5,
          "size": 5
        },
        "size_5_region_1": {
          "region": [
            0,
            1,
            2,
            3,
            5
          ],
          "entropy": 0.15665678942292405,
          "rt_area": 5,
          "size": 5
        }
      }
    }
  ],
  "distance_matrix_per_timestep": [
    [
      [
        0.0,
        9.423276239479197,
        6.706118089859917,
        9.104608313309164,
        7.6400640758568015,
        10.135621473716277
      ],
      [
        9.423276239479197,
        0.0,
        9.924947418059533,
        18.06588045514,
        6.819078913277369,
        13.893481920884586
      ],
      [
        6.706118089859917,
        9.924947418059533,
        0.0,
        9.166864658476,
        8.451224958450988,
        8.677433761007169
      ],
      [
        9.104608313309164,
        18.06588045514,
        9.166864658476,
        0.0,
        11.24680154186263,
        17.844298419483167
      ],
      [
        7.6400640758568015,
        6.819078913277369,
        8.451224958450988,
        11.24680154186263,
        0.0,
        7.074403007607216
      ],
      [
        10.135621473716277,
        13.893481920884586,
        8.677433761007169,
        17.844298419483167,
        7.074403007607216,
        0.0
      ]
    ],
    [
      [
        0.0,
        9.814667570094857,
        8.55760092845398,
        8.029271425696649,
        9.78738071959354,
        7.867759959889372
      ],
      [
        9.814667570094857,
        0.0,
        9.18302477364345,
        17.843938995791504,
        10.686248745527541,
        15.534976044231705
      ],
      [
        8.55760092845398,
        9.18302477364345,
        0.0,
        9.99291039475884,
        8.430757965446345,
        13.279485264150509
      ],
      [
        8.029271425696649,
        17.843938995791504,
        9.99291039475884,
        0.0,
        10.227214618969178,
        15.07594191767334
      ],
      [
        9.78738071959354,
        10.686248745527541,
        8.430757965446345,
        10.227214618969178,
        0.0,
        4.848727298704163
      ],
      [
        7.867759959889372,
        15.534976044231705,
        13.279485264150509,
        15.07594191767334,
        4.848727298704163,
        0.0
      ]
    ],
    [
      [
        0.0,
        7.899148446647605,
        10.441112866319688,
        7.164230753714611,
        7.780689357767299,
        6.8413919231672695
      ],
      [
        7.899148446647605,
        0.0,
        11.206230262087987,
        15.063379200362217,
        10.16239407509654,
        14.740540369814875
      ],
      [
        10.441112866319688,
        11.206230262087987,
        0.0,
        13.051448163583109,
        8.218132668724536,
        15.168981897799112
      ],
      [
        7.164230753714611,
        15.063379200362217,
        13.051448163583109,
        0.0,
        8.103334154529799,
        14.005622676881881
      ],
      [
        7.780689357767299,
        10.16239407509654,
        8.218132668724536,
        8.103334154529799,
        0.0,
        9.177020577304082
      ],
      [
        6.8413919231672695,
        14.740540369814875,
        15.168981897799112,
        14.005622676881881,
        9.177020577304082,
        0.0
      ]
    ],
    [
      [
        0.0,
        8.264267863284578,
        6.800851797089042,
        11.776744592350877,
        9.429600509631156,
        10.12178421480188
      ],
      [
        8.264267863284578,
        0.0,
        10.602896187071645,
        18.467413476440846,
        12.008720512530614,
        18.386052078086458
      ],
      [
        6.800851797089042,
        10.602896187071645,
        0.0,
        8.62033847139159,
        9.729346302873502,
        16.922636011890923
      ],
      [
        11.776744592350877,
        18.467413476440846,
        8.62033847139159,
        0.0,
        6.4586929639102335,
        16.564763471962404
      ],
      [
        9.429600509631156,
        12.008720512530614,
        9.729346302873502,
        6.4586929639102335,
        0.0,
        10.10607050805217
      ],
      [
        10.12178421480188,
        18.386052078086458,
        16.922636011890923,
        16.564763471962404,
        10.10607050805217,
        0.0
      ]
    ]
  ],
  "edge_mi": {
    "0,1": 0.0002575574223549204,
    "0,5": 4.019434616862622e-05,
    "0,2": 0.0011128268413557133,
    "0,4": 8.03112771104353e-05,
    "0,3": 7.68112457605265e-06,
    "1,2": 2.484395270192785e-05,
    "1,4": 6.0908646203761e-06,
    "2,3": 0.00018039918440337054,
    "2,4": 5.9511183631988894e-05,
    "2,5": 4.500167796927551e-12,
    "3,4": 0.0015668422920474493,
    "4,5": 4.083093683797433e-05
  },
  "distance_matrix": [
    [
      0.0,
      8.264267863284578,
      6.800851797089042,
      11.776744592350877,
      9.429600509631156,
      10.12178421480188
    ],
    [
      8.264267863284578,
      0.0,
      10.602896187071645,
      7.578757664180597,
      12.008720512530614,
      8.41775843530625
    ],
    [
      6.800851797089042,
      10.602896187071645,
      0.0,
      8.62033847139159,
      9.729346302873502,
      16.922636011890923
    ],
    [
      11.776744592350877,
      7.578757664180597,
      8.62033847139159,
      0.0,
      6.4586929639102335,
      8.841942541156063
    ],
    [
      9.429600509631156,
      12.008720512530614,
      9.729346302873502,
      6.4586929639102335,
      0.0,
      10.10607050805217
    ],
    [
      10.12178421480188,
      8.41775843530625,
      16.922636011890923,
      8.841942541156063,
      10.10607050805217,
      0.0
    ]
  ],
  "shortest_paths": {
    "0": {
      "0": 0,
      "2": 6.800851797089042,
      "1": 8.264267863284578,
      "4": 9.429600509631156,
      "5": 10.12178421480188,
      "3": 11.776744592350877
    },
    "1": {
      "1": 0,
      "3": 7.578757664180597,
      "0": 8.264267863284578,
      "5": 8.41775843530625,
      "2": 10.602896187071645,
      "4": 12.008720512530614
    },
    "2": {
      "2": 0,
      "0": 6.800851797089042,
      "3": 8.62033847139159,
      "4": 9.729346302873502,
      "1": 10.602896187071645,
      "5": 16.922636011890923
    },
    "3": {
      "3": 0,
      "4": 6.4586929639102335,
      "1": 7.578757664180597,
      "2": 8.62033847139159,
      "5": 8.841942541156063,
      "0": 11.776744592350877
    },
    "4": {
      "4": 0,
      "3": 6.4586929639102335,
      "0": 9.429600509631156,
      "2": 9.729346302873502,
      "5": 10.10607050805217,
      "1": 12.008720512530614
    },
    "5": {
      "5": 0,
      "1": 8.41775843530625,
      "3": 8.841942541156063,
      "4": 10.10607050805217,
      "0": 10.12178421480188,
      "2": 16.922636011890923
    }
  },
  "gromov_delta": 10.12178421480188,
  "mean_distance": 8.093356031973396,
  "angle_sums": [
    3.141592653589793,
    3.3763421471830135,
    3.141592653589793,
    9.42477796076938,
    3.141592653589793,
    3.141592653589793,
    0.0,
    3.141592653589793,
    5.4744675484711625,
    5.9773917301584065,
    4.582594253364783,
    6.817556228897214,
    3.141592653589793,
    3.141592653589793,
    3.141592653589793,
    3.141592653589793,
    3.141592653589793,
    3.141592653589793,
    3.141592653589793,
    5.91612436755495
  ],
  "mean_angle_sum": 3.963418303973822,
  "min_angle_sum": 0.0,
  "max_angle_sum": 9.42477796076938,
  "angle_sum_deviations": [
    0.0,
    0.2347494935932204,
    0.0,
    6.283185307179586,
    0.0,
    0.0,
    -3.141592653589793,
    0.0,
    2.3328748948813693,
    2.8357990765686134,
    1.4410015997749896,
    3.6759635753074207,
    0.0,
    0.0,
    0.0,
    0.0,
    0.0,
    0.0,
    0.0,
    2.774531713965157
  ],
  "triangle_inequality_violations": [],
  "embedding_coords": null,
  "edge_weight_variance": 0.1801604328888889,
  "event_nodes": [
    [
      0,
      0
    ],
    [
      1,
      0
    ],
    [
      2,
      0
    ],
    [
      3,
      0
    ],
    [
      4,
      0
    ],
    [
      5,
      0
    ],
    [
      0,
      1
    ],
    [
      1,
      1
    ],
    [
      2,
      1
    ],
    [
      3,
      1
    ],
    [
      4,
      1
    ],
    [
      5,
      1
    ],
    [
      0,
      2
    ],
    [
      1,
      2
    ],
    [
      2,
      2
    ],
    [
      3,
      2
    ],
    [
      4,
      2
    ],
    [
      5,
      2
    ],
    [
      0,
      3
    ],
    [
      1,
      3
    ],
    [
      2,
      3
    ],
    [
      3,
      3
    ],
    [
      4,
      3
    ],
    [
      5,
      3
    ]
  ],
  "event_edges": [
    {
      "type": "spatial",
      "from": [
        0,
        0
      ],
      "to": [
        1,
        0
      ],
      "weight": 9.423276239479197
    },
    {
      "type": "spatial",
      "from": [
        0,
        0
      ],
      "to": [
        2,
        0
      ],
      "weight": 6.706118089859917
    },
    {
      "type": "spatial",
      "from": [
        0,
        0
      ],
      "to": [
        3,
        0
      ],
      "weight": 9.104608313309164
    },
    {
      "type": "spatial",
      "from": [
        0,
        0
      ],
      "to": [
        4,
        0
      ],
      "weight": 7.6400640758568015
    },
    {
      "type": "spatial",
      "from": [
        0,
        0
      ],
      "to": [
        5,
        0
      ],
      "weight": 10.135621473716277
    },
    {
      "type": "spatial",
      "from": [
        1,
        0
      ],
      "to": [
        2,
        0
      ],
      "weight": 9.924947418059533
    },
    {
      "type": "spatial",
      "from": [
        1,
        0
      ],
      "to": [
        3,
        0
      ],
      "weight": 18.06588045514
    },
    {
      "type": "spatial",
      "from": [
        1,
        0
      ],
      "to": [
        4,
        0
      ],
      "weight": 6.819078913277369
    },
    {
      "type": "spatial",
      "from": [
        1,
        0
      ],
      "to": [
        5,
        0
      ],
      "weight": 13.893481920884586
    },
    {
      "type": "spatial",
      "from": [
        2,
        0
      ],
      "to": [
        3,
        0
      ],
      "weight": 9.166864658476
    },
    {
      "type": "spatial",
      "from": [
        2,
        0
      ],
      "to": [
        4,
        0
      ],
      "weight": 8.451224958450988
    },
    {
      "type": "spatial",
      "from": [
        2,
        0
      ],
      "to": [
        5,
        0
      ],
      "weight": 8.677433761007169
    },
    {
      "type": "spatial",
      "from": [
        3,
        0
      ],
      "to": [
        4,
        0
      ],
      "weight": 11.24680154186263
    },
    {
      "type": "spatial",
      "from": [
        3,
        0
      ],
      "to": [
        5,
        0
      ],
      "weight": 17.844298419483167
    },
    {
      "type": "spatial",
      "from": [
        4,
        0
      ],
      "to": [
        5,
        0
      ],
      "weight": 7.074403007607216
    },
    {
      "type": "temporal",
      "from": [
        0,
        0
      ],
      "to": [
        0,
        1
      ],
      "weight": 1.0
    },
    {
      "type": "temporal",
      "from": [
        1,
        0
      ],
      "to": [
        1,
        1
      ],
      "weight": 1.0
    },
    {
      "type": "temporal",
      "from": [
        2,
        0
      ],
      "to": [
        2,
        1
      ],
      "weight": 1.0
    },
    {
      "type": "temporal",
      "from": [
        3,
        0
      ],
      "to": [
        3,
        1
      ],
      "weight": 1.0
    },
    {
      "type": "temporal",
      "from": [
        4,
        0
      ],
      "to": [
        4,
        1
      ],
      "weight": 1.0
    },
    {
      "type": "temporal",
      "from": [
        5,
        0
      ],
      "to": [
        5,
        1
      ],
      "weight": 1.0
    },
    {
      "type": "spatial",
      "from": [
        0,
        1
      ],
      "to": [
        1,
        1
      ],
      "weight": 9.814667570094857
    },
    {
      "type": "spatial",
      "from": [
        0,
        1
      ],
      "to": [
        2,
        1
      ],
      "weight": 8.55760092845398
    },
    {
      "type": "spatial",
      "from": [
        0,
        1
      ],
      "to": [
        3,
        1
      ],
      "weight": 8.029271425696649
    },
    {
      "type": "spatial",
      "from": [
        0,
        1
      ],
      "to": [
        4,
        1
      ],
      "weight": 9.78738071959354
    },
    {
      "type": "spatial",
      "from": [
        0,
        1
      ],
      "to": [
        5,
        1
      ],
      "weight": 7.867759959889372
    },
    {
      "type": "spatial",
      "from": [
        1,
        1
      ],
      "to": [
        2,
        1
      ],
      "weight": 9.18302477364345
    },
    {
      "type": "spatial",
      "from": [
        1,
        1
      ],
      "to": [
        3,
        1
      ],
      "weight": 17.843938995791504
    },
    {
      "type": "spatial",
      "from": [
        1,
        1
      ],
      "to": [
        4,
        1
      ],
      "weight": 10.686248745527541
    },
    {
      "type": "spatial",
      "from": [
        1,
        1
      ],
      "to": [
        5,
        1
      ],
      "weight": 15.534976044231705
    },
    {
      "type": "spatial",
      "from": [
        2,
        1
      ],
      "to": [
        3,
        1
      ],
      "weight": 9.99291039475884
    },
    {
      "type": "spatial",
      "from": [
        2,
        1
      ],
      "to": [
        4,
        1
      ],
      "weight": 8.430757965446345
    },
    {
      "type": "spatial",
      "from": [
        2,
        1
      ],
      "to": [
        5,
        1
      ],
      "weight": 13.279485264150509
    },
    {
      "type": "spatial",
      "from": [
        3,
        1
      ],
      "to": [
        4,
        1
      ],
      "weight": 10.227214618969178
    },
    {
      "type": "spatial",
      "from": [
        3,
        1
      ],
      "to": [
        5,
        1
      ],
      "weight": 15.07594191767334
    },
    {
      "type": "spatial",
      "from": [
        4,
        1
      ],
      "to": [
        5,
        1
      ],
      "weight": 4.848727298704163
    },
    {
      "type": "temporal",
      "from": [
        0,
        1
      ],
      "to": [
        0,
        2
      ],
      "weight": 1.0
    },
    {
      "type": "temporal",
      "from": [
        1,
        1
      ],
      "to": [
        1,
        2
      ],
      "weight": 1.0
    },
    {
      "type": "temporal",
      "from": [
        2,
        1
      ],
      "to": [
        2,
        2
      ],
      "weight": 1.0
    },
    {
      "type": "temporal",
      "from": [
        3,
        1
      ],
      "to": [
        3,
        2
      ],
      "weight": 1.0
    },
    {
      "type": "temporal",
      "from": [
        4,
        1
      ],
      "to": [
        4,
        2
      ],
      "weight": 1.0
    },
    {
      "type": "temporal",
      "from": [
        5,
        1
      ],
      "to": [
        5,
        2
      ],
      "weight": 1.0
    },
    {
      "type": "spatial",
      "from": [
        0,
        2
      ],
      "to": [
        1,
        2
      ],
      "weight": 7.899148446647605
    },
    {
      "type": "spatial",
      "from": [
        0,
        2
      ],
      "to": [
        2,
        2
      ],
      "weight": 10.441112866319688
    },
    {
      "type": "spatial",
      "from": [
        0,
        2
      ],
      "to": [
        3,
        2
      ],
      "weight": 7.164230753714611
    },
    {
      "type": "spatial",
      "from": [
        0,
        2
      ],
      "to": [
        4,
        2
      ],
      "weight": 7.780689357767299
    },
    {
      "type": "spatial",
      "from": [
        0,
        2
      ],
      "to": [
        5,
        2
      ],
      "weight": 6.8413919231672695
    },
    {
      "type": "spatial",
      "from": [
        1,
        2
      ],
      "to": [
        2,
        2
      ],
      "weight": 11.206230262087987
    },
    {
      "type": "spatial",
      "from": [
        1,
        2
      ],
      "to": [
        3,
        2
      ],
      "weight": 15.063379200362217
    },
    {
      "type": "spatial",
      "from": [
        1,
        2
      ],
      "to": [
        4,
        2
      ],
      "weight": 10.16239407509654
    },
    {
      "type": "spatial",
      "from": [
        1,
        2
      ],
      "to": [
        5,
        2
      ],
      "weight": 14.740540369814875
    },
    {
      "type": "spatial",
      "from": [
        2,
        2
      ],
      "to": [
        3,
        2
      ],
      "weight": 13.051448163583109
    },
    {
      "type": "spatial",
      "from": [
        2,
        2
      ],
      "to": [
        4,
        2
      ],
      "weight": 8.218132668724536
    },
    {
      "type": "spatial",
      "from": [
        2,
        2
      ],
      "to": [
        5,
        2
      ],
      "weight": 15.168981897799112
    },
    {
      "type": "spatial",
      "from": [
        3,
        2
      ],
      "to": [
        4,
        2
      ],
      "weight": 8.103334154529799
    },
    {
      "type": "spatial",
      "from": [
        3,
        2
      ],
      "to": [
        5,
        2
      ],
      "weight": 14.005622676881881
    },
    {
      "type": "spatial",
      "from": [
        4,
        2
      ],
      "to": [
        5,
        2
      ],
      "weight": 9.177020577304082
    },
    {
      "type": "temporal",
      "from": [
        0,
        2
      ],
      "to": [
        0,
        3
      ],
      "weight": 1.0
    },
    {
      "type": "temporal",
      "from": [
        1,
        2
      ],
      "to": [
        1,
        3
      ],
      "weight": 1.0
    },
    {
      "type": "temporal",
      "from": [
        2,
        2
      ],
      "to": [
        2,
        3
      ],
      "weight": 1.0
    },
    {
      "type": "temporal",
      "from": [
        3,
        2
      ],
      "to": [
        3,
        3
      ],
      "weight": 1.0
    },
    {
      "type": "temporal",
      "from": [
        4,
        2
      ],
      "to": [
        4,
        3
      ],
      "weight": 1.0
    },
    {
      "type": "temporal",
      "from": [
        5,
        2
      ],
      "to": [
        5,
        3
      ],
      "weight": 1.0
    },
    {
      "type": "spatial",
      "from": [
        0,
        3
      ],
      "to": [
        1,
        3
      ],
      "weight": 8.264267863284578
    },
    {
      "type": "spatial",
      "from": [
        0,
        3
      ],
      "to": [
        2,
        3
      ],
      "weight": 6.800851797089042
    },
    {
      "type": "spatial",
      "from": [
        0,
        3
      ],
      "to": [
        3,
        3
      ],
      "weight": 11.776744592350877
    },
    {
      "type": "spatial",
      "from": [
        0,
        3
      ],
      "to": [
        4,
        3
      ],
      "weight": 9.429600509631156
    },
    {
      "type": "spatial",
      "from": [
        0,
        3
      ],
      "to": [
        5,
        3
      ],
      "weight": 10.12178421480188
    },
    {
      "type": "spatial",
      "from": [
        1,
        3
      ],
      "to": [
        2,
        3
      ],
      "weight": 10.602896187071645
    },
    {
      "type": "spatial",
      "from": [
        1,
        3
      ],
      "to": [
        3,
        3
      ],
      "weight": 18.467413476440846
    },
    {
      "type": "spatial",
      "from": [
        1,
        3
      ],
      "to": [
        4,
        3
      ],
      "weight": 12.008720512530614
    },
    {
      "type": "spatial",
      "from": [
        1,
        3
      ],
      "to": [
        5,
        3
      ],
      "weight": 18.386052078086458
    },
    {
      "type": "spatial",
      "from": [
        2,
        3
      ],
      "to": [
        3,
        3
      ],
      "weight": 8.62033847139159
    },
    {
      "type": "spatial",
      "from": [
        2,
        3
      ],
      "to": [
        4,
        3
      ],
      "weight": 9.729346302873502
    },
    {
      "type": "spatial",
      "from": [
        2,
        3
      ],
      "to": [
        5,
        3
      ],
      "weight": 16.922636011890923
    },
    {
      "type": "spatial",
      "from": [
        3,
        3
      ],
