{
  "spec": {
    "num_qubits": 4,
    "topology": "triangulated",
    "custom_edges": "0-1:1.0000,0-2:1.0000,0-3:1.0000,1-2:1.0000,1-3:1.0000,2-3:1.0000",
    "alpha": 0.8,
    "weight": 1.7265321394761861,
    "gamma": 0.030972192189992778,
    "sigma": 3.029489017083485e-08,
    "init_angle": 0.6275270762097722,
    "init_angles": null,
    "shots": 100,
    "device": "ibm_brisbane",
    "geometry": "spherical",
    "curvature": 4.5,
    "timesteps": 3,
    "dimension": 2,
    "mass_hinge": null,
    "mass_value": 0.0,
    "solve_regge": false,
    "lorentzian": true,
    "excite": true,
    "fast": false,
    "fast_preset": "balanced",
    "ctc_mode": false,
    "ctc_perturbation": null,
    "ctc_perturbation_strength": 1.0,
    "test_ctc_recovery": false,
    "strong_curvature": true,
    "charge_injection": true,
    "charge_strength": 2.5,
    "charge_location": null,
    "spin_injection": true,
    "spin_strength": 2.0,
    "spin_location": null,
    "edge_floor": 0.001,
    "compute_entropies": true,
    "hyperbolic_triangulation": true,
    "trotter_steps": 8,
    "dt": 0.05,
    "analyze_curvature": true,
    "einstein_solver": true,
    "page_curve": true,
    "radiation_ordering": null,
    "page_curve_timesteps": 15,
    "entropy_method": "hybrid",
    "num_shadows": 100,
    "shots_per_shadow": 1000,
    "num_bases": 20,
    "shots_per_basis": 1000,
    "enhanced_entanglement": false,
    "entanglement_strength": -3.926222896681923e-08,
    "interpolate_geometry": false,
    "smooth_charge_injection": false,
    "min_qubits_for_continuum": 10,
    "benchmark_against_classical_geometry": false,
    "geometry_fit_metric": "wasserstein,kl,euclidean",
    "verify_noise_robustness": false,
    "run_on_multiple_backends": false,
    "detect_and_flag_causal_loops": true,
    "restrict_information_flow_direction": "bidirectional",
    "filter_noncausal_edges": true,
    "use_ryu_takayanagi_test": true,
    "compare_MI_vs_subsystem_entropy": true,
    "embed_boundary_entropy_in_geometry": true,
    "entropy_engineering": true,
    "target_entropy_pattern": "quantum_gravity",
    "custom_target_entropies": null,
    "entropy_optimization_iterations": 200,
    "entropy_tolerance": 0.05,
    "continue_on_engineering_failure": true,
    "skip_entropy_engineering": false,
    "validate_engineered_geometry": true,
    "enhance_bell_violations": true,
    "bell_entanglement_strength": 4.0,
    "teleportation_circuits": true,
    "long_range_coupling": 3.0,
    "holographic_optimization": true,
    "rt_surface_encoding": true,
    "conformal_symmetry": true,
    "bulk_reconstruction": true,
    "scalable_entanglement": true,
    "parallel_execution": true,
    "memory_optimization": true,
    "circuit_compilation": "optimized",
    "real_hardware": false,
    "error_mitigation": true,
    "zero_noise_extrapolation": true,
    "zne_noise_factors": [
      1.0,
      2.0,
      3.0
    ],
    "zne_extrapolation_method": "polynomial",
    "hardware_calibration": true,
    "noise_characterization": true,
    "backend_name": "ibm_brisbane",
    "quantum_mode": true,
    "quantum_entanglement_strength": 5.0,
    "quantum_circuit_depth": 12,
    "geometric_teleportation": false,
    "teleportation_mode": "both",
    "bridge_strength": 1.0,
    "signal_state": "+",
    "emergent_geometry_teleportation": false,
    "teleportation_node_pairs": "auto",
    "teleportation_embedding_dim": 2,
    "teleportation_fidelity_threshold": 0.7,
    "superposition_gravity": true,
    "massive_bulk_mass_hinge": "0,1,2",
    "massive_bulk_mass_value": 2.0,
    "massless_bulk_mass_hinge": null,
    "massless_bulk_mass_value": 0.0,
    "superposition_control_qubit": 0,
    "superposition_phase": 0.0,
    "interference_analysis": true,
    "classical_mixture_comparison": true,
    "coherence_preservation": true,
    "bulk_reconstruction_method": "mi_embedding"
  },
  "uid": "IB3BI6",
  "counts_per_timestep": [
    {
      "1110": 6,
      "0010": 9,
      "0011": 8,
      "1011": 8,
      "1101": 4,
      "1100": 9,
      "0000": 6,
      "1111": 5,
      "1010": 8,
      "1001": 9,
      "0001": 6,
      "0110": 3,
      "0111": 4,
      "0101": 9,
      "1000": 3,
      "0100": 3
    },
    {
      "1011": 8,
      "1100": 8,
      "1001": 5,
      "1111": 7,
      "0010": 5,
      "0100": 2,
      "1010": 11,
      "1000": 5,
      "0001": 7,
      "0011": 9,
      "0111": 8,
      "1110": 6,
      "0000": 10,
      "1101": 2,
      "0101": 7
    },
    {
      "1110": 9,
      "0101": 12,
      "1001": 3,
      "1101": 4,
      "0000": 3,
      "0110": 5,
      "0001": 3,
      "1000": 6,
      "1011": 6,
      "1100": 10,
      "0111": 9,
      "0100": 11,
      "0011": 7,
      "1010": 5,
      "1111": 5,
      "0010": 2
    }
  ],
  "job_ids_per_timestep": [
    "d27v213octts738jnlr0",
    "d27v22929u8s73f8mgmg",
    "d27v23hogaas73ct93rg"
  ],
  "entropy_per_timestep": [
    3.8986469093164113,
    3.7929011541976068,
    3.8326977179611506
  ],
  "mutual_information_per_timestep": [
    {
      "I_0,1": 0.003314111111737527,
      "I_0,2": 0.0005110115245428575,
      "I_0,3": 0.0019587456178677635,
      "I_1,2": 0.012658182016358106,
      "I_1,3": 0.00018469693158125553,
      "I_2,3": 0.0022010735463013284
    },
    {
      "I_0,1": 0.003314111111737527,
      "I_0,2": 0.0005110115245428575,
      "I_0,3": 0.0019587456178677635,
      "I_1,2": 0.012658182016358106,
      "I_1,3": 0.00018469693158125553,
      "I_2,3": 0.0022010735463013284
    },
    {
      "I_0,1": 0.003314111111737527,
      "I_0,2": 0.0005110115245428575,
      "I_0,3": 0.0019587456178677635,
      "I_1,2": 0.012658182016358106,
      "I_1,3": 0.00018469693158125553,
      "I_2,3": 0.0022010735463013284
    }
  ],
  "boundary_entropies_per_timestep": [
    {
      "entropy_A": -0.0,
      "entropy_B": -0.0,
      "mi_AB": 0.0,
      "pure_state_check": true,
      "entropy_difference": 0.0,
      "multiple_regions": {
        "size_1_region_0": {
          "region": [
            0
          ],
          "entropy": 0.6923469670899615,
          "rt_area": 3,
          "size": 1
        },
        "size_1_region_1": {
          "region": [
            1
          ],
          "entropy": 0.683314913574166,
          "rt_area": 3,
          "size": 1
        },
        "size_2_region_0": {
          "region": [
            0,
            1
          ],
          "entropy": 0.60215168259268,
          "rt_area": 4,
          "size": 2
        },
        "size_2_region_1": {
          "region": [
            0,
            2
          ],
          "entropy": 0.5510799280869728,
          "rt_area": 4,
          "size": 2
        },
        "size_3_region_0": {
          "region": [
            0,
            1,
            2
          ],
          "entropy": 0.3669249912727096,
          "rt_area": 3,
          "size": 3
        },
        "size_3_region_1": {
          "region": [
            0,
            1,
            3
          ],
          "entropy": 0.42270908780599087,
          "rt_area": 3,
          "size": 3
        }
      }
    },
    {
      "entropy_A": -0.0,
      "entropy_B": -0.0,
      "mi_AB": 0.0,
      "pure_state_check": true,
      "entropy_difference": 0.0,
      "multiple_regions": {
        "size_1_region_0": {
          "region": [
            0
          ],
          "entropy": 0.6923469670899615,
          "rt_area": 3,
          "size": 1
        },
        "size_1_region_1": {
          "region": [
            1
          ],
          "entropy": 0.6730116670092565,
          "rt_area": 3,
          "size": 1
        },
        "size_2_region_0": {
          "region": [
            0,
            1
          ],
          "entropy": 0.6191006644255871,
          "rt_area": 4,
          "size": 2
        },
        "size_2_region_1": {
          "region": [
            0,
            2
          ],
          "entropy": 0.5730569171314204,
          "rt_area": 4,
          "size": 2
        },
        "size_3_region_0": {
          "region": [
            0,
            1,
            2
          ],
          "entropy": 0.4558862130273584,
          "rt_area": 3,
          "size": 3
        },
        "size_3_region_1": {
          "region": [
            0,
            1,
            3
          ],
          "entropy": 0.42270908780599087,
          "rt_area": 3,
          "size": 3
        }
      }
    },
    {
      "entropy_A": -0.0,
      "entropy_B": -0.0,
      "mi_AB": 0.0,
      "pure_state_check": true,
      "entropy_difference": 0.0,
      "multiple_regions": {
        "size_1_region_0": {
          "region": [
            0
          ],
          "entropy": 0.6923469670899615,
          "rt_area": 3,
          "size": 1
        },
        "size_1_region_1": {
          "region": [
            1
          ],
          "entropy": 0.6474466390346325,
          "rt_area": 3,
          "size": 1
        },
        "size_2_region_0": {
          "region": [
            0,
            1
          ],
          "entropy": 0.42270908780599087,
          "rt_area": 4,
          "size": 2
        },
        "size_2_region_1": {
          "region": [
            0,
            2
          ],
          "entropy": 0.60215168259268,
          "rt_area": 4,
          "size": 2
        },
        "size_3_region_0": {
          "region": [
            0,
            1,
            2
          ],
          "entropy": 0.22696752250060448,
          "rt_area": 3,
          "size": 3
        },
        "size_3_region_1": {
          "region": [
            0,
            1,
            3
          ],
          "entropy": 0.1985152433458726,
          "rt_area": 3,
          "size": 3
        }
      }
    }
  ],
  "distance_matrix_per_timestep": [
    [
      [
        0.0,
        5.709565832556254,
        7.57911841509344,
        6.235451001505091
      ],
      [
        5.709565832556254,
        0.0,
        4.369451473181286,
        10.488261535229011
      ],
      [
        7.57911841509344,
        4.369451473181286,
        0.0,
        6.118810062047725
      ],
      [
        6.235451001505091,
        10.488261535229011,
        6.118810062047725,
        0.0
      ]
    ],
    [
      [
        0.0,
        5.709565832556254,
        7.57911841509344,
        6.235451001505091
      ],
      [
        5.709565832556254,
        0.0,
        4.369451473181286,
        10.488261535229011
      ],
      [
        7.57911841509344,
        4.369451473181286,
        0.0,
        6.118810062047725
      ],
      [
        6.235451001505091,
        10.488261535229011,
        6.118810062047725,
        0.0
      ]
    ],
    [
      [
        0.0,
        5.709565832556254,
        7.57911841509344,
        6.235451001505091
      ],
      [
        5.709565832556254,
        0.0,
        4.369451473181286,
        10.488261535229011
      ],
      [
        7.57911841509344,
        4.369451473181286,
        0.0,
        6.118810062047725
      ],
      [
        6.235451001505091,
        10.488261535229011,
        6.118810062047725,
        0.0
      ]
    ]
  ],
  "edge_mi": {
    "0,1": 0.003314111111737527,
    "0,3": 0.0019587456178677635,
    "0,2": 0.0005110115245428575,
    "1,2": 0.012658182016358106,
    "2,3": 0.0022010735463013284
  },
  "distance_matrix": [
    [
      0.0,
      5.709565832556254,
      7.57911841509344,
      6.235451001505091
    ],
    [
      5.709565832556254,
      0.0,
      4.369451473181286,
      8.596794283884323
    ],
    [
      7.57911841509344,
      4.369451473181286,
      0.0,
      6.118810062047725
    ],
    [
      6.235451001505091,
      8.596794283884323,
      6.118810062047725,
      0.0
    ]
  ],
  "shortest_paths": {
    "0": {
      "0": 0,
      "1": 5.709565832556254,
      "3": 6.235451001505091,
      "2": 7.57911841509344
    },
    "1": {
      "1": 0,
      "2": 4.369451473181286,
      "0": 5.709565832556254,
      "3": 8.596794283884323
    },
    "2": {
      "2": 0,
      "1": 4.369451473181286,
      "3": 6.118810062047725,
      "0": 7.57911841509344
    },
    "3": {
      "3": 0,
      "2": 6.118810062047725,
      "0": 6.235451001505091,
      "1": 8.596794283884323
    }
  },
  "gromov_delta": 5.173076436375381,
  "mean_distance": 4.826148883533515,
  "angle_sums": [
    4.819670265652526,
    5.7078033145356475,
    9.42477796076938,
    3.141592653589793
  ],
  "mean_angle_sum": 5.773461048636837,
  "min_angle_sum": 3.141592653589793,
  "max_angle_sum": 9.42477796076938,
  "angle_sum_deviations": [
    1.678077612062733,
    2.5662106609458544,
    6.283185307179586,
    0.0
  ],
  "triangle_inequality_violations": [],
  "embedding_coords": [
    [
      -0.04831439968800327,
      0.08938141659063847
    ],
    [
      0.07614352048352195,
      -0.06442011164013242
    ],
    [
      0.05101454497884299,
      0.0300944279410215
    ],
    [
      -0.07884366577436165,
      -0.055055732891527535
    ]
  ],
  "embedding_coords_3d": [
    [
      -0.005690300811974906,
      0.07287880630325946,
      0.06478847133283715
    ],
    [
      -0.0030825593695488988,
      -0.052947368984034245,
      -0.0818510929413257
    ],
    [
      -0.035807214295315117,
      0.03360585109559401,
      -0.03447925015299075
    ],
    [
      0.04458007447683892,
      -0.05353728841481923,
      0.051541871761479285
    ]
  ],
  "edge_weight_variance": 0.0,
  "event_nodes": [
    [
      0,
      0
    ],
    [
      1,
      0
    ],
    [
      2,
      0
    ],
    [
      3,
      0
    ],
    [
      0,
      1
    ],
    [
      1,
      1
    ],
    [
      2,
      1
    ],
    [
      3,
      1
    ],
    [
      0,
      2
    ],
    [
      1,
      2
    ],
    [
      2,
      2
    ],
    [
      3,
      2
    ]
  ],
  "event_edges": [
    {
      "type": "spatial",
      "from": [
        0,
        0
      ],
      "to": [
        1,
        0
      ],
      "weight": 5.709565832556254
    },
    {
      "type": "spatial",
      "from": [
        0,
        0
      ],
      "to": [
        2,
        0
      ],
      "weight": 7.57911841509344
    },
    {
      "type": "spatial",
      "from": [
        0,
        0
      ],
      "to": [
        3,
        0
      ],
      "weight": 6.235451001505091
    },
    {
      "type": "spatial",
      "from": [
        1,
        0
      ],
      "to": [
        2,
        0
      ],
      "weight": 4.369451473181286
    },
    {
      "type": "spatial",
      "from": [
        1,
        0
      ],
      "to": [
        3,
        0
      ],
      "weight": 10.488261535229011
    },
    {
      "type": "spatial",
      "from": [
        2,
        0
      ],
      "to": [
        3,
        0
      ],
      "weight": 6.118810062047725
    },
    {
      "type": "temporal",
      "from": [
        0,
        0
      ],
      "to": [
        0,
        1
      ],
      "weight": 1.0
    },
    {
      "type": "temporal",
      "from": [
        1,
        0
      ],
      "to": [
        1,
        1
      ],
      "weight": 1.0
    },
    {
      "type": "temporal",
      "from": [
        2,
        0
      ],
      "to": [
        2,
        1
      ],
      "weight": 1.0
    },
    {
      "type": "temporal",
      "from": [
        3,
        0
      ],
      "to": [
        3,
        1
      ],
      "weight": 1.0
    },
    {
      "type": "spatial",
      "from": [
        0,
        1
      ],
      "to": [
        1,
        1
      ],
      "weight": 5.709565832556254
    },
    {
      "type": "spatial",
      "from": [
        0,
        1
      ],
      "to": [
        2,
        1
      ],
      "weight": 7.57911841509344
    },
    {
      "type": "spatial",
      "from": [
        0,
        1
      ],
      "to": [
        3,
        1
      ],
      "weight": 6.235451001505091
    },
    {
      "type": "spatial",
      "from": [
        1,
        1
      ],
      "to": [
        2,
        1
      ],
      "weight": 4.369451473181286
    },
    {
      "type": "spatial",
      "from": [
        1,
        1
      ],
      "to": [
        3,
        1
      ],
      "weight": 10.488261535229011
    },
    {
      "type": "spatial",
      "from": [
        2,
        1
      ],
      "to": [
        3,
        1
      ],
      "weight": 6.118810062047725
    },
    {
      "type": "temporal",
      "from": [
        0,
        1
      ],
      "to": [
        0,
        2
      ],
      "weight": 1.0
    },
    {
      "type": "temporal",
      "from": [
        1,
        1
      ],
      "to": [
        1,
        2
      ],
      "weight": 1.0
    },
    {
      "type": "temporal",
      "from": [
        2,
        1
      ],
      "to": [
        2,
        2
      ],
      "weight": 1.0
    },
    {
      "type": "temporal",
      "from": [
        3,
        1
      ],
      "to": [
        3,
        2
      ],
      "weight": 1.0
    },
    {
      "type": "spatial",
      "from": [
        0,
        2
      ],
      "to": [
        1,
        2
      ],
      "weight": 5.709565832556254
    },
    {
      "type": "spatial",
      "from": [
        0,
        2
      ],
      "to": [
        2,
        2
      ],
      "weight": 7.57911841509344
    },
    {
      "type": "spatial",
      "from": [
        0,
        2
      ],
      "to": [
        3,
        2
      ],
      "weight": 6.235451001505091
    },
    {
      "type": "spatial",
      "from": [
        1,
        2
      ],
      "to": [
        2,
        2
      ],
      "weight": 4.369451473181286
    },
    {
      "type": "spatial",
      "from": [
        1,
        2
      ],
      "to": [
        3,
        2
      ],
      "weight": 10.488261535229011
    },
    {
      "type": "spatial",
      "from": [
        2,
        2
      ],
      "to": [
        3,
        2
      ],
      "weight": 6.118810062047725
    }
  ],
  "lorentzian_dissimilarity": [
    [
      0.0,
      32.59914199629379,
      57.44303595000849,
      38.880849192170835,
      -1.0,
      31.59914199629379,
      56.44303595000849,
      37.880849192170835,
      -4.0,
      28.59914199629379,
      53.44303595000849,
      34.880849192170835
    ],
    [
      32.59914199629379,
      0.0,
      19.09210617648611,
      110.00363003136441,
      31.59914199629379,
      -1.0,
      18.09210617648611,
      109.00363003136441,
      28.59914199629379,
      -4.0,
      15.092106176486109,
      106.00363003136441
    ],
    [
      57.44303595000849,
      19.09210617648611,
      0.0,
      37.439836575416486,
      56.44303595000849,
      18.09210617648611,
      -1.0,
      36.439836575416486,
      53.44303595000849,
      15.092106176486109,
      -4.0,
      33.439836575416486
    ],
    [
      38.880849192170835,
      110.00363003136441,
      37.439836575416486,
      0.0,
      37.880849192170835,
      109.00363003136441,
      36.439836575416486,
      -1.0,
      34.880849192170835,
      106.00363003136441,
      33.439836575416486,
      -4.0
    ],
    [
      -1.0,
      31.59914199629379,
      56.44303595000849,
      37.880849192170835,
      0.0,
      32.59914199629379,
      57.44303595000849,
      38.880849192170835,
      -1.0,
      31.59914199629379,
      56.44303595000849,
      37.880849192170835
    ],
    [
      31.59914199629379,
      -1.0,
      18.09210617648611,
      109.00363003136441,
      32.59914199629379,
      0.0,
      19.09210617648611,
      110.00363003136441,
      31.59914199629379,
      -1.0,
      18.09210617648611,
      109.00363003136441
    ],
    [
      56.44303595000849,
      18.09210617648611,
      -1.0,
      36.439836575416486,
      57.44303595000849,
      19.09210617648611,
      0.0,
      37.439836575416486,
      56.44303595000849,
      18.09210617648611,
      -1.0,
      36.439836575416486
    ],
    [
      37.880849192170835,
      109.00363003136441,
      36.439836575416486,
      -1.0,
      38.880849192170835,
      110.00363003136441,
      37.439836575416486,
      0.0,
      37.880849192170835,
      109.00363003136441,
      36.439836575416486,
      -1.0
    ],
    [
      -4.0,
      28.59914199629379,
      53.44303595000849,
      34.880849192170835,
      -1.0,
      31.59914199629379,
      56.44303595000849,
      37.880849192170835,
      0.0,
      32.59914199629379,
      57.44303595000849,
      38.880849192170835
    ],
    [
      28.59914199629379,
      -4.0,
      15.092106176486109,
      106.00363003136441,
      31.59914199629379,
      -1.0,
      18.09210617648611,
      109.00363003136441,
      32.59914199629379,
      0.0,
      19.09210617648611,
      110.00363003136441
    ],
    [
      53.44303595000849,
      15.092106176486109,
      -4.0,
      33.439836575416486,
      56.44303595000849,
      18.09210617648611,
      -1.0,
      36.439836575416486,
      57.44303595000849,
      19.09210617648611,
      0.0,
      37.439836575416486
    ],
    [
      34.880849192170835,
      106.00363003136441,
      33.439836575416486,
      -4.0,
      37.880849192170835,
      109.00363003136441,
      36.439836575416486,
      -1.0,
      38.880849192170835,
      110.00363003136441,
      37.439836575416486,
      0.0
    ]
  ],
  "lorentzian_embedding": [
    [
      3.0015599292694892,
      3.8161378825565104,
      1.5603500872492828
    ],
    [
      -1.7373793002474454,
      -3.2169288369217623,
      3.4534368532111532
    ],
    [
      2.38695443249302,
      -2.5529609375904396,
      -2.3474517455863624
    ],
    [
      0.34898875745594,
      3.137445231474793,
      -5.0313144050086525
    ],
    [
      2.9374677307272337,
      3.8577280361928032,
      1.6069955915428935
    ],
    [
      -1.6576122589358615,
      -3.227573781394643,
      3.483825207933017
    ],
    [
      2.2914075022073903,
      -2.6216185843860806,
      -2.3755478161597856
    ],
    [
      0.4283957734842574,
      3.1754803890081127,
      -5.080160326954392
    ],
    [
      3.0015647129372067,
      3.8161415684586624,
      1.560347884388929
    ],
    [
      -1.7373727900403952,
      -3.2169172771121617,
      3.45343674569877
    ],
    [
      2.3869633275243176,
      -2.552963431450906,
      -2.3474564375558002
    ],
    [
      0.34899632309461914,
      3.137440302252737,
      -5.031311494334939
    ]
  ],
  "edge_length_evolution": [],
  "angle_deficit_evolution": [],
  "regge_action_evolution": [],
  "gromov_delta_evolution": [],
  "mass_hinge": null,
  "mass_value": 0.0,
  "matter": [
    {
      "(0, 1)": 0.0,
      "(1, 2)": 0.0,
      "(0, 3)": 0.0,
      "(2, 3)": 0.0,
      "(0, 2)": 0.0,
      "(1, 3)": 0.0
    },
    {
      "(0, 1)": 0.0,
      "(1, 2)": 0.0,
      "(0, 3)": 0.0,
      "(2, 3)": 0.0,
      "(0, 2)": 0.0,
      "(1, 3)": 0.0
    },
    {
      "(0, 1)": 0.0,
      "(1, 2)": 0.0,
      "(0, 3)": 0.0,
      "(2, 3)": 0.0,
      "(0, 2)": 0.0,
      "(1, 3)": 0.0
    }
  ],
  "stationary_solution": null,
  "einstein_analysis_per_timestep": [
    {
      "ricci_tensor": [
        [
          0.0013017387967743023,
          0.0
        ],
        [
          0.0,
          0.0013017387967743023
        ]
      ],
      "metric_tensor": [
        [
          1.0002603477593548,
          0.00013017387967743024
        ],
        [
          0.00013017387967743024,
          1.0002603477593548
        ]
      ],
      "stress_energy_tensor": [
        [
          0.0013017387967743023,
          2.603477593548605e-05
        ],
        [
          2.603477593548605e-05,
          0.0013017387967743023
        ]
      ],
      "einstein_solution": {
        "einstein_tensor": [
          [
            0.0,
            0.0
          ],
          [
            0.0,
            0.0
          ]
        ],
        "ricci_scalar": 0.0026034775935486047,
        "metric_tensor": [
          [
            1.0,
            0.0
          ],
          [
            0.0,
            1.0
          ]
        ],
        "lhs": [
          [
            0.0,
            0.0
          ],
          [
            0.0,
            0.0
          ]
        ],
        "rhs": [
          [
            0.0013017387967743023,
            2.603477593548605e-05
          ],
          [
            2.603477593548605e-05,
            0.0013017387967743023
          ]
        ],
        "equations_satisfied": false,
        "residual": 0.0018413048115862943,
        "conservation_violation": 0.0013017387967743023,
        "gravitational_constant": 0.039788735772973836,
        "cosmological_constant": 0.0
      },
      "entropy_first_derivative": 0.0,
      "entropy_second_derivative": 0.0,
      "entropy_curvature_correlation": 0.0018409316610790325,
      "emergent_gravitational_constant": 0.0002071781641211264,
      "average_mutual_information": 0.0026034775935486047,
      "ricci_scalar": 0.0026034775935486047,
      "analysis_summary": {
        "einstein_equations_satisfied": false,
        "residual_magnitude": 0.0018413048115862943,
        "conservation_violation": 0.0013017387967743023,
        "entropy_evolution_rate": 0.0,
        "entropy_acceleration": 0.0,
        "entanglement_curvature_coupling": 0.0018409316610790325
      }
    },
    {
      "ricci_tensor": [
        [
          0.0013017387967743023,
          0.0
        ],
        [
          0.0,
          0.0013017387967743023
        ]
      ],
      "metric_tensor": [
        [
          1.0002603477593548,
          0.00013017387967743024
        ],
        [
          0.00013017387967743024,
          1.0002603477593548
        ]
      ],
      "stress_energy_tensor": [
        [
          0.0013017387967743023,
          2.603477593548605e-05
        ],
        [
          2.603477593548605e-05,
          0.0013017387967743023
        ]
      ],
      "einstein_solution": {
        "einstein_tensor": [
          [
            0.0,
            0.0
          ],
          [
            0.0,
            0.0
          ]
        ],
        "ricci_scalar": 0.0026034775935486047,
        "metric_tensor": [
          [
            1.0,
            0.0
          ],
          [
            0.0,
            1.0
          ]
        ],
        "lhs": [
          [
            0.0,
            0.0
          ],
          [
            0.0,
            0.0
          ]
        ],
        "rhs": [
          [
            0.0013017387967743023,
            2.603477593548605e-05
          ],
          [
            2.603477593548605e-05,
            0.0013017387967743023
          ]
        ],
        "equations_satisfied": false,
        "residual": 0.0018413048115862943,
        "conservation_violation": 0.0013017387967743023,
        "gravitational_constant": 0.039788735772973836,
        "cosmological_constant": 0.0
      },
      "entropy_first_derivative": 0.0,
      "entropy_second_derivative": 0.0,
      "entropy_curvature_correlation": 0.0018409316610790325,
      "emergent_gravitational_constant": 0.0002071781641211264,
      "average_mutual_information": 0.0026034775935486047,
      "ricci_scalar": 0.0026034775935486047,
      "analysis_summary": {
        "einstein_equations_satisfied": false,
        "residual_magnitude": 0.0018413048115862943,
        "conservation_violation": 0.0013017387967743023,
        "entropy_evolution_rate": 0.0,
        "entropy_acceleration": 0.0,
        "entanglement_curvature_coupling": 0.0018409316610790325
      }
    },
    {
      "ricci_tensor": [
        [
          0.0013017387967743023,
          0.0
        ],
        [
          0.0,
          0.0013017387967743023
        ]
      ],
      "metric_tensor": [
        [
          1.0002603477593548,
          0.00013017387967743024
        ],
        [
          0.00013017387967743024,
          1.0002603477593548
        ]
      ],
      "stress_energy_tensor": [
        [
          0.0013017387967743023,
          2.603477593548605e-05
        ],
        [
          2.603477593548605e-05,
          0.0013017387967743023
        ]
      ],
      "einstein_solution": {
        "einstein_tensor": [
          [
            0.0,
            0.0
          ],
          [
            0.0,
            0.0
          ]
        ],
        "ricci_scalar": 0.0026034775935486047,
        "metric_tensor": [
          [
            1.0,
            0.0
          ],
          [
            0.0,
            1.0
          ]
        ],
        "lhs": [
          [
            0.0,
            0.0
          ],
          [
            0.0,
            0.0
          ]
        ],
        "rhs": [
          [
            0.0013017387967743023,
            2.603477593548605e-05
          ],
          [
            2.603477593548605e-05,
            0.0013017387967743023
          ]
        ],
        "equations_satisfied": false,
        "residual": 0.0018413048115862943,
        "conservation_violation": 0.0013017387967743023,
        "gravitational_constant": 0.039788735772973836,
        "cosmological_constant": 0.0
      },
      "entropy_first_derivative": -0.03297459567763039,
      "entropy_second_derivative": 0.14554231888234836,
      "entropy_curvature_correlation": 0.0018409316610790325,
      "emergent_gravitational_constant": 0.0002071781641211264,
      "average_mutual_information": 0.0026034775935486047,
      "ricci_scalar": 0.0026034775935486047,
      "analysis_summary": {
        "einstein_equations_satisfied": false,
        "residual_magnitude": 0.0018413048115862943,
        "conservation_violation": 0.0013017387967743023,
        "entropy_evolution_rate": 0.03297459567763039,
        "entropy_acceleration": 0.14554231888234836,
        "entanglement_curvature_coupling": 0.0018409316610790325
      }
    }
  ],
  "bootstrap_analysis": {
    "gromov_delta": {
      "mean": 6.118810062047725,
      "lower_ci": 6.118810062047725,
      "upper_ci": 6.118810062047725,
      "all_values": [
        6.118810062047725,
        6.118810062047725,
        6.118810062047725
      ],
      "uncertainty": 0.0
    },
    "entropy": {
      "mean": 3.8414152604917233,
      "lower_ci": 3.7929011541976068,
      "upper_ci": 3.8986469093164113,
      "uncertainty": 0.05723164882468801
    },
    "distance_matrix": {
      "mean": [
        [
          0.0,
          5.709565832556254,
          7.57911841509344,
          6.235451001505091
        ],
        [
          5.709565832556254,
          0.0,
          4.369451473181286,
          10.488261535229011
        ],
        [
          7.57911841509344,
          4.369451473181286,
          0.0,
          6.118810062047725
        ],
        [
          6.235451001505091,
          10.488261535229011,
          6.118810062047725,
          0.0
        ]
      ],
      "lower_ci": [
        [
          0.0,
          5.709565832556254,
          7.57911841509344,
          6.235451001505091
        ],
        [
          5.709565832556254,
          0.0,
          4.369451473181286,
          10.488261535229011
        ],
        [
          7.57911841509344,
          4.369451473181286,
          0.0,
          6.118810062047725
        ],
        [
          6.235451001505091,
          10.488261535229011,
          6.118810062047725,
          0.0
        ]
      ],
      "upper_ci": [
        [
          0.0,
          5.709565832556254,
          7.57911841509344,
          6.235451001505091
        ],
        [
          5.709565832556254,
          0.0,
          4.369451473181286,
          10.488261535229011
        ],
        [
          7.57911841509344,
          4.369451473181286,
          0.0,
          6.118810062047725
        ],
        [
          6.235451001505091,
          10.488261535229011,
          6.118810062047725,
          0.0
        ]
      ]
    }
  },
  "topology_compatibility": {
    "current_topology": "triangulated",
    "explanation": "Triangulated topology is specifically designed for angle-sum curvature. Creates multiple triangles per vertex, enabling robust local curvature measurements. Each vertex has multiple incident triangles for well-defined angle sums.",
    "supports_local_curvature": true
  },
  "rt_surface_analysis": {
    "region_A": [
      0
    ],
    "region_B": [
      1,
      2,
      3
    ],
    "bulk_point": 2,
    "is_complementary": true,
    "rt_area_AB": 19.524135249154785,
    "rt_area_BA": 19.524135249154785,
    "area_consistent": true,
    "edges_consistent": true,
    "area_difference": 0.0,
    "rt_edges_AB": [
      [
        0,
        1
      ],
      [
        0,
        2
      ],
      [
        0,
        3
      ]
    ],
    "rt_edges_BA": [
      [
        0,
        1
      ],
      [
        0,
        2
      ],
      [
        0,
        3
      ]
    ],
    "edge_lengths": [
      5.709565832556254,
      7.57911841509344,
      6.235451001505091,
      4.369451473181286,
      10.488261535229011,
      6.118810062047725
    ],
    "all_edges": [
      [
        0,
        1
      ],
      [
        0,
        2
      ],
      [
        0,
        3
      ],
      [
        1,
        2
      ],
      [
        1,
        3
      ],
      [
        2,
        3
      ]
    ]
  },
  "bulk_excitation_analysis": {
    "ground_state_mi": [
      [
        0.0,
        0.18923278342883476,
        0.30165513621097806,
        0.18923278342883554
      ],
      [
        0.18923278342883476,
        0.0,
        0.18923278342883454,
        0.5332572625100959
      ],
      [
        0.30165513621097806,
        0.18923278342883454,
        0.0,
        0.18923278342883476
      ],
      [
        0.18923278342883554,
        0.5332572625100959,
        0.18923278342883476,
        0.0
      ]
    ],
    "excited_state_mi": [
      [
        0.0,
        0.18982291364954174,
        0.24747850125045978,
        0.18982291364954107
      ],
      [
        0.18982291364954174,
        0.0,
        0.42274963681523714,
        0.3847172031850846
      ],
      [
        0.24747850125045978,
        0.42274963681523714,
        0.0,
        0.4227496368152376
      ],
      [
        0.18982291364954107,
        0.3847172031850846,
        0.4227496368152376,
        0.0
      ]
    ],
    "mi_difference": [
      [
        0.0,
        0.0005901302207069747,
        -0.05417663496051828,
        0.0005901302207055314
      ],
      [
        0.0005901302207069747,
        0.0,
        0.2335168533864026,
        -0.14854005932501124
      ],
      [
        -0.05417663496051828,
        0.2335168533864026,
        0.0,
        0.23351685338640282
      ],
      [
        0.0005901302207055314,
        -0.14854005932501124,
        0.23351685338640282,
        0.0
      ]
    ],
    "avg_mi_change": 0.08386633268746843,
    "max_mi_change": 0.23351685338640282,
    "mi_change_boundary_A": NaN,
    "mi_change_boundary_B": 0.10616454914926472,
    "bulk_point": 2,
    "ground_state_counts": {
      "counts": {
        "0111": 8,
        "1000": 2,
        "0011": 7,
        "0000": 7,
        "0010": 5,
        "1011": 9,
        "1100": 6,
        "0110": 9,
        "0001": 8,
        "1101": 4,
        "1110": 8,
        "1010": 7,
        "0101": 6,
        "1001": 5,
        "0100": 4,
        "1111": 5
      },
      "job_id": "d27v259ogaas73ct93t0",
      "mutual_information": {
        "I_0,1": 0.0015976958755165409,
        "I_0,2": 0.01042936906826214,
        "I_0,3": 0.0009848208576059593,
        "I_1,2": 0.0011848371952913276,
        "I_1,3": 0.006437851709385163,
        "I_2,3": 7.367880958774309e-17
      }
    },
    "excited_state_counts": {
      "counts": {
        "1111": 7,
        "0101": 5,
        "0010": 10,
        "1011": 3,
        "0001": 4,
        "0111": 8,
        "0011": 10,
        "1000": 5,
        "0100": 15,
        "1010": 5,
        "0000": 6,
        "1001": 5,
        "0110": 3,
        "1110": 3,
        "1100": 7,
        "1101": 4
      },
      "job_id": "d27v27129u8s73f8mgsg",
      "mutual_information": {
        "I_0,1": 0.03491628740588555,
        "I_0,2": 7.446206798639556e-06,
        "I_0,3": 0.0013706356915937495,
        "I_1,2": 0.023333300130359537,
        "I_1,3": 0.0014959944288150118,
        "I_2,3": 0.0006300886712069919
      }
    },
    "boundary_entropies": {
      "ground_state": {
        "entropy_A": 0.527718817303399,
        "entropy_B": 0.5277188173033973,
        "mi_AB": 1.0554376346067853
      },
      "excited_state": {
        "entropy_A": 0.5970004667040002,
        "entropy_B": 0.5970004667039992,
        "mi_AB": 1.1940009334079889
      },
      "rt_relation_test": {
        "entropy_ratio": 0.9999999999999969,
        "rt_area_ratio": 1.0,
        "rt_deviation": 3.1086244689504383e-15,
        "excited_entropy_ratio": 0.9999999999999983,
        "rt_relation_change": 1.4432899320127035e-15
      }
    }
  },
  "page_curve_analysis": null,
  "deutsch_ctc_analysis": null,
  "ctc_recovery_analysis": null,
  "einstein_analysis": null,
  "dynamic_evidence": {
    "angle_sums_per_timestep": [
      [
        4.819670265652526,
        3.141592653589793,
        9.42477796076938,
        0.0
      ],
      [
        4.819670265652526,
        3.141592653589793,
        9.42477796076938,
        0.0
      ],
      [
        4.819670265652526,
        3.141592653589793,
        9.42477796076938,
        0.0
      ]
    ],
    "gromov_delta_per_timestep": [
      6.118810062047725,
      6.118810062047725,
      6.118810062047725
    ],
    "edge_mi_per_timestep": [
      {
        "0,1": 0.003314111111737527,
        "0,3": 0.0019587456178677635,
        "0,2": 0.0005110115245428575,
        "1,2": 0.012658182016358106,
        "2,3": 0.0022010735463013284
      },
      {
        "0,1": 0.003314111111737527,
        "0,3": 0.0019587456178677635,
        "0,2": 0.0005110115245428575,
        "1,2": 0.012658182016358106,
        "2,3": 0.0022010735463013284
      },
      {
        "0,1": 0.003314111111737527,
        "0,3": 0.0019587456178677635,
        "0,2": 0.0005110115245428575,
        "1,2": 0.012658182016358106,
        "2,3": 0.0022010735463013284
      }
    ],
    "shortest_paths_per_timestep": [
      {
        "0": {
          "0": 0,
          "1": 5.709565832556254,
          "3": 6.235451001505091,
          "2": 7.57911841509344
        },
        "1": {
          "1": 0,
          "2": 4.369451473181286,
          "0": 5.709565832556254,
          "3": 10.488261535229011
        },
        "2": {
          "2": 0,
          "1": 4.369451473181286,
          "3": 6.118810062047725,
          "0": 7.57911841509344
        },
        "3": {
          "3": 0,
          "2": 6.118810062047725,
          "0": 6.235451001505091,
          "1": 10.488261535229011
        }
      },
      {
        "0": {
          "0": 0,
          "1": 5.709565832556254,
          "3": 6.235451001505091,
          "2": 7.57911841509344
        },
        "1": {
          "1": 0,
          "2": 4.369451473181286,
          "0": 5.709565832556254,
          "3": 10.488261535229011
        },
        "2": {
          "2": 0,
          "1": 4.369451473181286,
          "3": 6.118810062047725,
          "0": 7.57911841509344
        },
        "3": {
          "3": 0,
          "2": 6.118810062047725,
          "0": 6.235451001505091,
          "1": 10.488261535229011
        }
      },
      {
        "0": {
          "0": 0,
          "1": 5.709565832556254,
          "3": 6.235451001505091,
          "2": 7.57911841509344
        },
        "1": {
          "1": 0,
          "2": 4.369451473181286,
          "0": 5.709565832556254,
          "3": 10.488261535229011
        },
        "2": {
          "2": 0,
          "1": 4.369451473181286,
          "3": 6.118810062047725,
          "0": 7.57911841509344
        },
        "3": {
          "3": 0,
