{
  "spec": {
    "num_qubits": 4,
    "topology": "triangulated",
    "custom_edges": "0-1:1.0000,0-2:1.0000,0-3:1.0000,1-2:1.0000,1-3:1.0000,2-3:1.0000",
    "alpha": 0.8,
    "weight": 2.1504071685327966,
    "gamma": 0.9648620838516777,
    "sigma": 0.1785122284271511,
    "init_angle": 0.9656830526539979,
    "init_angles": null,
    "shots": 100,
    "device": "ibm_brisbane",
    "geometry": "spherical",
    "curvature": 4.5,
    "timesteps": 2,
    "dimension": 2,
    "mass_hinge": null,
    "mass_value": 0.0,
    "solve_regge": false,
    "lorentzian": true,
    "excite": true,
    "fast": false,
    "fast_preset": "balanced",
    "ctc_mode": false,
    "ctc_perturbation": null,
    "ctc_perturbation_strength": 1.0,
    "test_ctc_recovery": false,
    "strong_curvature": true,
    "charge_injection": true,
    "charge_strength": 2.5,
    "charge_location": null,
    "spin_injection": true,
    "spin_strength": 2.0,
    "spin_location": null,
    "edge_floor": 0.001,
    "compute_entropies": true,
    "hyperbolic_triangulation": true,
    "trotter_steps": 8,
    "dt": 0.05,
    "analyze_curvature": true,
    "einstein_solver": true,
    "page_curve": true,
    "radiation_ordering": null,
    "page_curve_timesteps": 15,
    "entropy_method": "hybrid",
    "num_shadows": 100,
    "shots_per_shadow": 1000,
    "num_bases": 20,
    "shots_per_basis": 1000,
    "enhanced_entanglement": false,
    "entanglement_strength": 1.5371393680592944,
    "interpolate_geometry": false,
    "smooth_charge_injection": false,
    "min_qubits_for_continuum": 10,
    "benchmark_against_classical_geometry": false,
    "geometry_fit_metric": "wasserstein,kl,euclidean",
    "verify_noise_robustness": false,
    "run_on_multiple_backends": false,
    "detect_and_flag_causal_loops": true,
    "restrict_information_flow_direction": "bidirectional",
    "filter_noncausal_edges": true,
    "use_ryu_takayanagi_test": true,
    "compare_MI_vs_subsystem_entropy": true,
    "embed_boundary_entropy_in_geometry": true,
    "entropy_engineering": true,
    "target_entropy_pattern": "quantum_gravity",
    "custom_target_entropies": null,
    "entropy_optimization_iterations": 200,
    "entropy_tolerance": 0.05,
    "continue_on_engineering_failure": true,
    "skip_entropy_engineering": false,
    "validate_engineered_geometry": true,
    "enhance_bell_violations": true,
    "bell_entanglement_strength": 4.0,
    "teleportation_circuits": true,
    "long_range_coupling": 3.0,
    "holographic_optimization": true,
    "rt_surface_encoding": true,
    "conformal_symmetry": true,
    "bulk_reconstruction": true,
    "scalable_entanglement": true,
    "parallel_execution": true,
    "memory_optimization": true,
    "circuit_compilation": "optimized",
    "real_hardware": false,
    "error_mitigation": true,
    "zero_noise_extrapolation": true,
    "zne_noise_factors": [
      1.0,
      2.0,
      3.0
    ],
    "zne_extrapolation_method": "polynomial",
    "hardware_calibration": true,
    "noise_characterization": true,
    "backend_name": "ibm_brisbane",
    "quantum_mode": true,
    "quantum_entanglement_strength": 5.0,
    "quantum_circuit_depth": 12,
    "geometric_teleportation": false,
    "teleportation_mode": "both",
    "bridge_strength": 1.0,
    "signal_state": "+",
    "emergent_geometry_teleportation": false,
    "teleportation_node_pairs": "auto",
    "teleportation_embedding_dim": 2,
    "teleportation_fidelity_threshold": 0.7,
    "superposition_gravity": true,
    "massive_bulk_mass_hinge": "0,1,2",
    "massive_bulk_mass_value": 2.0,
    "massless_bulk_mass_hinge": null,
    "massless_bulk_mass_value": 0.0,
    "superposition_control_qubit": 0,
    "superposition_phase": 0.0,
    "interference_analysis": true,
    "classical_mixture_comparison": true,
    "coherence_preservation": true,
    "bulk_reconstruction_method": "mi_embedding"
  },
  "uid": "60P522",
  "counts_per_timestep": [
    {
      "1101": 9,
      "0110": 3,
      "0100": 9,
      "1110": 6,
      "1001": 4,
      "0010": 7,
      "1111": 7,
      "1100": 8,
      "0111": 10,
      "0001": 3,
      "0101": 6,
      "1011": 3,
      "1010": 6,
      "1000": 7,
      "0000": 8,
      "0011": 4
    },
    {
      "0111": 8,
      "1110": 4,
      "1010": 9,
      "0101": 3,
      "1101": 8,
      "0100": 11,
      "0010": 9,
      "1001": 10,
      "1100": 8,
      "0011": 6,
      "0000": 4,
      "1111": 1,
      "0001": 9,
      "0110": 5,
      "1011": 2,
      "1000": 3
    }
  ],
  "job_ids_per_timestep": [
    "d27v0o056fsc73e6dhkg",
    "d27v15056fsc73e6di00"
  ],
  "entropy_per_timestep": [
    3.9035924711995627,
    3.8089542470155537
  ],
  "mutual_information_per_timestep": [
    {
      "I_0,1": 0.006544418585785899,
      "I_0,2": 0.023691450439152807,
      "I_0,3": 0.0,
      "I_1,2": 0.00038195589358713117,
      "I_1,3": 0.0008053747872322527,
      "I_2,3": 0.0008212665613388879
    },
    {
      "I_0,1": 0.006544418585785899,
      "I_0,2": 0.023691450439152807,
      "I_0,3": 0.0,
      "I_1,2": 0.00038195589358713117,
      "I_1,3": 0.0008053747872322527,
      "I_2,3": 0.0008212665613388879
    }
  ],
  "boundary_entropies_per_timestep": [
    {
      "entropy_A": -0.0,
      "entropy_B": -0.0,
      "mi_AB": 0.0,
      "pure_state_check": true,
      "entropy_difference": 0.0,
      "multiple_regions": {
        "size_1_region_0": {
          "region": [
            0
          ],
          "entropy": 0.6931471805599453,
          "rt_area": 3,
          "size": 1
        },
        "size_1_region_1": {
          "region": [
            1
          ],
          "entropy": 0.6802920001921535,
          "rt_area": 3,
          "size": 1
        },
        "size_2_region_0": {
          "region": [
            0,
            1
          ],
          "entropy": 0.5269079614313803,
          "rt_area": 4,
          "size": 2
        },
        "size_2_region_1": {
          "region": [
            0,
            2
          ],
          "entropy": 0.5730569171314204,
          "rt_area": 4,
          "size": 2
        },
        "size_3_region_0": {
          "region": [
            0,
            1,
            2
          ],
          "entropy": 0.34651533691866615,
          "rt_area": 3,
          "size": 3
        },
        "size_3_region_1": {
          "region": [
            0,
            1,
            3
          ],
          "entropy": 0.42270908780599087,
          "rt_area": 3,
          "size": 3
        }
      }
    },
    {
      "entropy_A": -0.0,
      "entropy_B": -0.0,
      "mi_AB": 0.0,
      "pure_state_check": true,
      "entropy_difference": 0.0,
      "multiple_regions": {
        "size_1_region_0": {
          "region": [
            0
          ],
          "entropy": 0.6881388137135884,
          "rt_area": 3,
          "size": 1
        },
        "size_1_region_1": {
          "region": [
            1
          ],
          "entropy": 0.6923469670899615,
          "rt_area": 3,
          "size": 1
        },
        "size_2_region_0": {
          "region": [
            0,
            1
          ],
          "entropy": 0.5929533174474745,
          "rt_area": 4,
          "size": 2
        },
        "size_2_region_1": {
          "region": [
            0,
            2
          ],
          "entropy": 0.583258840128597,
          "rt_area": 4,
          "size": 2
        },
        "size_3_region_0": {
          "region": [
            0,
            1,
            2
          ],
          "entropy": 0.3863867062886037,
          "rt_area": 3,
          "size": 3
        },
        "size_3_region_1": {
          "region": [
            0,
            1,
            3
          ],
          "entropy": 0.3863867062886037,
          "rt_area": 3,
          "size": 3
        }
      }
    }
  ],
  "distance_matrix_per_timestep": [
    [
      [
        0.0,
        5.02914271690677,
        3.742641036887742,
        10.847303859242661
      ],
      [
        5.02914271690677,
        0.0,
        7.87020541783772,
        14.974868240192638
      ],
      [
        3.742641036887742,
        7.87020541783772,
        0.0,
        7.104662822354919
      ],
      [
        10.847303859242661,
        14.974868240192638,
        7.104662822354919,
        0.0
      ]
    ],
    [
      [
        0.0,
        5.02914271690677,
        3.742641036887742,
        10.847303859242661
      ],
      [
        5.02914271690677,
        0.0,
        7.87020541783772,
        14.974868240192638
      ],
      [
        3.742641036887742,
        7.87020541783772,
        0.0,
        7.104662822354919
      ],
      [
        10.847303859242661,
        14.974868240192638,
        7.104662822354919,
        0.0
      ]
    ]
  ],
  "edge_mi": {
    "0,1": 0.006544418585785899,
    "0,3": 0.0,
    "0,2": 0.023691450439152807,
    "1,2": 0.00038195589358713117,
    "2,3": 0.0008212665613388879
  },
  "distance_matrix": [
    [
      0.0,
      5.02914271690677,
      3.742641036887742,
      10.847303859242661
    ],
    [
      5.02914271690677,
      0.0,
      7.87020541783772,
      7.124202814690196
    ],
    [
      3.742641036887742,
      7.87020541783772,
      0.0,
      7.104662822354919
    ],
    [
      10.847303859242661,
      7.124202814690196,
      7.104662822354919,
      0.0
    ]
  ],
  "shortest_paths": {
    "0": {
      "0": 0,
      "2": 3.742641036887742,
      "1": 5.02914271690677,
      "3": 10.847303859242661
    },
    "1": {
      "1": 0,
      "0": 5.02914271690677,
      "3": 7.124202814690196,
      "2": 7.87020541783772
    },
    "2": {
      "2": 0,
      "0": 3.742641036887742,
      "3": 7.104662822354919,
      "1": 7.87020541783772
    },
    "3": {
      "3": 0,
      "2": 7.104662822354919,
      "1": 7.124202814690196,
      "0": 10.847303859242661
    }
  },
  "gromov_delta": 7.104662822354919,
  "mean_distance": 5.214769833490001,
  "angle_sums": [
    3.931979850341157,
    3.141592653589793,
    0.0,
    3.141592653589793
  ],
  "mean_angle_sum": 2.553791289380186,
  "min_angle_sum": 0.0,
  "max_angle_sum": 3.931979850341157,
  "angle_sum_deviations": [
    0.790387196751364,
    0.0,
    -3.141592653589793,
    0.0
  ],
  "triangle_inequality_violations": [],
  "embedding_coords": [
    [
      -0.13571349325001117,
      0.196335894286453
    ],
    [
      0.14263898409025133,
      -0.09205975123958726
    ],
    [
      -0.03311357175877275,
      -0.12143392630745355
    ],
    [
      0.02618808091853256,
      0.017157783260587808
    ]
  ],
  "embedding_coords_3d": [
    [
      -0.13070683761982335,
      0.006794203208753565,
      0.04597243309666774
    ],
    [
      0.08444541639681179,
      -0.0164158527642262,
      -0.08279272387959921
    ],
    [
      -0.07217345042588216,
      -0.10357905232627676,
      -0.025120075875527087
    ],
    [
      0.11843487164889377,
      0.11320070188174941,
      0.061940366658458555
    ]
  ],
  "edge_weight_variance": 0.0,
  "event_nodes": [
    [
      0,
      0
    ],
    [
      1,
      0
    ],
    [
      2,
      0
    ],
    [
      3,
      0
    ],
    [
      0,
      1
    ],
    [
      1,
      1
    ],
    [
      2,
      1
    ],
    [
      3,
      1
    ]
  ],
  "event_edges": [
    {
      "type": "spatial",
      "from": [
        0,
        0
      ],
      "to": [
        1,
        0
      ],
      "weight": 5.02914271690677
    },
    {
      "type": "spatial",
      "from": [
        0,
        0
      ],
      "to": [
        2,
        0
      ],
      "weight": 3.742641036887742
    },
    {
      "type": "spatial",
      "from": [
        0,
        0
      ],
      "to": [
        3,
        0
      ],
      "weight": 10.847303859242661
    },
    {
      "type": "spatial",
      "from": [
        1,
        0
      ],
      "to": [
        2,
        0
      ],
      "weight": 7.87020541783772
    },
    {
      "type": "spatial",
      "from": [
        1,
        0
      ],
      "to": [
        3,
        0
      ],
      "weight": 14.974868240192638
    },
    {
      "type": "spatial",
      "from": [
        2,
        0
      ],
      "to": [
        3,
        0
      ],
      "weight": 7.104662822354919
    },
    {
      "type": "temporal",
      "from": [
        0,
        0
      ],
      "to": [
        0,
        1
      ],
      "weight": 1.0
    },
    {
      "type": "temporal",
      "from": [
        1,
        0
      ],
      "to": [
        1,
        1
      ],
      "weight": 1.0
    },
    {
      "type": "temporal",
      "from": [
        2,
        0
      ],
      "to": [
        2,
        1
      ],
      "weight": 1.0
    },
    {
      "type": "temporal",
      "from": [
        3,
        0
      ],
      "to": [
        3,
        1
      ],
      "weight": 1.0
    },
    {
      "type": "spatial",
      "from": [
        0,
        1
      ],
      "to": [
        1,
        1
      ],
      "weight": 5.02914271690677
    },
    {
      "type": "spatial",
      "from": [
        0,
        1
      ],
      "to": [
        2,
        1
      ],
      "weight": 3.742641036887742
    },
    {
      "type": "spatial",
      "from": [
        0,
        1
      ],
      "to": [
        3,
        1
      ],
      "weight": 10.847303859242661
    },
    {
      "type": "spatial",
      "from": [
        1,
        1
      ],
      "to": [
        2,
        1
      ],
      "weight": 7.87020541783772
    },
    {
      "type": "spatial",
      "from": [
        1,
        1
      ],
      "to": [
        3,
        1
      ],
      "weight": 14.974868240192638
    },
    {
      "type": "spatial",
      "from": [
        2,
        1
      ],
      "to": [
        3,
        1
      ],
      "weight": 7.104662822354919
    }
  ],
  "lorentzian_dissimilarity": [
    [
      0.0,
      25.292276467016407,
      14.007361930996153,
      117.66400101474073,
      -1.0,
      24.292276467016407,
      13.007361930996153,
      116.66400101474073
    ],
    [
      25.292276467016407,
      0.0,
      61.940133318962204,
      224.24667881113015,
      24.292276467016407,
      -1.0,
      60.940133318962204,
      223.24667881113015
    ],
    [
      14.007361930996153,
      61.940133318962204,
      0.0,
      50.47623381935216,
      13.007361930996153,
      60.940133318962204,
      -1.0,
      49.47623381935216
    ],
    [
      117.66400101474073,
      224.24667881113015,
      50.47623381935216,
      0.0,
      116.66400101474073,
      223.24667881113015,
      49.47623381935216,
      -1.0
    ],
    [
      -1.0,
      24.292276467016407,
      13.007361930996153,
      116.66400101474073,
      0.0,
      25.292276467016407,
      14.007361930996153,
      117.66400101474073
    ],
    [
      24.292276467016407,
      -1.0,
      60.940133318962204,
      223.24667881113015,
      25.292276467016407,
      0.0,
      61.940133318962204,
      224.24667881113015
    ],
    [
      13.007361930996153,
      60.940133318962204,
      -1.0,
      49.47623381935216,
      14.007361930996153,
      61.940133318962204,
      0.0,
      50.47623381935216
    ],
    [
      116.66400101474073,
      223.24667881113015,
      49.47623381935216,
      -1.0,
      117.66400101474073,
      224.24667881113015,
      50.47623381935216,
      0.0
    ]
  ],
  "lorentzian_embedding": [
    [
      5.115065382335147,
      -1.6899579791819037,
      4.339417611855734
    ],
    [
      -1.3567923229755683,
      -6.294239808288888,
      -2.4320311074618637
    ],
    [
      2.3903751896124463,
      1.700222576506003,
      1.10305904960212
    ],
    [
      1.3456951706306979,
      8.776973741226602,
      -0.3661003342882492
    ],
    [
      2.612679041011297,
      -1.8218472764730853,
      2.0386518375033074
    ],
    [
      -3.8168595359398134,
      -6.4239026997585125,
      -4.693932853697701
    ],
    [
      -1.0627982355323347,
      1.5182085915144765,
      -2.0718840639815053
    ],
    [
      -1.2275434550627156,
      8.641356553895438,
      -2.7319657271760724
    ]
  ],
  "edge_length_evolution": [],
  "angle_deficit_evolution": [],
  "regge_action_evolution": [],
  "gromov_delta_evolution": [],
  "mass_hinge": null,
  "mass_value": 0.0,
  "matter": [
    {
      "(0, 1)": 0.0,
      "(1, 2)": 0.0,
      "(0, 3)": 0.0,
      "(2, 3)": 0.0,
      "(0, 2)": 0.0,
      "(1, 3)": 0.0
    },
    {
      "(0, 1)": 0.0,
      "(1, 2)": 0.0,
      "(0, 3)": 0.0,
      "(2, 3)": 0.0,
      "(0, 2)": 0.0,
      "(1, 3)": 0.0
    }
  ],
  "stationary_solution": null,
  "einstein_analysis_per_timestep": [
    {
      "ricci_tensor": [
        [
          0.002015279141693561,
          0.0
        ],
        [
          0.0,
          0.002015279141693561
        ]
      ],
      "metric_tensor": [
        [
          1.0004030558283388,
          0.0002015279141693561
        ],
        [
          0.0002015279141693561,
          1.0004030558283388
        ]
      ],
      "stress_energy_tensor": [
        [
          0.002015279141693561,
          4.030558283387122e-05
        ],
        [
          4.030558283387122e-05,
          0.002015279141693561
        ]
      ],
      "einstein_solution": {
        "einstein_tensor": [
          [
            0.0,
            0.0
          ],
          [
            0.0,
            0.0
          ]
        ],
        "ricci_scalar": 0.004030558283387122,
        "metric_tensor": [
          [
            1.0,
            0.0
          ],
          [
            0.0,
            1.0
          ]
        ],
        "lhs": [
          [
            0.0,
            0.0
          ],
          [
            0.0,
            0.0
          ]
        ],
        "rhs": [
          [
            0.002015279141693561,
            4.030558283387122e-05
          ],
          [
            4.030558283387122e-05,
            0.002015279141693561
          ]
        ],
        "equations_satisfied": false,
        "residual": 0.00285060504418017,
        "conservation_violation": 0.002015279141693561,
        "gravitational_constant": 0.039788735772973836,
        "cosmological_constant": 0.0
      },
      "entropy_first_derivative": 0.0,
      "entropy_second_derivative": 0.0,
      "entropy_curvature_correlation": 0.0028500300941594163,
      "emergent_gravitational_constant": 0.00032074163711052236,
      "average_mutual_information": 0.004030558283387122,
      "ricci_scalar": 0.004030558283387122,
      "analysis_summary": {
        "einstein_equations_satisfied": false,
        "residual_magnitude": 0.00285060504418017,
        "conservation_violation": 0.002015279141693561,
        "entropy_evolution_rate": 0.0,
        "entropy_acceleration": 0.0,
        "entanglement_curvature_coupling": 0.0028500300941594163
      }
    },
    {
      "ricci_tensor": [
        [
          0.002015279141693561,
          0.0
        ],
        [
          0.0,
          0.002015279141693561
        ]
      ],
      "metric_tensor": [
        [
          1.0004030558283388,
          0.0002015279141693561
        ],
        [
          0.0002015279141693561,
          1.0004030558283388
        ]
      ],
      "stress_energy_tensor": [
        [
          0.002015279141693561,
          4.030558283387122e-05
        ],
        [
          4.030558283387122e-05,
          0.002015279141693561
        ]
      ],
      "einstein_solution": {
        "einstein_tensor": [
          [
            0.0,
            0.0
          ],
          [
            0.0,
            0.0
          ]
        ],
        "ricci_scalar": 0.004030558283387122,
        "metric_tensor": [
          [
            1.0,
            0.0
          ],
          [
            0.0,
            1.0
          ]
        ],
        "lhs": [
          [
            0.0,
            0.0
          ],
          [
            0.0,
            0.0
          ]
        ],
        "rhs": [
          [
            0.002015279141693561,
            4.030558283387122e-05
          ],
          [
            4.030558283387122e-05,
            0.002015279141693561
          ]
        ],
        "equations_satisfied": false,
        "residual": 0.00285060504418017,
        "conservation_violation": 0.002015279141693561,
        "gravitational_constant": 0.039788735772973836,
        "cosmological_constant": 0.0
      },
      "entropy_first_derivative": 0.0,
      "entropy_second_derivative": 0.0,
      "entropy_curvature_correlation": 0.0028500300941594163,
      "emergent_gravitational_constant": 0.00032074163711052236,
      "average_mutual_information": 0.004030558283387122,
      "ricci_scalar": 0.004030558283387122,
      "analysis_summary": {
        "einstein_equations_satisfied": false,
        "residual_magnitude": 0.00285060504418017,
        "conservation_violation": 0.002015279141693561,
        "entropy_evolution_rate": 0.0,
        "entropy_acceleration": 0.0,
        "entanglement_curvature_coupling": 0.0028500300941594163
      }
    }
  ],
  "bootstrap_analysis": {
    "gromov_delta": {
      "mean": 10.396514691264265,
      "lower_ci": 10.396514691264265,
      "upper_ci": 10.396514691264265,
      "all_values": [
        10.396514691264265,
        10.396514691264265
      ],
      "uncertainty": 0.0
    },
    "entropy": {
      "mean": 3.856273359107558,
      "lower_ci": 3.8089542470155537,
      "upper_ci": 3.9035924711995627,
      "uncertainty": 0.047319112092004456
    },
    "distance_matrix": {
      "mean": [
        [
          0.0,
          5.02914271690677,
          3.742641036887742,
          10.847303859242661
        ],
        [
          5.02914271690677,
          0.0,
          7.87020541783772,
          14.974868240192638
        ],
        [
          3.742641036887742,
          7.87020541783772,
          0.0,
          7.104662822354919
        ],
        [
          10.847303859242661,
          14.974868240192638,
          7.104662822354919,
          0.0
        ]
      ],
      "lower_ci": [
        [
          0.0,
          5.02914271690677,
          3.742641036887742,
          10.847303859242661
        ],
        [
          5.02914271690677,
          0.0,
          7.87020541783772,
          14.974868240192638
        ],
        [
          3.742641036887742,
          7.87020541783772,
          0.0,
          7.104662822354919
        ],
        [
          10.847303859242661,
          14.974868240192638,
          7.104662822354919,
          0.0
        ]
      ],
      "upper_ci": [
        [
          0.0,
          5.02914271690677,
          3.742641036887742,
          10.847303859242661
        ],
        [
          5.02914271690677,
          0.0,
          7.87020541783772,
          14.974868240192638
        ],
        [
          3.742641036887742,
          7.87020541783772,
          0.0,
          7.104662822354919
        ],
        [
          10.847303859242661,
          14.974868240192638,
          7.104662822354919,
          0.0
        ]
      ]
    }
  },
  "topology_compatibility": {
    "current_topology": "triangulated",
    "explanation": "Triangulated topology is specifically designed for angle-sum curvature. Creates multiple triangles per vertex, enabling robust local curvature measurements. Each vertex has multiple incident triangles for well-defined angle sums.",
    "supports_local_curvature": true
  },
  "rt_surface_analysis": {
    "region_A": [
      0
    ],
    "region_B": [
      1,
      2,
      3
    ],
    "bulk_point": 2,
    "is_complementary": true,
    "rt_area_AB": 19.619087613037173,
    "rt_area_BA": 19.619087613037173,
    "area_consistent": true,
    "edges_consistent": true,
    "area_difference": 0.0,
    "rt_edges_AB": [
      [
        0,
        1
      ],
      [
        0,
        2
      ],
      [
        0,
        3
      ]
    ],
    "rt_edges_BA": [
      [
        0,
        1
      ],
      [
        0,
        2
      ],
      [
        0,
        3
      ]
    ],
    "edge_lengths": [
      5.02914271690677,
      3.742641036887742,
      10.847303859242661,
      7.87020541783772,
      14.974868240192638,
      7.104662822354919
    ],
    "all_edges": [
      [
        0,
        1
      ],
      [
        0,
        2
      ],
      [
        0,
        3
      ],
      [
        1,
        2
      ],
      [
        1,
        3
      ],
      [
        2,
        3
      ]
    ]
  },
  "bulk_excitation_analysis": {
    "ground_state_mi": [
      [
        0.0,
        0.2295229272909729,
        0.4841746016813856,
        0.22952292729097157
      ],
      [
        0.2295229272909729,
        0.0,
        0.22952292729097235,
        0.5920076925254595
      ],
      [
        0.4841746016813856,
        0.22952292729097235,
        0.0,
        0.22952292729097146
      ],
      [
        0.22952292729097157,
        0.5920076925254595,
        0.22952292729097146,
        0.0
      ]
    ],
    "excited_state_mi": [
      [
        0.0,
        0.3029482548349013,
        0.2828015222926352,
        0.3029482548349016
      ],
      [
        0.3029482548349013,
        0.0,
        0.28050204856701333,
        0.44273378475458036
      ],
      [
        0.2828015222926352,
        0.28050204856701333,
        0.0,
        0.2805020485670129
      ],
      [
        0.3029482548349016,
        0.44273378475458036,
        0.2805020485670129,
        0.0
      ]
    ],
    "mi_difference": [
      [
        0.0,
        0.07342532754392839,
        -0.20137307938875038,
        0.07342532754393005
      ],
      [
        0.07342532754392839,
        0.0,
        0.050979121276040984,
        -0.14927390777087912
      ],
      [
        -0.20137307938875038,
        0.050979121276040984,
        0.0,
        0.05097912127604143
      ],
      [
        0.07342532754393005,
        -0.14927390777087912,
        0.05097912127604143,
        0.0
      ]
    ],
    "avg_mi_change": 0.0749319855999463,
    "max_mi_change": 0.20137307938875038,
    "mi_change_boundary_A": NaN,
    "mi_change_boundary_B": -0.01577188840626557,
    "bulk_point": 2,
    "ground_state_counts": {
      "counts": {
        "1101": 5,
        "0101": 6,
        "1011": 10,
        "1010": 6,
        "1100": 6,
        "0001": 7,
        "0000": 3,
        "1001": 2,
        "1110": 4,
        "1000": 14,
        "0111": 6,
        "0110": 9,
        "0010": 6,
        "0100": 6,
        "1111": 5,
        "0011": 5
      },
      "job_id": "d27v16g56fsc73e6di20",
      "mutual_information": {
        "I_0,1": 0.0075121725231444975,
        "I_0,2": 0.00016832991720059243,
        "I_0,3": 0.004291920169618789,
        "I_1,2": 1.0429128357342826e-06,
        "I_1,3": 0.002673743817994057,
        "I_2,3": 0.022982838133365234
      }
    },
    "excited_state_counts": {
      "counts": {
        "1001": 9,
        "1000": 7,
        "0011": 4,
        "0010": 4,
        "0001": 8,
        "1011": 6,
        "0000": 7,
        "1100": 13,
        "0111": 8,
        "0110": 7,
        "1111": 4,
        "0100": 7,
        "1101": 4,
        "1110": 3,
        "1010": 5,
        "0101": 4
      },
      "job_id": "d27v17pogaas73ct92og",
      "mutual_information": {
        "I_0,1": 0.008928464674121991,
        "I_0,2": 0.014237071930292548,
        "I_0,3": 0.0010905162318256157,
        "I_1,2": 0.002685697033646354,
        "I_1,3": 0.01012585699361191,
        "I_2,3": 0.0025994543450962165
      }
    },
    "boundary_entropies": {
      "ground_state": {
        "entropy_A": 0.5916531492884057,
        "entropy_B": 0.5916531492884027,
        "mi_AB": 1.1833062985768001
      },
      "excited_state": {
        "entropy_A": 0.6064796319633975,
        "entropy_B": 0.6064796319633934,
        "mi_AB": 1.212959263926778
      },
      "rt_relation_test": {
        "entropy_ratio": 0.9999999999999949,
        "rt_area_ratio": 1.0,
        "rt_deviation": 5.10702591327572e-15,
        "excited_entropy_ratio": 0.9999999999999932,
        "rt_relation_change": 1.6653345369377348e-15
      }
    }
  },
  "page_curve_analysis": null,
  "deutsch_ctc_analysis": null,
  "ctc_recovery_analysis": null,
  "einstein_analysis": null,
  "dynamic_evidence": {
    "angle_sums_per_timestep": [
      [
        3.931979850341157,
        3.3118711475849203,
        0.0,
        0.0
      ],
      [
        3.931979850341157,
        3.3118711475849203,
        0.0,
        0.0
      ]
    ],
    "gromov_delta_per_timestep": [
      10.396514691264265,
      10.396514691264265
    ],
    "edge_mi_per_timestep": [
      {
        "0,1": 0.006544418585785899,
        "0,3": 0.0,
        "0,2": 0.023691450439152807,
        "1,2": 0.00038195589358713117,
        "2,3": 0.0008212665613388879
      },
      {
        "0,1": 0.006544418585785899,
        "0,3": 0.0,
        "0,2": 0.023691450439152807,
        "1,2": 0.00038195589358713117,
        "2,3": 0.0008212665613388879
      }
    ],
    "shortest_paths_per_timestep": [
      {
        "0": {
          "0": 0,
          "2": 3.742641036887742,
          "1": 5.02914271690677,
          "3": 10.847303859242661
        },
        "1": {
          "1": 0,
          "0": 5.02914271690677,
          "2": 7.87020541783772,
          "3": 14.974868240192638
        },
        "2": {
          "2": 0,
          "0": 3.742641036887742,
          "3": 7.104662822354919,
          "1": 7.87020541783772
        },
        "3": {
          "3": 0,
          "2": 7.104662822354919,
          "0": 10.847303859242661,
          "1": 14.974868240192638
        }
      },
      {
        "0": {
          "0": 0,
          "2": 3.742641036887742,
          "1": 5.02914271690677,
          "3": 10.847303859242661
        },
        "1": {
          "1": 0,
          "0": 5.02914271690677,
          "2": 7.87020541783772,
          "3": 14.974868240192638
        },
        "2": {
          "2": 0,
          "0": 3.742641036887742,
          "3": 7.104662822354919,
          "1": 7.87020541783772
        },
        "3": {
          "3": 0,
          "2": 7.104662822354919,
          "0": 10.847303859242661,
          "1": 14.974868240192638
        }
      }
    ],
    "mean_distance_per_timestep": [
      6.196103011677806,
      6.196103011677806
    ],
    "triangle_violations_per_timestep": [
      0,
      0
    ],
    "embedding_coords_per_timestep": [
      [
        [
          -0.11402062251698135,
          0.20159064874334143
        ],
        [
          0.157234219365867,
          -0.07415543040023494
        ],
        [
          -0.04172710554417724,
          -0.12449000511815685
        ],
        [
          -0.0014864913047084164,
          -0.0029452132249496417
        ]
      ],
      [
        [
          -0.11402062251698135,
          0.20159064874334143
        ],
        [
          0.157234219365867,
          -0.07415543040023494
        ],
        [
          -0.04172710554417724,
          -0.12449000511815685
        ],
        [
          -0.0014864913047084164,
          -0.0029452132249496417
        ]
      ]
    ],
    "regge_evolution_data": null,
    "evolution_summary": {
      "total_timesteps": 2,
      "gromov_delta_range": [
        10.396514691264265,
        10.396514691264265
      ],
      "mean_distance_range": [
        6.196103011677806,
        6.196103011677806
      ],
      "total_triangle_violations": 0,
      "hyperbolic_evolution": [
        false,
        false
      ],
      "regge_corrected": false
    }
  },
  "quantum_state_outputs": [
    {
      "timestep": 1,
      "statevector": null,
      "mutual_information_matrix": [
        [
          0.0,
          0.006544418585785899,
          0.023691450439152807,
          0.0
        ],
        [
          0.006544418585785899,
          0.0,
          0.00038195589358713117,
          0.0008053747872322527
        ],
        [
          0.023691450439152807,
          0.00038195589358713117,
          0.0,
          0.0008212665613388879
        ],
        [
          0.0,
          0.0008053747872322527,
          0.0008212665613388879,
          0.0
        ]
      ],
      "counts": {
        "1101": 9,
        "0110": 3,
        "0100": 9,
        "1110": 6,
        "1001": 4,
        "0010": 7,
        "1111": 7,
        "1100": 8,
        "0111": 10,
        "0001": 3,
        "0101": 6,
        "1011": 3,
        "1010": 6,
        "1000": 7,
        "0000": 8,
        "0011": 4
      },
      "job_id": "d27v0o056fsc73e6dhkg",
      "device": "ibm_brisbane"
    },
    {
      "timestep": 2,
      "statevector": null,
      "mutual_information_matrix": [
        [
          0.0,
          0.01109224996097833,
          0.005281507701683744,
          1.8248514324885855e-05
        ],
        [
          0.01109224996097833,
          0.0,
          0.007942912045369892,
          0.011921630902538269
        ],
        [
          0.005281507701683744,
          0.007942912045369892,
          0.0,
          0.0002914426911102804
        ],
        [
          1.8248514324885855e-05,
          0.011921630902538269,
          0.0002914426911102804,
          0.0
        ]
      ],
      "counts": {
        "0111": 8,
        "1110": 4,
        "1010": 9,
        "0101": 3,
        "1101": 8,
        "0100": 11,
        "0010": 9,
        "1001": 10,
        "1100": 8,
        "0011": 6,
        "0000": 4,
        "1111": 1,
        "0001": 9,
        "0110": 5,
        "1011": 2,
        "1000": 3
      },
      "job_id": "d27v15056fsc73e6di00",
      "device": "ibm_brisbane"
    }
  ],
  "emergent_geometry_teleportation": null,
  "superposition_gravity": null,
  "teleportation_geometry_correlation": null
}