{
  "spec": {
    "num_qubits": 4,
    "topology": "triangulated",
    "custom_edges": "0-1:1.0000,0-2:1.0000,0-3:1.0000,1-2:1.0000,1-3:1.0000,2-3:1.0000",
    "alpha": 0.8,
    "weight": 1.1931118742372173,
    "gamma": -1.3302519678139916e-06,
    "sigma": -3.437483200358086e-06,
    "init_angle": 2.260591176185835e-07,
    "init_angles": null,
    "shots": 1024,
    "device": "simulator",
    "geometry": "spherical",
    "curvature": 4.5,
    "timesteps": 2,
    "dimension": 2,
    "mass_hinge": null,
    "mass_value": 0.0,
    "solve_regge": false,
    "lorentzian": true,
    "excite": true,
    "fast": false,
    "fast_preset": "balanced",
    "ctc_mode": false,
    "ctc_perturbation": null,
    "ctc_perturbation_strength": 1.0,
    "test_ctc_recovery": false,
    "strong_curvature": true,
    "charge_injection": true,
    "charge_strength": 2.5,
    "charge_location": null,
    "spin_injection": true,
    "spin_strength": 2.0,
    "spin_location": null,
    "edge_floor": 0.001,
    "compute_entropies": true,
    "hyperbolic_triangulation": true,
    "trotter_steps": 8,
    "dt": 0.05,
    "analyze_curvature": true,
    "einstein_solver": true,
    "page_curve": true,
    "radiation_ordering": null,
    "page_curve_timesteps": 15,
    "entropy_method": "hybrid",
    "num_shadows": 100,
    "shots_per_shadow": 1000,
    "num_bases": 20,
    "shots_per_basis": 1000,
    "enhanced_entanglement": false,
    "entanglement_strength": 0.33158066488704685,
    "interpolate_geometry": false,
    "smooth_charge_injection": false,
    "min_qubits_for_continuum": 10,
    "benchmark_against_classical_geometry": false,
    "geometry_fit_metric": "wasserstein,kl,euclidean",
    "verify_noise_robustness": false,
    "run_on_multiple_backends": false,
    "detect_and_flag_causal_loops": true,
    "restrict_information_flow_direction": "bidirectional",
    "filter_noncausal_edges": true,
    "use_ryu_takayanagi_test": true,
    "compare_MI_vs_subsystem_entropy": true,
    "embed_boundary_entropy_in_geometry": true,
    "entropy_engineering": true,
    "target_entropy_pattern": "quantum_gravity",
    "custom_target_entropies": null,
    "entropy_optimization_iterations": 200,
    "entropy_tolerance": 0.05,
    "continue_on_engineering_failure": true,
    "skip_entropy_engineering": false,
    "validate_engineered_geometry": true,
    "enhance_bell_violations": true,
    "bell_entanglement_strength": 4.0,
    "teleportation_circuits": true,
    "long_range_coupling": 3.0,
    "holographic_optimization": true,
    "rt_surface_encoding": true,
    "conformal_symmetry": true,
    "bulk_reconstruction": true,
    "scalable_entanglement": true,
    "parallel_execution": true,
    "memory_optimization": true,
    "circuit_compilation": "optimized",
    "real_hardware": false,
    "error_mitigation": true,
    "zero_noise_extrapolation": true,
    "zne_noise_factors": [
      1.0,
      2.0,
      3.0
    ],
    "zne_extrapolation_method": "polynomial",
    "hardware_calibration": true,
    "noise_characterization": true,
    "backend_name": "ibm_brisbane",
    "quantum_mode": true,
    "quantum_entanglement_strength": 5.0,
    "quantum_circuit_depth": 12,
    "geometric_teleportation": false,
    "teleportation_mode": "both",
    "bridge_strength": 1.0,
    "signal_state": "+",
    "emergent_geometry_teleportation": false,
    "teleportation_node_pairs": "auto",
    "teleportation_embedding_dim": 2,
    "teleportation_fidelity_threshold": 0.7,
    "superposition_gravity": true,
    "massive_bulk_mass_hinge": "2",
    "massive_bulk_mass_value": 1.0,
    "massless_bulk_mass_hinge": "None",
    "massless_bulk_mass_value": 0.0,
    "superposition_control_qubit": 0,
    "superposition_phase": 0.0,
    "interference_analysis": true,
    "classical_mixture_comparison": true,
    "coherence_preservation": true,
    "bulk_reconstruction_method": "mi_embedding"
  },
  "uid": "J1Q83S",
  "counts_per_timestep": [
    null,
    null
  ],
  "job_ids_per_timestep": [
    null,
    null
  ],
  "entropy_per_timestep": [
    null,
    null
  ],
  "mutual_information_per_timestep": [
    {
      "I_0,1": 0.024996142024028924,
      "I_0,2": 0.023960948958997037,
      "I_0,3": 0.02499614202402866,
      "I_1,2": 0.02499614202402793,
      "I_1,3": 0.006412898109293803,
      "I_2,3": 0.02499614202402832
    },
    {
      "I_0,1": 0.13386557485357958,
      "I_0,2": 0.11771242547586608,
      "I_0,3": 0.13386557485358036,
      "I_1,2": 0.13386557485357986,
      "I_1,3": 0.10230997987049856,
      "I_2,3": 0.13386557485358036
    }
  ],
  "boundary_entropies_per_timestep": [
    {
      "entropy_A": 0.02783904158037653,
      "entropy_B": 0.027839041580378258,
      "mi_AB": 0.05567808316075124,
      "pure_state_check": true,
      "entropy_difference": 1.7277845820728999e-15,
      "multiple_regions": {
        "size_1_region_0": {
          "region": [
            0
          ],
          "entropy": 0.036613067005229545,
          "rt_area": 3,
          "size": 1
        },
        "size_1_region_1": {
          "region": [
            1
          ],
          "entropy": 0.02783904158037834,
          "rt_area": 3,
          "size": 1
        },
        "size_1_region_2": {
          "region": [
            2
          ],
          "entropy": 0.03661306700522959,
          "rt_area": 3,
          "size": 1
        },
        "size_2_region_0": {
          "region": [
            0,
            1
          ],
          "entropy": 0.03945596656157888,
          "rt_area": 4,
          "size": 2
        },
        "size_2_region_1": {
          "region": [
            0,
            2
          ],
          "entropy": 0.04926518505146207,
          "rt_area": 4,
          "size": 2
        },
        "size_2_region_2": {
          "region": [
            0,
            3
          ],
          "entropy": 0.03945596656157883,
          "rt_area": 4,
          "size": 2
        },
        "size_3_region_0": {
          "region": [
            0,
            1,
            2
          ],
          "entropy": 0.02783904158037653,
          "rt_area": 3,
          "size": 3
        },
        "size_3_region_1": {
          "region": [
            0,
            1,
            3
          ],
          "entropy": 0.036613067005230066,
          "rt_area": 3,
          "size": 3
        },
        "size_3_region_2": {
          "region": [
            0,
            2,
            3
          ],
          "entropy": 0.027839041580377172,
          "rt_area": 3,
          "size": 3
        }
      }
    },
    {
      "entropy_A": 0.19537259589744377,
      "entropy_B": 0.19537259589744213,
      "mi_AB": 0.39074519179488043,
      "pure_state_check": true,
      "entropy_difference": 1.6375789613221059e-15,
      "multiple_regions": {
        "size_1_region_0": {
          "region": [
            0
          ],
          "entropy": 0.20307381870012547,
          "rt_area": 3,
          "size": 1
        },
        "size_1_region_1": {
          "region": [
            1
          ],
          "entropy": 0.19537259589744227,
          "rt_area": 3,
          "size": 1
        },
        "size_1_region_2": {
          "region": [
            2
          ],
          "entropy": 0.20307381870012559,
          "rt_area": 3,
          "size": 1
        },
        "size_2_region_0": {
          "region": [
            0,
            1
          ],
          "entropy": 0.26458083974398855,
          "rt_area": 4,
          "size": 2
        },
        "size_2_region_1": {
          "region": [
            0,
            2
          ],
          "entropy": 0.2884352119243853,
          "rt_area": 4,
          "size": 2
        },
        "size_2_region_2": {
          "region": [
            0,
            3
          ],
          "entropy": 0.26458083974398744,
          "rt_area": 4,
          "size": 2
        },
        "size_3_region_0": {
          "region": [
            0,
            1,
            2
          ],
          "entropy": 0.19537259589744377,
          "rt_area": 3,
          "size": 3
        },
        "size_3_region_1": {
          "region": [
            0,
            1,
            3
          ],
          "entropy": 0.20307381870012822,
          "rt_area": 3,
          "size": 3
        },
        "size_3_region_2": {
          "region": [
            0,
            2,
            3
          ],
          "entropy": 0.19537259589744432,
          "rt_area": 3,
          "size": 3
        }
      }
    }
  ],
  "distance_matrix_per_timestep": [
    [
      [
        0.0,
        3.6890337850611874,
        3.731329900551027,
        3.689033785061198
      ],
      [
        3.6890337850611874,
        0.0,
        3.689033785061227,
        7.3780675701223855
      ],
      [
        3.731329900551027,
        3.689033785061227,
        0.0,
        3.6890337850612114
      ],
      [
        3.689033785061198,
        7.3780675701223855,
        3.6890337850612114,
        0.0
      ]
    ],
    [
      [
        0.0,
        2.0109191552802437,
        2.139510701249131,
        2.010919155280238
      ],
      [
        2.0109191552802437,
        0.0,
        2.0109191552802415,
        4.021838310560479
      ],
      [
        2.139510701249131,
        2.0109191552802415,
        0.0,
        2.010919155280238
      ],
      [
        2.010919155280238,
        4.021838310560479,
        2.010919155280238,
        0.0
      ]
    ]
  ],
  "edge_mi": {
    "0,1": 0.13386557485357958,
    "0,3": 0.13386557485358036,
    "0,2": 0.11771242547586608,
    "1,2": 0.13386557485357986,
    "2,3": 0.13386557485358036
  },
  "distance_matrix": [
    [
      0.0,
      2.0109191552802437,
      2.139510701249131,
      2.010919155280238
    ],
    [
      2.0109191552802437,
      0.0,
      2.0109191552802415,
      2.279748055841395
    ],
    [
      2.139510701249131,
      2.0109191552802415,
      0.0,
      2.010919155280238
    ],
    [
      2.010919155280238,
      2.279748055841395,
      2.010919155280238,
      0.0
    ]
  ],
  "shortest_paths": {
    "0": {
      "0": 0,
      "3": 2.010919155280238,
      "1": 2.0109191552802437,
      "2": 2.139510701249131
    },
    "1": {
      "1": 0,
      "2": 2.0109191552802415,
      "0": 2.0109191552802437,
      "3": 2.279748055841395
    },
    "2": {
      "2": 0,
      "3": 2.010919155280238,
      "1": 2.0109191552802415,
      "0": 2.139510701249131
    },
    "3": {
      "3": 0,
      "0": 2.010919155280238,
      "2": 2.010919155280238,
      "1": 2.279748055841395
    }
  },
  "gromov_delta": 1.1398740279207003,
  "mean_distance": 1.5578669222764359,
  "angle_sums": [
    6.3836949141353925,
    5.663623140369797,
    6.383694914135443,
    5.663623140369806
  ],
  "mean_angle_sum": 6.023659027252609,
  "min_angle_sum": 5.663623140369797,
  "max_angle_sum": 6.383694914135443,
  "angle_sum_deviations": [
    3.2421022605455994,
    2.522030486780004,
    3.24210226054565,
    2.5220304867800127
  ],
  "triangle_inequality_violations": [],
  "embedding_coords": [
    [
      -0.08437925801091752,
      0.2919406843961864
    ],
    [
      0.0775933369244501,
      -0.06370352519811462
    ],
    [
      0.24172926272752404,
      -0.21325899121030684
    ],
    [
      -0.2349433416410566,
      -0.014978167987764945
    ]
  ],
  "embedding_coords_3d": [
    [
      0.24451544400701122,
      -0.03806221242829198,
      -0.16290550691612388
    ],
    [
      -0.16999976319166377,
      0.02992771857444722,
      0.14876893177875283
    ],
    [
      0.12520708687157817,
      0.009775005294987803,
      0.20493100941414877
    ],
    [
      -0.1997227676869257,
      -0.0016405114411430458,
      -0.19079443427677772
    ]
  ],
  "edge_weight_variance": 0.0,
  "event_nodes": [
    [
      0,
      0
    ],
    [
      1,
      0
    ],
    [
      2,
      0
    ],
    [
      3,
      0
    ],
    [
      0,
      1
    ],
    [
      1,
      1
    ],
    [
      2,
      1
    ],
    [
      3,
      1
    ]
  ],
  "event_edges": [
    {
      "type": "spatial",
      "from": [
        0,
        0
      ],
      "to": [
        1,
        0
      ],
      "weight": 3.6890337850611874
    },
    {
      "type": "spatial",
      "from": [
        0,
        0
      ],
      "to": [
        2,
        0
      ],
      "weight": 3.731329900551027
    },
    {
      "type": "spatial",
      "from": [
        0,
        0
      ],
      "to": [
        3,
        0
      ],
      "weight": 3.689033785061198
    },
    {
      "type": "spatial",
      "from": [
        1,
        0
      ],
      "to": [
        2,
        0
      ],
      "weight": 3.689033785061227
    },
    {
      "type": "spatial",
      "from": [
        1,
        0
      ],
      "to": [
        3,
        0
      ],
      "weight": 7.3780675701223855
    },
    {
      "type": "spatial",
      "from": [
        2,
        0
      ],
      "to": [
        3,
        0
      ],
      "weight": 3.6890337850612114
    },
    {
      "type": "temporal",
      "from": [
        0,
        0
      ],
      "to": [
        0,
        1
      ],
      "weight": 1.0
    },
    {
      "type": "temporal",
      "from": [
        1,
        0
      ],
      "to": [
        1,
        1
      ],
      "weight": 1.0
    },
    {
      "type": "temporal",
      "from": [
        2,
        0
      ],
      "to": [
        2,
        1
      ],
      "weight": 1.0
    },
    {
      "type": "temporal",
      "from": [
        3,
        0
      ],
      "to": [
        3,
        1
      ],
      "weight": 1.0
    },
    {
      "type": "spatial",
      "from": [
        0,
        1
      ],
      "to": [
        1,
        1
      ],
      "weight": 2.0109191552802437
    },
    {
      "type": "spatial",
      "from": [
        0,
        1
      ],
      "to": [
        2,
        1
      ],
      "weight": 2.139510701249131
    },
    {
      "type": "spatial",
      "from": [
        0,
        1
      ],
      "to": [
        3,
        1
      ],
      "weight": 2.010919155280238
    },
    {
      "type": "spatial",
      "from": [
        1,
        1
      ],
      "to": [
        2,
        1
      ],
      "weight": 2.0109191552802415
    },
    {
      "type": "spatial",
      "from": [
        1,
        1
      ],
      "to": [
        3,
        1
      ],
      "weight": 4.021838310560479
    },
    {
      "type": "spatial",
      "from": [
        2,
        1
      ],
      "to": [
        3,
        1
      ],
      "weight": 2.010919155280238
    }
  ],
  "lorentzian_dissimilarity": [
    [
      0.0,
      13.60897026732287,
      13.922822826746138,
      13.608970267322949,
      -1.0,
      12.60897026732287,
      12.922822826746138,
      12.608970267322949
    ],
    [
      13.60897026732287,
      0.0,
      13.608970267323162,
      54.43588106929164,
      12.60897026732287,
      -1.0,
      12.608970267323162,
      53.43588106929164
    ],
    [
      13.922822826746138,
      13.608970267323162,
      0.0,
      13.608970267323048,
      12.922822826746138,
      12.608970267323162,
      -1.0,
      12.608970267323048
    ],
    [
      13.608970267322949,
      54.43588106929164,
      13.608970267323048,
      0.0,
      12.608970267322949,
      53.43588106929164,
      12.608970267323048,
      -1.0
    ],
    [
      -1.0,
      12.60897026732287,
      12.922822826746138,
      12.608970267322949,
      0.0,
      4.043795849073009,
      4.577506040759547,
      4.0437958490729855
    ],
    [
      12.60897026732287,
      -1.0,
      12.608970267323162,
      53.43588106929164,
      4.043795849073009,
      0.0,
      4.043795849073,
      16.17518339629197
    ],
    [
      12.922822826746138,
      12.608970267323162,
      -1.0,
      12.608970267323048,
      4.577506040759547,
      4.043795849073,
      0.0,
      4.0437958490729855
    ],
    [
      12.608970267322949,
      53.43588106929164,
      12.608970267323048,
      -1.0,
      4.0437958490729855,
      16.17518339629197,
      4.0437958490729855,
      0.0
    ]
  ],
  "lorentzian_embedding": [
    [
      1.092160926445719,
      0.8175768356277175,
      1.491871546987686
    ],
    [
      1.9541194929997576,
      -3.179944308139166,
      0.8247372213062883
    ],
    [
      -0.013760430147606416,
      0.3196096305512381,
      -2.4183222680851735
    ],
    [
      -0.6277800024911627,
      4.428769178339576,
      -0.8744868115269362
    ],
    [
      0.8058625988585203,
      0.6886715774613231,
      0.4796732369467454
    ],
    [
      -1.5609234923930964,
      -2.519627893167468,
      -1.4646630620126457
    ],
    [
      0.19479580573862174,
      0.4135044500827229,
      -1.681031897069123
    ],
    [
      2.1555226144154416,
      3.4389585978948203,
      -1.1723670731258569
    ]
  ],
  "edge_length_evolution": [],
  "angle_deficit_evolution": [],
  "regge_action_evolution": [],
  "gromov_delta_evolution": [],
  "mass_hinge": null,
  "mass_value": 0.0,
  "matter": [
    {
      "(0, 1)": 0.0,
      "(1, 2)": 0.0,
      "(0, 3)": 0.0,
      "(2, 3)": 0.0,
      "(0, 2)": 0.0,
      "(1, 3)": 0.0
    },
    {
      "(0, 1)": 0.0,
      "(1, 2)": 0.0,
      "(0, 3)": 0.0,
      "(2, 3)": 0.0,
      "(0, 2)": 0.0,
      "(1, 3)": 0.0
    }
  ],
  "stationary_solution": null,
  "einstein_analysis_per_timestep": [
    {
      "ricci_tensor": [
        [
          0.008147400947775291,
          0.0
        ],
        [
          0.0,
          0.008147400947775291
        ]
      ],
      "metric_tensor": [
        [
          1.001629480189555,
          0.0008147400947775291
        ],
        [
          0.0008147400947775291,
          1.001629480189555
        ]
      ],
      "stress_energy_tensor": [
        [
          0.008147400947775291,
          0.00016294801895550584
        ],
        [
          0.00016294801895550584,
          0.008147400947775291
        ]
      ],
      "einstein_solution": {
        "einstein_tensor": [
          [
            0.0,
            0.0
          ],
          [
            0.0,
            0.0
          ]
        ],
        "ricci_scalar": 0.016294801895550583,
        "metric_tensor": [
          [
            1.0,
            0.0
          ],
          [
            0.0,
            1.0
          ]
        ],
        "lhs": [
          [
            0.0,
            0.0
          ],
          [
            0.0,
            0.0
          ]
        ],
        "rhs": [
          [
            0.008147400947775291,
            0.00016294801895550584
          ],
          [
            0.00016294801895550584,
            0.008147400947775291
          ]
        ],
        "equations_satisfied": false,
        "residual": 0.011524469121021692,
        "conservation_violation": 0.008147400947775291,
        "gravitational_constant": 0.039788735772973836,
        "cosmological_constant": 0.0
      },
      "entropy_first_derivative": 0.0,
      "entropy_second_derivative": 0.0,
      "entropy_curvature_correlation": 0.011522159918437394,
      "emergent_gravitational_constant": 0.0012966991341900307,
      "average_mutual_information": 0.016294801895550583,
      "ricci_scalar": 0.016294801895550583,
      "analysis_summary": {
        "einstein_equations_satisfied": false,
        "residual_magnitude": 0.011524469121021692,
        "conservation_violation": 0.008147400947775291,
        "entropy_evolution_rate": 0.0,
        "entropy_acceleration": 0.0,
        "entanglement_curvature_coupling": 0.011522159918437394
      }
    },
    {
      "ricci_tensor": [
        [
          0.0472177940475428,
          0.0
        ],
        [
          0.0,
          0.0472177940475428
        ]
      ],
      "metric_tensor": [
        [
          1.0094435588095085,
          0.004721779404754281
        ],
        [
          0.004721779404754281,
          1.0094435588095085
        ]
      ],
      "stress_energy_tensor": [
        [
          0.0472177940475428,
          0.0009443558809508561
        ],
        [
          0.0009443558809508561,
          0.0472177940475428
        ]
      ],
      "einstein_solution": {
        "einstein_tensor": [
          [
            0.0,
            0.0
          ],
          [
            0.0,
            0.0
          ]
        ],
        "ricci_scalar": 0.0944355880950856,
        "metric_tensor": [
          [
            1.0,
            0.0
          ],
          [
            0.0,
            1.0
          ]
        ],
        "lhs": [
          [
            0.0,
            0.0
          ],
          [
            0.0,
            0.0
          ]
        ],
        "rhs": [
          [
            0.0472177940475428,
            0.0009443558809508561
          ],
          [
            0.0009443558809508561,
            0.0472177940475428
          ]
        ],
        "equations_satisfied": false,
        "residual": 0.06678939860106625,
        "conservation_violation": 0.0472177940475428,
        "gravitational_constant": 0.039788735772973836,
        "cosmological_constant": 0.0
      },
      "entropy_first_derivative": 0.0,
      "entropy_second_derivative": 0.0,
      "entropy_curvature_correlation": 0.06677603972737502,
      "emergent_gravitational_constant": 0.00751494532456151,
      "average_mutual_information": 0.0944355880950856,
      "ricci_scalar": 0.0944355880950856,
      "analysis_summary": {
        "einstein_equations_satisfied": false,
        "residual_magnitude": 0.06678939860106625,
        "conservation_violation": 0.0472177940475428,
        "entropy_evolution_rate": 0.0,
        "entropy_acceleration": 0.0,
        "entanglement_curvature_coupling": 0.06677603972737502
      }
    }
  ],
  "bootstrap_analysis": {
    "gromov_delta": {
      "mean": 2.8499764701707218,
      "lower_ci": 2.0109191552802423,
      "upper_ci": 3.689033785061201,
      "all_values": [
        3.689033785061201,
        2.0109191552802423
      ],
      "uncertainty": 0.8390573148904794
    },
    "entropy": {
      "mean": null,
      "lower_ci": null,
      "upper_ci": null,
      "uncertainty": null
    },
    "distance_matrix": {
      "mean": [
        [
          0.0,
          2.8499764701707155,
          2.9354203009000788,
          2.849976470170718
        ],
        [
          2.8499764701707155,
          0.0,
          2.849976470170734,
          5.699952940341433
        ],
        [
          2.9354203009000788,
          2.849976470170734,
          0.0,
          2.8499764701707244
        ],
        [
          2.849976470170718,
          5.699952940341433,
          2.8499764701707244,
          0.0
        ]
      ],
      "lower_ci": [
        [
          0.0,
          2.0109191552802437,
          2.139510701249131,
          2.010919155280238
        ],
        [
          2.0109191552802437,
          0.0,
          2.0109191552802415,
          4.021838310560479
        ],
        [
          2.139510701249131,
          2.0109191552802415,
          0.0,
          2.010919155280238
        ],
        [
          2.010919155280238,
          4.021838310560479,
          2.010919155280238,
          0.0
        ]
      ],
      "upper_ci": [
        [
          0.0,
          3.6890337850611874,
          3.731329900551027,
          3.689033785061198
        ],
        [
          3.6890337850611874,
          0.0,
          3.689033785061227,
          7.3780675701223855
        ],
        [
          3.731329900551027,
          3.689033785061227,
          0.0,
          3.6890337850612114
        ],
        [
          3.689033785061198,
          7.3780675701223855,
          3.6890337850612114,
          0.0
        ]
      ]
    }
  },
  "topology_compatibility": {
    "current_topology": "triangulated",
    "explanation": "Triangulated topology is specifically designed for angle-sum curvature. Creates multiple triangles per vertex, enabling robust local curvature measurements. Each vertex has multiple incident triangles for well-defined angle sums.",
    "supports_local_curvature": true
  },
  "rt_surface_analysis": {
    "region_A": [
      0
    ],
    "region_B": [
      1,
      2,
      3
    ],
    "bulk_point": 2,
    "is_complementary": true,
    "rt_area_AB": 6.161349011809612,
    "rt_area_BA": 6.161349011809612,
    "area_consistent": true,
    "edges_consistent": true,
    "area_difference": 0.0,
    "rt_edges_AB": [
      [
        0,
        1
      ],
      [
        0,
        2
      ],
      [
        0,
        3
      ]
    ],
    "rt_edges_BA": [
      [
        0,
        1
      ],
      [
        0,
        2
      ],
      [
        0,
        3
      ]
    ],
    "edge_lengths": [
      2.0109191552802437,
      2.139510701249131,
      2.010919155280238,
      2.0109191552802415,
      4.021838310560479,
      2.010919155280238
    ],
    "all_edges": [
      [
        0,
        1
      ],
      [
        0,
        2
      ],
      [
        0,
        3
      ],
      [
        1,
        2
      ],
      [
        1,
        3
      ],
      [
        2,
        3
      ]
    ]
  },
  "bulk_excitation_analysis": {
    "ground_state_mi": [
      [
        0.0,
        0.1338655748535792,
        0.11771242547586575,
        0.13386557485358014
      ],
      [
        0.1338655748535792,
        0.0,
        0.13386557485357936,
        0.10230997987049839
      ],
      [
        0.11771242547586575,
        0.13386557485357936,
        0.0,
        0.1338655748535802
      ],
      [
        0.13386557485358014,
        0.10230997987049839,
        0.1338655748535802,
        0.0
      ]
    ],
    "excited_state_mi": [
      [
        0.0,
        0.13195084540316143,
        0.10182984406578538,
        0.13195084540316054
      ],
      [
        0.13195084540316143,
        0.0,
        0.26224999477311983,
        0.12902242371285466
      ],
      [
        0.10182984406578538,
        0.26224999477311983,
        0.0,
        0.2622499947731184
      ],
      [
        0.13195084540316054,
        0.12902242371285466,
        0.2622499947731184,
        0.0
      ]
    ],
    "mi_difference": [
      [
        0.0,
        -0.0019147294504177625,
        -0.015882581410080365,
        -0.0019147294504195944
      ],
      [
        -0.0019147294504177625,
        0.0,
        0.12838441991954047,
        0.02671244384235627
      ],
      [
        -0.015882581410080365,
        0.12838441991954047,
        0.0,
        0.1283844199195382
      ],
      [
        -0.0019147294504195944,
        0.02671244384235627,
        0.1283844199195382,
        0.0
      ]
    ],
    "avg_mi_change": 0.03789916549904408,
    "max_mi_change": 0.12838441991954047,
    "mi_change_boundary_A": NaN,
    "mi_change_boundary_B": 0.09449376122714498,
    "bulk_point": 2,
    "ground_state_counts": {
      "1110 1110": 8,
      "1010 1010": 3,
      "1001 1001": 5,
      "0000 0000": 827,
      "1111 1111": 1,
      "0110 0110": 10,
      "1000 1000": 61,
      "1101 1101": 4,
      "0010 0010": 71,
      "0111 0111": 7,
      "1100 1100": 9,
      "0011 0011": 7,
      "0101 0101": 2,
      "1011 1011": 7,
      "0001 0001": 2
    },
    "excited_state_counts": {
      "1010 0000": 303,
      "0001 1111": 4,
      "0100 1010": 5,
      "1101 0001": 2,
      "1100 0000": 36,
      "1110 0010": 3,
      "0111 1101": 5,
      "1101 0011": 2,
      "0000 1110": 5,
      "1100 0010": 28,
      "1110 0000": 324,
      "1000 0000": 36,
      "0110 0000": 47,
      "0010 1000": 27,
      "0001 1011": 1,
      "0000 1010": 1,
      "1101 0111": 3,
      "1100 0110": 7,
      "0010 0000": 32,
      "1110 1000": 1,
      "0100 0010": 2,
      "0111 1011": 1,
      "1110 0100": 1,
      "0010 1010": 1,
      "1010 1000": 4,
      "0100 0000": 2,
      "1100 1110": 1,
      "0000 0010": 5,
      "1011 0011": 1,
      "0101 1111": 1,
      "1000 0110": 5,
      "0110 1000": 32,
      "1000 0010": 38,
      "1010 0010": 3,
      "1011 0101": 2,
      "0011 1001": 2,
      "0100 1000": 2,
      "1111 0011": 1,
      "0110 1100": 6,
      "0100 1110": 1,
      "0011 1101": 6,
      "0001 0111": 2,
      "1110 1100": 1,
      "1001 0111": 3,
      "1001 1011": 1,
      "0010 1100": 4,
      "0000 1000": 4,
      "0110 1110": 1,
      "1011 1101": 2,
      "1111 0001": 3,
      "1000 1000": 1,
      "1001 0011": 3,
      "0111 1001": 2,
      "0100 0110": 1,
      "0000 0000": 3,
      "0101 1011": 2,
      "0010 0100": 1,
      "1000 0100": 1
    },
    "boundary_entropies": {
      "ground_state": {
        "entropy_A": 0.19537259589744377,
        "entropy_B": 0.19537259589744213,
        "mi_AB": 0.39074519179488043
      },
      "excited_state": {
        "entropy_A": 0.2818196832086424,
        "entropy_B": 0.2818196832086408,
        "mi_AB": 0.5636393664172774
      },
      "rt_relation_test": {
        "entropy_ratio": 0.9999999999999917,
        "rt_area_ratio": 1.0,
        "rt_deviation": 8.326672684688674e-15,
        "excited_entropy_ratio": 0.9999999999999943,
        "rt_relation_change": 2.6645352591003757e-15
      }
    }
  },
  "page_curve_analysis": null,
  "deutsch_ctc_analysis": null,
  "ctc_recovery_analysis": null,
  "einstein_analysis": null,
  "dynamic_evidence": {
    "angle_sums_per_timestep": [
      [
        4.714273445598883,
        0.0,
        4.714273445598872,
        3.1415965004070756
      ],
      [
        6.3836949141353925,
        3.1415927863933444,
        6.383694914135443,
        0.0
      ]
    ],
    "gromov_delta_per_timestep": [
      3.689033785061201,
      2.0109191552802423
    ],
    "edge_mi_per_timestep": [
      {
        "0,1": 0.024996142024028924,
        "0,3": 0.02499614202402866,
        "0,2": 0.023960948958997037,
        "1,2": 0.02499614202402793,
        "2,3": 0.02499614202402832
      },
      {
        "0,1": 0.13386557485357958,
        "0,3": 0.13386557485358036,
        "0,2": 0.11771242547586608,
        "1,2": 0.13386557485357986,
        "2,3": 0.13386557485358036
      }
    ],
    "shortest_paths_per_timestep": [
      {
        "0": {
          "0": 0,
          "1": 3.6890337850611874,
          "3": 3.689033785061198,
          "2": 3.731329900551027
        },
        "1": {
          "1": 0,
          "0": 3.6890337850611874,
          "2": 3.689033785061227,
          "3": 7.3780675701223855
        },
        "2": {
          "2": 0,
          "3": 3.6890337850612114,
          "1": 3.689033785061227,
          "0": 3.731329900551027
        },
        "3": {
          "3": 0,
          "0": 3.689033785061198,
          "2": 3.6890337850612114,
          "1": 7.3780675701223855
        }
      },
      {
        "0": {
          "0": 0,
          "3": 2.010919155280238,
          "1": 2.0109191552802437,
          "2": 2.139510701249131
        },
        "1": {
          "1": 0,
          "2": 2.0109191552802415,
          "0": 2.0109191552802437,
          "3": 4.021838310560479
        },
        "2": {
          "2": 0,
          "3": 2.010919155280238,
          "1": 2.0109191552802415,
          "0": 2.139510701249131
        },
        "3": {
          "3": 0,
          "0": 2.010919155280238,
          "2": 2.010919155280238,
          "1": 4.021838310560479
        }
      }
    ],
    "mean_distance_per_timestep": [
      3.2331915763647796,
      1.7756282041163214
    ],
    "triangle_violations_per_timestep": [
      0,
      0
    ],
    "embedding_coords_per_timestep": [
      [
        [
          0.19098005159010115,
          0.2458212061219219
        ],
        [
          -0.20461537166440805,
          -0.000633998751342445
        ],
        [
          0.2170376159122849,
          -0.22316057104470063
        ],
        [
          -0.20340229583797795,
          -0.022026636325878833
        ]
      ],
      [
        [
          0.0754238533407162,
          0.31047704139795657
        ],
        [
          -0.027996702712527313,
          0.0032531425451699917
        ],
        [
          -0.11000518675140093,
          -0.3068390656060634
        ],
        [
          0.06257803612321203,
          -0.006891118337063134
        ]
      ]
    ],
    "regge_evolution_data": null,
    "evolution_summary": {
      "total_timesteps": 2,
      "gromov_delta_range": [
        2.0109191552802423,
        3.689033785061201
      ],
      "mean_distance_range": [
        1.7756282041163214,
        3.2331915763647796
      ],
      "total_triangle_violations": 0,
      "hyperbolic_evolution": [
        false,
        false
      ],
      "regge_corrected": false
    }
  },
  "quantum_state_outputs": [
    {
      "timestep": 1,
      "statevector": [
        {
          "real": -0.7122896247279258,
          "imag": -0.5320312341683152
        },
        {
          "real": -0.17282374199797915,
          "imag": -0.06593826420695124
        },
        {
          "real": -0.23611969978516845,
          "imag": 0.015563791338217418
        },
        {
          "real": -0.046399645238407165,
          "imag": 0.05153293594821617
        },
        {
          "real": -0.17282374199797906,
          "imag": -0.06593826420695124
        },
        {
          "real": -0.05679209180274639,
          "imag": 0.0210958812329773
        },
        {
          "real": -0.04639964523840715,
          "imag": 0.05153293594821616
        },
        {
          "real": 0.013607959422144517,
          "imag": 0.019436516318097362
        },
        {
          "real": -0.23611969978516847,
          "imag": 0.015563791338217432
        },
        {
          "real": -0.04639964523840715,
          "imag": 0.05153293594821616
        },
        {
          "real": -0.0457979937304583,
          "imag": 0.0430878230790533
        },
        {
          "real": 0.01120828964767022,
          "imag": 0.020853803243010286
        },
        {
          "real": -0.04639964523840717,
          "imag": 0.05153293594821616
        },
        {
          "real": 0.013607959422144517,
          "imag": 0.019436516318097355
        },
        {
          "real": 0.011208289647670214,
          "imag": 0.020853803243010293
        },
        {
          "real": 0.0052022376325404525,
          "imag": -0.005683625722785267
        }
      ],
      "mutual_information_matrix": [
        [
          0.0,
          0.024996142024028924,
          0.023960948958997037,
          0.02499614202402866
        ],
        [
          0.024996142024028924,
          0.0,
          0.02499614202402793,
          0.006412898109293803
        ],
        [
          0.023960948958997037,
          0.02499614202402793,
          0.0,
          0.02499614202402832
        ],
        [
          0.02499614202402866,
          0.006412898109293803,
          0.02499614202402832,
          0.0
        ]
      ],
      "circuit_depth": 42,
      "num_gates": 77
    },
    {
      "timestep": 2,
      "statevector": [
        {
          "real": 0.3763633802021524,
          "imag": 0.8091235507646005
        },
        {
          "real": 0.0234339731071198,
          "imag": 0.05166349977995422
        },
        {
          "real": 0.06899209762427193,
          "imag": 0.24932962837108497
        },
        {
          "real": 0.007835500969515552,
          "imag": 0.08382377443275231
        },
        {
          "real": 0.023433973107119824,
          "imag": 0.05166349977995419
        },
        {
          "real": -0.03138064885996656,
          "imag": -0.02542256109694199
        },
        {
          "real": 0.007835500969515595,
          "imag": 0.08382377443275231
        },
        {
          "real": 0.07247308387392443,
          "imag": 0.03774561177282735
        },
        {
          "real": 0.06899209762427186,
          "imag": 0.24932962837108513
        },
        {
          "real": 0.007835500969515637,
          "imag": 0.08382377443275232
        },
        {
          "real": 0.02012534453039199,
          "imag": 0.05424174119706823
        },
        {
          "real": 0.05136581181220534,
          "imag": 0.06323562091135465
        },
        {
          "real": 0.007835500969515598,
          "imag": 0.08382377443275232
        },
        {
          "real": 0.07247308387392447,
          "imag": 0.03774561177282734
        },
        {
          "real": 0.05136581181220532,
          "imag": 0.06323562091135468
        },
        {
          "real": -0.008043613698927149,
          "imag": -0.05796581298789987
        }
      ],
      "mutual_information_matrix": [
        [
          0.0,
          0.13386557485357958,
          0.11771242547586608,
          0.13386557485358036
        ],
        [
          0.13386557485357958,
          0.0,
          0.13386557485357986,
          0.10230997987049856
        ],
        [
          0.11771242547586608,
          0.13386557485357986,
          0.0,
          0.13386557485358036
        ],
        [
          0.13386557485358036,
          0.10230997987049856,
          0.13386557485358036,
          0.0
        ]
      ],
      "circuit_depth": 82,
      "num_gates": 149
    }
  ],
  "emergent_geometry_teleportation": null,
  "superposition_gravity": null,
  "teleportation_geometry_correlation": null
}