{
  "spec": {
    "num_qubits": 6,
    "topology": "triangulated",
    "custom_edges": "0-1:1.0000,0-2:1.0000,0-3:1.0000,0-4:1.0000,0-5:1.0000,1-2:1.0000,1-3:1.0000,1-4:1.0000,1-5:1.0000,2-3:1.0000,2-4:1.0000,2-5:1.0000,3-4:1.0000,3-5:0.0500,4-5:0.0500",
    "alpha": 0.8,
    "weight": 1.7719745718371518,
    "gamma": 0.01,
    "sigma": 0.01,
    "init_angle": 0.0,
    "init_angles": null,
    "shots": 4096,
    "device": "simulator",
    "geometry": "spherical",
    "curvature": 8.0,
    "timesteps": 3,
    "dimension": 2,
    "mass_hinge": null,
    "mass_value": 0.0,
    "solve_regge": false,
    "lorentzian": true,
    "excite": true,
    "fast": false,
    "strong_curvature": true,
    "charge_injection": true,
    "charge_strength": 2.5,
    "charge_location": 3,
    "spin_injection": true,
    "spin_strength": 2.0,
    "spin_location": 3,
    "edge_floor": 0.001,
    "compute_entropies": true,
    "hyperbolic_triangulation": true,
    "trotter_steps": 8,
    "dt": 0.05,
    "analyze_curvature": true,
    "einstein_solver": true,
    "page_curve": true,
    "radiation_ordering": "0,1,2,3,4",
    "page_curve_timesteps": 15,
    "entropy_method": "hybrid",
    "num_shadows": 100,
    "shots_per_shadow": 1000,
    "num_bases": 20,
    "shots_per_basis": 1000,
    "enhanced_entanglement": true,
    "entanglement_strength": 1.5198915552905186,
    "interpolate_geometry": false,
    "smooth_charge_injection": false,
    "min_qubits_for_continuum": 10,
    "benchmark_against_classical_geometry": false,
    "geometry_fit_metric": "wasserstein,kl,euclidean",
    "verify_noise_robustness": false,
    "run_on_multiple_backends": false,
    "detect_and_flag_causal_loops": true,
    "restrict_information_flow_direction": "bidirectional",
    "filter_noncausal_edges": true,
    "use_ryu_takayanagi_test": true,
    "compare_MI_vs_subsystem_entropy": true,
    "embed_boundary_entropy_in_geometry": true,
    "entropy_engineering": true,
    "target_entropy_pattern": "quantum_gravity",
    "custom_target_entropies": null,
    "entropy_optimization_iterations": 200,
    "entropy_tolerance": 0.05,
    "continue_on_engineering_failure": true,
    "validate_engineered_geometry": true,
    "enhance_bell_violations": true,
    "bell_entanglement_strength": 4.0,
    "teleportation_circuits": true,
    "long_range_coupling": 3.0,
    "holographic_optimization": true,
    "rt_surface_encoding": true,
    "conformal_symmetry": true,
    "bulk_reconstruction": true,
    "scalable_entanglement": true,
    "parallel_execution": true,
    "memory_optimization": true,
    "circuit_compilation": "optimized",
    "real_hardware": false,
    "error_mitigation": true,
    "zero_noise_extrapolation": true,
    "zne_noise_factors": [
      1.0,
      2.0,
      3.0
    ],
    "zne_extrapolation_method": "polynomial",
    "hardware_calibration": true,
    "noise_characterization": true,
    "backend_name": "ibm_brisbane",
    "quantum_mode": true,
    "quantum_entanglement_strength": 5.0,
    "quantum_circuit_depth": 12
  },
  "uid": "R9TM8A",
  "counts_per_timestep": [
    null,
    null,
    null
  ],
  "job_ids_per_timestep": [
    null,
    null,
    null
  ],
  "entropy_per_timestep": [
    null,
    null,
    null
  ],
  "mutual_information_per_timestep": [
    {
      "I_0,1": 0.05504340592672752,
      "I_0,2": 0.430919400865416,
      "I_0,3": 0.05504340592672774,
      "I_0,4": 0.430919400865416,
      "I_0,5": 0.05504340592672752,
      "I_1,2": 0.055043405926727074,
      "I_1,3": 0.49500702947652053,
      "I_1,4": 0.055043405926727296,
      "I_1,5": 0.49500702947652053,
      "I_2,3": 0.05504340592672685,
      "I_2,4": 0.43091940086541514,
      "I_2,5": 0.055043405926727296,
      "I_3,4": 0.055043405926728184,
      "I_3,5": 0.49500702947652053,
      "I_4,5": 0.05504340592672685
    },
    {
      "I_0,1": 0.2564381969472571,
      "I_0,2": 0.5264598208433433,
      "I_0,3": 0.25643819694725667,
      "I_0,4": 0.5264598208433457,
      "I_0,5": 0.25643819694725645,
      "I_1,2": 0.25643819694725645,
      "I_1,3": 0.5050485377409035,
      "I_1,4": 0.2564381969472569,
      "I_1,5": 0.5050485377409037,
      "I_2,3": 0.2564381969472571,
      "I_2,4": 0.5264598208433442,
      "I_2,5": 0.25643819694725645,
      "I_3,4": 0.2564381969472562,
      "I_3,5": 0.5050485377409035,
      "I_4,5": 0.25643819694725645
    },
    {
      "I_0,1": 0.07006427276328941,
      "I_0,2": 0.5838089108776812,
      "I_0,3": 0.07006427276328964,
      "I_0,4": 0.5838089108776752,
      "I_0,5": 0.07006427276328986,
      "I_1,2": 0.07006427276328941,
      "I_1,3": 0.4396023485461793,
      "I_1,4": 0.07006427276328964,
      "I_1,5": 0.43960234854617974,
      "I_2,3": 0.07006427276328941,
      "I_2,4": 0.5838089108776814,
      "I_2,5": 0.07006427276328986,
      "I_3,4": 0.07006427276328941,
      "I_3,5": 0.43960234854617775,
      "I_4,5": 0.07006427276329008
    }
  ],
  "boundary_entropies_per_timestep": [
    {
      "entropy_A": 2.2310943390387377,
      "entropy_B": 2.2310943390387377,
      "mi_AB": 4.46218867807747,
      "pure_state_check": true,
      "entropy_difference": 0.0,
      "multiple_regions": {
        "size_1_region_0": {
          "region": [
            0
          ],
          "entropy": 0.9975001949176314,
          "rt_area": 5,
          "size": 1
        },
        "size_1_region_1": {
          "region": [
            1
          ],
          "entropy": 0.9999645195227611,
          "rt_area": 5,
          "size": 1
        },
        "size_1_region_2": {
          "region": [
            2
          ],
          "entropy": 0.9975001949176314,
          "rt_area": 5,
          "size": 1
        },
        "size_2_region_0": {
          "region": [
            0,
            1
          ],
          "entropy": 1.9424213085136652,
          "rt_area": 8,
          "size": 2
        },
        "size_2_region_1": {
          "region": [
            0,
            2
          ],
          "entropy": 1.564080988969847,
          "rt_area": 8,
          "size": 2
        },
        "size_2_region_2": {
          "region": [
            0,
            3
          ],
          "entropy": 1.9424213085136652,
          "rt_area": 8,
          "size": 2
        },
        "size_3_region_0": {
          "region": [
            0,
            1,
            2
          ],
          "entropy": 2.2310943390387377,
          "rt_area": 9,
          "size": 3
        },
        "size_3_region_1": {
          "region": [
            0,
            1,
            3
          ],
          "entropy": 2.231094339038738,
          "rt_area": 9,
          "size": 3
        },
        "size_3_region_2": {
          "region": [
            0,
            1,
            4
          ],
          "entropy": 2.2310943390387377,
          "rt_area": 9,
          "size": 3
        },
        "size_4_region_0": {
          "region": [
            0,
            1,
            2,
            3
          ],
          "entropy": 1.9424213085136681,
          "rt_area": 8,
          "size": 4
        },
        "size_4_region_1": {
          "region": [
            0,
            1,
            2,
            4
          ],
          "entropy": 1.5049220095690046,
          "rt_area": 8,
          "size": 4
        },
        "size_4_region_2": {
          "region": [
            0,
            1,
            2,
            5
          ],
          "entropy": 1.9424213085136675,
          "rt_area": 8,
          "size": 4
        },
        "size_5_region_0": {
          "region": [
            0,
            1,
            2,
            3,
            4
          ],
          "entropy": 0.9999645195227665,
          "rt_area": 5,
          "size": 5
        },
        "size_5_region_1": {
          "region": [
            0,
            1,
            2,
            3,
            5
          ],
          "entropy": 0.9975001949176392,
          "rt_area": 5,
          "size": 5
        },
        "size_5_region_2": {
          "region": [
            0,
            1,
            2,
            4,
            5
          ],
          "entropy": 0.9999645195227654,
          "rt_area": 5,
          "size": 5
        }
      }
    },
    {
      "entropy_A": 1.796777297771833,
      "entropy_B": 1.7967772977718308,
      "mi_AB": 3.59355459554366,
      "pure_state_check": true,
      "entropy_difference": 2.220446049250313e-15,
      "multiple_regions": {
        "size_1_region_0": {
          "region": [
            0
          ],
          "entropy": 0.9662279571728956,
          "rt_area": 5,
          "size": 1
        },
        "size_1_region_1": {
          "region": [
            1
          ],
          "entropy": 0.999645675785567,
          "rt_area": 5,
          "size": 1
        },
        "size_1_region_2": {
          "region": [
            2
          ],
          "entropy": 0.9662279571728956,
          "rt_area": 5,
          "size": 1
        },
        "size_2_region_0": {
          "region": [
            0,
            1
          ],
          "entropy": 1.7094354360112052,
          "rt_area": 8,
          "size": 2
        },
        "size_2_region_1": {
          "region": [
            0,
            2
          ],
          "entropy": 1.4059960935024478,
          "rt_area": 8,
          "size": 2
        },
        "size_2_region_2": {
          "region": [
            0,
            3
          ],
          "entropy": 1.7094354360112056,
          "rt_area": 8,
          "size": 2
        },
        "size_3_region_0": {
          "region": [
            0,
            1,
            2
          ],
          "entropy": 1.796777297771833,
          "rt_area": 9,
          "size": 3
        },
        "size_3_region_1": {
          "region": [
            0,
            1,
            3
          ],
          "entropy": 1.7967772977718308,
          "rt_area": 9,
          "size": 3
        },
        "size_3_region_2": {
          "region": [
            0,
            1,
            4
          ],
          "entropy": 1.7967772977718315,
          "rt_area": 9,
          "size": 3
        },
        "size_4_region_0": {
          "region": [
            0,
            1,
            2,
            3
          ],
          "entropy": 1.7094354360112074,
          "rt_area": 8,
          "size": 4
        },
        "size_4_region_1": {
          "region": [
            0,
            1,
            2,
            4
          ],
          "entropy": 1.4942428138302346,
          "rt_area": 8,
          "size": 4
        },
        "size_4_region_2": {
          "region": [
            0,
            1,
            2,
            5
          ],
          "entropy": 1.709435436011211,
          "rt_area": 8,
          "size": 4
        },
        "size_5_region_0": {
          "region": [
            0,
            1,
            2,
            3,
            4
          ],
          "entropy": 0.9996456757855735,
          "rt_area": 5,
          "size": 5
        },
        "size_5_region_1": {
          "region": [
            0,
            1,
            2,
            3,
            5
          ],
          "entropy": 0.9662279571728998,
          "rt_area": 5,
          "size": 5
        },
        "size_5_region_2": {
          "region": [
            0,
            1,
            2,
            4,
            5
          ],
          "entropy": 0.999645675785572,
          "rt_area": 5,
          "size": 5
        }
      }
    },
    {
      "entropy_A": 2.0649130143406107,
      "entropy_B": 2.0649130143406116,
      "mi_AB": 4.129826028681219,
      "pure_state_check": true,
      "entropy_difference": 8.881784197001252e-16,
      "multiple_regions": {
        "size_1_region_0": {
          "region": [
            0
          ],
          "entropy": 0.9916551399723283,
          "rt_area": 5,
          "size": 1
        },
        "size_1_region_1": {
          "region": [
            1
          ],
          "entropy": 0.9957715686982074,
          "rt_area": 5,
          "size": 1
        },
        "size_1_region_2": {
          "region": [
            2
          ],
          "entropy": 0.9916551399723281,
          "rt_area": 5,
          "size": 1
        },
        "size_2_region_0": {
          "region": [
            0,
            1
          ],
          "entropy": 1.9173624359072463,
          "rt_area": 8,
          "size": 2
        },
        "size_2_region_1": {
          "region": [
            0,
            2
          ],
          "entropy": 1.3995013690669755,
          "rt_area": 8,
          "size": 2
        },
        "size_2_region_2": {
          "region": [
            0,
            3
          ],
          "entropy": 1.917362435907246,
          "rt_area": 8,
          "size": 2
        },
        "size_3_region_0": {
          "region": [
            0,
            1,
            2
          ],
          "entropy": 2.0649130143406107,
          "rt_area": 9,
          "size": 3
        },
        "size_3_region_1": {
          "region": [
            0,
            1,
            3
          ],
          "entropy": 2.064913014340612,
          "rt_area": 9,
          "size": 3
        },
        "size_3_region_2": {
          "region": [
            0,
            1,
            4
          ],
          "entropy": 2.0649130143406134,
          "rt_area": 9,
          "size": 3
        },
        "size_4_region_0": {
          "region": [
            0,
            1,
            2,
            3
          ],
          "entropy": 1.9173624359072479,
          "rt_area": 8,
          "size": 4
        },
        "size_4_region_1": {
          "region": [
            0,
            1,
            2,
            4
          ],
          "entropy": 1.55194078885024,
          "rt_area": 8,
          "size": 4
        },
        "size_4_region_2": {
          "region": [
            0,
            1,
            2,
            5
          ],
          "entropy": 1.9173624359072479,
          "rt_area": 8,
          "size": 4
        },
        "size_5_region_0": {
          "region": [
            0,
            1,
            2,
            3,
            4
          ],
          "entropy": 0.9957715686982115,
          "rt_area": 5,
          "size": 5
        },
        "size_5_region_1": {
          "region": [
            0,
            1,
            2,
            3,
            5
          ],
          "entropy": 0.9916551399723339,
          "rt_area": 5,
          "size": 5
        },
        "size_5_region_2": {
          "region": [
            0,
            1,
            2,
            4,
            5
          ],
          "entropy": 0.9957715686982123,
          "rt_area": 5,
          "size": 5
        }
      }
    }
  ],
  "distance_matrix_per_timestep": [
    [
      [
        0.0,
        2.899633206335412,
        0.8418342113186267,
        2.899633206335408,
        0.8418342113186267,
        2.899633206335412
      ],
      [
        2.899633206335412,
        0.0,
        2.89963320633542,
        5.799266412670816,
        2.899633206335416,
        5.799266412670824
      ],
      [
        0.8418342113186267,
        2.89963320633542,
        0.0,
        2.899633206335424,
        0.8418342113186287,
        2.899633206335416
      ],
      [
        2.899633206335408,
        5.799266412670816,
        2.899633206335424,
        0.0,
        2.8996332063353996,
        5.7992664126708195
      ],
      [
        0.8418342113186267,
        2.899633206335416,
        0.8418342113186287,
        2.8996332063353996,
        0.0,
        2.899633206335424
      ],
      [
        2.899633206335412,
        5.799266412670824,
        2.899633206335416,
        5.7992664126708195,
        2.899633206335424,
        0.0
      ]
    ],
    [
      [
        0.0,
        1.3608675909778896,
        0.6415802640080015,
        1.3608675909778913,
        0.6415802640079968,
        1.3608675909778922
      ],
      [
        1.3608675909778896,
        0.0,
        1.3608675909778922,
        2.721735181955781,
        1.3608675909778905,
        2.721735181955782
      ],
      [
        0.6415802640080015,
        1.3608675909778922,
        0.0,
        1.3608675909778896,
        0.6415802640079997,
        1.3608675909778922
      ],
      [
        1.3608675909778913,
        2.721735181955781,
        1.3608675909778896,
        0.0,
        1.360867590977893,
        2.721735181955782
      ],
      [
        0.6415802640079968,
        1.3608675909778905,
        0.6415802640079997,
        1.360867590977893,
        0.0,
        1.3608675909778922
      ],
      [
        1.3608675909778922,
        2.721735181955782,
        1.3608675909778922,
        2.721735181955782,
        1.3608675909778922,
        0.0
      ]
    ],
    [
      [
        0.0,
        2.6583422758716204,
        0.5381815570991629,
        2.6583422758716173,
        0.5381815570991731,
        2.658342275871614
      ],
      [
        2.6583422758716204,
        0.0,
        2.6583422758716204,
        5.316684551743238,
        2.6583422758716173,
        5.316684551743228
      ],
      [
        0.5381815570991629,
        2.6583422758716204,
        0.0,
        2.6583422758716204,
        0.5381815570991625,
        2.658342275871614
      ],
      [
        2.6583422758716173,
        5.316684551743238,
        2.6583422758716204,
        0.0,
        2.6583422758716204,
        5.316684551743231
      ],
      [
        0.5381815570991731,
        2.6583422758716173,
        0.5381815570991625,
        2.6583422758716204,
        0.0,
        2.658342275871611
      ],
      [
        2.658342275871614,
        5.316684551743228,
        2.658342275871614,
        5.316684551743231,
        2.658342275871611,
        0.0
      ]
    ]
  ],
  "edge_mi": {
    "0,1": 0.07006427276328941,
    "0,5": 0.07006427276328986,
    "0,2": 0.5838089108776812,
    "0,4": 0.5838089108776752,
    "0,3": 0.07006427276328964,
    "1,2": 0.07006427276328941,
    "1,4": 0.07006427276328964,
    "2,3": 0.07006427276328941,
    "2,4": 0.5838089108776814,
    "2,5": 0.07006427276328986,
    "3,4": 0.07006427276328941,
    "4,5": 0.07006427276329008
  },
  "distance_matrix": [
    [
      0.0,
      2.6583422758716204,
      0.5381815570991629,
      2.6583422758716173,
      0.5381815570991731,
      2.658342275871614
    ],
    [
      2.6583422758716204,
      0.0,
      2.6583422758716204,
      0.8218847140052054,
      2.6583422758716173,
      0.8218847140052042
    ],
    [
      0.5381815570991629,
      2.6583422758716204,
      0.0,
      2.6583422758716204,
      0.5381815570991625,
      2.658342275871614
    ],
    [
      2.6583422758716173,
      0.8218847140052054,
      2.6583422758716204,
      0.0,
      2.6583422758716204,
      0.8218847140052088
    ],
    [
      0.5381815570991731,
      2.6583422758716173,
      0.5381815570991625,
      2.6583422758716204,
      0.0,
      2.658342275871611
    ],
    [
      2.658342275871614,
      0.8218847140052042,
      2.658342275871614,
      0.8218847140052088,
      2.658342275871611,
      0.0
    ]
  ],
  "shortest_paths": {
    "0": {
      "0": 0,
      "2": 0.5381815570991629,
      "4": 0.5381815570991731,
      "5": 2.658342275871614,
      "3": 2.6583422758716173,
      "1": 2.6583422758716204
    },
    "1": {
      "1": 0,
      "5": 0.8218847140052042,
      "3": 0.8218847140052054,
      "4": 2.6583422758716173,
      "0": 2.6583422758716204,
      "2": 2.6583422758716204
    },
    "2": {
      "2": 0,
      "4": 0.5381815570991625,
      "0": 0.5381815570991629,
      "5": 2.658342275871614,
      "1": 2.6583422758716204,
      "3": 2.6583422758716204
    },
    "3": {
      "3": 0,
      "1": 0.8218847140052054,
      "5": 0.8218847140052088,
      "0": 2.6583422758716173,
      "2": 2.6583422758716204,
      "4": 2.6583422758716204
    },
    "4": {
      "4": 0,
      "2": 0.5381815570991625,
      "0": 0.5381815570991731,
      "5": 2.658342275871611,
      "1": 2.6583422758716173,
      "3": 2.6583422758716204
    },
    "5": {
      "5": 0,
      "1": 0.8218847140052042,
      "3": 0.8218847140052088,
      "4": 2.658342275871611,
      "0": 2.658342275871614,
      "2": 2.658342275871614
    }
  },
  "gromov_delta": 2.3892514973220393,
  "mean_distance": 1.5558488497865373,
  "angle_sums": [
    4.103081386098853,
    3.9372941760034017,
    4.103081386098859,
    3.9372941760033817,
    4.103081386098847,
    4.573378845111968,
    4.103081386098826,
    4.103081386098859,
    3.9372941760033306,
    4.1030813860988316,
    3.937294176003428,
    4.103081386098846,
    3.9372941760033817,
    3.9372941760034017,
    9.42477796076938,
    3.9372941760033298,
    4.103081386098852,
    3.937294176003357,
    4.103081386098818,
    3.9372941760033315
  ],
  "mean_angle_sum": 4.318076843240065,
  "min_angle_sum": 3.9372941760033298,
  "max_angle_sum": 9.42477796076938,
  "angle_sum_deviations": [
    0.9614887325090598,
    0.7957015224136086,
    0.961488732509066,
    0.7957015224135886,
    0.9614887325090535,
    1.4317861915221748,
    0.9614887325090331,
    0.961488732509066,
    0.7957015224135375,
    0.9614887325090384,
    0.7957015224136348,
    0.9614887325090526,
    0.7957015224135886,
    0.7957015224136086,
    6.283185307179586,
    0.7957015224135366,
    0.9614887325090589,
    0.7957015224135637,
    0.9614887325090251,
    0.7957015224135384
  ],
  "triangle_inequality_violations": [],
  "embedding_coords": [
    [
      0.22543543971551921,
      0.05292153034774056
    ],
    [
      -0.14428699334972647,
      -0.1354450572022276
    ],
    [
      0.01569022936034782,
      0.23931410890282617
    ],
    [
      -0.028182664114425875,
      -0.007081762693351158
    ],
    [
      0.1203743840173904,
      -0.20754027790579066
    ],
    [
      -0.18903039562910512,
      0.057831458550802635
    ]
  ],
  "embedding_coords_3d": [
    [
      -0.13459724166528456,
      -0.18605950852455405,
      0.00987075514112861
    ],
    [
      0.02257366559938711,
      -0.009530289379757527,
      -0.1807289742398271
    ],
    [
      -0.18054750537278647,
      0.14220791961883458,
      -0.007263875459949568
    ],
    [
      0.15688493966806655,
      -0.09135141658661196,
      -0.01819670487011269
    ],
    [
      0.01442098561903522,
      0.01262785109067444,
      0.22910139110079455
    ],
    [
      0.12126515615158213,
      0.13210544378141456,
      -0.03278259167203379
    ]
  ],
  "edge_weight_variance": 0.10428888888888888,
  "event_nodes": [
    [
      0,
      0
    ],
    [
      1,
      0
    ],
    [
      2,
      0
    ],
    [
      3,
      0
    ],
    [
      4,
      0
    ],
    [
      5,
      0
    ],
    [
      0,
      1
    ],
    [
      1,
      1
    ],
    [
      2,
      1
    ],
    [
      3,
      1
    ],
    [
      4,
      1
    ],
    [
      5,
      1
    ],
    [
      0,
      2
    ],
    [
      1,
      2
    ],
    [
      2,
      2
    ],
    [
      3,
      2
    ],
    [
      4,
      2
    ],
    [
      5,
      2
    ]
  ],
  "event_edges": [
    {
      "type": "spatial",
      "from": [
        0,
        0
      ],
      "to": [
        1,
        0
      ],
      "weight": 2.899633206335412
    },
    {
      "type": "spatial",
      "from": [
        0,
        0
      ],
      "to": [
        2,
        0
      ],
      "weight": 0.8418342113186267
    },
    {
      "type": "spatial",
      "from": [
        0,
        0
      ],
      "to": [
        3,
        0
      ],
      "weight": 2.899633206335408
    },
    {
      "type": "spatial",
      "from": [
        0,
        0
      ],
      "to": [
        4,
        0
      ],
      "weight": 0.8418342113186267
    },
    {
      "type": "spatial",
      "from": [
        0,
        0
      ],
      "to": [
        5,
        0
      ],
      "weight": 2.899633206335412
    },
    {
      "type": "spatial",
      "from": [
        1,
        0
      ],
      "to": [
        2,
        0
      ],
      "weight": 2.89963320633542
    },
    {
      "type": "spatial",
      "from": [
        1,
        0
      ],
      "to": [
        3,
        0
      ],
      "weight": 5.799266412670816
    },
    {
      "type": "spatial",
      "from": [
        1,
        0
      ],
      "to": [
        4,
        0
      ],
      "weight": 2.899633206335416
    },
    {
      "type": "spatial",
      "from": [
        1,
        0
      ],
      "to": [
        5,
        0
      ],
      "weight": 5.799266412670824
    },
    {
      "type": "spatial",
      "from": [
        2,
        0
      ],
      "to": [
        3,
        0
      ],
      "weight": 2.899633206335424
    },
    {
      "type": "spatial",
      "from": [
        2,
        0
      ],
      "to": [
        4,
        0
      ],
      "weight": 0.8418342113186287
    },
    {
      "type": "spatial",
      "from": [
        2,
        0
      ],
      "to": [
        5,
        0
      ],
      "weight": 2.899633206335416
    },
    {
      "type": "spatial",
      "from": [
        3,
        0
      ],
      "to": [
        4,
        0
      ],
      "weight": 2.8996332063353996
    },
    {
      "type": "spatial",
      "from": [
        3,
        0
      ],
      "to": [
        5,
        0
      ],
      "weight": 5.7992664126708195
    },
    {
      "type": "spatial",
      "from": [
        4,
        0
      ],
      "to": [
        5,
        0
      ],
      "weight": 2.899633206335424
    },
    {
      "type": "temporal",
      "from": [
        0,
        0
      ],
      "to": [
        0,
        1
      ],
      "weight": 1.0
    },
    {
      "type": "temporal",
      "from": [
        1,
        0
      ],
      "to": [
        1,
        1
      ],
      "weight": 1.0
    },
    {
      "type": "temporal",
      "from": [
        2,
        0
      ],
      "to": [
        2,
        1
      ],
      "weight": 1.0
    },
    {
      "type": "temporal",
      "from": [
        3,
        0
      ],
      "to": [
        3,
        1
      ],
      "weight": 1.0
    },
    {
      "type": "temporal",
      "from": [
        4,
        0
      ],
      "to": [
        4,
        1
      ],
      "weight": 1.0
    },
    {
      "type": "temporal",
      "from": [
        5,
        0
      ],
      "to": [
        5,
        1
      ],
      "weight": 1.0
    },
    {
      "type": "spatial",
      "from": [
        0,
        1
      ],
      "to": [
        1,
        1
      ],
      "weight": 1.3608675909778896
    },
    {
      "type": "spatial",
      "from": [
        0,
        1
      ],
      "to": [
        2,
        1
      ],
      "weight": 0.6415802640080015
    },
    {
      "type": "spatial",
      "from": [
        0,
        1
      ],
      "to": [
        3,
        1
      ],
      "weight": 1.3608675909778913
    },
    {
      "type": "spatial",
      "from": [
        0,
        1
      ],
      "to": [
        4,
        1
      ],
      "weight": 0.6415802640079968
    },
    {
      "type": "spatial",
      "from": [
        0,
        1
      ],
      "to": [
        5,
        1
      ],
      "weight": 1.3608675909778922
    },
    {
      "type": "spatial",
      "from": [
        1,
        1
      ],
      "to": [
        2,
        1
      ],
      "weight": 1.3608675909778922
    },
    {
      "type": "spatial",
      "from": [
        1,
        1
      ],
      "to": [
        3,
        1
      ],
      "weight": 2.721735181955781
    },
    {
      "type": "spatial",
      "from": [
        1,
        1
      ],
      "to": [
        4,
        1
      ],
      "weight": 1.3608675909778905
    },
    {
      "type": "spatial",
      "from": [
        1,
        1
      ],
      "to": [
        5,
        1
      ],
      "weight": 2.721735181955782
    },
    {
      "type": "spatial",
      "from": [
        2,
        1
      ],
      "to": [
        3,
        1
      ],
      "weight": 1.3608675909778896
    },
    {
      "type": "spatial",
      "from": [
        2,
        1
      ],
      "to": [
        4,
        1
      ],
      "weight": 0.6415802640079997
    },
    {
      "type": "spatial",
      "from": [
        2,
        1
      ],
      "to": [
        5,
        1
      ],
      "weight": 1.3608675909778922
    },
    {
      "type": "spatial",
      "from": [
        3,
        1
      ],
      "to": [
        4,
        1
      ],
      "weight": 1.360867590977893
    },
    {
      "type": "spatial",
      "from": [
        3,
        1
      ],
      "to": [
        5,
        1
      ],
      "weight": 2.721735181955782
    },
    {
      "type": "spatial",
      "from": [
        4,
        1
      ],
      "to": [
        5,
        1
      ],
      "weight": 1.3608675909778922
    },
    {
      "type": "temporal",
      "from": [
        0,
        1
      ],
      "to": [
        0,
        2
      ],
      "weight": 1.0
    },
    {
      "type": "temporal",
      "from": [
        1,
        1
      ],
      "to": [
        1,
        2
      ],
      "weight": 1.0
    },
    {
      "type": "temporal",
      "from": [
        2,
        1
      ],
      "to": [
        2,
        2
      ],
      "weight": 1.0
    },
    {
      "type": "temporal",
      "from": [
        3,
        1
      ],
      "to": [
        3,
        2
      ],
      "weight": 1.0
    },
    {
      "type": "temporal",
      "from": [
        4,
        1
      ],
      "to": [
        4,
        2
      ],
      "weight": 1.0
    },
    {
      "type": "temporal",
      "from": [
        5,
        1
      ],
      "to": [
        5,
        2
      ],
      "weight": 1.0
    },
    {
      "type": "spatial",
      "from": [
        0,
        2
      ],
      "to": [
        1,
        2
      ],
      "weight": 2.6583422758716204
    },
    {
      "type": "spatial",
      "from": [
        0,
        2
      ],
      "to": [
        2,
        2
      ],
      "weight": 0.5381815570991629
    },
    {
      "type": "spatial",
      "from": [
        0,
        2
      ],
      "to": [
        3,
        2
      ],
      "weight": 2.6583422758716173
    },
    {
      "type": "spatial",
      "from": [
        0,
        2
      ],
      "to": [
        4,
        2
      ],
      "weight": 0.5381815570991731
    },
    {
      "type": "spatial",
      "from": [
        0,
        2
      ],
      "to": [
        5,
        2
      ],
      "weight": 2.658342275871614
    },
    {
      "type": "spatial",
      "from": [
        1,
        2
      ],
      "to": [
        2,
        2
      ],
      "weight": 2.6583422758716204
    },
    {
      "type": "spatial",
      "from": [
        1,
        2
      ],
      "to": [
        3,
        2
      ],
      "weight": 5.316684551743238
    },
    {
      "type": "spatial",
      "from": [
        1,
        2
      ],
      "to": [
        4,
        2
      ],
      "weight": 2.6583422758716173
    },
    {
      "type": "spatial",
      "from": [
        1,
        2
      ],
      "to": [
        5,
        2
      ],
      "weight": 5.316684551743228
    },
    {
      "type": "spatial",
      "from": [
        2,
        2
      ],
      "to": [
        3,
        2
      ],
      "weight": 2.6583422758716204
    },
    {
      "type": "spatial",
      "from": [
        2,
        2
      ],
      "to": [
        4,
        2
      ],
      "weight": 0.5381815570991625
    },
    {
      "type": "spatial",
      "from": [
        2,
        2
      ],
      "to": [
        5,
        2
      ],
      "weight": 2.658342275871614
    },
    {
      "type": "spatial",
      "from": [
        3,
        2
      ],
      "to": [
        4,
        2
      ],
      "weight": 2.6583422758716204
    },
    {
      "type": "spatial",
      "from": [
        3,
        2
      ],
      "to": [
        5,
        2
      ],
      "weight": 5.316684551743231
    },
    {
      "type": "spatial",
      "from": [
        4,
        2
      ],
      "to": [
        5,
        2
      ],
      "weight": 2.658342275871611
    }
  ],
  "lorentzian_dissimilarity": [
    [
      0.0,
      8.407872731282982,
      0.7086848393464542,
      8.407872731282959,
      0.7086848393464542,
      8.407872731282982,
      -1.0,
      7.407872731282982,
      -0.2913151606535458,
      7.407872731282959,
      -0.2913151606535458,
      7.407872731282982,
      -4.0,
      4.407872731282982,
      -3.2913151606535456,
      4.407872731282959,
      -3.2913151606535456,
      4.407872731282982
    ],
    [
      8.407872731282982,
      0.0,
      8.407872731283028,
      33.631490925131835,
      8.407872731283005,
      33.63149092513193,
      7.407872731282982,
      -1.0,
      7.407872731283028,
      32.631490925131835,
      7.407872731283005,
      32.63149092513193,
      4.407872731282982,
      -4.0,
      4.407872731283028,
      29.631490925131835,
      4.407872731283005,
      29.631490925131928
    ],
    [
      0.7086848393464542,
      8.407872731283028,
      0.0,
      8.407872731283051,
      0.7086848393464575,
      8.407872731283005,
      -0.2913151606535458,
      7.407872731283028,
      -1.0,
      7.407872731283051,
      -0.29131516065354246,
      7.407872731283005,
      -3.2913151606535456,
      4.407872731283028,
      -4.0,
      4.407872731283051,
      -3.2913151606535425,
      4.407872731283005
    ],
    [
      8.407872731282959,
      33.631490925131835,
      8.407872731283051,
      0.0,
      8.40787273128291,
      33.63149092513188,
      7.407872731282959,
      32.631490925131835,
      7.407872731283051,
      -1.0,
      7.407872731282909,
      32.63149092513188,
      4.407872731282959,
      29.631490925131835,
      4.407872731283051,
      -4.0,
      4.407872731282909,
      29.631490925131878
    ],
    [
      0.7086848393464542,
      8.407872731283005,
      0.7086848393464575,
      8.40787273128291,
      0.0,
      8.407872731283051,
      -0.2913151606535458,
      7.407872731283005,
      -0.29131516065354246,
      7.407872731282909,
      -1.0,
      7.407872731283051,
      -3.2913151606535456,
      4.407872731283005,
      -3.2913151606535425,
      4.407872731282909,
      -4.0,
      4.407872731283051
    ],
    [
      8.407872731282982,
      33.63149092513193,
      8.407872731283005,
      33.63149092513188,
      8.407872731283051,
      0.0,
      7.407872731282982,
      32.63149092513193,
      7.407872731283005,
      32.63149092513188,
      7.407872731283051,
      -1.0,
      4.407872731282982,
      29.631490925131928,
      4.407872731283005,
      29.631490925131878,
      4.407872731283051,
      -4.0
    ],
    [
      -1.0,
      7.407872731282982,
      -0.2913151606535458,
      7.407872731282959,
      -0.2913151606535458,
      7.407872731282982,
      0.0,
      1.8519606001739646,
      0.4116252351645769,
      1.8519606001739695,
      0.41162523516457095,
      1.8519606001739717,
      -1.0,
      0.8519606001739646,
      -0.5883747648354232,
      0.8519606001739695,
      -0.588374764835429,
      0.8519606001739717
    ],
    [
      7.407872731282982,
      -1.0,
      7.407872731283028,
      32.631490925131835,
      7.407872731283005,
      32.63149092513193,
      1.8519606001739646,
      0.0,
      1.8519606001739717,
      7.407842400695868,
      1.851960600173967,
      7.4078424006958725,
      0.8519606001739646,
      -1.0,
      0.8519606001739717,
      6.407842400695868,
      0.851960600173967,
      6.4078424006958725
    ],
    [
      -0.2913151606535458,
      7.407872731283028,
      -1.0,
      7.407872731283051,
      -0.29131516065354246,
      7.407872731283005,
      0.4116252351645769,
      1.8519606001739717,
      0.0,
      1.8519606001739646,
      0.4116252351645746,
      1.8519606001739717,
      -0.5883747648354232,
      0.8519606001739717,
      -1.0,
      0.8519606001739646,
      -0.5883747648354254,
      0.8519606001739717
    ],
    [
      7.407872731282959,
      32.631490925131835,
      7.407872731283051,
      -1.0,
      7.407872731282909,
      32.63149092513188,
      1.8519606001739695,
      7.407842400695868,
      1.8519606001739646,
      0.0,
      1.8519606001739737,
      7.4078424006958725,
      0.8519606001739695,
      6.407842400695868,
      0.8519606001739646,
      -1.0,
      0.8519606001739737,
      6.4078424006958725
    ],
    [
      -0.2913151606535458,
      7.407872731283005,
      -0.29131516065354246,
      7.407872731282909,
      -1.0,
      7.407872731283051,
      0.41162523516457095,
      1.851960600173967,
      0.4116252351645746,
      1.8519606001739737,
      0.0,
      1.8519606001739717,
      -0.588374764835429,
      0.851960600173967,
      -0.5883747648354254,
      0.8519606001739737,
      -1.0,
      0.8519606001739717
    ],
    [
      7.407872731282982,
      32.63149092513193,
      7.407872731283005,
      32.63149092513188,
      7.407872731283051,
      -1.0,
      1.8519606001739717,
      7.4078424006958725,
      1.8519606001739717,
      7.4078424006958725,
      1.8519606001739717,
      0.0,
      0.8519606001739717,
      6.4078424006958725,
      0.8519606001739717,
      6.4078424006958725,
      0.8519606001739717,
      -1.0
    ],
    [
      -4.0,
      4.407872731282982,
      -3.2913151606535456,
      4.407872731282959,
      -3.2913151606535456,
      4.407872731282982,
      -1.0,
      0.8519606001739646,
      -0.5883747648354232,
      0.8519606001739695,
      -0.588374764835429,
      0.8519606001739717,
      0.0,
      7.066783655686306,
      0.2896393884016796,
      7.06678365568629,
      0.28963938840169057,
      7.066783655686273
    ],
    [
      4.407872731282982,
      -4.0,
      4.407872731283028,
      29.631490925131835,
      4.407872731283005,
      29.631490925131928,
      0.8519606001739646,
      -1.0,
      0.8519606001739717,
      6.407842400695868,
      0.851960600173967,
      6.4078424006958725,
      7.066783655686306,
      0.0,
      7.066783655686306,
      28.267134622745196,
      7.06678365568629,
      28.267134622745093
    ],
    [
      -3.2913151606535456,
      4.407872731283028,
      -4.0,
      4.407872731283051,
      -3.2913151606535425,
      4.407872731283005,
      -0.5883747648354232,
      0.8519606001739717,
      -1.0,
      0.8519606001739646,
      -0.5883747648354254,
      0.8519606001739717,
      0.2896393884016796,
      7.066783655686306,
      0.0,
      7.066783655686306,
      0.2896393884016791,
      7.066783655686273
    ],
    [
      4.407872731282959,
      29.631490925131835,
      4.407872731283051,
      -4.0,
      4.407872731282909,
      29.631490925131878,
      0.8519606001739695,
      6.407842400695868,
      0.8519606001739646,
      -1.0,
      0.8519606001739737,
      6.4078424006958725,
      7.06678365568629,
      28.267134622745196,
      7.066783655686306,
      0.0,
      7.066783655686306,
      28.26713462274512
    ],
    [
      -3.2913151606535456,
      4.407872731283005,
      -3.2913151606535425,
      4.407872731282909,
      -4.0,
      4.407872731283051,
      -0.588374764835429,
      0.851960600173967,
      -0.5883747648354254,
      0.8519606001739737,
      -1.0,
      0.8519606001739717,
      0.28963938840169057,
      7.06678365568629,
      0.2896393884016791,
      7.066783655686306,
      0.0,
      7.066783655686256
    ],
    [
      4.407872731282982,
      29.631490925131928,
      4.407872731283005,
      29.631490925131878,
      4.407872731283051,
      -4.0,
      0.8519606001739717,
      6.4078424006958725,
      0.8519606001739717,
