{
  "spec": {
    "num_qubits": 4,
    "topology": "triangulated",
    "custom_edges": "0-1:1.0000,0-2:1.0000,0-3:1.0000,1-2:1.0000,1-3:1.0000,2-3:1.0000",
    "alpha": 0.8,
    "weight": 1.7177205531880866,
    "gamma": -1.3186593632852163e-08,
    "sigma": 2.072232750782265e-11,
    "init_angle": 0.6399295831772114,
    "init_angles": null,
    "shots": 100,
    "device": "simulator",
    "geometry": "spherical",
    "curvature": 4.5,
    "timesteps": 3,
    "dimension": 2,
    "mass_hinge": null,
    "mass_value": 0.0,
    "solve_regge": false,
    "lorentzian": true,
    "excite": true,
    "fast": false,
    "fast_preset": "balanced",
    "ctc_mode": false,
    "ctc_perturbation": null,
    "ctc_perturbation_strength": 1.0,
    "test_ctc_recovery": false,
    "strong_curvature": true,
    "charge_injection": true,
    "charge_strength": 2.5,
    "charge_location": null,
    "spin_injection": true,
    "spin_strength": 2.0,
    "spin_location": null,
    "edge_floor": 0.001,
    "compute_entropies": true,
    "hyperbolic_triangulation": true,
    "trotter_steps": 8,
    "dt": 0.05,
    "analyze_curvature": true,
    "einstein_solver": true,
    "page_curve": true,
    "radiation_ordering": null,
    "page_curve_timesteps": 15,
    "entropy_method": "hybrid",
    "num_shadows": 100,
    "shots_per_shadow": 1000,
    "num_bases": 20,
    "shots_per_basis": 1000,
    "enhanced_entanglement": false,
    "entanglement_strength": 2.072553297378414e-11,
    "interpolate_geometry": false,
    "smooth_charge_injection": false,
    "min_qubits_for_continuum": 10,
    "benchmark_against_classical_geometry": false,
    "geometry_fit_metric": "wasserstein,kl,euclidean",
    "verify_noise_robustness": false,
    "run_on_multiple_backends": false,
    "detect_and_flag_causal_loops": true,
    "restrict_information_flow_direction": "bidirectional",
    "filter_noncausal_edges": true,
    "use_ryu_takayanagi_test": true,
    "compare_MI_vs_subsystem_entropy": true,
    "embed_boundary_entropy_in_geometry": true,
    "entropy_engineering": true,
    "target_entropy_pattern": "quantum_gravity",
    "custom_target_entropies": null,
    "entropy_optimization_iterations": 200,
    "entropy_tolerance": 0.05,
    "continue_on_engineering_failure": true,
    "skip_entropy_engineering": false,
    "validate_engineered_geometry": true,
    "enhance_bell_violations": true,
    "bell_entanglement_strength": 4.0,
    "teleportation_circuits": true,
    "long_range_coupling": 3.0,
    "holographic_optimization": true,
    "rt_surface_encoding": true,
    "conformal_symmetry": true,
    "bulk_reconstruction": true,
    "scalable_entanglement": true,
    "parallel_execution": true,
    "memory_optimization": true,
    "circuit_compilation": "optimized",
    "real_hardware": false,
    "error_mitigation": true,
    "zero_noise_extrapolation": true,
    "zne_noise_factors": [
      1.0,
      2.0,
      3.0
    ],
    "zne_extrapolation_method": "polynomial",
    "hardware_calibration": true,
    "noise_characterization": true,
    "backend_name": "ibm_brisbane",
    "quantum_mode": true,
    "quantum_entanglement_strength": 5.0,
    "quantum_circuit_depth": 12,
    "geometric_teleportation": false,
    "teleportation_mode": "both",
    "bridge_strength": 1.0,
    "signal_state": "+",
    "emergent_geometry_teleportation": false,
    "teleportation_node_pairs": "auto",
    "teleportation_embedding_dim": 2,
    "teleportation_fidelity_threshold": 0.7,
    "superposition_gravity": true,
    "massive_bulk_mass_hinge": "2",
    "massive_bulk_mass_value": 1.0,
    "massless_bulk_mass_hinge": "None",
    "massless_bulk_mass_value": 0.0,
    "superposition_control_qubit": 0,
    "superposition_phase": 0.0,
    "interference_analysis": true,
    "classical_mixture_comparison": true,
    "coherence_preservation": true,
    "bulk_reconstruction_method": "mi_embedding"
  },
  "uid": "DE3QEN",
  "counts_per_timestep": [
    null,
    null,
    null
  ],
  "job_ids_per_timestep": [
    null,
    null,
    null
  ],
  "entropy_per_timestep": [
    null,
    null,
    null
  ],
  "mutual_information_per_timestep": [
    {
      "I_0,1": 0.28780212637475655,
      "I_0,2": 0.3666751107176245,
      "I_0,3": 0.2878021263747571,
      "I_1,2": 0.2878021263747561,
      "I_1,3": 0.3256406471675789,
      "I_2,3": 0.2878021263747569
    },
    {
      "I_0,1": 0.14401633489017018,
      "I_0,2": 0.3868989882557473,
      "I_0,3": 0.14401633489016974,
      "I_1,2": 0.1440163348901694,
      "I_1,3": 0.5063385497487157,
      "I_2,3": 0.14401633489016952
    },
    {
      "I_0,1": 0.1952705763695709,
      "I_0,2": 0.31361321752393956,
      "I_0,3": 0.19527057636957013,
      "I_1,2": 0.19527057636956968,
      "I_1,3": 0.5458456777639835,
      "I_2,3": 0.19527057636957001
    }
  ],
  "boundary_entropies_per_timestep": [
    {
      "entropy_A": 0.5632101237261475,
      "entropy_B": 0.5632101237261472,
      "mi_AB": 1.1264202474522929,
      "pure_state_check": true,
      "entropy_difference": 3.3306690738754696e-16,
      "multiple_regions": {
        "size_1_region_0": {
          "region": [
            0
          ],
          "entropy": 0.58372735550117,
          "rt_area": 3,
          "size": 1
        },
        "size_1_region_1": {
          "region": [
            1
          ],
          "entropy": 0.5632101237261473,
          "rt_area": 3,
          "size": 1
        },
        "size_1_region_2": {
          "region": [
            2
          ],
          "entropy": 0.5837273555011697,
          "rt_area": 3,
          "size": 1
        },
        "size_2_region_0": {
          "region": [
            0,
            1
          ],
          "entropy": 0.8591353528525605,
          "rt_area": 4,
          "size": 2
        },
        "size_2_region_1": {
          "region": [
            0,
            2
          ],
          "entropy": 0.800779600284715,
          "rt_area": 4,
          "size": 2
        },
        "size_2_region_2": {
          "region": [
            0,
            3
          ],
          "entropy": 0.8591353528525602,
          "rt_area": 4,
          "size": 2
        },
        "size_3_region_0": {
          "region": [
            0,
            1,
            2
          ],
          "entropy": 0.5632101237261475,
          "rt_area": 3,
          "size": 3
        },
        "size_3_region_1": {
          "region": [
            0,
            1,
            3
          ],
          "entropy": 0.5837273555011727,
          "rt_area": 3,
          "size": 3
        },
        "size_3_region_2": {
          "region": [
            0,
            2,
            3
          ],
          "entropy": 0.5632101237261492,
          "rt_area": 3,
          "size": 3
        }
      }
    },
    {
      "entropy_A": 0.5524194709113296,
      "entropy_B": 0.5524194709113275,
      "mi_AB": 1.1048389418226559,
      "pure_state_check": true,
      "entropy_difference": 2.1094237467877974e-15,
      "multiple_regions": {
        "size_1_region_0": {
          "region": [
            0
          ],
          "entropy": 0.49269969016484494,
          "rt_area": 3,
          "size": 1
        },
        "size_1_region_1": {
          "region": [
            1
          ],
          "entropy": 0.5524194709113277,
          "rt_area": 3,
          "size": 1
        },
        "size_1_region_2": {
          "region": [
            2
          ],
          "entropy": 0.49269969016484444,
          "rt_area": 3,
          "size": 1
        },
        "size_2_region_0": {
          "region": [
            0,
            1
          ],
          "entropy": 0.9011028261860026,
          "rt_area": 4,
          "size": 2
        },
        "size_2_region_1": {
          "region": [
            0,
            2
          ],
          "entropy": 0.5985003920739416,
          "rt_area": 4,
          "size": 2
        },
        "size_2_region_2": {
          "region": [
            0,
            3
          ],
          "entropy": 0.9011028261860026,
          "rt_area": 4,
          "size": 2
        },
        "size_3_region_0": {
          "region": [
            0,
            1,
            2
          ],
          "entropy": 0.5524194709113296,
          "rt_area": 3,
          "size": 3
        },
        "size_3_region_1": {
          "region": [
            0,
            1,
            3
          ],
          "entropy": 0.4926996901648456,
          "rt_area": 3,
          "size": 3
        },
        "size_3_region_2": {
          "region": [
            0,
            2,
            3
          ],
          "entropy": 0.5524194709113275,
          "rt_area": 3,
          "size": 3
        }
      }
    },
    {
      "entropy_A": 0.5426887849299168,
      "entropy_B": 0.542688784929917,
      "mi_AB": 1.0853775698598307,
      "pure_state_check": true,
      "entropy_difference": 2.220446049250313e-16,
      "multiple_regions": {
        "size_1_region_0": {
          "region": [
            0
          ],
          "entropy": 0.42657255480989353,
          "rt_area": 3,
          "size": 1
        },
        "size_1_region_1": {
          "region": [
            1
          ],
          "entropy": 0.5426887849299168,
          "rt_area": 3,
          "size": 1
        },
        "size_1_region_2": {
          "region": [
            2
          ],
          "entropy": 0.42657255480989414,
          "rt_area": 3,
          "size": 1
        },
        "size_2_region_0": {
          "region": [
            0,
            1
          ],
          "entropy": 0.7739907633702402,
          "rt_area": 4,
          "size": 2
        },
        "size_2_region_1": {
          "region": [
            0,
            2
          ],
          "entropy": 0.5395318920958482,
          "rt_area": 4,
          "size": 2
        },
        "size_2_region_2": {
          "region": [
            0,
            3
          ],
          "entropy": 0.7739907633702405,
          "rt_area": 4,
          "size": 2
        },
        "size_3_region_0": {
          "region": [
            0,
            1,
            2
          ],
          "entropy": 0.5426887849299168,
          "rt_area": 3,
          "size": 3
        },
        "size_3_region_1": {
          "region": [
            0,
            1,
            3
          ],
          "entropy": 0.42657255480989403,
          "rt_area": 3,
          "size": 3
        },
        "size_3_region_2": {
          "region": [
            0,
            2,
            3
          ],
          "entropy": 0.5426887849299196,
          "rt_area": 3,
          "size": 3
        }
      }
    }
  ],
  "distance_matrix_per_timestep": [
    [
      [
        0.0,
        1.245482096179664,
        1.0032790798990685,
        1.2454820961796622
      ],
      [
        1.245482096179664,
        0.0,
        1.2454820961796655,
        2.490964192359326
      ],
      [
        1.0032790798990685,
        1.2454820961796655,
        0.0,
        1.2454820961796629
      ],
      [
        1.2454820961796622,
        2.490964192359326,
        1.2454820961796629,
        0.0
      ]
    ],
    [
      [
        0.0,
        1.9378285491023037,
        0.9495916322810344,
        1.9378285491023068
      ],
      [
        1.9378285491023037,
        0.0,
        1.937828549102309,
        3.8756570982046106
      ],
      [
        0.9495916322810344,
        1.937828549102309,
        0.0,
        1.9378285491023082
      ],
      [
        1.9378285491023068,
        3.8756570982046106,
        1.9378285491023082,
        0.0
      ]
    ],
    [
      [
        0.0,
        1.6333691110796045,
        1.1595948436774304,
        1.6333691110796085
      ],
      [
        1.6333691110796045,
        0.0,
        1.6333691110796107,
        3.266738222159213
      ],
      [
        1.1595948436774304,
        1.6333691110796107,
        0.0,
        1.6333691110796091
      ],
      [
        1.6333691110796085,
        3.266738222159213,
        1.6333691110796091,
        0.0
      ]
    ]
  ],
  "edge_mi": {
    "0,1": 0.1952705763695709,
    "0,3": 0.19527057636957013,
    "0,2": 0.31361321752393956,
    "1,2": 0.19527057636956968,
    "2,3": 0.19527057636957001
  },
  "distance_matrix": [
    [
      0.0,
      1.6333691110796045,
      1.1595948436774304,
      1.6333691110796085
    ],
    [
      1.6333691110796045,
      0.0,
      1.6333691110796107,
      0.6054189846457625
    ],
    [
      1.1595948436774304,
      1.6333691110796107,
      0.0,
      1.6333691110796091
    ],
    [
      1.6333691110796085,
      0.6054189846457625,
      1.6333691110796091,
      0.0
    ]
  ],
  "shortest_paths": {
    "0": {
      "0": 0,
      "2": 1.1595948436774304,
      "1": 1.6333691110796045,
      "3": 1.6333691110796085
    },
    "1": {
      "1": 0,
      "3": 0.6054189846457625,
      "0": 1.6333691110796045,
      "2": 1.6333691110796107
    },
    "2": {
      "2": 0,
      "0": 1.1595948436774304,
      "3": 1.6333691110796091,
      "1": 1.6333691110796107
    },
    "3": {
      "3": 0,
      "1": 0.6054189846457625,
      "0": 1.6333691110796085,
      "2": 1.6333691110796091
    }
  },
  "gromov_delta": 1.3306596187567288,
  "mean_distance": 1.0373112840802032,
  "angle_sums": [
    3.141592653589793,
    3.141592653589793,
    3.141592653589793,
    3.141592653589793
  ],
  "mean_angle_sum": 3.141592653589793,
  "min_angle_sum": 3.141592653589793,
  "max_angle_sum": 3.141592653589793,
  "angle_sum_deviations": [
    0.0,
    0.0,
    0.0,
    0.0
  ],
  "triangle_inequality_violations": [],
  "embedding_coords": [
    [
      -0.010396812374586516,
      0.03019678148655052
    ],
    [
      0.053104472960505966,
      0.004772940961392252
    ],
    [
      -0.01126759594229931,
      -0.07995337474245061
    ],
    [
      -0.03144006464362013,
      0.04498365229450785
    ]
  ],
  "embedding_coords_3d": [
    [
      -0.021595193975474748,
      0.011652150291425913,
      0.009265757336997301
    ],
    [
      -0.015634617618017037,
      -0.00992159462482936,
      -0.03789210906378186
    ],
    [
      -0.01972054125550311,
      -0.06785153455948613,
      -0.00924887819872364
    ],
    [
      0.05695035284899489,
      0.06612097889288958,
      0.0378752299255082
    ]
  ],
  "edge_weight_variance": 0.0,
  "event_nodes": [
    [
      0,
      0
    ],
    [
      1,
      0
    ],
    [
      2,
      0
    ],
    [
      3,
      0
    ],
    [
      0,
      1
    ],
    [
      1,
      1
    ],
    [
      2,
      1
    ],
    [
      3,
      1
    ],
    [
      0,
      2
    ],
    [
      1,
      2
    ],
    [
      2,
      2
    ],
    [
      3,
      2
    ]
  ],
  "event_edges": [
    {
      "type": "spatial",
      "from": [
        0,
        0
      ],
      "to": [
        1,
        0
      ],
      "weight": 1.245482096179664
    },
    {
      "type": "spatial",
      "from": [
        0,
        0
      ],
      "to": [
        2,
        0
      ],
      "weight": 1.0032790798990685
    },
    {
      "type": "spatial",
      "from": [
        0,
        0
      ],
      "to": [
        3,
        0
      ],
      "weight": 1.2454820961796622
    },
    {
      "type": "spatial",
      "from": [
        1,
        0
      ],
      "to": [
        2,
        0
      ],
      "weight": 1.2454820961796655
    },
    {
      "type": "spatial",
      "from": [
        1,
        0
      ],
      "to": [
        3,
        0
      ],
      "weight": 2.490964192359326
    },
    {
      "type": "spatial",
      "from": [
        2,
        0
      ],
      "to": [
        3,
        0
      ],
      "weight": 1.2454820961796629
    },
    {
      "type": "temporal",
      "from": [
        0,
        0
      ],
      "to": [
        0,
        1
      ],
      "weight": 1.0
    },
    {
      "type": "temporal",
      "from": [
        1,
        0
      ],
      "to": [
        1,
        1
      ],
      "weight": 1.0
    },
    {
      "type": "temporal",
      "from": [
        2,
        0
      ],
      "to": [
        2,
        1
      ],
      "weight": 1.0
    },
    {
      "type": "temporal",
      "from": [
        3,
        0
      ],
      "to": [
        3,
        1
      ],
      "weight": 1.0
    },
    {
      "type": "spatial",
      "from": [
        0,
        1
      ],
      "to": [
        1,
        1
      ],
      "weight": 1.9378285491023037
    },
    {
      "type": "spatial",
      "from": [
        0,
        1
      ],
      "to": [
        2,
        1
      ],
      "weight": 0.9495916322810344
    },
    {
      "type": "spatial",
      "from": [
        0,
        1
      ],
      "to": [
        3,
        1
      ],
      "weight": 1.9378285491023068
    },
    {
      "type": "spatial",
      "from": [
        1,
        1
      ],
      "to": [
        2,
        1
      ],
      "weight": 1.937828549102309
    },
    {
      "type": "spatial",
      "from": [
        1,
        1
      ],
      "to": [
        3,
        1
      ],
      "weight": 3.8756570982046106
    },
    {
      "type": "spatial",
      "from": [
        2,
        1
      ],
      "to": [
        3,
        1
      ],
      "weight": 1.9378285491023082
    },
    {
      "type": "temporal",
      "from": [
        0,
        1
      ],
      "to": [
        0,
        2
      ],
      "weight": 1.0
    },
    {
      "type": "temporal",
      "from": [
        1,
        1
      ],
      "to": [
        1,
        2
      ],
      "weight": 1.0
    },
    {
      "type": "temporal",
      "from": [
        2,
        1
      ],
      "to": [
        2,
        2
      ],
      "weight": 1.0
    },
    {
      "type": "temporal",
      "from": [
        3,
        1
      ],
      "to": [
        3,
        2
      ],
      "weight": 1.0
    },
    {
      "type": "spatial",
      "from": [
        0,
        2
      ],
      "to": [
        1,
        2
      ],
      "weight": 1.6333691110796045
    },
    {
      "type": "spatial",
      "from": [
        0,
        2
      ],
      "to": [
        2,
        2
      ],
      "weight": 1.1595948436774304
    },
    {
      "type": "spatial",
      "from": [
        0,
        2
      ],
      "to": [
        3,
        2
      ],
      "weight": 1.6333691110796085
    },
    {
      "type": "spatial",
      "from": [
        1,
        2
      ],
      "to": [
        2,
        2
      ],
      "weight": 1.6333691110796107
    },
    {
      "type": "spatial",
      "from": [
        1,
        2
      ],
      "to": [
        3,
        2
      ],
      "weight": 3.266738222159213
    },
    {
      "type": "spatial",
      "from": [
        2,
        2
      ],
      "to": [
        3,
        2
      ],
      "weight": 1.6333691110796091
    }
  ],
  "lorentzian_dissimilarity": [
    [
      0.0,
      1.5512256519040897,
      1.0065689121631214,
      1.5512256519040855,
      -1.0,
      0.5512256519040897,
      0.006568912163121388,
      0.5512256519040855,
      -4.0,
      -2.4487743480959105,
      -2.9934310878368784,
      -2.4487743480959145
    ],
    [
      1.5512256519040897,
      0.0,
      1.5512256519040937,
      6.204902607616351,
      0.5512256519040897,
      -1.0,
      0.5512256519040937,
      5.204902607616351,
      -2.4487743480959105,
      -4.0,
      -2.448774348095906,
      2.2049026076163507
    ],
    [
      1.0065689121631214,
      1.5512256519040937,
      0.0,
      1.551225651904087,
      0.006568912163121388,
      0.5512256519040937,
      -1.0,
      0.551225651904087,
      -2.9934310878368784,
      -2.448774348095906,
      -4.0,
      -2.448774348095913
    ],
    [
      1.5512256519040855,
      6.204902607616351,
      1.551225651904087,
      0.0,
      0.5512256519040855,
      5.204902607616351,
      0.551225651904087,
      -1.0,
      -2.4487743480959145,
      2.2049026076163507,
      -2.448774348095913,
      -4.0
    ],
    [
      -1.0,
      0.5512256519040897,
      0.006568912163121388,
      0.5512256519040855,
      0.0,
      3.7551794857159395,
      0.9017242680981592,
      3.7551794857159515,
      -1.0,
      2.7551794857159395,
      -0.0982757319018408,
      2.7551794857159515
    ],
    [
      0.5512256519040897,
      -1.0,
      0.5512256519040937,
      5.204902607616351,
      3.7551794857159395,
      0.0,
      3.7551794857159604,
      15.020717942863783,
      2.7551794857159395,
      -1.0,
      2.7551794857159604,
      14.020717942863783
    ],
    [
      0.006568912163121388,
      0.5512256519040937,
      -1.0,
      0.551225651904087,
      0.9017242680981592,
      3.7551794857159604,
      0.0,
      3.755179485715957,
      -0.0982757319018408,
      2.7551794857159604,
      -1.0,
      2.755179485715957
    ],
    [
      0.5512256519040855,
      5.204902607616351,
      0.551225651904087,
      -1.0,
      3.7551794857159515,
      15.020717942863783,
      3.755179485715957,
      0.0,
      2.7551794857159515,
      14.020717942863783,
      2.755179485715957,
      -1.0
    ],
    [
      -4.0,
      -2.4487743480959105,
      -2.9934310878368784,
      -2.4487743480959145,
      -1.0,
      2.7551794857159395,
      -0.0982757319018408,
      2.7551794857159515,
      0.0,
      2.667894653028977,
      1.3446602014832842,
      2.6678946530289904
    ],
    [
      -2.4487743480959105,
      -4.0,
      -2.448774348095906,
      2.2049026076163507,
      2.7551794857159395,
      -1.0,
      2.7551794857159604,
      14.020717942863783,
      2.667894653028977,
      0.0,
      2.6678946530289975,
      10.671578612115935
    ],
    [
      -2.9934310878368784,
      -2.448774348095906,
      -4.0,
      -2.448774348095913,
      -0.0982757319018408,
      2.7551794857159604,
      -1.0,
      2.755179485715957,
      1.3446602014832842,
      2.6678946530289975,
      0.0,
      2.6678946530289926
    ],
    [
      -2.4487743480959145,
      2.2049026076163507,
      -2.448774348095913,
      -4.0,
      2.7551794857159515,
      14.020717942863783,
      2.755179485715957,
      -1.0,
      2.6678946530289904,
      10.671578612115935,
      2.6678946530289926,
      0.0
    ]
  ],
  "lorentzian_embedding": [
    [
      -0.1840502022433538,
      0.17031050288499894,
      -0.8642063143875012
    ],
    [
      0.06948245813075905,
      -0.40089134723992587,
      0.005545829400777424
    ],
    [
      -0.3037027287384034,
      0.91758121287871,
      -0.6307921528114719
    ],
    [
      -0.49285261263157215,
      1.4758462766091458,
      -1.4925174173107878
    ],
    [
      1.049379689491633,
      -0.2390964465517001,
      -0.7654062644540012
    ],
    [
      1.9007329697953916,
      -0.24613481308127136,
      1.3843224983619848
    ],
    [
      0.8756770728100082,
      0.8459503878894137,
      -0.4264679507151577
    ],
    [
      1.252177340036644,
      0.608261601455237,
      -2.4219227273117587
    ],
    [
      1.8288458641035934,
      -0.07787659632199079,
      -0.5587389981365313
    ],
    [
      2.4233692434949674,
      -0.372620821710065,
      1.2408148008221789
    ],
    [
      1.7598483044120277,
      0.35306686532780635,
      -0.42412687353523126
    ],
    [
      1.8210881100413896,
      0.5170649503304451,
      -2.1412934550629052
    ]
  ],
  "edge_length_evolution": [],
  "angle_deficit_evolution": [],
  "regge_action_evolution": [],
  "gromov_delta_evolution": [],
  "mass_hinge": null,
  "mass_value": 0.0,
  "matter": [
    {
      "(0, 1)": 0.0,
      "(1, 2)": 0.0,
      "(0, 3)": 0.0,
      "(2, 3)": 0.0,
      "(0, 2)": 0.0,
      "(1, 3)": 0.0
    },
    {
      "(0, 1)": 0.0,
      "(1, 2)": 0.0,
      "(0, 3)": 0.0,
      "(2, 3)": 0.0,
      "(0, 2)": 0.0,
      "(1, 3)": 0.0
    },
    {
      "(0, 1)": 0.0,
      "(1, 2)": 0.0,
      "(0, 3)": 0.0,
      "(2, 3)": 0.0,
      "(0, 2)": 0.0,
      "(1, 3)": 0.0
    }
  ],
  "stationary_solution": null,
  "einstein_analysis_per_timestep": [
    {
      "ricci_tensor": [
        [
          0.11522026646151437,
          0.0
        ],
        [
          0.0,
          0.11522026646151437
        ]
      ],
      "metric_tensor": [
        [
          1.0230440532923029,
          0.011522026646151437
        ],
        [
          0.011522026646151437,
          1.0230440532923029
        ]
      ],
      "stress_energy_tensor": [
        [
          0.11522026646151437,
          0.0023044053292302874
        ],
        [
          0.0023044053292302874,
          0.11522026646151437
        ]
      ],
      "einstein_solution": {
        "einstein_tensor": [
          [
            0.0,
            0.0
          ],
          [
            0.0,
            0.0
          ]
        ],
        "ricci_scalar": 0.23044053292302874,
        "metric_tensor": [
          [
            1.0,
            0.0
          ],
          [
            0.0,
            1.0
          ]
        ],
        "lhs": [
          [
            0.0,
            0.0
          ],
          [
            0.0,
            0.0
          ]
        ],
        "rhs": [
          [
            0.11522026646151437,
            0.0023044053292302874
          ],
          [
            0.0023044053292302874,
            0.11522026646151437
          ]
        ],
        "equations_satisfied": false,
        "residual": 0.16297864944454385,
        "conservation_violation": 0.11522026646151437,
        "gravitational_constant": 0.039788735772973836,
        "cosmological_constant": 0.0
      },
      "entropy_first_derivative": 0.0,
      "entropy_second_derivative": 0.0,
      "entropy_curvature_correlation": 0.16294605849011565,
      "emergent_gravitational_constant": 0.018337874951715336,
      "average_mutual_information": 0.23044053292302874,
      "ricci_scalar": 0.23044053292302874,
      "analysis_summary": {
        "einstein_equations_satisfied": false,
        "residual_magnitude": 0.16297864944454385,
        "conservation_violation": 0.11522026646151437,
        "entropy_evolution_rate": 0.0,
        "entropy_acceleration": 0.0,
        "entanglement_curvature_coupling": 0.16294605849011565
      }
    },
    {
      "ricci_tensor": [
        [
          0.09183142984782136,
          0.0
        ],
        [
          0.0,
          0.09183142984782136
        ]
      ],
      "metric_tensor": [
        [
          1.0183662859695644,
          0.009183142984782136
        ],
        [
          0.009183142984782136,
          1.0183662859695644
        ]
      ],
      "stress_energy_tensor": [
        [
          0.09183142984782136,
          0.0018366285969564273
        ],
        [
          0.0018366285969564273,
          0.09183142984782136
        ]
      ],
      "einstein_solution": {
        "einstein_tensor": [
          [
            0.0,
            0.0
          ],
          [
            0.0,
            0.0
          ]
        ],
        "ricci_scalar": 0.18366285969564272,
        "metric_tensor": [
          [
            1.0,
            0.0
          ],
          [
            0.0,
            1.0
          ]
        ],
        "lhs": [
          [
            0.0,
            0.0
          ],
          [
            0.0,
            0.0
          ]
        ],
        "rhs": [
          [
            0.09183142984782136,
            0.0018366285969564273
          ],
          [
            0.0018366285969564273,
            0.09183142984782136
          ]
        ],
        "equations_satisfied": false,
        "residual": 0.12989522479674528,
        "conservation_violation": 0.09183142984782136,
        "gravitational_constant": 0.039788735772973836,
        "cosmological_constant": 0.0
      },
      "entropy_first_derivative": 0.0,
      "entropy_second_derivative": 0.0,
      "entropy_curvature_correlation": 0.12986924854290263,
      "emergent_gravitational_constant": 0.014615425991477388,
      "average_mutual_information": 0.18366285969564272,
      "ricci_scalar": 0.18366285969564272,
      "analysis_summary": {
        "einstein_equations_satisfied": false,
        "residual_magnitude": 0.12989522479674528,
        "conservation_violation": 0.09183142984782136,
        "entropy_evolution_rate": 0.0,
        "entropy_acceleration": 0.0,
        "entanglement_curvature_coupling": 0.12986924854290263
      }
    },
    {
      "ricci_tensor": [
        [
          0.10253382504788774,
          0.0
        ],
        [
          0.0,
          0.10253382504788774
        ]
      ],
      "metric_tensor": [
        [
          1.0205067650095776,
          0.010253382504788775
        ],
        [
          0.010253382504788775,
          1.0205067650095776
        ]
      ],
      "stress_energy_tensor": [
        [
          0.10253382504788774,
          0.002050676500957755
        ],
        [
          0.002050676500957755,
          0.10253382504788774
        ]
      ],
      "einstein_solution": {
        "einstein_tensor": [
          [
            0.0,
            0.0
          ],
          [
            0.0,
            0.0
          ]
        ],
        "ricci_scalar": 0.2050676500957755,
        "metric_tensor": [
          [
            1.0,
            0.0
          ],
          [
            0.0,
            1.0
          ]
        ],
        "lhs": [
          [
            0.0,
            0.0
          ],
          [
            0.0,
            0.0
          ]
        ],
        "rhs": [
          [
            0.10253382504788774,
            0.002050676500957755
          ],
          [
            0.002050676500957755,
            0.10253382504788774
          ]
        ],
        "equations_satisfied": false,
        "residual": 0.1450337240303953,
        "conservation_violation": 0.10253382504788774,
        "gravitational_constant": 0.039788735772973836,
        "cosmological_constant": 0.0
      },
      "entropy_first_derivative": 0.0,
      "entropy_second_derivative": 0.0,
      "entropy_curvature_correlation": 0.14500472098471318,
      "emergent_gravitational_constant": 0.016318765090490926,
      "average_mutual_information": 0.2050676500957755,
      "ricci_scalar": 0.2050676500957755,
      "analysis_summary": {
        "einstein_equations_satisfied": false,
        "residual_magnitude": 0.1450337240303953,
        "conservation_violation": 0.10253382504788774,
        "entropy_evolution_rate": 0.0,
        "entropy_acceleration": 0.0,
        "entanglement_curvature_coupling": 0.14500472098471318
      }
    }
  ],
  "bootstrap_analysis": {
    "gromov_delta": {
      "mean": 1.6055599187871934,
      "lower_ci": 1.2454820961796644,
      "upper_ci": 1.937828549102307,
      "all_values": [
        1.2454820961796644,
        1.9378285491023068,
        1.6333691110796087
      ],
      "uncertainty": 0.33226863031511367
    },
    "entropy": {
      "mean": null,
      "lower_ci": null,
      "upper_ci": null,
      "uncertainty": null
    },
    "distance_matrix": {
      "mean": [
        [
          0.0,
          1.6055599187871907,
          1.0374885186191778,
          1.6055599187871925
        ],
        [
          1.6055599187871907,
          0.0,
          1.6055599187871952,
          3.2111198375743832
        ],
        [
          1.0374885186191778,
          1.6055599187871952,
          0.0,
          1.6055599187871934
        ],
        [
          1.6055599187871925,
          3.2111198375743832,
          1.6055599187871934,
          0.0
        ]
      ],
      "lower_ci": [
        [
          0.0,
          1.245482096179664,
          0.9674874481537125,
          1.2454820961796622
        ],
        [
          1.245482096179664,
          0.0,
          1.2454820961796655,
          2.490964192359326
        ],
        [
          0.9495916322810344,
          1.2454820961796655,
          0.0,
          1.2454820961796629
        ],
        [
          1.2454820961796622,
          2.490964192359326,
          1.2454820961796629,
          0.0
        ]
      ],
      "upper_ci": [
        [
          0.0,
          1.9378285491023037,
          1.1595948436774304,
          1.937828549102307
        ],
        [
          1.9378285491023037,
          0.0,
          1.937828549102309,
          3.8756570982046106
        ],
        [
          1.1595948436774304,
          1.937828549102309,
          0.0,
          1.9378285491023082
        ],
        [
          1.937828549102307,
          3.8756570982046106,
          1.9378285491023082,
          0.0
        ]
      ]
    }
  },
  "topology_compatibility": {
    "current_topology": "triangulated",
    "explanation": "Triangulated topology is specifically designed for angle-sum curvature. Creates multiple triangles per vertex, enabling robust local curvature measurements. Each vertex has multiple incident triangles for well-defined angle sums.",
    "supports_local_curvature": true
  },
  "rt_surface_analysis": {
    "region_A": [
      0
    ],
    "region_B": [
      1,
      2,
      3
    ],
    "bulk_point": 2,
    "is_complementary": true,
    "rt_area_AB": 4.426333065836643,
    "rt_area_BA": 4.426333065836643,
    "area_consistent": true,
    "edges_consistent": true,
    "area_difference": 0.0,
    "rt_edges_AB": [
      [
        0,
        1
      ],
      [
        0,
        2
      ],
      [
        0,
        3
      ]
    ],
    "rt_edges_BA": [
      [
        0,
        1
      ],
      [
        0,
        2
      ],
      [
        0,
        3
      ]
    ],
    "edge_lengths": [
      1.6333691110796045,
      1.1595948436774304,
      1.6333691110796085,
      1.6333691110796107,
      3.266738222159213,
      1.6333691110796091
    ],
    "all_edges": [
      [
        0,
        1
      ],
      [
        0,
        2
      ],
      [
        0,
        3
      ],
      [
        1,
        2
      ],
      [
        1,
        3
      ],
      [
        2,
        3
      ]
    ]
  },
  "bulk_excitation_analysis": {
    "ground_state_mi": [
      [
        0.0,
        0.19527057636957013,
        0.31361321752393956,
        0.19527057636957001
      ],
      [
        0.19527057636957013,
        0.0,
        0.19527057636957035,
        0.545845677763984
      ],
      [
        0.31361321752393956,
        0.19527057636957035,
        0.0,
        0.19527057636957001
      ],
      [
        0.19527057636957001,
        0.545845677763984,
        0.19527057636957001,
        0.0
      ]
    ],
    "excited_state_mi": [
      [
        0.0,
        0.19841443266912606,
        0.25396671677709937,
        0.1984144326691264
      ],
      [
        0.19841443266912606,
        0.0,
        0.4182679264745067,
        0.38764604434949956
      ],
      [
        0.25396671677709937,
        0.4182679264745067,
        0.0,
        0.4182679264745084
      ],
      [
        0.1984144326691264,
        0.38764604434949956,
        0.4182679264745084,
        0.0
      ]
    ],
    "mi_difference": [
      [
        0.0,
        0.003143856299555936,
        -0.05964650074684019,
        0.00314385629955638
      ],
      [
        0.003143856299555936,
        0.0,
        0.22299735010493638,
        -0.1581996334144844
      ],
      [
        -0.05964650074684019,
        0.22299735010493638,
        0.0,
        0.22299735010493837
      ],
      [
        0.00314385629955638,
        -0.1581996334144844,
        0.22299735010493837,
        0.0
      ]
    ],
    "avg_mi_change": 0.08376606837128896,
    "max_mi_change": 0.22299735010493837,
    "mi_change_boundary_A": NaN,
    "mi_change_boundary_B": 0.09593168893179678,
    "bulk_point": 2,
    "ground_state_counts": {
      "0001 0001": 2,
      "0101 0101": 2,
      "1010 1010": 7,
      "1110 1110": 3,
      "0000 0000": 56,
      "1000 1000": 13,
      "0010 0010": 9,
      "0111 0111": 2,
      "0100 0100": 5,
      "1011 1011": 1
    },
    "excited_state_counts": {
      "1011 0101": 1,
      "1110 1000": 1,
      "1010 0100": 4,
      "1110 0000": 15,
      "0110 0000": 6,
      "0110 1000": 7,
      "1010 0000": 28,
      "1100 0000": 3,
      "0100 1010": 2,
      "0100 1110": 2,
      "0010 1000": 7,
      "1100 0010": 3,
      "0101 1101": 1,
      "1011 0001": 1,
      "0001 1011": 1,
      "0111 1101": 1,
      "1100 1110": 1,
      "0000 0010": 1,
      "0100 0100": 1,
      "0000 1010": 1,
      "1101 0111": 1,
      "1000 0010": 3,
      "0111 1001": 1,
      "1001 0111": 1,
      "0011 1001": 1,
      "0101 1011": 2,
      "1100 1010": 1,
      "1000 0000": 2,
      "1001 1011": 1
    },
    "boundary_entropies": {
      "ground_state": {
        "entropy_A": 0.5426887849299168,
        "entropy_B": 0.542688784929917,
        "mi_AB": 1.0853775698598307
      },
      "excited_state": {
        "entropy_A": 0.6033389654987837,
        "entropy_B": 0.6033389654987831,
        "mi_AB": 1.2066779309975626
      },
      "rt_relation_test": {
        "entropy_ratio": 1.0000000000000004,
        "rt_area_ratio": 1.0,
        "rt_deviation": 4.440892098500626e-16,
        "excited_entropy_ratio": 0.9999999999999989,
        "rt_relation_change": 1.5543122344752192e-15
      }
    }
  },
  "page_curve_analysis": null,
  "deutsch_ctc_analysis": null,
  "ctc_recovery_analysis": null,
  "einstein_analysis": null,
  "dynamic_evidence": {
    "angle_sums_per_timestep": [
      [
        9.42477796076938,
        0.0,
        9.42477796076938,
        3.141592653589793
      ],
      [
        3.141592653589793,
        0.0,
        3.141592653589793,
        3.141592802894554
      ],
      [
        3.141592653589793,
        0.0,
        3.141592653589793,
        3.1415926764294113
      ]
    ],
    "gromov_delta_per_timestep": [
      1.2454820961796644,
      1.9378285491023068,
      1.6333691110796087
    ],
    "edge_mi_per_timestep": [
      {
        "0,1": 0.28780212637475655,
        "0,3": 0.2878021263747571,
        "0,2": 0.3666751107176245,
        "1,2": 0.2878021263747561,
        "2,3": 0.2878021263747569
      },
      {
        "0,1": 0.14401633489017018,
        "0,3": 0.14401633489016974,
        "0,2": 0.3868989882557473,
        "1,2": 0.1440163348901694,
        "2,3": 0.14401633489016952
      },
      {
        "0,1": 0.1952705763695709,
        "0,3": 0.19527057636957013,
        "0,2": 0.31361321752393956,
        "1,2": 0.19527057636956968,
        "2,3": 0.19527057636957001
      }
    ],
    "shortest_paths_per_timestep": [
      {
        "0": {
          "0": 0,
          "2": 1.0032790798990685,
          "3": 1.2454820961796622,
          "1": 1.245482096179664
        },
        "1": {
          "1": 0,
          "0": 1.245482096179664,
          "2": 1.2454820961796655,
          "3": 2.490964192359326
        },
        "2": {
          "2": 0,
          "0": 1.0032790798990685,
          "3": 1.2454820961796629,
          "1": 1.2454820961796655
        },
        "3": {
          "3": 0,
          "0": 1.2454820961796622,
          "2": 1.2454820961796629,
          "1": 2.490964192359326
        }
      },
      {
        "0": {
          "0": 0,
          "2": 0.9495916322810344,
          "1": 1.9378285491023037,
          "3": 1.9378285491023068
        },
        "1": {
          "1": 0,
          "0": 1.9378285491023037,
          "2": 1.937828549102309,
          "3": 3.8756570982046106
        },
        "2": {
          "2": 0,
          "0": 0.9495916322810344,
          "3": 1.9378285491023082,
          "1": 1.937828549102309
        },
        "3": {
          "3": 0,
          "0": 1.9378285491023068,
          "2": 1.9378285491023082,
          "1": 3.8756570982046106
        }
      },
      {
        "0": {
          "0": 0,
          "2": 1.1595948436774304,
