{
  "circuit_info": {
    "num_qubits": 4,
    "control_qubit": 0,
    "phase": 0.0,
    "massive_bulk_params": {
      "mass_hinge": "2",
      "mass_value": 1.0
    },
    "massless_bulk_params": {
      "mass_hinge": "None",
      "mass_value": 0.0
    }
  },
  "execution_info": {
    "device": "simulator",
    "shots": 100,
    "job_id": null,
    "total_shots": 100,
    "unique_states": 14
  },
  "superposition_state": {
    "counts": {
      "0011": 2,
      "1100": 12,
      "1010": 23,
      "0100": 10,
      "0000": 5,
      "1000": 13,
      "0010": 10,
      "1111": 2,
      "0110": 9,
      "0101": 1,
      "0001": 1,
      "1110": 10,
      "1011": 1,
      "0111": 1
    },
    "mutual_information_matrix": [
      [
        0.0,
        0.007874536892783791,
        0.0006307007142332842,
        0.014134171897745441
      ],
      [
        0.007874536892783791,
        0.0,
        0.02014559331356887,
        0.0004779408396925148
      ],
      [
        0.0006307007142332842,
        0.02014559331356887,
        0.0,
        0.014579717217115484
      ],
      [
        0.014134171897745441,
        0.0004779408396925148,
        0.014579717217115484,
        0.0
      ]
    ]
  },
  "bulk_reconstruction": {
    "method": "mi_embedding",
    "num_qubits": 4,
    "mi_matrix": [
      [
        0.0,
        0.007874536892783791,
        0.0006307007142332842,
        0.014134171897745441
      ],
      [
        0.007874536892783791,
        0.0,
        0.02014559331356887,
        0.0004779408396925148
      ],
      [
        0.0006307007142332842,
        0.02014559331356887,
        0.0,
        0.014579717217115484
      ],
      [
        0.014134171897745441,
        0.0004779408396925148,
        0.014579717217115484,
        0.0
      ]
    ],
    "mds_embedding": {
      "coordinates_3d": [
        [
          -0.2515522885670251,
          -0.21780450549137087,
          0.5101040199009459
        ],
        [
          0.009654864136008546,
          -0.43673802245636967,
          -0.4209509044529879
        ],
        [
          -0.31971751800426734,
          0.46443317453260097,
          -0.21618131196738152
        ],
        [
          0.5616149424357858,
          0.19010935341419039,
          0.12702819652051983
        ]
      ],
      "stress": 2.0000045595421683,
      "embedding_quality": "poor"
    }
  },
  "classical_comparison": {
    "massive": {
      "counts": {
        "1101": 10,
        "0100": 5,
        "0011": 10,
        "1100": 9,
        "1010": 6,
        "1001": 5,
        "0000": 6,
        "1011": 6,
        "0101": 8,
        "0111": 4,
        "1000": 4,
        "1110": 9,
        "0010": 6,
        "1111": 3,
        "0001": 6,
        "0110": 3
      },
      "mutual_information_matrix": [
        [
          0.0,
          0.0024066736144806346,
          0.002673743817994057,
          0.010730257718487304
        ],
        [
          0.0024066736144806346,
          0.0,
          0.02880910505977481,
          0.00022461047421738246
        ],
        [
          0.002673743817994057,
          0.02880910505977481,
          0.0,
          0.023333300130359683
        ],
        [
          0.010730257718487304,
          0.00022461047421738246,
          0.023333300130359683,
          0.0
        ]
      ],
      "bulk_reconstruction": {
        "method": "mi_embedding",
        "num_qubits": 4,
        "mi_matrix": [
          [
            0.0,
            0.0024066736144806346,
            0.002673743817994057,
            0.010730257718487304
          ],
          [
            0.0024066736144806346,
            0.0,
            0.02880910505977481,
            0.00022461047421738246
          ],
          [
            0.002673743817994057,
            0.02880910505977481,
            0.0,
            0.023333300130359683
          ],
          [
            0.010730257718487304,
            0.00022461047421738246,
            0.023333300130359683,
            0.0
          ]
        ],
        "mds_embedding": {
          "coordinates_3d": [
            [
              -0.253945809432187,
              -0.21905022660009008,
              0.512921860478571
            ],
            [
              0.009420131172951882,
              -0.43316747638081904,
              -0.4244656149066774
            ],
            [
              -0.31513738156050114,
              0.4592029603155722,
              -0.21490689878028188
            ],
            [
              0.5596630598201674,
              0.19301474266373456,
              0.12645065321004487
            ]
          ],
          "stress": 2.000004514507261,
          "embedding_quality": "poor"
        }
      }
    },
    "massless": {
      "counts": {
        "1110": 12,
        "0101": 6,
        "1010": 6,
        "0111": 6,
        "1101": 11,
        "0100": 3,
        "1100": 16,
        "1011": 3,
        "1001": 7,
        "0010": 4,
        "1000": 2,
        "0011": 7,
        "0000": 7,
        "0001": 3,
        "1111": 5,
        "0110": 2
      },
      "mutual_information_matrix": [
        [
          0.0,
          0.00042046292516804973,
          0.001990178821736764,
          0.017393651782898437
        ],
        [
          0.00042046292516804973,
          0.0,
          0.007346707212838088,
          0.004460068783861914
        ],
        [
          0.001990178821736764,
          0.007346707212838088,
          0.0,
          0.0489771352127865
        ],
        [
          0.017393651782898437,
          0.004460068783861914,
          0.0489771352127865,
          0.0
        ]
      ],
      "bulk_reconstruction": {
        "method": "mi_embedding",
        "num_qubits": 4,
        "mi_matrix": [
          [
            0.0,
            0.00042046292516804973,
            0.001990178821736764,
            0.017393651782898437
          ],
          [
            0.00042046292516804973,
            0.0,
            0.007346707212838088,
            0.004460068783861914
          ],
          [
            0.001990178821736764,
            0.007346707212838088,
            0.0,
            0.0489771352127865
          ],
          [
            0.017393651782898437,
            0.004460068783861914,
            0.0489771352127865,
            0.0
          ]
        ],
        "mds_embedding": {
          "coordinates_3d": [
            [
              0.30277646886772247,
              0.51522424919995,
              0.13407145690611047
            ],
            [
              0.19446912199956207,
              -0.21323400474130044,
              -0.5436411070926602
            ],
            [
              -0.5888978648582205,
              0.09574723357724155,
              -0.018849524441318294
            ],
            [
              0.0916522739905345,
              -0.3977374780339232,
              0.4284191746290744
            ]
          ],
          "stress": 2.0000046301880334,
          "embedding_quality": "poor"
        }
      }
    }
  },
  "interference_analysis": {
    "interference_detected": false,
    "interference_strength": 0.0,
    "max_interference_strength": 0.0,
    "interference_term_matrix": null,
    "supporting_qubit_pairs": [],
    "quantum_effects": [],
    "classical_vs_quantum_differences": {},
    "massive_mi_matrix": null,
    "massless_mi_matrix": null,
    "classical_mixture_matrix": null
  }
}