{
  "spec": {
    "num_qubits": 4,
    "topology": "triangulated",
    "custom_edges": "0-1:0.1050,0-2:0.0986,0-3:0.1065,1-2:0.1152,1-3:0.0977,2-3:0.0977",
    "alpha": 0.8,
    "weight": 0.1,
    "gamma": 0.01,
    "sigma": 0.01,
    "init_angle": 0.0,
    "init_angles": null,
    "shots": 50,
    "device": "simulator",
    "geometry": "spherical",
    "curvature": 1.0,
    "timesteps": 3,
    "dimension": 2,
    "mass_hinge": null,
    "mass_value": 0.0,
    "solve_regge": false,
    "lorentzian": false,
    "excite": false,
    "fast": true,
    "strong_curvature": false,
    "charge_injection": false,
    "charge_strength": 1.0,
    "charge_location": 3,
    "spin_injection": false,
    "spin_strength": 1.0,
    "spin_location": 3,
    "edge_floor": 0.001,
    "compute_entropies": false,
    "hyperbolic_triangulation": false,
    "trotter_steps": 4,
    "dt": 0.1,
    "analyze_curvature": false,
    "einstein_solver": false,
    "page_curve": false,
    "radiation_ordering": "0,1",
    "page_curve_timesteps": 10,
    "entropy_method": "basic",
    "num_shadows": 50,
    "shots_per_shadow": 500,
    "num_bases": 10,
    "shots_per_basis": 500,
    "enhanced_entanglement": false,
    "entanglement_strength": 0.47764075474272755,
    "interpolate_geometry": false,
    "smooth_charge_injection": false,
    "min_qubits_for_continuum": 10,
    "benchmark_against_classical_geometry": false,
    "geometry_fit_metric": "wasserstein,kl,euclidean",
    "verify_noise_robustness": false,
    "run_on_multiple_backends": false,
    "detect_and_flag_causal_loops": false,
    "restrict_information_flow_direction": "forward",
    "filter_noncausal_edges": false,
    "use_ryu_takayanagi_test": false,
    "compare_MI_vs_subsystem_entropy": false,
    "embed_boundary_entropy_in_geometry": false,
    "entropy_engineering": true,
    "target_entropy_pattern": "page_curve",
    "custom_target_entropies": null,
    "entropy_optimization_iterations": 20,
    "entropy_tolerance": 0.1,
    "continue_on_engineering_failure": false,
    "validate_engineered_geometry": false
  },
  "uid": "8WQO1P",
  "counts_per_timestep": [
    null,
    null,
    null
  ],
  "job_ids_per_timestep": [
    null,
    null,
    null
  ],
  "entropy_per_timestep": [
    null,
    null,
    null
  ],
  "mutual_information_per_timestep": [
    {
      "I_0,1": 0.06969730525759693,
      "I_0,2": 0.07382591665926455,
      "I_0,3": 0.07125081330896506,
      "I_1,2": 0.07126350299301669,
      "I_1,3": 0.07249148863098195,
      "I_2,3": 0.07599809649434439
    },
    {
      "I_0,1": 0.1571735767776929,
      "I_0,2": 0.16287505728018364,
      "I_0,3": 0.18105820556418456,
      "I_1,2": 0.18816635360013828,
      "I_1,3": 0.20586940445378527,
      "I_2,3": 0.2412774088563291
    },
    {
      "I_0,1": 0.2148132000488081,
      "I_0,2": 0.25469748195890474,
      "I_0,3": 0.3010280527413275,
      "I_1,2": 0.30145521262911623,
      "I_1,3": 0.35258436523787606,
      "I_2,3": 0.39040186986553027
    }
  ],
  "boundary_entropies_per_timestep": [
    {
      "entropy_A": 0.09923887460971359,
      "entropy_B": 0.09923887460971068,
      "mi_AB": 0.1984777492194205,
      "pure_state_check": true,
      "entropy_difference": 2.914335439641036e-15,
      "multiple_regions": {
        "size_1_region_0": {
          "region": [
            0
          ],
          "entropy": 0.09675569300547869,
          "rt_area": 3,
          "size": 1
        },
        "size_1_region_1": {
          "region": [
            1
          ],
          "entropy": 0.09609482383336462,
          "rt_area": 3,
          "size": 1
        },
        "size_1_region_2": {
          "region": [
            2
          ],
          "entropy": 0.09991243346587621,
          "rt_area": 3,
          "size": 1
        },
        "size_2_region_0": {
          "region": [
            0,
            1
          ],
          "entropy": 0.12315321158124476,
          "rt_area": 4,
          "size": 2
        },
        "size_2_region_1": {
          "region": [
            0,
            2
          ],
          "entropy": 0.12284220981209018,
          "rt_area": 4,
          "size": 2
        },
        "size_2_region_2": {
          "region": [
            0,
            3
          ],
          "entropy": 0.12474375430622388,
          "rt_area": 4,
          "size": 2
        },
        "size_3_region_0": {
          "region": [
            0,
            1,
            2
          ],
          "entropy": 0.09923887460971359,
          "rt_area": 3,
          "size": 3
        },
        "size_3_region_1": {
          "region": [
            0,
            1,
            3
          ],
          "entropy": 0.09991243346588002,
          "rt_area": 3,
          "size": 3
        },
        "size_3_region_2": {
          "region": [
            0,
            2,
            3
          ],
          "entropy": 0.0960948238333647,
          "rt_area": 3,
          "size": 3
        }
      }
    },
    {
      "entropy_A": 0.2827813794105731,
      "entropy_B": 0.2827813794105696,
      "mi_AB": 0.5655627588211374,
      "pure_state_check": true,
      "entropy_difference": 3.497202527569243e-15,
      "multiple_regions": {
        "size_1_region_0": {
          "region": [
            0
          ],
          "entropy": 0.21923228978444945,
          "rt_area": 3,
          "size": 1
        },
        "size_1_region_1": {
          "region": [
            1
          ],
          "entropy": 0.2442835373892286,
          "rt_area": 3,
          "size": 1
        },
        "size_1_region_2": {
          "region": [
            2
          ],
          "entropy": 0.2648382798417446,
          "rt_area": 3,
          "size": 1
        },
        "size_2_region_0": {
          "region": [
            0,
            1
          ],
          "entropy": 0.3063422503959851,
          "rt_area": 4,
          "size": 2
        },
        "size_2_region_1": {
          "region": [
            0,
            2
          ],
          "entropy": 0.32119551234600985,
          "rt_area": 4,
          "size": 2
        },
        "size_2_region_2": {
          "region": [
            0,
            3
          ],
          "entropy": 0.32095546363083466,
          "rt_area": 4,
          "size": 2
        },
        "size_3_region_0": {
          "region": [
            0,
            1,
            2
          ],
          "entropy": 0.2827813794105731,
          "rt_area": 3,
          "size": 3
        },
        "size_3_region_1": {
          "region": [
            0,
            1,
            3
          ],
          "entropy": 0.2648382798417461,
          "rt_area": 3,
          "size": 3
        },
        "size_3_region_2": {
          "region": [
            0,
            2,
            3
          ],
          "entropy": 0.24428353738923073,
          "rt_area": 3,
          "size": 3
        }
      }
    },
    {
      "entropy_A": 0.4822646892234091,
      "entropy_B": 0.4822646892234056,
      "mi_AB": 0.9645293784468094,
      "pure_state_check": true,
      "entropy_difference": 3.497202527569243e-15,
      "multiple_regions": {
        "size_1_region_0": {
          "region": [
            0
          ],
          "entropy": 0.3455269126755597,
          "rt_area": 3,
          "size": 1
        },
        "size_1_region_1": {
          "region": [
            1
          ],
          "entropy": 0.3946839342589404,
          "rt_area": 3,
          "size": 1
        },
        "size_1_region_2": {
          "region": [
            2
          ],
          "entropy": 0.4335348275278144,
          "rt_area": 3,
          "size": 1
        },
        "size_2_region_0": {
          "region": [
            0,
            1
          ],
          "entropy": 0.5253976468856918,
          "rt_area": 4,
          "size": 2
        },
        "size_2_region_1": {
          "region": [
            0,
            2
          ],
          "entropy": 0.5243642582444694,
          "rt_area": 4,
          "size": 2
        },
        "size_2_region_2": {
          "region": [
            0,
            3
          ],
          "entropy": 0.5267635491576382,
          "rt_area": 4,
          "size": 2
        },
        "size_3_region_0": {
          "region": [
            0,
            1,
            2
          ],
          "entropy": 0.4822646892234091,
          "rt_area": 3,
          "size": 3
        },
        "size_3_region_1": {
          "region": [
            0,
            1,
            3
          ],
          "entropy": 0.4335348275278188,
          "rt_area": 3,
          "size": 3
        },
        "size_3_region_2": {
          "region": [
            0,
            2,
            3
          ],
          "entropy": 0.3946839342589429,
          "rt_area": 3,
          "size": 3
        }
      }
    }
  ],
  "distance_matrix_per_timestep": [
    [
      [
        0.0,
        2.663593623977445,
        2.606045434778176,
        2.6415490450358585
      ],
      [
        2.663593623977445,
        0.0,
        2.641370962097745,
        5.218417947234258
      ],
      [
        2.606045434778176,
        2.641370962097745,
        0.0,
        2.577046985136513
      ],
      [
        2.6415490450358585,
        5.218417947234258,
        2.577046985136513,
        0.0
      ]
    ],
    [
      [
        0.0,
        1.8504044997710736,
        1.8147718918553255,
        1.7089367217086613
      ],
      [
        1.8504044997710736,
        0.0,
        1.6704288478344298,
        3.092236781211102
      ],
      [
        1.8147718918553255,
        1.6704288478344298,
        0.0,
        1.421807933376672
      ],
      [
        1.7089367217086613,
        3.092236781211102,
        1.421807933376672,
        0.0
      ]
    ],
    [
      [
        0.0,
        1.5379864654943776,
        1.3676787833475008,
        1.2005518200997984
      ],
      [
        1.5379864654943776,
        0.0,
        1.1991338223431274,
        2.139712457183222
      ],
      [
        1.3676787833475008,
        1.1991338223431274,
        0.0,
        0.9405786348400943
      ],
      [
        1.2005518200997984,
        2.139712457183222,
        0.9405786348400943,
        0.0
      ]
    ]
  ],
  "edge_mi": {
    "0,1": 0.2148132000488081,
    "0,3": 0.3010280527413275,
    "0,2": 0.25469748195890474,
    "1,2": 0.30145521262911623,
    "2,3": 0.39040186986553027
  },
  "distance_matrix": [
    [
      0.0,
      1.5379864654943776,
      1.3676787833475008,
      1.2005518200997984
    ],
    [
      1.5379864654943776,
      0.0,
      1.1991338223431274,
      1.0424653513574695
    ],
    [
      1.3676787833475008,
      1.1991338223431274,
      0.0,
      0.9405786348400943
    ],
    [
      1.2005518200997984,
      1.0424653513574695,
      0.9405786348400943,
      0.0
    ]
  ],
  "shortest_paths": {
    "0": {
      "0": 0,
      "3": 1.2005518200997984,
      "2": 1.3676787833475008,
      "1": 1.5379864654943776
    },
    "1": {
      "1": 0,
      "3": 1.0424653513574695,
      "2": 1.1991338223431274,
      "0": 1.5379864654943776
    },
    "2": {
      "2": 0,
      "3": 0.9405786348400943,
      "1": 1.1991338223431274,
      "0": 1.3676787833475008
    },
    "3": {
      "3": 0,
      "2": 0.9405786348400943,
      "1": 1.0424653513574695,
      "0": 1.2005518200997984
    }
  },
  "gromov_delta": 0.8532657132493756,
  "mean_distance": 0.911049359685296,
  "angle_sums": [
    4.178663834793188,
    3.931144194859649,
    3.8145750554907663,
    3.692711878436235
  ],
  "mean_angle_sum": 3.9042737408949595,
  "min_angle_sum": 3.692711878436235,
  "max_angle_sum": 4.178663834793188,
  "angle_sum_deviations": [
    1.0370711812033946,
    0.7895515412698559,
    0.6729824019009731,
    0.5511192248464418
  ],
  "triangle_inequality_violations": [],
  "embedding_coords": null,
  "edge_weight_variance": 3.990250000000001e-05,
  "event_nodes": [
    [
      0,
      0
    ],
    [
      1,
      0
    ],
    [
      2,
      0
    ],
    [
      3,
      0
    ],
    [
      0,
      1
    ],
    [
      1,
      1
    ],
    [
      2,
      1
    ],
    [
      3,
      1
    ],
    [
      0,
      2
    ],
    [
      1,
      2
    ],
    [
      2,
      2
    ],
    [
      3,
      2
    ]
  ],
  "event_edges": [
    {
      "type": "spatial",
      "from": [
        0,
        0
      ],
      "to": [
        1,
        0
      ],
      "weight": 2.663593623977445
    },
    {
      "type": "spatial",
      "from": [
        0,
        0
      ],
      "to": [
        2,
        0
      ],
      "weight": 2.606045434778176
    },
    {
      "type": "spatial",
      "from": [
        0,
        0
      ],
      "to": [
        3,
        0
      ],
      "weight": 2.6415490450358585
    },
    {
      "type": "spatial",
      "from": [
        1,
        0
      ],
      "to": [
        2,
        0
      ],
      "weight": 2.641370962097745
    },
    {
      "type": "spatial",
      "from": [
        1,
        0
      ],
      "to": [
        3,
        0
      ],
      "weight": 5.218417947234258
    },
    {
      "type": "spatial",
      "from": [
        2,
        0
      ],
      "to": [
        3,
        0
      ],
      "weight": 2.577046985136513
    },
    {
      "type": "temporal",
      "from": [
        0,
        0
      ],
      "to": [
        0,
        1
      ],
      "weight": 1.0
    },
    {
      "type": "temporal",
      "from": [
        1,
        0
      ],
      "to": [
        1,
        1
      ],
      "weight": 1.0
    },
    {
      "type": "temporal",
      "from": [
        2,
        0
      ],
      "to": [
        2,
        1
      ],
      "weight": 1.0
    },
    {
      "type": "temporal",
      "from": [
        3,
        0
      ],
      "to": [
        3,
        1
      ],
      "weight": 1.0
    },
    {
      "type": "spatial",
      "from": [
        0,
        1
      ],
      "to": [
        1,
        1
      ],
      "weight": 1.8504044997710736
    },
    {
      "type": "spatial",
      "from": [
        0,
        1
      ],
      "to": [
        2,
        1
      ],
      "weight": 1.8147718918553255
    },
    {
      "type": "spatial",
      "from": [
        0,
        1
      ],
      "to": [
        3,
        1
      ],
      "weight": 1.7089367217086613
    },
    {
      "type": "spatial",
      "from": [
        1,
        1
      ],
      "to": [
        2,
        1
      ],
      "weight": 1.6704288478344298
    },
    {
      "type": "spatial",
      "from": [
        1,
        1
      ],
      "to": [
        3,
        1
      ],
      "weight": 3.092236781211102
    },
    {
      "type": "spatial",
      "from": [
        2,
        1
      ],
      "to": [
        3,
        1
      ],
      "weight": 1.421807933376672
    },
    {
      "type": "temporal",
      "from": [
        0,
        1
      ],
      "to": [
        0,
        2
      ],
      "weight": 1.0
    },
    {
      "type": "temporal",
      "from": [
        1,
        1
      ],
      "to": [
        1,
        2
      ],
      "weight": 1.0
    },
    {
      "type": "temporal",
      "from": [
        2,
        1
      ],
      "to": [
        2,
        2
      ],
      "weight": 1.0
    },
    {
      "type": "temporal",
      "from": [
        3,
        1
      ],
      "to": [
        3,
        2
      ],
      "weight": 1.0
    },
    {
      "type": "spatial",
      "from": [
        0,
        2
      ],
      "to": [
        1,
        2
      ],
      "weight": 1.5379864654943776
    },
    {
      "type": "spatial",
      "from": [
        0,
        2
      ],
      "to": [
        2,
        2
      ],
      "weight": 1.3676787833475008
    },
    {
      "type": "spatial",
      "from": [
        0,
        2
      ],
      "to": [
        3,
        2
      ],
      "weight": 1.2005518200997984
    },
    {
      "type": "spatial",
      "from": [
        1,
        2
      ],
      "to": [
        2,
        2
      ],
      "weight": 1.1991338223431274
    },
    {
      "type": "spatial",
      "from": [
        1,
        2
      ],
      "to": [
        3,
        2
      ],
      "weight": 2.139712457183222
    },
    {
      "type": "spatial",
      "from": [
        2,
        2
      ],
      "to": [
        3,
        2
      ],
      "weight": 0.9405786348400943
    }
  ],
  "lorentzian_dissimilarity": [
    [
      0.0,
      7.0947309936932985,
      6.791472808128173,
      6.977781357329856,
      -1.0,
      6.0947309936932985,
      5.791472808128173,
      5.977781357329856,
      -4.0,
      3.0947309936932985,
      2.791472808128173,
      2.9777813573298557
    ],
    [
      7.0947309936932985,
      0.0,
      6.976840559413166,
      27.231885872016605,
      6.0947309936932985,
      -1.0,
      5.976840559413166,
      26.231885872016605,
      3.0947309936932985,
      -4.0,
      2.9768405594131657,
      23.231885872016605
    ],
    [
      6.791472808128173,
      6.976840559413166,
      0.0,
      6.641171163601191,
      5.791472808128173,
      5.976840559413166,
      -1.0,
      5.641171163601191,
      2.791472808128173,
      2.9768405594131657,
      -4.0,
      2.641171163601191
    ],
    [
      6.977781357329856,
      27.231885872016605,
      6.641171163601191,
      0.0,
      5.977781357329856,
      26.231885872016605,
      5.641171163601191,
      -1.0,
      2.9777813573298557,
      23.231885872016605,
      2.641171163601191,
      -4.0
    ],
    [
      -1.0,
      6.0947309936932985,
      5.791472808128173,
      5.977781357329856,
      0.0,
      3.423996812773037,
      3.2933970194681574,
      2.9204647188043467,
      -1.0,
      2.423996812773037,
      2.2933970194681574,
      1.9204647188043467
    ],
    [
      6.0947309936932985,
      -1.0,
      5.976840559413166,
      26.231885872016605,
      3.423996812773037,
      0.0,
      2.7903325356774604,
      9.561928311074796,
      2.423996812773037,
      -1.0,
      1.7903325356774604,
      8.561928311074796
    ],
    [
      5.791472808128173,
      5.976840559413166,
      -1.0,
      5.641171163601191,
      3.2933970194681574,
      2.7903325356774604,
      0.0,
      2.021537799412843,
      2.2933970194681574,
      1.7903325356774604,
      -1.0,
      1.021537799412843
    ],
    [
      5.977781357329856,
      26.231885872016605,
      5.641171163601191,
      -1.0,
      2.9204647188043467,
      9.561928311074796,
      2.021537799412843,
      0.0,
      1.9204647188043467,
      8.561928311074796,
      1.021537799412843,
      -1.0
    ],
    [
      -4.0,
      3.0947309936932985,
      2.791472808128173,
      2.9777813573298557,
      -1.0,
      2.423996812773037,
      2.2933970194681574,
      1.9204647188043467,
      0.0,
      2.3654023680438883,
      1.8705452544189,
      1.4413246727449387
    ],
    [
      3.0947309936932985,
      -4.0,
      2.9768405594131657,
      23.231885872016605,
      2.423996812773037,
      -1.0,
      1.7903325356774604,
      8.561928311074796,
      2.3654023680438883,
      0.0,
      1.437921923887239,
      4.5783693994250605
    ],
    [
      2.791472808128173,
      2.9768405594131657,
      -4.0,
      2.641171163601191,
      2.2933970194681574,
      1.7903325356774604,
      -1.0,
      1.021537799412843,
      1.8705452544189,
      1.437921923887239,
      0.0,
      0.8846881683176554
    ],
    [
      2.9777813573298557,
      23.231885872016605,
      2.641171163601191,
      -4.0,
      1.9204647188043467,
      8.561928311074796,
      1.021537799412843,
      -1.0,
      1.4413246727449387,
      4.5783693994250605,
      0.8846881683176554,
      0.0
    ]
  ],
  "lorentzian_embedding": [
    [
      0.0,
      0.0,
      0.0
    ],
    [
      0.0,
      0.0,
      0.0
    ],
    [
      0.0,
      0.0,
      0.0
    ],
    [
      0.0,
      0.0,
      0.0
    ],
    [
      0.0,
      0.0,
      0.0
    ],
    [
      0.0,
      0.0,
      0.0
    ],
    [
      0.0,
      0.0,
      0.0
    ],
    [
      0.0,
      0.0,
      0.0
    ],
    [
      0.0,
      0.0,
      0.0
    ],
    [
      0.0,
      0.0,
      0.0
    ],
    [
      0.0,
      0.0,
      0.0
    ],
    [
      0.0,
      0.0,
      0.0
    ]
  ],
  "edge_length_evolution": [],
  "angle_deficit_evolution": [],
  "regge_action_evolution": [],
  "gromov_delta_evolution": [],
  "mass_hinge": null,
  "mass_value": 0.0,
  "matter": {
    "(0, 1)": 0.0,
    "(1, 2)": 0.0,
    "(0, 3)": 0.0,
    "(2, 3)": 0.0,
    "(0, 2)": 0.0,
    "(1, 3)": 0.0
  },
  "stationary_solution": null,
  "einstein_analysis_per_timestep": [
    null,
    null,
    null
  ],
  "bootstrap_analysis": {
    "gromov_delta": {
      "mean": 1.8501244537403583,
      "lower_ci": 1.3825253168040768,
      "upper_ci": 2.641370962097745,
      "all_values": [
        2.641370962097745,
        1.6704288478344296,
        1.2385735512889005
      ],
      "uncertainty": 0.7912465083573865
    },
    "entropy": {
      "mean": null,
      "lower_ci": null,
      "upper_ci": null,
      "uncertainty": null
    },
    "distance_matrix": {
      "mean": [
        [
          0.0,
          2.0173281964142986,
          1.9294987033270008,
          1.8503458622814393
        ],
        [
          2.0173281964142986,
          0.0,
          1.8369778774251007,
          3.483455728542861
        ],
        [
          1.9294987033270008,
          1.8369778774251007,
          0.0,
          1.64647785111776
        ],
        [
          1.8503458622814393,
          3.483455728542861,
          1.64647785111776,
          0.0
        ]
      ],
      "lower_ci": [
        [
          0.0,
          1.5874526542548546,
          1.4384685255279068,
          1.2005518200997984
        ],
        [
          1.5379864654943776,
          0.0,
          1.3562321641735615,
          2.290528808487637
        ],
        [
          1.367678783347501,
          1.1991338223431274,
          0.0,
          1.0167732737750528
        ],
        [
          1.2810460961878687,
          2.139712457183222,
          1.1009884010189535,
          0.0
        ]
      ],
      "upper_ci": [
        [
          0.0,
          2.663593623977445,
          2.606045434778176,
          2.4938854271757163
        ],
        [
          2.392530582575321,
          0.0,
          2.641370962097745,
          5.218417947234258
        ],
        [
          2.4807604571487225,
          2.641370962097745,
          0.0,
          2.577046985136513
        ],
        [
          2.4938854271757163,
          5.218417947234258,
          2.191967301216566,
          0.0
        ]
      ]
    }
  },
  "topology_compatibility": {
    "current_topology": "triangulated",
    "explanation": "Triangulated topology is specifically designed for angle-sum curvature. Creates multiple triangles per vertex, enabling robust local curvature measurements. Each vertex has multiple incident triangles for well-defined angle sums.",
    "supports_local_curvature": true
  },
  "rt_surface_analysis": {
    "region_A": [
      0
    ],
    "region_B": [
      1,
      2,
      3
    ],
    "bulk_point": 2,
    "is_complementary": true,
    "rt_area_AB": 4.106217068941677,
    "rt_area_BA": 4.106217068941677,
    "area_consistent": true,
    "edges_consistent": true,
    "area_difference": 0.0,
    "rt_edges_AB": [
      [
        0,
        1
      ],
      [
        0,
        2
      ],
      [
        0,
        3
      ]
    ],
    "rt_edges_BA": [
      [
        0,
        1
      ],
      [
        0,
        2
      ],
      [
        0,
        3
      ]
    ],
    "edge_lengths": [
      1.5379864654943776,
      1.3676787833475008,
      1.2005518200997984,
      1.1991338223431274,
      2.139712457183222,
      0.9405786348400943
    ],
    "all_edges": [
      [
        0,
        1
      ],
      [
        0,
        2
      ],
      [
        0,
        3
      ],
      [
        1,
        2
      ],
      [
        1,
        3
      ],
      [
        2,
        3
      ]
    ]
  },
  "bulk_excitation_analysis": null,
  "page_curve_analysis": null,
  "einstein_analysis": null,
  "dynamic_evidence": {
    "angle_sums_per_timestep": [
      [
        9.42477796076938,
        3.141592653589793,
        9.42477796076938,
        0.0
      ],
      [
        5.492524683333558,
        9.42477796076938,
        4.926310826445732,
        0.0
      ],
      [
        4.178663834793188,
        4.582844342004099,
        3.8145750554907663,
        0.0
      ]
    ],
    "gromov_delta_per_timestep": [
      2.641370962097745,
      1.6704288478344296,
      1.2385735512889005
    ],
    "edge_mi_per_timestep": [
      {
        "0,1": 0.06969730525759693,
        "0,3": 0.07125081330896506,
        "0,2": 0.07382591665926455,
        "1,2": 0.07126350299301669,
        "2,3": 0.07599809649434439
      },
      {
        "0,1": 0.1571735767776929,
        "0,3": 0.18105820556418456,
        "0,2": 0.16287505728018364,
        "1,2": 0.18816635360013828,
        "2,3": 0.2412774088563291
      },
      {
        "0,1": 0.2148132000488081,
        "0,3": 0.3010280527413275,
        "0,2": 0.25469748195890474,
        "1,2": 0.30145521262911623,
        "2,3": 0.39040186986553027
      }
    ],
    "shortest_paths_per_timestep": [
      {
        "0": {
          "0": 0,
          "2": 2.606045434778176,
          "3": 2.6415490450358585,
          "1": 2.663593623977445
        },
        "1": {
          "1": 0,
          "2": 2.641370962097745,
          "0": 2.663593623977445,
          "3": 5.218417947234258
        },
        "2": {
          "2": 0,
          "3": 2.577046985136513,
          "0": 2.606045434778176,
          "1": 2.641370962097745
        },
        "3": {
          "3": 0,
          "2": 2.577046985136513,
          "0": 2.6415490450358585,
          "1": 5.218417947234258
        }
      },
      {
        "0": {
          "0": 0,
          "3": 1.7089367217086613,
          "2": 1.8147718918553255,
          "1": 1.8504044997710736
        },
        "1": {
          "1": 0,
          "2": 1.6704288478344298,
          "0": 1.8504044997710736,
          "3": 3.092236781211102
        },
        "2": {
          "2": 0,
          "3": 1.421807933376672,
          "1": 1.6704288478344298,
          "0": 1.8147718918553255
        },
        "3": {
          "3": 0,
          "2": 1.421807933376672,
          "0": 1.7089367217086613,
          "1": 3.092236781211102
        }
      },
      {
        "0": {
          "0": 0,
          "3": 1.2005518200997984,
          "2": 1.3676787833475008,
          "1": 1.5379864654943776
        },
        "1": {
          "1": 0,
          "2": 1.1991338223431274,
          "0": 1.5379864654943776,
          "3": 2.139712457183222
        },
        "2": {
          "2": 0,
          "3": 0.9405786348400943,
          "1": 1.1991338223431274,
          "0": 1.3676787833475008
        },
        "3": {
          "3": 0,
          "2": 0.9405786348400943,
          "0": 1.2005518200997984,
          "1": 2.139712457183222
        }
      }
    ],
    "mean_distance_per_timestep": [
      2.2935029997824996,
      1.4448233344696582,
      1.048205247913515
    ],
    "triangle_violations_per_timestep": [
      0,
      0,
      0
    ],
    "embedding_coords_per_timestep": [
      [
        [
          0.04061733063877463,
          0.3011020855896453
        ],
        [
          -0.04236847858466448,
          -0.1906382807951509
        ],
        [
          0.3158645941317961,
          -0.12737188465157875
        ],
        [
          -0.3141134461859062,
          0.016908079857084382
        ]
      ],
      [
        [
          0.3928480553622802,
          0.5064811719698358
        ],
        [
          -0.4214940096880132,
          0.000915444845878531
        ],
        [
          0.46122728868008356,
          -0.4624521245723736
        ],
        [
          -0.4325813343543505,
          -0.04494449224334068
        ]
      ],
      [
        [
          0.41719969481285885,
          0.4565077237763203
        ],
        [
          -0.46922782522033607,
          0.32235155533540366
        ],
        [
          0.35970503149441907,
          -0.412744014744501
        ],
        [
          -0.3076769010869419,
          -0.366115264367223
        ]
      ]
    ],
    "regge_evolution_data": null,
    "evolution_summary": {
      "total_timesteps": 3,
      "gromov_delta_range": [
        1.2385735512889005,
        2.641370962097745
      ],
      "mean_distance_range": [
        1.048205247913515,
        2.2935029997824996
      ],
      "total_triangle_violations": 0,
      "hyperbolic_evolution": [
        false,
        false,
        false
      ],
      "regge_corrected": false
    }
  }
}