{
  "spec": {
    "num_qubits": 4,
    "topology": "triangulated",
    "custom_edges": "0-1:0.7957,0-2:0.6099,0-3:0.8399,1-2:1.0000,1-3:0.5818,2-3:0.5818",
    "alpha": 0.8,
    "weight": 0.6503377627698348,
    "gamma": 0.45908867421828986,
    "sigma": 0.23704412639602868,
    "init_angle": 0.9189411865619788,
    "init_angles": null,
    "shots": 100,
    "device": "simulator",
    "geometry": "spherical",
    "curvature": 4.5,
    "timesteps": 2,
    "dimension": 2,
    "mass_hinge": null,
    "mass_value": 0.0,
    "solve_regge": false,
    "lorentzian": true,
    "excite": true,
    "fast": false,
    "fast_preset": "balanced",
    "ctc_mode": false,
    "ctc_perturbation": null,
    "ctc_perturbation_strength": 1.0,
    "test_ctc_recovery": false,
    "strong_curvature": true,
    "charge_injection": true,
    "charge_strength": 2.5,
    "charge_location": null,
    "spin_injection": true,
    "spin_strength": 2.0,
    "spin_location": null,
    "edge_floor": 0.001,
    "compute_entropies": true,
    "hyperbolic_triangulation": true,
    "trotter_steps": 8,
    "dt": 0.05,
    "analyze_curvature": true,
    "einstein_solver": true,
    "page_curve": true,
    "radiation_ordering": null,
    "page_curve_timesteps": 15,
    "entropy_method": "hybrid",
    "num_shadows": 100,
    "shots_per_shadow": 1000,
    "num_bases": 20,
    "shots_per_basis": 1000,
    "enhanced_entanglement": false,
    "entanglement_strength": 0.9412304687421476,
    "interpolate_geometry": false,
    "smooth_charge_injection": false,
    "min_qubits_for_continuum": 10,
    "benchmark_against_classical_geometry": false,
    "geometry_fit_metric": "wasserstein,kl,euclidean",
    "verify_noise_robustness": false,
    "run_on_multiple_backends": false,
    "detect_and_flag_causal_loops": true,
    "restrict_information_flow_direction": "bidirectional",
    "filter_noncausal_edges": true,
    "use_ryu_takayanagi_test": true,
    "compare_MI_vs_subsystem_entropy": true,
    "embed_boundary_entropy_in_geometry": true,
    "entropy_engineering": true,
    "target_entropy_pattern": "quantum_gravity",
    "custom_target_entropies": null,
    "entropy_optimization_iterations": 200,
    "entropy_tolerance": 0.05,
    "continue_on_engineering_failure": true,
    "skip_entropy_engineering": false,
    "validate_engineered_geometry": true,
    "enhance_bell_violations": true,
    "bell_entanglement_strength": 4.0,
    "teleportation_circuits": true,
    "long_range_coupling": 3.0,
    "holographic_optimization": true,
    "rt_surface_encoding": true,
    "conformal_symmetry": true,
    "bulk_reconstruction": true,
    "scalable_entanglement": true,
    "parallel_execution": true,
    "memory_optimization": true,
    "circuit_compilation": "optimized",
    "real_hardware": false,
    "error_mitigation": true,
    "zero_noise_extrapolation": true,
    "zne_noise_factors": [
      1.0,
      2.0,
      3.0
    ],
    "zne_extrapolation_method": "polynomial",
    "hardware_calibration": true,
    "noise_characterization": true,
    "backend_name": "ibm_brisbane",
    "quantum_mode": true,
    "quantum_entanglement_strength": 5.0,
    "quantum_circuit_depth": 12,
    "geometric_teleportation": false,
    "teleportation_mode": "both",
    "bridge_strength": 1.0,
    "signal_state": "+",
    "emergent_geometry_teleportation": false,
    "teleportation_node_pairs": "auto",
    "teleportation_embedding_dim": 2,
    "teleportation_fidelity_threshold": 0.7,
    "superposition_gravity": true,
    "massive_bulk_mass_hinge": "2",
    "massive_bulk_mass_value": 1.0,
    "massless_bulk_mass_hinge": "None",
    "massless_bulk_mass_value": 0.0,
    "superposition_control_qubit": 0,
    "superposition_phase": 0.0,
    "interference_analysis": true,
    "classical_mixture_comparison": true,
    "coherence_preservation": true,
    "bulk_reconstruction_method": "mi_embedding"
  },
  "uid": "CCQ42N",
  "counts_per_timestep": [
    null,
    null
  ],
  "job_ids_per_timestep": [
    null,
    null
  ],
  "entropy_per_timestep": [
    null,
    null
  ],
  "mutual_information_per_timestep": [
    {
      "I_0,1": 0.3311951894013656,
      "I_0,2": 0.4131450225630757,
      "I_0,3": 0.33119518940136516,
      "I_1,2": 0.3311951894013664,
      "I_1,3": 0.19039427886929006,
      "I_2,3": 0.33119518940136605
    },
    {
      "I_0,1": 0.5024332249475638,
      "I_0,2": 0.6623088944361435,
      "I_0,3": 0.5024332249475634,
      "I_1,2": 0.5024332249475634,
      "I_1,3": 0.5367607056035752,
      "I_2,3": 0.5024332249475638
    }
  ],
  "boundary_entropies_per_timestep": [
    {
      "entropy_A": 0.42746451951918957,
      "entropy_B": 0.4274645195191891,
      "mi_AB": 0.8549290390383676,
      "pure_state_check": true,
      "entropy_difference": 4.440892098500626e-16,
      "multiple_regions": {
        "size_1_region_0": {
          "region": [
            0
          ],
          "entropy": 0.5388398913660839,
          "rt_area": 3,
          "size": 1
        },
        "size_1_region_1": {
          "region": [
            1
          ],
          "entropy": 0.4274645195191885,
          "rt_area": 3,
          "size": 1
        },
        "size_1_region_2": {
          "region": [
            2
          ],
          "entropy": 0.5388398913660843,
          "rt_area": 3,
          "size": 1
        },
        "size_2_region_0": {
          "region": [
            0,
            1
          ],
          "entropy": 0.6351092214839066,
          "rt_area": 4,
          "size": 2
        },
        "size_2_region_1": {
          "region": [
            0,
            2
          ],
          "entropy": 0.6645347601690921,
          "rt_area": 4,
          "size": 2
        },
        "size_2_region_2": {
          "region": [
            0,
            3
          ],
          "entropy": 0.6351092214839078,
          "rt_area": 4,
          "size": 2
        },
        "size_3_region_0": {
          "region": [
            0,
            1,
            2
          ],
          "entropy": 0.42746451951918957,
          "rt_area": 3,
          "size": 3
        },
        "size_3_region_1": {
          "region": [
            0,
            1,
            3
          ],
          "entropy": 0.5388398913660861,
          "rt_area": 3,
          "size": 3
        },
        "size_3_region_2": {
          "region": [
            0,
            2,
            3
          ],
          "entropy": 0.42746451951919523,
          "rt_area": 3,
          "size": 3
        }
      }
    },
    {
      "entropy_A": 0.9139602736348598,
      "entropy_B": 0.9139602736348569,
      "mi_AB": 1.8279205472696984,
      "pure_state_check": true,
      "entropy_difference": 2.886579864025407e-15,
      "multiple_regions": {
        "size_1_region_0": {
          "region": [
            0
          ],
          "entropy": 0.9767343680511411,
          "rt_area": 3,
          "size": 1
        },
        "size_1_region_1": {
          "region": [
            1
          ],
          "entropy": 0.9139602736348571,
          "rt_area": 3,
          "size": 1
        },
        "size_1_region_2": {
          "region": [
            2
          ],
          "entropy": 0.9767343680511411,
          "rt_area": 3,
          "size": 1
        },
        "size_2_region_0": {
          "region": [
            0,
            1
          ],
          "entropy": 1.3882614167384346,
          "rt_area": 4,
          "size": 2
        },
        "size_2_region_1": {
          "region": [
            0,
            2
          ],
          "entropy": 1.291159841666139,
          "rt_area": 4,
          "size": 2
        },
        "size_2_region_2": {
          "region": [
            0,
            3
          ],
          "entropy": 1.3882614167384346,
          "rt_area": 4,
          "size": 2
        },
        "size_3_region_0": {
          "region": [
            0,
            1,
            2
          ],
          "entropy": 0.9139602736348598,
          "rt_area": 3,
          "size": 3
        },
        "size_3_region_1": {
          "region": [
            0,
            1,
            3
          ],
          "entropy": 0.9767343680511423,
          "rt_area": 3,
          "size": 3
        },
        "size_3_region_2": {
          "region": [
            0,
            2,
            3
          ],
          "entropy": 0.9139602736348578,
          "rt_area": 3,
          "size": 3
        }
      }
    }
  ],
  "distance_matrix_per_timestep": [
    [
      [
        0.0,
        1.1050473813308486,
        0.8839566034372852,
        1.10504738133085
      ],
      [
        1.1050473813308486,
        0.0,
        1.1050473813308463,
        2.2100947626616936
      ],
      [
        0.8839566034372852,
        1.1050473813308463,
        0.0,
        1.1050473813308472
      ],
      [
        1.10504738133085,
        2.2100947626616936,
        1.1050473813308472,
        0.0
      ]
    ],
    [
      [
        0.0,
        0.6882925335554799,
        0.41202322396316526,
        0.6882925335554808
      ],
      [
        0.6882925335554799,
        0.0,
        0.6882925335554808,
        1.3765850671109607
      ],
      [
        0.41202322396316526,
        0.6882925335554808,
        0.0,
        0.6882925335554799
      ],
      [
        0.6882925335554808,
        1.3765850671109607,
        0.6882925335554799,
        0.0
      ]
    ]
  ],
  "edge_mi": {
    "0,1": 0.5024332249475638,
    "0,3": 0.5024332249475634,
    "0,2": 0.6623088944361435,
    "1,2": 0.5024332249475634,
    "2,3": 0.5024332249475638
  },
  "distance_matrix": [
    [
      0.0,
      0.6882925335554799,
      0.41202322396316526,
      0.6882925335554808
    ],
    [
      0.6882925335554799,
      0.0,
      0.6882925335554808,
      0.6222028971895927
    ],
    [
      0.41202322396316526,
      0.6882925335554808,
      0.0,
      0.6882925335554799
    ],
    [
      0.6882925335554808,
      0.6222028971895927,
      0.6882925335554799,
      0.0
    ]
  ],
  "shortest_paths": {
    "0": {
      "0": 0,
      "2": 0.41202322396316526,
      "1": 0.6882925335554799,
      "3": 0.6882925335554808
    },
    "1": {
      "1": 0,
      "3": 0.6222028971895927,
      "0": 0.6882925335554799,
      "2": 0.6882925335554808
    },
    "2": {
      "2": 0,
      "0": 0.41202322396316526,
      "3": 0.6882925335554799,
      "1": 0.6882925335554808
    },
    "3": {
      "3": 0,
      "1": 0.6222028971895927,
      "2": 0.6882925335554799,
      "0": 0.6882925335554808
    }
  },
  "gromov_delta": 0.48228092157389774,
  "mean_distance": 0.4734245319218349,
  "angle_sums": [
    3.917481217578172,
    4.298319971840411,
    3.917481217578172,
    4.298319971840412
  ],
  "mean_angle_sum": 4.107900594709292,
  "min_angle_sum": 3.917481217578172,
  "max_angle_sum": 4.298319971840412,
  "angle_sum_deviations": [
    0.7758885639883788,
    1.156727318250618,
    0.7758885639883788,
    1.1567273182506188
  ],
  "triangle_inequality_violations": [],
  "embedding_coords": [
    [
      0.19718888944653232,
      0.16025715322279815
    ],
    [
      -0.21229767883664322,
      0.19885529096862106
    ],
    [
      0.210348197185247,
      -0.14359081079412855
    ],
    [
      -0.19523940779513607,
      -0.2155216333972907
    ]
  ],
  "embedding_coords_3d": [
    [
      -0.23652076580092288,
      0.06918615067909982,
      0.07480697400422569
    ],
    [
      0.07327870635882072,
      0.06394574162194264,
      -0.27635896917507435
    ],
    [
      -0.05985211912643138,
      -0.24572045694767194,
      0.04862738084516661
    ],
    [
      0.22309417856853356,
      0.1125885646466295,
      0.15292461432568208
    ]
  ],
  "edge_weight_variance": 0.02458397583333333,
  "event_nodes": [
    [
      0,
      0
    ],
    [
      1,
      0
    ],
    [
      2,
      0
    ],
    [
      3,
      0
    ],
    [
      0,
      1
    ],
    [
      1,
      1
    ],
    [
      2,
      1
    ],
    [
      3,
      1
    ]
  ],
  "event_edges": [
    {
      "type": "spatial",
      "from": [
        0,
        0
      ],
      "to": [
        1,
        0
      ],
      "weight": 1.1050473813308486
    },
    {
      "type": "spatial",
      "from": [
        0,
        0
      ],
      "to": [
        2,
        0
      ],
      "weight": 0.8839566034372852
    },
    {
      "type": "spatial",
      "from": [
        0,
        0
      ],
      "to": [
        3,
        0
      ],
      "weight": 1.10504738133085
    },
    {
      "type": "spatial",
      "from": [
        1,
        0
      ],
      "to": [
        2,
        0
      ],
      "weight": 1.1050473813308463
    },
    {
      "type": "spatial",
      "from": [
        1,
        0
      ],
      "to": [
        3,
        0
      ],
      "weight": 2.2100947626616936
    },
    {
      "type": "spatial",
      "from": [
        2,
        0
      ],
      "to": [
        3,
        0
      ],
      "weight": 1.1050473813308472
    },
    {
      "type": "temporal",
      "from": [
        0,
        0
      ],
      "to": [
        0,
        1
      ],
      "weight": 1.0
    },
    {
      "type": "temporal",
      "from": [
        1,
        0
      ],
      "to": [
        1,
        1
      ],
      "weight": 1.0
    },
    {
      "type": "temporal",
      "from": [
        2,
        0
      ],
      "to": [
        2,
        1
      ],
      "weight": 1.0
    },
    {
      "type": "temporal",
      "from": [
        3,
        0
      ],
      "to": [
        3,
        1
      ],
      "weight": 1.0
    },
    {
      "type": "spatial",
      "from": [
        0,
        1
      ],
      "to": [
        1,
        1
      ],
      "weight": 0.6882925335554799
    },
    {
      "type": "spatial",
      "from": [
        0,
        1
      ],
      "to": [
        2,
        1
      ],
      "weight": 0.41202322396316526
    },
    {
      "type": "spatial",
      "from": [
        0,
        1
      ],
      "to": [
        3,
        1
      ],
      "weight": 0.6882925335554808
    },
    {
      "type": "spatial",
      "from": [
        1,
        1
      ],
      "to": [
        2,
        1
      ],
      "weight": 0.6882925335554808
    },
    {
      "type": "spatial",
      "from": [
        1,
        1
      ],
      "to": [
        3,
        1
      ],
      "weight": 1.3765850671109607
    },
    {
      "type": "spatial",
      "from": [
        2,
        1
      ],
      "to": [
        3,
        1
      ],
      "weight": 0.6882925335554799
    }
  ],
  "lorentzian_dissimilarity": [
    [
      0.0,
      1.2211297149861657,
      0.7813792767603819,
      1.2211297149861688,
      -1.0,
      0.22112971498616574,
      -0.21862072323961812,
      0.22112971498616885
    ],
    [
      1.2211297149861657,
      0.0,
      1.2211297149861609,
      4.884518859944648,
      0.22112971498616574,
      -1.0,
      0.22112971498616085,
      3.884518859944648
    ],
    [
      0.7813792767603819,
      1.2211297149861609,
      0.0,
      1.2211297149861629,
      -0.21862072323961812,
      0.22112971498616085,
      -1.0,
      0.22112971498616285
    ],
    [
      1.2211297149861688,
      4.884518859944648,
      1.2211297149861629,
      0.0,
      0.22112971498616885,
      3.884518859944648,
      0.22112971498616285,
      -1.0
    ],
    [
      -1.0,
      0.22112971498616574,
      -0.21862072323961812,
      0.22112971498616885,
      0.0,
      0.47374661174822147,
      0.16976313708500065,
      0.4737466117482227
    ],
    [
      0.22112971498616574,
      -1.0,
      0.22112971498616085,
      3.884518859944648,
      0.47374661174822147,
      0.0,
      0.4737466117482227,
      1.8949864469928883
    ],
    [
      -0.21862072323961812,
      0.22112971498616085,
      -1.0,
      0.22112971498616285,
      0.16976313708500065,
      0.4737466117482227,
      0.0,
      0.47374661174822147
    ],
    [
      0.22112971498616885,
      3.884518859944648,
      0.22112971498616285,
      -1.0,
      0.4737466117482227,
      1.8949864469928883,
      0.47374661174822147,
      0.0
    ]
  ],
  "lorentzian_embedding": [
    [
      -0.24195243353258153,
      0.6420181207152824,
      0.14220541210374033
    ],
    [
      0.008202566583107699,
      -0.5262455212580305,
      -0.22099555271658056
    ],
    [
      0.312861900555401,
      0.5561894519985501,
      -0.8171481469390958
    ],
    [
      -0.17060085390138677,
      1.7486062532883822,
      -0.3211446884689114
    ],
    [
      1.0162762916344084,
      0.5074822627054579,
      -0.6669500773922487
    ],
    [
      0.8953951912695604,
      -0.2848194473172167,
      -0.7557457312780468
    ],
    [
      1.4104436151966782,
      0.44650458357732936,
      -1.348564350900376
    ],
    [
      0.7693703418104958,
      1.317783603512763,
      -0.8262436570341465
    ]
  ],
  "edge_length_evolution": [],
  "angle_deficit_evolution": [],
  "regge_action_evolution": [],
  "gromov_delta_evolution": [],
  "mass_hinge": null,
  "mass_value": 0.0,
  "matter": [
    {
      "(0, 1)": 0.0,
      "(1, 2)": 0.0,
      "(0, 3)": 0.0,
      "(2, 3)": 0.0,
      "(0, 2)": 0.0,
      "(1, 3)": 0.0
    },
    {
      "(0, 1)": 0.0,
      "(1, 2)": 0.0,
      "(0, 3)": 0.0,
      "(2, 3)": 0.0,
      "(0, 2)": 0.0,
      "(1, 3)": 0.0
    }
  ],
  "stationary_solution": null,
  "einstein_analysis_per_timestep": [
    {
      "ricci_tensor": [
        [
          0.1205200036898643,
          0.0
        ],
        [
          0.0,
          0.1205200036898643
        ]
      ],
      "metric_tensor": [
        [
          1.024104000737973,
          0.012052000368986432
        ],
        [
          0.012052000368986432,
          1.024104000737973
        ]
      ],
      "stress_energy_tensor": [
        [
          0.1205200036898643,
          0.002410400073797286
        ],
        [
          0.002410400073797286,
          0.1205200036898643
        ]
      ],
      "einstein_solution": {
        "einstein_tensor": [
          [
            0.0,
            0.0
          ],
          [
            0.0,
            0.0
          ]
        ],
        "ricci_scalar": 0.2410400073797286,
        "metric_tensor": [
          [
            1.0,
            0.0
          ],
          [
            0.0,
            1.0
          ]
        ],
        "lhs": [
          [
            0.0,
            0.0
          ],
          [
            0.0,
            0.0
          ]
        ],
        "rhs": [
          [
            0.1205200036898643,
            0.002410400073797286
          ],
          [
            0.002410400073797286,
            0.1205200036898643
          ]
        ],
        "equations_satisfied": false,
        "residual": 0.17047510855207376,
        "conservation_violation": 0.1205200036898643,
        "gravitational_constant": 0.039788735772973836,
        "cosmological_constant": 0.0
      },
      "entropy_first_derivative": 0.0,
      "entropy_second_derivative": 0.0,
      "entropy_curvature_correlation": 0.17044101875546172,
      "emergent_gravitational_constant": 0.01918135432869537,
      "average_mutual_information": 0.2410400073797286,
      "ricci_scalar": 0.2410400073797286,
      "analysis_summary": {
        "einstein_equations_satisfied": false,
        "residual_magnitude": 0.17047510855207376,
        "conservation_violation": 0.1205200036898643,
        "entropy_evolution_rate": 0.0,
        "entropy_acceleration": 0.0,
        "entanglement_curvature_coupling": 0.17044101875546172
      }
    },
    {
      "ricci_tensor": [
        [
          0.20055015623937333,
          0.0
        ],
        [
          0.0,
          0.20055015623937333
        ]
      ],
      "metric_tensor": [
        [
          1.0401100312478746,
          0.020055015623937335
        ],
        [
          0.020055015623937335,
          1.0401100312478746
        ]
      ],
      "stress_energy_tensor": [
        [
          0.20055015623937333,
          0.004011003124787467
        ],
        [
          0.004011003124787467,
          0.20055015623937333
        ]
      ],
      "einstein_solution": {
        "einstein_tensor": [
          [
            0.0,
            0.0
          ],
          [
            0.0,
            0.0
          ]
        ],
        "ricci_scalar": 0.40110031247874667,
        "metric_tensor": [
          [
            1.0,
            0.0
          ],
          [
            0.0,
            1.0
          ]
        ],
        "lhs": [
          [
            0.0,
            0.0
          ],
          [
            0.0,
            0.0
          ]
        ],
        "rhs": [
          [
            0.20055015623937333,
            0.004011003124787467
          ],
          [
            0.004011003124787467,
            0.20055015623937333
          ]
        ],
        "equations_satisfied": false,
        "residual": 0.2836774693686621,
        "conservation_violation": 0.20055015623937333,
        "gravitational_constant": 0.039788735772973836,
        "cosmological_constant": 0.0
      },
      "entropy_first_derivative": 0.0,
      "entropy_second_derivative": 0.0,
      "entropy_curvature_correlation": 0.28362074588976505,
      "emergent_gravitational_constant": 0.03191854870334818,
      "average_mutual_information": 0.40110031247874667,
      "ricci_scalar": 0.40110031247874667,
      "analysis_summary": {
        "einstein_equations_satisfied": false,
        "residual_magnitude": 0.2836774693686621,
        "conservation_violation": 0.20055015623937333,
        "entropy_evolution_rate": 0.0,
        "entropy_acceleration": 0.0,
        "entanglement_curvature_coupling": 0.28362074588976505
      }
    }
  ],
  "bootstrap_analysis": {
    "gromov_delta": {
      "mean": 0.8966699574431641,
      "lower_ci": 0.6882925335554808,
      "upper_ci": 1.1050473813308475,
      "all_values": [
        1.1050473813308475,
        0.6882925335554808
      ],
      "uncertainty": 0.20837742388768332
    },
    "entropy": {
      "mean": null,
      "lower_ci": null,
      "upper_ci": null,
      "uncertainty": null
    },
    "distance_matrix": {
      "mean": [
        [
          0.0,
          0.8966699574431642,
          0.6479899137002252,
          0.8966699574431654
        ],
        [
          0.8966699574431642,
          0.0,
          0.8966699574431636,
          1.7933399148863272
        ],
        [
          0.6479899137002252,
          0.8966699574431636,
          0.0,
          0.8966699574431636
        ],
        [
          0.8966699574431654,
          1.7933399148863272,
          0.8966699574431636,
          0.0
        ]
      ],
      "lower_ci": [
        [
          0.0,
          0.6882925335554799,
          0.41202322396316526,
          0.6882925335554808
        ],
        [
          0.6882925335554799,
          0.0,
          0.6882925335554808,
          1.3765850671109607
        ],
        [
          0.41202322396316526,
          0.6882925335554808,
          0.0,
          0.6882925335554799
        ],
        [
          0.6882925335554808,
          1.3765850671109607,
          0.6882925335554799,
          0.0
        ]
      ],
      "upper_ci": [
        [
          0.0,
          1.1050473813308486,
          0.8839566034372852,
          1.10504738133085
        ],
        [
          1.1050473813308486,
          0.0,
          1.1050473813308463,
          2.2100947626616936
        ],
        [
          0.8839566034372852,
          1.1050473813308463,
          0.0,
          1.1050473813308472
        ],
        [
          1.10504738133085,
          2.2100947626616936,
          1.1050473813308472,
          0.0
        ]
      ]
    }
  },
  "topology_compatibility": {
    "current_topology": "triangulated",
    "explanation": "Triangulated topology is specifically designed for angle-sum curvature. Creates multiple triangles per vertex, enabling robust local curvature measurements. Each vertex has multiple incident triangles for well-defined angle sums.",
    "supports_local_curvature": true
  },
  "rt_surface_analysis": {
    "region_A": [
      0
    ],
    "region_B": [
      1,
      2,
      3
    ],
    "bulk_point": 2,
    "is_complementary": true,
    "rt_area_AB": 1.788608291074126,
    "rt_area_BA": 1.788608291074126,
    "area_consistent": true,
    "edges_consistent": true,
    "area_difference": 0.0,
    "rt_edges_AB": [
      [
        0,
        1
      ],
      [
        0,
        2
      ],
      [
        0,
        3
      ]
    ],
    "rt_edges_BA": [
      [
        0,
        1
      ],
      [
        0,
        2
      ],
      [
        0,
        3
      ]
    ],
    "edge_lengths": [
      0.6882925335554799,
      0.41202322396316526,
      0.6882925335554808,
      0.6882925335554808,
      1.3765850671109607,
      0.6882925335554799
    ],
    "all_edges": [
      [
        0,
        1
      ],
      [
        0,
        2
      ],
      [
        0,
        3
      ],
      [
        1,
        2
      ],
      [
        1,
        3
      ],
      [
        2,
        3
      ]
    ]
  },
  "bulk_excitation_analysis": {
    "ground_state_mi": [
      [
        0.0,
        0.5024332249475636,
        0.6623088944361433,
        0.5024332249475634
      ],
      [
        0.5024332249475636,
        0.0,
        0.5024332249475634,
        0.5367607056035752
      ],
      [
        0.6623088944361433,
        0.5024332249475634,
        0.0,
        0.5024332249475638
      ],
      [
        0.5024332249475634,
        0.5367607056035752,
        0.5024332249475638,
        0.0
      ]
    ],
    "excited_state_mi": [
      [
        0.0,
        0.7617839876527812,
        0.554579994396126,
        0.7617839876527817
      ],
      [
        0.7617839876527812,
        0.0,
        0.6098075410980688,
        0.70633778883167
      ],
      [
        0.554579994396126,
        0.6098075410980688,
        0.0,
        0.6098075410980686
      ],
      [
        0.7617839876527817,
        0.70633778883167,
        0.6098075410980686,
        0.0
      ]
    ],
    "mi_difference": [
      [
        0.0,
        0.2593507627052176,
        -0.10772890004001723,
        0.2593507627052183
      ],
      [
        0.2593507627052176,
        0.0,
        0.10737431615050541,
        0.16957708322809473
      ],
      [
        -0.10772890004001723,
        0.10737431615050541,
        0.0,
        0.10737431615050474
      ],
      [
        0.2593507627052183,
        0.16957708322809473,
        0.10737431615050474,
        0.0
      ]
    ],
    "avg_mi_change": 0.12634451762244475,
    "max_mi_change": 0.2593507627052183,
    "mi_change_boundary_A": NaN,
    "mi_change_boundary_B": 0.12810857184303495,
    "bulk_point": 2,
    "ground_state_counts": {
      "1011 1011": 14,
      "0110 0110": 2,
      "1000 1000": 5,
      "1111 1111": 13,
      "0010 0010": 3,
      "1010 1010": 1,
      "1001 1001": 4,
      "1110 1110": 20,
      "0000 0000": 10,
      "0111 0111": 9,
      "1101 1101": 16,
      "1100 1100": 2,
      "0011 0011": 1
    },
    "excited_state_counts": {
      "0111 1011": 1,
      "1100 0110": 1,
      "0011 1111": 1,
      "1101 0111": 10,
      "1111 0111": 1,
      "0100 1110": 5,
      "0011 1101": 6,
      "1000 1010": 1,
      "1101 0011": 1,
      "0000 1110": 5,
      "1100 0010": 3,
      "0011 1011": 1,
      "1001 1111": 1,
      "0111 1101": 3,
      "0010 0000": 1,
      "1001 0001": 1,
      "1110 1110": 1,
      "1111 0101": 4,
      "0001 1011": 4,
      "1110 0000": 5,
      "0101 1111": 3,
      "0001 1111": 3,
      "1001 1011": 1,
      "0010 1000": 3,
      "0110 1000": 1,
      "1010 0100": 1,
      "1010 0000": 5,
      "1100 0000": 2,
      "0101 1011": 6,
      "1010 0110": 1,
      "1011 1101": 3,
      "0001 1101": 1,
      "1101 1111": 1,
      "0101 1101": 1,
      "0110 0100": 1,
      "0010 0110": 1,
      "0111 0101": 1,
      "1001 0111": 2,
      "0110 0000": 2,
      "0011 0101": 1,
      "0101 0111": 1,
      "1000 1110": 1,
      "1000 0000": 1,
      "1100 1000": 1
    },
    "boundary_entropies": {
      "ground_state": {
        "entropy_A": 0.9139602736348598,
        "entropy_B": 0.9139602736348569,
        "mi_AB": 1.8279205472696984
      },
      "excited_state": {
        "entropy_A": 0.9766250419915595,
        "entropy_B": 0.9766250419915572,
        "mi_AB": 1.9532500839831
      },
      "rt_relation_test": {
        "entropy_ratio": 0.9999999999999969,
        "rt_area_ratio": 1.0,
        "rt_deviation": 3.1086244689504383e-15,
        "excited_entropy_ratio": 0.9999999999999976,
        "rt_relation_change": 6.661338147750939e-16
      }
    }
  },
  "page_curve_analysis": null,
  "deutsch_ctc_analysis": null,
  "ctc_recovery_analysis": null,
  "einstein_analysis": null,
  "dynamic_evidence": {
    "angle_sums_per_timestep": [
      [
        9.42477796076938,
        3.141592653589793,
        9.42477796076938,
        0.0
      ],
      [
        3.917481217578172,
        0.0,
        3.917481217578172,
        0.0
      ]
    ],
    "gromov_delta_per_timestep": [
      1.1050473813308475,
      0.6882925335554808
    ],
    "edge_mi_per_timestep": [
      {
        "0,1": 0.3311951894013656,
        "0,3": 0.33119518940136516,
        "0,2": 0.4131450225630757,
        "1,2": 0.3311951894013664,
        "2,3": 0.33119518940136605
      },
      {
        "0,1": 0.5024332249475638,
        "0,3": 0.5024332249475634,
        "0,2": 0.6623088944361435,
        "1,2": 0.5024332249475634,
        "2,3": 0.5024332249475638
      }
    ],
    "shortest_paths_per_timestep": [
      {
        "0": {
          "0": 0,
          "2": 0.8839566034372852,
          "1": 1.1050473813308486,
          "3": 1.10504738133085
        },
        "1": {
          "1": 0,
          "2": 1.1050473813308463,
          "0": 1.1050473813308486,
          "3": 2.2100947626616936
        },
        "2": {
          "2": 0,
          "0": 0.8839566034372852,
          "1": 1.1050473813308463,
          "3": 1.1050473813308472
        },
        "3": {
          "3": 0,
          "2": 1.1050473813308472,
          "0": 1.10504738133085,
          "1": 2.2100947626616936
        }
      },
      {
        "0": {
          "0": 0,
          "2": 0.41202322396316526,
          "1": 0.6882925335554799,
          "3": 0.6882925335554808
        },
        "1": {
          "1": 0,
          "0": 0.6882925335554799,
          "2": 0.6882925335554808,
          "3": 1.3765850671109607
        },
        "2": {
          "2": 0,
          "0": 0.41202322396316526,
          "3": 0.6882925335554799,
          "1": 0.6882925335554808
        },
        "3": {
          "3": 0,
          "2": 0.6882925335554799,
          "0": 0.6882925335554808,
          "1": 1.3765850671109607
        }
      }
    ],
    "mean_distance_per_timestep": [
      0.9392801114277964,
      0.567722303162006
    ],
    "triangle_violations_per_timestep": [
      0,
      0
    ],
    "embedding_coords_per_timestep": [
      [
        [
          0.10489714313421114,
          0.18589329316919748
        ],
        [
          -0.2085661895349382,
          0.07908379538788765
        ],
        [
          0.19126482918343274,
          -0.17989077413259877
        ],
        [
          -0.0875957827827057,
          -0.08508631442448635
        ]
      ],
      [
        [
          0.2128662562354464,
          0.18244895716003973
        ],
        [
          -0.21660161583503298,
          0.04168731712020553
        ],
        [
          0.2188129879008759,
          -0.17535896192811734
        ],
        [
          -0.21507762830128926,
          -0.0487773123521279
        ]
      ]
    ],
    "regge_evolution_data": null,
    "evolution_summary": {
      "total_timesteps": 2,
      "gromov_delta_range": [
        0.6882925335554808,
        1.1050473813308475
      ],
      "mean_distance_range": [
        0.567722303162006,
        0.9392801114277964
      ],
      "total_triangle_violations": 0,
      "hyperbolic_evolution": [
        false,
        false
      ],
      "regge_corrected": false
    }
  },
  "quantum_state_outputs": [
    {
      "timestep": 1,
      "statevector": [
        {
          "real": -0.08683422256374565,
          "imag": -0.3660553255913893
        },
        {
          "real": -0.05472077025297359,
          "imag": -0.21633268696422878
        },
        {
          "real": -0.20014051723554013,
          "imag": -0.19196731674662917
        },
        {
          "real": -0.2368010095368039,
          "imag": -0.0104981219223741
        },
        {
          "real": -0.05472077025297359,
          "imag": -0.21633268696422872
        },
        {
          "real": -0.18548571701077995,
          "imag": -0.14354090351921459
        },
        {
          "real": -0.23680100953680394,
          "imag": -0.010498121922374124
        },
        {
          "real": -0.012644768030990627,
          "imag": 0.24003969294622735
        },
        {
          "real": -0.20014051723554024,
          "imag": -0.19196731674662906
        },
        {
          "real": -0.2368010095368038,
          "imag": -0.010498121922374098
        },
        {
          "real": -0.1987360229476887,
          "imag": -0.06956238941875194
        },
        {
          "real": -0.08071137490319394,
          "imag": 0.234209707033147
        },
        {
          "real": -0.23680100953680386,
          "imag": -0.010498121922374091
        },
        {
          "real": -0.012644768030990615,
          "imag": 0.24003969294622743
        },
        {
          "real": -0.08071137490319395,
          "imag": 0.23420970703314709
        },
        {
          "real": 0.18147654975604544,
          "imag": -0.09872857257890114
        }
      ],
      "mutual_information_matrix": [
        [
          0.0,
          0.3311951894013656,
          0.4131450225630757,
          0.33119518940136516
        ],
        [
          0.3311951894013656,
          0.0,
          0.3311951894013664,
          0.19039427886929006
        ],
        [
          0.4131450225630757,
          0.3311951894013664,
          0.0,
          0.33119518940136605
        ],
        [
          0.33119518940136516,
          0.19039427886929006,
          0.33119518940136605,
          0.0
        ]
      ],
      "circuit_depth": 42,
      "num_gates": 77
    },
    {
      "timestep": 2,
      "statevector": [
        {
          "real": -0.31737532475517366,
          "imag": 0.2209431460832628
        },
        {
          "real": -0.08179230755181804,
          "imag": -0.0027035754260455683
        },
        {
          "real": -0.22314590795007477,
          "imag": 0.12237525445848016
        },
        {
          "real": -0.10606519142025583,
          "imag": 0.0964733965572372
        },
        {
          "real": -0.08179230755181809,
          "imag": -0.002703575426045499
        },
        {
          "real": 0.06363544460630682,
          "imag": -0.14201817237602288
        },
        {
          "real": -0.10606519142025558,
          "imag": 0.09647339655723718
        },
        {
          "real": -0.03462829249106277,
          "imag": 0.3120470402135545
        },
        {
          "real": -0.2231459079500747,
          "imag": 0.12237525445848028
        },
        {
          "real": -0.10606519142025542,
          "imag": 0.09647339655723727
        },
        {
          "real": -0.02077931066194526,
          "imag": 0.07796506732525746
        },
        {
          "real": -0.2016189805290974,
          "imag": 0.2797588862019429
        },
        {
          "real": -0.10606519142025556,
          "imag": 0.09647339655723729
        },
        {
          "real": -0.03462829249106271,
          "imag": 0.3120470402135544
        },
        {
          "real": -0.20161898052909746,
          "imag": 0.27975888620194284
        },
        {
          "real": 0.2819809375672302,
          "imag": -0.28297955759975707
        }
      ],
      "mutual_information_matrix": [
        [
          0.0,
          0.5024332249475638,
          0.6623088944361435,
          0.5024332249475634
        ],
        [
          0.5024332249475638,
          0.0,
          0.5024332249475634,
          0.5367607056035752
        ],
        [
          0.6623088944361435,
          0.5024332249475634,
          0.0,
          0.5024332249475638
        ],
        [
          0.5024332249475634,
          0.5367607056035752,
          0.5024332249475638,
          0.0
        ]
      ],
      "circuit_depth": 82,
      "num_gates": 149
    }
  ],
  "emergent_geometry_teleportation": null,
  "superposition_gravity": null,
  "teleportation_geometry_correlation": null
}