{
  "spec": {
    "num_qubits": 5,
    "topology": "triangulated",
    "custom_edges": "0-1:1.0000,0-2:1.0000,0-3:1.0000,0-4:1.0000,1-2:1.0000,1-3:1.0000,1-4:1.0000,2-3:1.0000,2-4:1.0000,3-4:1.0000",
    "alpha": 0.8,
    "weight": 2.0,
    "gamma": 1.0,
    "sigma": null,
    "init_angle": 0.0,
    "init_angles": null,
    "shots": 100,
    "device": "simulator",
    "geometry": "spherical",
    "curvature": 1.0,
    "timesteps": 3,
    "dimension": 2,
    "mass_hinge": null,
    "mass_value": 0.0,
    "solve_regge": false,
    "lorentzian": false,
    "excite": false,
    "fast": true,
    "strong_curvature": false,
    "charge_injection": false,
    "charge_strength": 1.0,
    "charge_location": 3,
    "spin_injection": false,
    "spin_strength": 1.0,
    "spin_location": 3,
    "edge_floor": 0.001,
    "compute_entropies": false,
    "hyperbolic_triangulation": false,
    "trotter_steps": 4,
    "dt": 0.1,
    "analyze_curvature": false,
    "einstein_solver": false,
    "page_curve": false,
    "radiation_ordering": "0,1",
    "page_curve_timesteps": 10,
    "entropy_method": "basic",
    "num_shadows": 50,
    "shots_per_shadow": 500,
    "num_bases": 10,
    "shots_per_basis": 500,
    "enhanced_entanglement": false,
    "entanglement_strength": 1.5,
    "interpolate_geometry": false,
    "smooth_charge_injection": false,
    "min_qubits_for_continuum": 10,
    "benchmark_against_classical_geometry": false,
    "geometry_fit_metric": "wasserstein,kl,euclidean",
    "verify_noise_robustness": false,
    "run_on_multiple_backends": false,
    "detect_and_flag_causal_loops": false,
    "restrict_information_flow_direction": "forward",
    "filter_noncausal_edges": false,
    "use_ryu_takayanagi_test": false,
    "compare_MI_vs_subsystem_entropy": false,
    "embed_boundary_entropy_in_geometry": false,
    "entropy_engineering": false,
    "target_entropy_pattern": "page_curve",
    "custom_target_entropies": null,
    "entropy_optimization_iterations": 100,
    "entropy_tolerance": 0.1,
    "continue_on_engineering_failure": false,
    "validate_engineered_geometry": false
  },
  "uid": "I8IOMA",
  "counts_per_timestep": [
    null,
    null,
    null
  ],
  "job_ids_per_timestep": [
    null,
    null,
    null
  ],
  "entropy_per_timestep": [
    null,
    null,
    null
  ],
  "mutual_information_per_timestep": [
    {
      "I_0,1": 0.5131891785199185,
      "I_0,2": 0.08174797852071247,
      "I_0,3": 0.3677347228828507,
      "I_0,4": 0.06014317460342933,
      "I_1,2": 0.15779426485022263,
      "I_1,3": 0.09602921902769479,
      "I_1,4": 0.016553054663402955,
      "I_2,3": 0.17210622626002703,
      "I_2,4": 0.7219862411863003,
      "I_3,4": 0.3848110973093717
    },
    {
      "I_0,1": 0.1774338873166088,
      "I_0,2": 0.10249680705969855,
      "I_0,3": 0.2427639346235868,
      "I_0,4": 0.416441556826038,
      "I_1,2": 0.3546586736772044,
      "I_1,3": 0.27684184383565436,
      "I_1,4": 0.08549499625378898,
      "I_2,3": 0.10774300224775502,
      "I_2,4": 0.23700556660668015,
      "I_3,4": 0.2810479301687372
    },
    {
      "I_0,1": 0.25277235312669566,
      "I_0,2": 0.4850606461782956,
      "I_0,3": 0.03559959709881633,
      "I_0,4": 0.2869933188397309,
      "I_1,2": 0.1950326899554351,
      "I_1,3": 0.29437753702666747,
      "I_1,4": 0.07589918101795123,
      "I_2,3": 0.23889285780264413,
      "I_2,4": 0.12478424114143016,
      "I_3,4": 0.10246253426034913
    }
  ],
  "boundary_entropies_per_timestep": [
    {
      "entropy_A": 1.5959302692109467,
      "entropy_B": 1.5959302692109447,
      "mi_AB": 3.1918605384218868,
      "pure_state_check": true,
      "entropy_difference": 1.9984014443252818e-15,
      "multiple_regions": {
        "size_1_region_0": {
          "region": [
            0
          ],
          "entropy": 0.9905499969309004,
          "rt_area": 4,
          "size": 1
        },
        "size_1_region_1": {
          "region": [
            1
          ],
          "entropy": 0.9394197365973698,
          "rt_area": 4,
          "size": 1
        },
        "size_1_region_2": {
          "region": [
            2
          ],
          "entropy": 0.9756240910722269,
          "rt_area": 4,
          "size": 1
        },
        "size_2_region_0": {
          "region": [
            0,
            1
          ],
          "entropy": 1.4167805550083514,
          "rt_area": 6,
          "size": 2
        },
        "size_2_region_1": {
          "region": [
            0,
            2
          ],
          "entropy": 1.8844261094824148,
          "rt_area": 6,
          "size": 2
        },
        "size_2_region_2": {
          "region": [
            0,
            3
          ],
          "entropy": 1.6227122857597076,
          "rt_area": 6,
          "size": 2
        },
        "size_3_region_0": {
          "region": [
            0,
            1,
            2
          ],
          "entropy": 1.5959302692109467,
          "rt_area": 6,
          "size": 3
        },
        "size_3_region_1": {
          "region": [
            0,
            1,
            3
          ],
          "entropy": 1.2344822046945851,
          "rt_area": 6,
          "size": 3
        },
        "size_3_region_2": {
          "region": [
            0,
            1,
            4
          ],
          "entropy": 1.8034148765238605,
          "rt_area": 6,
          "size": 3
        },
        "size_4_region_0": {
          "region": [
            0,
            1,
            2,
            3
          ],
          "entropy": 0.9808443548086616,
          "rt_area": 4,
          "size": 4
        },
        "size_4_region_1": {
          "region": [
            0,
            1,
            2,
            4
          ],
          "entropy": 0.9998970117116626,
          "rt_area": 4,
          "size": 4
        },
        "size_4_region_2": {
          "region": [
            0,
            1,
            3,
            4
          ],
          "entropy": 0.9756240910722318,
          "rt_area": 4,
          "size": 4
        }
      }
    },
    {
      "entropy_A": 1.517253128846725,
      "entropy_B": 1.5172531288467206,
      "mi_AB": 3.0345062576934425,
      "pure_state_check": true,
      "entropy_difference": 4.440892098500626e-15,
      "multiple_regions": {
        "size_1_region_0": {
          "region": [
            0
          ],
          "entropy": 0.860406604551905,
          "rt_area": 4,
          "size": 1
        },
        "size_1_region_1": {
          "region": [
            1
          ],
          "entropy": 0.9145981090957391,
          "rt_area": 4,
          "size": 1
        },
        "size_1_region_2": {
          "region": [
            2
          ],
          "entropy": 0.9998700818817372,
          "rt_area": 4,
          "size": 1
        },
        "size_2_region_0": {
          "region": [
            0,
            1
          ],
          "entropy": 1.5975708263310349,
          "rt_area": 6,
          "size": 2
        },
        "size_2_region_1": {
          "region": [
            0,
            2
          ],
          "entropy": 1.7577798793739434,
          "rt_area": 6,
          "size": 2
        },
        "size_2_region_2": {
          "region": [
            0,
            3
          ],
          "entropy": 1.4862027395708393,
          "rt_area": 6,
          "size": 2
        },
        "size_3_region_0": {
          "region": [
            0,
            1,
            2
          ],
          "entropy": 1.517253128846725,
          "rt_area": 6,
          "size": 3
        },
        "size_3_region_1": {
          "region": [
            0,
            1,
            3
          ],
          "entropy": 1.6926055046479949,
          "rt_area": 6,
          "size": 3
        },
        "size_3_region_2": {
          "region": [
            0,
            1,
            4
          ],
          "entropy": 1.7606871492765053,
          "rt_area": 6,
          "size": 3
        },
        "size_4_region_0": {
          "region": [
            0,
            1,
            2,
            3
          ],
          "entropy": 0.929740989372941,
          "rt_area": 4,
          "size": 4
        },
        "size_4_region_1": {
          "region": [
            0,
            1,
            2,
            4
          ],
          "entropy": 0.8685600696425235,
          "rt_area": 4,
          "size": 4
        },
        "size_4_region_2": {
          "region": [
            0,
            1,
            3,
            4
          ],
          "entropy": 0.9998700818817395,
          "rt_area": 4,
          "size": 4
        }
      }
    },
    {
      "entropy_A": 1.2834761571293576,
      "entropy_B": 1.2834761571293536,
      "mi_AB": 2.566952314258705,
      "pure_state_check": true,
      "entropy_difference": 3.9968028886505635e-15,
      "multiple_regions": {
        "size_1_region_0": {
          "region": [
            0
          ],
          "entropy": 0.9992264901863036,
          "rt_area": 4,
          "size": 1
        },
        "size_1_region_1": {
          "region": [
            1
          ],
          "entropy": 0.8965343830847312,
          "rt_area": 4,
          "size": 1
        },
        "size_1_region_2": {
          "region": [
            2
          ],
          "entropy": 0.9967934624209454,
          "rt_area": 4,
          "size": 1
        },
        "size_2_region_0": {
          "region": [
            0,
            1
          ],
          "entropy": 1.642988520144339,
          "rt_area": 6,
          "size": 2
        },
        "size_2_region_1": {
          "region": [
            0,
            2
          ],
          "entropy": 1.5109593064289535,
          "rt_area": 6,
          "size": 2
        },
        "size_2_region_2": {
          "region": [
            0,
            3
          ],
          "entropy": 1.6695353098011059,
          "rt_area": 6,
          "size": 2
        },
        "size_3_region_0": {
          "region": [
            0,
            1,
            2
          ],
          "entropy": 1.2834761571293576,
          "rt_area": 6,
          "size": 3
        },
        "size_3_region_1": {
          "region": [
            0,
            1,
            3
          ],
          "entropy": 1.5520394959555996,
          "rt_area": 6,
          "size": 3
        },
        "size_3_region_2": {
          "region": [
            0,
            1,
            4
          ],
          "entropy": 1.4638090213319213,
          "rt_area": 6,
          "size": 3
        },
        "size_4_region_0": {
          "region": [
            0,
            1,
            2,
            3
          ],
          "entropy": 0.6800302746760899,
          "rt_area": 4,
          "size": 4
        },
        "size_4_region_1": {
          "region": [
            0,
            1,
            2,
            4
          ],
          "entropy": 0.7059084167136254,
          "rt_area": 4,
          "size": 4
        },
        "size_4_region_2": {
          "region": [
            0,
            1,
            3,
            4
          ],
          "entropy": 0.9967934624209485,
          "rt_area": 4,
          "size": 4
        }
      }
    }
  ],
  "distance_matrix_per_timestep": [
    [
      [
        0.0,
        0.6671107327452844,
        2.5041141970858884,
        3.7660300373720395,
        2.811027315927182
      ],
      [
        0.6671107327452844,
        0.0,
        1.8464632156527474,
        3.1272151338971637,
        2.172212412452306
      ],
      [
        2.5041141970858884,
        1.8464632156527474,
        0.0,
        1.280751918244416,
        0.3257491967995587
      ],
      [
        3.7660300373720395,
        3.127215133897163,
        1.280751918244416,
        0.0,
        0.9550027214448574
      ],
      [
        2.811027315927182,
        2.172212412452306,
        0.3257491967995587,
        0.9550027214448574,
        0.0
      ]
    ],
    [
      [
        0.0,
        1.729157205271212,
        2.277923631525953,
        2.145239201164676,
        0.8760091469663831
      ],
      [
        1.729157205271212,
        0.0,
        1.0365994346270344,
        3.264605931070669,
        2.459297428099478
      ],
      [
        2.277923631525953,
        1.0365994346270344,
        0.0,
        2.228006496443635,
        1.4396716503309404
      ],
      [
        2.145239201164676,
        3.264605931070669,
        2.228006496443635,
        0.0,
        1.269230054198293
      ],
      [
        0.8760091469663831,
        2.459297428099478,
        1.4396716503309404,
        1.269230054198293,
        0.0
      ]
    ],
    [
      [
        0.0,
        1.3752659853217053,
        0.7234813521953727,
        2.1552214734724524,
        1.2482963427975566
      ],
      [
        1.3752659853217053,
        0.0,
        1.6345880936714354,
        3.0663282149485154,
        2.578349384916091
      ],
      [
        0.7234813521953727,
        1.6345880936714354,
        0.0,
        1.4317401212770797,
        1.9717776949929293
      ],
      [
        2.1552214734724524,
        3.0663282149485154,
        1.4317401212770797,
        0.0,
        2.278258066633405
      ],
      [
        1.2482963427975566,
        2.578349384916091,
        1.9717776949929293,
        2.278258066633405,
        0.0
      ]
    ]
  ],
  "edge_mi": {
    "0,1": 0.25277235312669566,
    "0,4": 0.2869933188397309,
    "0,2": 0.4850606461782956,
    "1,2": 0.1950326899554351,
    "1,4": 0.07589918101795123,
    "2,3": 0.23889285780264413,
    "2,4": 0.12478424114143016,
    "3,4": 0.10246253426034913
  },
  "distance_matrix": [
    [
      0.0,
      1.3752659853217053,
      0.7234813521953727,
      2.1552214734724524,
      1.2482963427975566
    ],
    [
      1.3752659853217053,
      0.0,
      1.6345880936714354,
      1.2228921958989791,
      2.578349384916091
    ],
    [
      0.7234813521953727,
      1.6345880936714354,
      0.0,
      1.4317401212770797,
      1.9717776949929293
    ],
    [
      2.1552214734724524,
      1.2228921958989791,
      1.4317401212770797,
      0.0,
      2.278258066633405
    ],
    [
      1.2482963427975566,
      2.578349384916091,
      1.9717776949929293,
      2.278258066633405,
      0.0
    ]
  ],
  "shortest_paths": {
    "0": {
      "0": 0,
      "2": 0.7234813521953727,
      "4": 1.2482963427975566,
      "1": 1.3752659853217053,
      "3": 2.1552214734724524
    },
    "1": {
      "1": 0,
      "3": 1.2228921958989791,
      "0": 1.3752659853217053,
      "2": 1.6345880936714354,
      "4": 2.578349384916091
    },
    "2": {
      "2": 0,
      "0": 0.7234813521953727,
      "3": 1.4317401212770797,
      "1": 1.6345880936714354,
      "4": 1.9717776949929293
    },
    "3": {
      "3": 0,
      "1": 1.2228921958989791,
      "2": 1.4317401212770797,
      "0": 2.1552214734724524,
      "4": 2.278258066633405
    },
    "4": {
      "4": 0,
      "0": 1.2482963427975566,
      "2": 1.9717776949929293,
      "3": 2.278258066633405,
      "1": 2.578349384916091
    }
  },
  "gromov_delta": 1.8168576278252584,
  "mean_distance": 1.3295896568941605,
  "angle_sums": [
    3.773606972546843,
    4.357644002067512,
    3.7439182624603005,
    0.0,
    0.0,
    5.92252692955582,
    4.298420561864107,
    7.87195496171983,
    7.118688151716985,
    6.000018042072604
  ],
  "mean_angle_sum": 4.3086777884004,
  "min_angle_sum": 0.0,
  "max_angle_sum": 7.87195496171983,
  "angle_sum_deviations": [
    0.63201431895705,
    1.216051348477719,
    0.6023256088705073,
    -3.141592653589793,
    -3.141592653589793,
    2.780934275966027,
    1.1568279082743143,
    4.7303623081300366,
    3.977095498127192,
    2.858425388482811
  ],
  "triangle_inequality_violations": [],
  "embedding_coords": null,
  "edge_weight_variance": 0.0,
  "event_nodes": [
    [
      0,
      0
    ],
    [
      1,
      0
    ],
    [
      2,
      0
    ],
    [
      3,
      0
    ],
    [
      4,
      0
    ],
    [
      0,
      1
    ],
    [
      1,
      1
    ],
    [
      2,
      1
    ],
    [
      3,
      1
    ],
    [
      4,
      1
    ],
    [
      0,
      2
    ],
    [
      1,
      2
    ],
    [
      2,
      2
    ],
    [
      3,
      2
    ],
    [
      4,
      2
    ]
  ],
  "event_edges": [
    {
      "type": "spatial",
      "from": [
        0,
        0
      ],
      "to": [
        1,
        0
      ],
      "weight": 0.6671107327452844
    },
    {
      "type": "spatial",
      "from": [
        0,
        0
      ],
      "to": [
        2,
        0
      ],
      "weight": 2.5041141970858884
    },
    {
      "type": "spatial",
      "from": [
        0,
        0
      ],
      "to": [
        3,
        0
      ],
      "weight": 3.7660300373720395
    },
    {
      "type": "spatial",
      "from": [
        0,
        0
      ],
      "to": [
        4,
        0
      ],
      "weight": 2.811027315927182
    },
    {
      "type": "spatial",
      "from": [
        1,
        0
      ],
      "to": [
        2,
        0
      ],
      "weight": 1.8464632156527474
    },
    {
      "type": "spatial",
      "from": [
        1,
        0
      ],
      "to": [
        3,
        0
      ],
      "weight": 3.1272151338971637
    },
    {
      "type": "spatial",
      "from": [
        1,
        0
      ],
      "to": [
        4,
        0
      ],
      "weight": 2.172212412452306
    },
    {
      "type": "spatial",
      "from": [
        2,
        0
      ],
      "to": [
        3,
        0
      ],
      "weight": 1.280751918244416
    },
    {
      "type": "spatial",
      "from": [
        2,
        0
      ],
      "to": [
        4,
        0
      ],
      "weight": 0.3257491967995587
    },
    {
      "type": "spatial",
      "from": [
        3,
        0
      ],
      "to": [
        4,
        0
      ],
      "weight": 0.9550027214448574
    },
    {
      "type": "temporal",
      "from": [
        0,
        0
      ],
      "to": [
        0,
        1
      ],
      "weight": 1.0
    },
    {
      "type": "temporal",
      "from": [
        1,
        0
      ],
      "to": [
        1,
        1
      ],
      "weight": 1.0
    },
    {
      "type": "temporal",
      "from": [
        2,
        0
      ],
      "to": [
        2,
        1
      ],
      "weight": 1.0
    },
    {
      "type": "temporal",
      "from": [
        3,
        0
      ],
      "to": [
        3,
        1
      ],
      "weight": 1.0
    },
    {
      "type": "temporal",
      "from": [
        4,
        0
      ],
      "to": [
        4,
        1
      ],
      "weight": 1.0
    },
    {
      "type": "spatial",
      "from": [
        0,
        1
      ],
      "to": [
        1,
        1
      ],
      "weight": 1.729157205271212
    },
    {
      "type": "spatial",
      "from": [
        0,
        1
      ],
      "to": [
        2,
        1
      ],
      "weight": 2.277923631525953
    },
    {
      "type": "spatial",
      "from": [
        0,
        1
      ],
      "to": [
        3,
        1
      ],
      "weight": 2.145239201164676
    },
    {
      "type": "spatial",
      "from": [
        0,
        1
      ],
      "to": [
        4,
        1
      ],
      "weight": 0.8760091469663831
    },
    {
      "type": "spatial",
      "from": [
        1,
        1
      ],
      "to": [
        2,
        1
      ],
      "weight": 1.0365994346270344
    },
    {
      "type": "spatial",
      "from": [
        1,
        1
      ],
      "to": [
        3,
        1
      ],
      "weight": 3.264605931070669
    },
    {
      "type": "spatial",
      "from": [
        1,
        1
      ],
      "to": [
        4,
        1
      ],
      "weight": 2.459297428099478
    },
    {
      "type": "spatial",
      "from": [
        2,
        1
      ],
      "to": [
        3,
        1
      ],
      "weight": 2.228006496443635
    },
    {
      "type": "spatial",
      "from": [
        2,
        1
      ],
      "to": [
        4,
        1
      ],
      "weight": 1.4396716503309404
    },
    {
      "type": "spatial",
      "from": [
        3,
        1
      ],
      "to": [
        4,
        1
      ],
      "weight": 1.269230054198293
    },
    {
      "type": "temporal",
      "from": [
        0,
        1
      ],
      "to": [
        0,
        2
      ],
      "weight": 1.0
    },
    {
      "type": "temporal",
      "from": [
        1,
        1
      ],
      "to": [
        1,
        2
      ],
      "weight": 1.0
    },
    {
      "type": "temporal",
      "from": [
        2,
        1
      ],
      "to": [
        2,
        2
      ],
      "weight": 1.0
    },
    {
      "type": "temporal",
      "from": [
        3,
        1
      ],
      "to": [
        3,
        2
      ],
      "weight": 1.0
    },
    {
      "type": "temporal",
      "from": [
        4,
        1
      ],
      "to": [
        4,
        2
      ],
      "weight": 1.0
    },
    {
      "type": "spatial",
      "from": [
        0,
        2
      ],
      "to": [
        1,
        2
      ],
      "weight": 1.3752659853217053
    },
    {
      "type": "spatial",
      "from": [
        0,
        2
      ],
      "to": [
        2,
        2
      ],
      "weight": 0.7234813521953727
    },
    {
      "type": "spatial",
      "from": [
        0,
        2
      ],
      "to": [
        3,
        2
      ],
      "weight": 2.1552214734724524
    },
    {
      "type": "spatial",
      "from": [
        0,
        2
      ],
      "to": [
        4,
        2
      ],
      "weight": 1.2482963427975566
    },
    {
      "type": "spatial",
      "from": [
        1,
        2
      ],
      "to": [
        2,
        2
      ],
      "weight": 1.6345880936714354
    },
    {
      "type": "spatial",
      "from": [
        1,
        2
      ],
      "to": [
        3,
        2
      ],
      "weight": 3.0663282149485154
    },
    {
      "type": "spatial",
      "from": [
        1,
        2
      ],
      "to": [
        4,
        2
      ],
      "weight": 2.578349384916091
    },
    {
      "type": "spatial",
      "from": [
        2,
        2
      ],
      "to": [
        3,
        2
      ],
      "weight": 1.4317401212770797
    },
    {
      "type": "spatial",
      "from": [
        2,
        2
      ],
      "to": [
        4,
        2
      ],
      "weight": 1.9717776949929293
    },
    {
      "type": "spatial",
      "from": [
        3,
        2
      ],
      "to": [
        4,
        2
      ],
      "weight": 2.278258066633405
    }
  ],
  "lorentzian_dissimilarity": [
    [
      0.0,
      0.4450367297439503,
      6.2705879120471035,
      14.182982242388444,
      7.9018745708887765,
      -1.0,
      -0.5549632702560496,
      5.2705879120471035,
      13.182982242388444,
      6.9018745708887765,
      -4.0,
      -3.55496327025605,
      2.2705879120471035,
      10.182982242388444,
      3.9018745708887765
    ],
    [
      0.4450367297439503,
      0.0,
      3.4094264067586844,
      9.779474493675455,
      4.718506764811868,
      -0.5549632702560496,
      -1.0,
      2.4094264067586844,
      8.779474493675455,
      3.7185067648118677,
      -3.55496327025605,
      -4.0,
      -0.5905735932413156,
      5.779474493675455,
      0.7185067648118677
    ],
    [
      6.2705879120471035,
      3.4094264067586844,
      0.0,
      1.6403254760867514,
      0.10611253921555763,
      5.2705879120471035,
      2.4094264067586844,
      -1.0,
      0.6403254760867514,
      -0.8938874607844424,
      2.2705879120471035,
      -0.5905735932413156,
      -4.0,
      -2.359674523913249,
      -3.8938874607844425
    ],
    [
      14.182982242388444,
      9.779474493675453,
      1.6403254760867514,
      0.0,
      0.912030197967084,
      13.182982242388444,
      8.779474493675453,
      0.6403254760867514,
      -1.0,
      -0.08796980203291604,
      10.182982242388444,
      5.779474493675453,
      -2.359674523913249,
      -4.0,
      -3.087969802032916
    ],
    [
      7.9018745708887765,
      4.718506764811868,
      0.10611253921555763,
      0.912030197967084,
      0.0,
      6.9018745708887765,
      3.7185067648118677,
      -0.8938874607844424,
      -0.08796980203291604,
      -1.0,
      3.9018745708887765,
      0.7185067648118677,
      -3.8938874607844425,
      -3.087969802032916,
      -4.0
    ],
    [
      -1.0,
      -0.5549632702560496,
      5.2705879120471035,
      13.182982242388444,
      6.9018745708887765,
      0.0,
      2.9899846405413486,
      5.188936071064385,
      4.602051230213658,
      0.7673920255687702,
      -1.0,
      1.9899846405413486,
      4.188936071064385,
      3.6020512302136583,
      -0.23260797443122982
    ],
    [
      -0.5549632702560496,
      -1.0,
      2.4094264067586844,
      8.779474493675455,
      3.7185067648118677,
      2.9899846405413486,
      0.0,
      1.0745383878690873,
      10.657651885181789,
      6.0481438398567064,
      1.9899846405413486,
      -1.0,
      0.07453838786908729,
      9.657651885181789,
      5.0481438398567064
    ],
    [
      5.2705879120471035,
      2.4094264067586844,
      -1.0,
      0.6403254760867514,
      -0.8938874607844424,
      5.188936071064385,
      1.0745383878690873,
      0.0,
      4.96401294819504,
      2.0726544607666133,
      4.188936071064385,
      0.07453838786908729,
      -1.0,
      3.96401294819504,
      1.0726544607666133
    ],
    [
      13.182982242388444,
      8.779474493675453,
      0.6403254760867514,
      -1.0,
      -0.08796980203291604,
      4.602051230213658,
      10.657651885181789,
      4.96401294819504,
      0.0,
      1.610944930480202,
      3.6020512302136583,
      9.657651885181789,
      3.96401294819504,
      -1.0,
      0.6109449304802019
    ],
    [
      6.9018745708887765,
      3.7185067648118677,
      -0.8938874607844424,
      -0.08796980203291604,
      -1.0,
      0.7673920255687702,
      6.0481438398567064,
      2.0726544607666133,
      1.610944930480202,
      0.0,
      -0.23260797443122982,
      5.0481438398567064,
      1.0726544607666133,
      0.6109449304802019,
      -1.0
    ],
    [
      -4.0,
      -3.55496327025605,
      2.2705879120471035,
      10.182982242388444,
      3.9018745708887765,
      -1.0,
      1.9899846405413486,
      4.188936071064385,
      3.6020512302136583,
      -0.23260797443122982,
      0.0,
      1.891356530382881,
      0.5234252669744449,
      4.644979599716769,
      1.558243759441755
    ],
    [
      -3.55496327025605,
      -4.0,
      -0.5905735932413156,
      5.779474493675455,
      0.7185067648118677,
      1.9899846405413486,
      -1.0,
      0.07453838786908729,
      9.657651885181789,
      5.0481438398567064,
      1.891356530382881,
      0.0,
      2.671878235972417,
      9.40236872178935,
      6.6478855506971835
    ],
    [
      2.2705879120471035,
      -0.5905735932413156,
      -4.0,
      -2.359674523913249,
      -3.8938874607844425,
      4.188936071064385,
      0.07453838786908729,
      -1.0,
      3.96401294819504,
      1.0726544607666133,
      0.5234252669744449,
      2.671878235972417,
      0.0,
      2.049879774874507,
      3.8879072784716295
    ],
    [
      10.182982242388444,
      5.779474493675453,
      -2.359674523913249,
      -4.0,
      -3.087969802032916,
      3.6020512302136583,
      9.657651885181789,
      3.96401294819504,
      -1.0,
      0.6109449304802019,
      4.644979599716769,
      9.40236872178935,
      2.049879774874507,
      0.0,
      5.190459818180181
    ],
    [
      3.9018745708887765,
      0.7185067648118677,
      -3.8938874607844425,
      -3.087969802032916,
      -4.0,
      -0.23260797443122982,
      5.0481438398567064,
      1.0726544607666133,
      0.6109449304802019,
      -1.0,
      1.558243759441755,
      6.6478855506971835,
      3.8879072784716295,
      5.190459818180181,
      0.0
    ]
  ],
  "lorentzian_embedding": [
    [
      0.0,
      0.0,
      0.0
    ],
    [
      0.0,
      0.0,
      0.0
    ],
    [
      0.0,
      0.0,
      0.0
    ],
    [
      0.0,
      0.0,
      0.0
    ],
    [
      0.0,
      0.0,
      0.0
    ],
    [
      0.0,
      0.0,
      0.0
    ],
    [
      0.0,
      0.0,
      0.0
    ],
    [
      0.0,
      0.0,
      0.0
    ],
    [
      0.0,
      0.0,
      0.0
    ],
    [
      0.0,
      0.0,
      0.0
    ],
    [
      0.0,
      0.0,
      0.0
    ],
    [
      0.0,
      0.0,
      0.0
    ],
    [
      0.0,
      0.0,
      0.0
    ],
    [
      0.0,
      0.0,
      0.0
    ],
    [
      0.0,
      0.0,
      0.0
    ]
  ],
  "edge_length_evolution": [],
  "angle_deficit_evolution": [],
  "regge_action_evolution": [],
  "gromov_delta_evolution": [],
  "mass_hinge": null,
  "mass_value": 0.0,
  "matter": {
    "(0, 1)": 0.0,
    "(2, 4)": 0.0,
    "(1, 2)": 0.0,
    "(0, 4)": 0.0,
    "(3, 4)": 0.0,
    "(0, 3)": 0.0,
    "(1, 4)": 0.0,
    "(2, 3)": 0.0,
    "(0, 2)": 0.0,
    "(1, 3)": 0.0
  },
  "stationary_solution": null,
  "einstein_analysis_per_timestep": [
    null,
    null,
    null
  ],
  "bootstrap_analysis": {
    "gromov_delta": {
      "mean": 2.421405189085075,
      "lower_ci": 1.9231418515496312,
      "upper_ci": 3.1130672192619593,
      "all_values": [
        3.1130672192619597,
        2.228006496443635,
        1.9231418515496312
      ],
      "uncertainty": 0.6916620301768841
    },
    "entropy": {
      "mean": null,
      "lower_ci": null,
      "upper_ci": null,
      "uncertainty": null
    },
    "distance_matrix": {
      "mean": [
        [
          0.0,
          1.2571779744460672,
          1.8351730602690715,
          2.6888302373363895,
          1.6451109352303739
        ],
        [
          1.2571779744460672,
          0.0,
          1.5058835813170723,
          3.152716426638783,
          2.4032864084892918
        ],
        [
          1.8351730602690715,
          1.5058835813170723,
          0.0,
          1.6468328453217103,
          1.245732847374476
        ],
        [
          2.6888302373363895,
          3.152716426638783,
          1.6468328453217103,
          0.0,
          1.500830280758852
        ],
        [
          1.6451109352303739,
          2.4032864084892918,
          1.245732847374476,
          1.500830280758852,
          0.0
        ]
      ],
      "lower_ci": [
        [
          0.0,
          0.6671107327452844,
          0.7234813521953726,
          2.1485666252672684,
          0.9349546196396527
        ],
        [
          0.6671107327452844,
          0.0,
          1.0365994346270344,
          3.066328214948515,
          2.172212412452306
        ],
        [
          0.7234813521953726,
          1.0365994346270344,
          0.0,
          1.280751918244416,
          0.3257491967995587
        ],
        [
          2.1468197276134076,
          3.0759686437820513,
          1.331081319255304,
          0.0,
          1.0597451656960026
        ],
        [
          0.9349546196396527,
          2.172212412452306,
          0.3257491967995587,
          0.9550027214448574,
          0.0
        ]
      ],
      "upper_ci": [
        [
          0.0,
          1.729157205271212,
          2.5041141970858884,
          3.766030037372039,
          2.811027315927182
        ],
        [
          1.729157205271212,
          0.0,
          1.8464632156527474,
          3.264605931070669,
          2.538665399310553
        ],
        [
          2.5041141970858884,
          1.8464632156527474,
          0.0,
          1.9625843713881164,
          1.9717776949929293
        ],
        [
          3.766030037372039,
          3.264605931070669,
          1.9625843713881164,
          0.0,
          2.118495297997843
        ],
        [
          2.56359491184832,
          2.578349384916091,
          1.7944090134389328,
          1.9419153958217013,
          0.0
        ]
      ]
    }
  },
  "topology_compatibility": {
    "current_topology": "triangulated",
    "explanation": "Triangulated topology is specifically designed for angle-sum curvature. Creates multiple triangles per vertex, enabling robust local curvature measurements. Each vertex has multiple incident triangles for well-defined angle sums.",
    "supports_local_curvature": true
  },
  "rt_surface_analysis": {
    "region_A": [
      0,
      1
    ],
    "region_B": [
      2,
      3,
      4
    ],
    "bulk_point": 2,
    "is_complementary": true,
    "rt_area_AB": 11.406264862001425,
    "rt_area_BA": 11.406264862001425,
    "area_consistent": true,
    "edges_consistent": true,
    "area_difference": 0.0,
    "rt_edges_AB": [
      [
        0,
        2
      ],
      [
        0,
        3
      ],
      [
        0,
        4
      ],
      [
        1,
        2
      ],
      [
        1,
        3
      ],
      [
        1,
        4
      ]
    ],
    "rt_edges_BA": [
      [
        0,
        2
      ],
      [
        0,
        3
      ],
      [
        0,
        4
      ],
      [
        1,
        2
      ],
      [
        1,
        3
      ],
      [
        1,
        4
      ]
    ],
    "edge_lengths": [
      1.3752659853217053,
      0.7234813521953727,
      2.1552214734724524,
      1.2482963427975566,
      1.6345880936714354,
      3.0663282149485154,
      2.578349384916091,
      1.4317401212770797,
      1.9717776949929293,
      2.278258066633405
    ],
    "all_edges": [
      [
        0,
        1
      ],
      [
        0,
        2
      ],
      [
        0,
        3
      ],
      [
        0,
        4
      ],
      [
        1,
        2
      ],
      [
        1,
        3
      ],
      [
        1,
        4
      ],
      [
        2,
        3
      ],
      [
        2,
        4
      ],
      [
        3,
        4
      ]
    ]
  },
  "bulk_excitation_analysis": null,
  "page_curve_analysis": null,
  "einstein_analysis": null,
  "dynamic_evidence": {
    "angle_sums_per_timestep": [
      [
        3.3700118890313595,
        3.141592653589793,
        3.805102608084763,
        3.141592653589793,
        3.6099025669705487,
        0.0,
        0.0,
        0.0,
        0.0,
        0.0
      ],
      [
        4.606265269531261,
        3.141592653589793,
        4.052113042469587,
        9.42477796076938,
        3.5040138519040775,
        0.0,
        0.0,
        3.449456577134971,
        3.141592653589793,
        4.54226225536543
      ],
      [
        3.773606972546843,
        9.42477796076938,
        3.7439182624603005,
        0.0,
        0.0,
        5.92252692955582,
        0.0,
        7.87195496171983,
        9.42477796076938,
        6.000018042072604
      ]
    ],
    "gromov_delta_per_timestep": [
      3.1130672192619597,
      2.228006496443635,
      1.9231418515496312
    ],
    "edge_mi_per_timestep": [
      {
        "0,1": 0.5131891785199185,
        "0,4": 0.06014317460342933,
        "0,2": 0.08174797852071247,
        "1,2": 0.15779426485022263,
        "1,4": 0.016553054663402955,
        "2,3": 0.17210622626002703,
        "2,4": 0.7219862411863003,
        "3,4": 0.3848110973093717
      },
      {
        "0,1": 0.1774338873166088,
        "0,4": 0.416441556826038,
        "0,2": 0.10249680705969855,
        "1,2": 0.3546586736772044,
        "1,4": 0.08549499625378898,
        "2,3": 0.10774300224775502,
        "2,4": 0.23700556660668015,
        "3,4": 0.2810479301687372
      },
      {
        "0,1": 0.25277235312669566,
        "0,4": 0.2869933188397309,
        "0,2": 0.4850606461782956,
        "1,2": 0.1950326899554351,
        "1,4": 0.07589918101795123,
        "2,3": 0.23889285780264413,
        "2,4": 0.12478424114143016,
        "3,4": 0.10246253426034913
      }
    ],
    "shortest_paths_per_timestep": [
      {
        "0": {
          "0": 0,
          "1": 0.6671107327452844,
          "2": 2.5041141970858884,
          "4": 2.811027315927182,
          "3": 3.7660300373720395
        },
        "1": {
          "1": 0,
          "0": 0.6671107327452844,
          "2": 1.8464632156527474,
          "4": 2.172212412452306,
          "3": 3.1272151338971637
        },
        "2": {
          "2": 0,
          "4": 0.3257491967995587,
          "3": 1.280751918244416,
          "1": 1.8464632156527474,
          "0": 2.5041141970858884
        },
        "3": {
          "3": 0,
          "4": 0.9550027214448574,
          "2": 1.280751918244416,
          "1": 3.127215133897163,
          "0": 3.7660300373720395
        },
        "4": {
          "4": 0,
          "2": 0.3257491967995587,
          "3": 0.9550027214448574,
          "1": 2.172212412452306,
          "0": 2.811027315927182
        }
      },
      {
        "0": {
          "0": 0,
          "4": 0.8760091469663831,
          "1": 1.729157205271212,
          "3": 2.145239201164676,
          "2": 2.277923631525953
        },
        "1": {
          "1": 0,
          "2": 1.0365994346270344,
          "0": 1.729157205271212,
          "4": 2.459297428099478,
          "3": 3.264605931070669
        },
        "2": {
          "2": 0,
          "1": 1.0365994346270344,
          "4": 1.4396716503309404,
          "3": 2.228006496443635,
          "0": 2.277923631525953
        },
        "3": {
          "3": 0,
          "4": 1.269230054198293,
          "0": 2.145239201164676,
          "2": 2.228006496443635,
          "1": 3.264605931070669
        },
        "4": {
          "4": 0,
          "0": 0.8760091469663831,
          "3": 1.269230054198293,
          "2": 1.4396716503309404,
          "1": 2.459297428099478
        }
      },
      {
        "0": {
          "0": 0,
          "2": 0.7234813521953727,
          "4": 1.2482963427975566,
          "1": 1.3752659853217053,
          "3": 2.1552214734724524
        },
        "1": {
          "1": 0,
          "0": 1.3752659853217053,
          "2": 1.6345880936714354,
          "4": 2.578349384916091,
          "3": 3.0663282149485154
        },
        "2": {
          "2": 0,
          "0": 0.7234813521953727,
          "3": 1.4317401212770797,
          "1": 1.6345880936714354,
          "4": 1.9717776949929293
        },
        "3": {
          "3": 0,
          "2": 1.4317401212770797,
          "0": 2.1552214734724524,
          "4": 2.278258066633405,
          "1": 3.0663282149485154
        },
        "4": {
          "4": 0,
          "0": 1.2482963427975566,
          "2": 1.9717776949929293,
          "3": 2.278258066633405,
          "1": 2.578349384916091
        }
      }
    ],
    "mean_distance_per_timestep": [
      1.5564541505297154,
      1.498059214375862,
      1.4770645384181234
    ],
    "triangle_violations_per_timestep": [
      0,
      0,
      0
    ],
    "embedding_coords_per_timestep": [
      [
        [
          -0.11656954197205967,
          -0.04039077970460055
        ],
        [
          -0.4609860403542332,
          -0.05502014145129374
        ],
        [
          0.4182993584997924,
          0.3391544350635789
        ],
        [
          -0.2317316980378418,
          -0.1757584660891551
        ],
        [
          0.3909879218643424,
          -0.06798504781852951
        ]
      ],
      [
        [
          -0.26622508219309066,
          0.4805160656131544
        ],
        [
          0.20913740559939265,
          -0.35278717800812087
        ],
        [
          -0.5584359363303877,
          -0.1411601589524693
        ],
        [
          0.1971276804286817,
          -0.3581083015488817
        ],
        [
          0.41839593249540386,
          0.37153957289631756
        ]
