{
  "spec": {
    "num_qubits": 4,
    "topology": "triangulated",
    "custom_edges": "0-1:1.0000,0-2:1.0000,0-3:1.0000,1-2:1.0000,1-3:1.0000,2-3:1.0000",
    "alpha": 0.8,
    "weight": 1.719550436004353,
    "gamma": 0.03455525725894836,
    "sigma": 1.5549713265250595e-11,
    "init_angle": 0.6345875791327357,
    "init_angles": null,
    "shots": 100,
    "device": "simulator",
    "geometry": "spherical",
    "curvature": 4.5,
    "timesteps": 3,
    "dimension": 2,
    "mass_hinge": null,
    "mass_value": 0.0,
    "solve_regge": false,
    "lorentzian": true,
    "excite": true,
    "fast": false,
    "fast_preset": "balanced",
    "ctc_mode": false,
    "ctc_perturbation": null,
    "ctc_perturbation_strength": 1.0,
    "test_ctc_recovery": false,
    "strong_curvature": true,
    "charge_injection": true,
    "charge_strength": 2.5,
    "charge_location": null,
    "spin_injection": true,
    "spin_strength": 2.0,
    "spin_location": null,
    "edge_floor": 0.001,
    "compute_entropies": true,
    "hyperbolic_triangulation": true,
    "trotter_steps": 8,
    "dt": 0.05,
    "analyze_curvature": true,
    "einstein_solver": true,
    "page_curve": true,
    "radiation_ordering": null,
    "page_curve_timesteps": 15,
    "entropy_method": "hybrid",
    "num_shadows": 100,
    "shots_per_shadow": 1000,
    "num_bases": 20,
    "shots_per_basis": 1000,
    "enhanced_entanglement": false,
    "entanglement_strength": -4.095622367406397e-11,
    "interpolate_geometry": false,
    "smooth_charge_injection": false,
    "min_qubits_for_continuum": 10,
    "benchmark_against_classical_geometry": false,
    "geometry_fit_metric": "wasserstein,kl,euclidean",
    "verify_noise_robustness": false,
    "run_on_multiple_backends": false,
    "detect_and_flag_causal_loops": true,
    "restrict_information_flow_direction": "bidirectional",
    "filter_noncausal_edges": true,
    "use_ryu_takayanagi_test": true,
    "compare_MI_vs_subsystem_entropy": true,
    "embed_boundary_entropy_in_geometry": true,
    "entropy_engineering": true,
    "target_entropy_pattern": "quantum_gravity",
    "custom_target_entropies": null,
    "entropy_optimization_iterations": 200,
    "entropy_tolerance": 0.05,
    "continue_on_engineering_failure": true,
    "skip_entropy_engineering": false,
    "validate_engineered_geometry": true,
    "enhance_bell_violations": true,
    "bell_entanglement_strength": 4.0,
    "teleportation_circuits": true,
    "long_range_coupling": 3.0,
    "holographic_optimization": true,
    "rt_surface_encoding": true,
    "conformal_symmetry": true,
    "bulk_reconstruction": true,
    "scalable_entanglement": true,
    "parallel_execution": true,
    "memory_optimization": true,
    "circuit_compilation": "optimized",
    "real_hardware": false,
    "error_mitigation": true,
    "zero_noise_extrapolation": true,
    "zne_noise_factors": [
      1.0,
      2.0,
      3.0
    ],
    "zne_extrapolation_method": "polynomial",
    "hardware_calibration": true,
    "noise_characterization": true,
    "backend_name": "ibm_brisbane",
    "quantum_mode": true,
    "quantum_entanglement_strength": 5.0,
    "quantum_circuit_depth": 12,
    "geometric_teleportation": false,
    "teleportation_mode": "both",
    "bridge_strength": 1.0,
    "signal_state": "+",
    "emergent_geometry_teleportation": false,
    "teleportation_node_pairs": "auto",
    "teleportation_embedding_dim": 2,
    "teleportation_fidelity_threshold": 0.7,
    "superposition_gravity": true,
    "massive_bulk_mass_hinge": "2",
    "massive_bulk_mass_value": 1.0,
    "massless_bulk_mass_hinge": "None",
    "massless_bulk_mass_value": 0.0,
    "superposition_control_qubit": 0,
    "superposition_phase": 0.0,
    "interference_analysis": true,
    "classical_mixture_comparison": true,
    "coherence_preservation": true,
    "bulk_reconstruction_method": "mi_embedding"
  },
  "uid": "NNXH0R",
  "counts_per_timestep": [
    null,
    null,
    null
  ],
  "job_ids_per_timestep": [
    null,
    null,
    null
  ],
  "entropy_per_timestep": [
    null,
    null,
    null
  ],
  "mutual_information_per_timestep": [
    {},
    {
      "I_0,1": 0.1425850862024427,
      "I_0,2": 0.38279374935149757,
      "I_0,3": 0.14258508620244292,
      "I_1,2": 0.14258508620244292,
      "I_1,3": 0.4997947187986074,
      "I_2,3": 0.14258508620244348
    },
    {
      "I_0,1": 0.19282910216440885,
      "I_0,2": 0.30993168150565265,
      "I_0,3": 0.19282910216440952,
      "I_1,2": 0.19282910216440807,
      "I_1,3": 0.5399597945561401,
      "I_2,3": 0.1928291021644094
    }
  ],
  "boundary_entropies_per_timestep": [
    {
      "entropy_A": 0.5565037995915157,
      "entropy_B": 0.5565037995915136,
      "mi_AB": 1.1130075991830195,
      "pure_state_check": true,
      "entropy_difference": 2.1094237467877974e-15,
      "multiple_regions": {
        "size_1_region_0": {
          "region": [
            0
          ],
          "entropy": 0.5771827971570431,
          "rt_area": 3,
          "size": 1
        },
        "size_1_region_1": {
          "region": [
            1
          ],
          "entropy": 0.5565037995915133,
          "rt_area": 3,
          "size": 1
        },
        "size_1_region_2": {
          "region": [
            2
          ],
          "entropy": 0.5771827971570431,
          "rt_area": 3,
          "size": 1
        },
        "size_2_region_0": {
          "region": [
            0,
            1
          ],
          "entropy": 0.8474960869256383,
          "rt_area": 4,
          "size": 2
        },
        "size_2_region_1": {
          "region": [
            0,
            2
          ],
          "entropy": 0.7917774744793983,
          "rt_area": 4,
          "size": 2
        },
        "size_2_region_2": {
          "region": [
            0,
            3
          ],
          "entropy": 0.8474960869256382,
          "rt_area": 4,
          "size": 2
        },
        "size_3_region_0": {
          "region": [
            0,
            1,
            2
          ],
          "entropy": 0.5565037995915157,
          "rt_area": 3,
          "size": 3
        },
        "size_3_region_1": {
          "region": [
            0,
            1,
            3
          ],
          "entropy": 0.5771827971570448,
          "rt_area": 3,
          "size": 3
        },
        "size_3_region_2": {
          "region": [
            0,
            2,
            3
          ],
          "entropy": 0.5565037995915159,
          "rt_area": 3,
          "size": 3
        }
      }
    },
    {
      "entropy_A": 0.5453196433062508,
      "entropy_B": 0.5453196433062504,
      "mi_AB": 1.0906392866124959,
      "pure_state_check": true,
      "entropy_difference": 4.440892098500626e-16,
      "multiple_regions": {
        "size_1_region_0": {
          "region": [
            0
          ],
          "entropy": 0.4868191585826952,
          "rt_area": 3,
          "size": 1
        },
        "size_1_region_1": {
          "region": [
            1
          ],
          "entropy": 0.5453196433062502,
          "rt_area": 3,
          "size": 1
        },
        "size_1_region_2": {
          "region": [
            2
          ],
          "entropy": 0.4868191585826952,
          "rt_area": 3,
          "size": 1
        },
        "size_2_region_0": {
          "region": [
            0,
            1
          ],
          "entropy": 0.8895537156865025,
          "rt_area": 4,
          "size": 2
        },
        "size_2_region_1": {
          "region": [
            0,
            2
          ],
          "entropy": 0.5908445678138926,
          "rt_area": 4,
          "size": 2
        },
        "size_2_region_2": {
          "region": [
            0,
            3
          ],
          "entropy": 0.8895537156865023,
          "rt_area": 4,
          "size": 2
        },
        "size_3_region_0": {
          "region": [
            0,
            1,
            2
          ],
          "entropy": 0.5453196433062508,
          "rt_area": 3,
          "size": 3
        },
        "size_3_region_1": {
          "region": [
            0,
            1,
            3
          ],
          "entropy": 0.4868191585826963,
          "rt_area": 3,
          "size": 3
        },
        "size_3_region_2": {
          "region": [
            0,
            2,
            3
          ],
          "entropy": 0.5453196433062538,
          "rt_area": 3,
          "size": 3
        }
      }
    },
    {
      "entropy_A": 0.5360157404027313,
      "entropy_B": 0.5360157404027301,
      "mi_AB": 1.0720314808054594,
      "pure_state_check": true,
      "entropy_difference": 1.1102230246251565e-15,
      "multiple_regions": {
        "size_1_region_0": {
          "region": [
            0
          ],
          "entropy": 0.42100168387748604,
          "rt_area": 3,
          "size": 1
        },
        "size_1_region_1": {
          "region": [
            1
          ],
          "entropy": 0.5360157404027295,
          "rt_area": 3,
          "size": 1
        },
        "size_1_region_2": {
          "region": [
            2
          ],
          "entropy": 0.4210016838774861,
          "rt_area": 3,
          "size": 1
        },
        "size_2_region_0": {
          "region": [
            0,
            1
          ],
          "entropy": 0.7641883221158063,
          "rt_area": 4,
          "size": 2
        },
        "size_2_region_1": {
          "region": [
            0,
            2
          ],
          "entropy": 0.5320716862493193,
          "rt_area": 4,
          "size": 2
        },
        "size_2_region_2": {
          "region": [
            0,
            3
          ],
          "entropy": 0.7641883221158067,
          "rt_area": 4,
          "size": 2
        },
        "size_3_region_0": {
          "region": [
            0,
            1,
            2
          ],
          "entropy": 0.5360157404027313,
          "rt_area": 3,
          "size": 3
        },
        "size_3_region_1": {
          "region": [
            0,
            1,
            3
          ],
          "entropy": 0.42100168387748654,
          "rt_area": 3,
          "size": 3
        },
        "size_3_region_2": {
          "region": [
            0,
            2,
            3
          ],
          "entropy": 0.5360157404027331,
          "rt_area": 3,
          "size": 3
        }
      }
    }
  ],
  "distance_matrix_per_timestep": [
    [
      [
        0.0,
        1.2510975716586283,
        1.0144877450296597,
        1.2510975716586272
      ],
      [
        1.2510975716586283,
        0.0,
        1.2510975716586297,
        2.5021951433172553
      ],
      [
        1.0144877450296597,
        1.2510975716586297,
        0.0,
        1.2510975716586292
      ],
      [
        1.2510975716586272,
        2.5021951433172553,
        1.2510975716586292,
        0.0
      ]
    ],
    [
      [
        0.0,
        1.947816361306922,
        0.9602589482944968,
        1.9478163613069204
      ],
      [
        1.947816361306922,
        0.0,
        1.9478163613069204,
        3.8956327226138368
      ],
      [
        0.9602589482944968,
        1.9478163613069204,
        0.0,
        1.9478163613069164
      ],
      [
        1.9478163613069204,
        3.8956327226138368,
        1.9478163613069164,
        0.0
      ]
    ],
    [
      [
        0.0,
        1.6459509633605718,
        1.1714033880305095,
        1.6459509633605685
      ],
      [
        1.6459509633605718,
        0.0,
        1.6459509633605758,
        3.29190192672114
      ],
      [
        1.1714033880305095,
        1.6459509633605758,
        0.0,
        1.645950963360569
      ],
      [
        1.6459509633605685,
        3.29190192672114,
        1.645950963360569,
        0.0
      ]
    ]
  ],
  "edge_mi": {
    "0,1": 0.19282910216440885,
    "0,3": 0.19282910216440952,
    "0,2": 0.30993168150565265,
    "1,2": 0.19282910216440807,
    "2,3": 0.1928291021644094
  },
  "distance_matrix": [
    [
      0.0,
      1.6459509633605718,
      1.1714033880305095,
      1.6459509633605685
    ],
    [
      1.6459509633605718,
      0.0,
      1.6459509633605758,
      0.6162605967213594
    ],
    [
      1.1714033880305095,
      1.6459509633605758,
      0.0,
      1.645950963360569
    ],
    [
      1.6459509633605685,
      0.6162605967213594,
      1.645950963360569,
      0.0
    ]
  ],
  "shortest_paths": {
    "0": {
      "0": 0,
      "2": 1.1714033880305095,
      "3": 1.6459509633605685,
      "1": 1.6459509633605718
    },
    "1": {
      "1": 0,
      "3": 0.6162605967213594,
      "0": 1.6459509633605718,
      "2": 1.6459509633605758
    },
    "2": {
      "2": 0,
      "0": 1.1714033880305095,
      "3": 1.645950963360569,
      "1": 1.6459509633605758
    },
    "3": {
      "3": 0,
      "1": 0.6162605967213594,
      "0": 1.6459509633605685,
      "2": 1.645950963360569
    }
  },
  "gromov_delta": 1.3378206649998925,
  "mean_distance": 1.0464334797742691,
  "angle_sums": [
    3.141592653589793,
    3.141592653589793,
    3.141592653589793,
    3.141592653589793
  ],
  "mean_angle_sum": 3.141592653589793,
  "min_angle_sum": 3.141592653589793,
  "max_angle_sum": 3.141592653589793,
  "angle_sum_deviations": [
    0.0,
    0.0,
    0.0,
    0.0
  ],
  "triangle_inequality_violations": [],
  "embedding_coords": [
    [
      -0.017533846886303692,
      0.0259337098638474
    ],
    [
      0.053811213965799694,
      0.013738956546976577
    ],
    [
      -0.011906195400017775,
      -0.08907239202422805
    ],
    [
      -0.02437117167947823,
      0.04939972561340407
    ]
  ],
  "embedding_coords_3d": [
    [
      -0.02546826456881942,
      0.004377472382697809,
      0.006202558307542008
    ],
    [
      -0.013154401227102965,
      -0.0060814614032226955,
      -0.03473994435595865
    ],
    [
      -0.02884830638944321,
      -0.07557558368048176,
      -0.005102609843505364
    ],
    [
      0.0674709721853656,
      0.07727957270100663,
      0.033639995891922
    ]
  ],
  "edge_weight_variance": 0.0,
  "event_nodes": [
    [
      0,
      0
    ],
    [
      1,
      0
    ],
    [
      2,
      0
    ],
    [
      3,
      0
    ],
    [
      0,
      1
    ],
    [
      1,
      1
    ],
    [
      2,
      1
    ],
    [
      3,
      1
    ],
    [
      0,
      2
    ],
    [
      1,
      2
    ],
    [
      2,
      2
    ],
    [
      3,
      2
    ]
  ],
  "event_edges": [
    {
      "type": "spatial",
      "from": [
        0,
        0
      ],
      "to": [
        1,
        0
      ],
      "weight": 1.2510975716586283
    },
    {
      "type": "spatial",
      "from": [
        0,
        0
      ],
      "to": [
        2,
        0
      ],
      "weight": 1.0144877450296597
    },
    {
      "type": "spatial",
      "from": [
        0,
        0
      ],
      "to": [
        3,
        0
      ],
      "weight": 1.2510975716586272
    },
    {
      "type": "spatial",
      "from": [
        1,
        0
      ],
      "to": [
        2,
        0
      ],
      "weight": 1.2510975716586297
    },
    {
      "type": "spatial",
      "from": [
        1,
        0
      ],
      "to": [
        3,
        0
      ],
      "weight": 2.5021951433172553
    },
    {
      "type": "spatial",
      "from": [
        2,
        0
      ],
      "to": [
        3,
        0
      ],
      "weight": 1.2510975716586292
    },
    {
      "type": "temporal",
      "from": [
        0,
        0
      ],
      "to": [
        0,
        1
      ],
      "weight": 1.0
    },
    {
      "type": "temporal",
      "from": [
        1,
        0
      ],
      "to": [
        1,
        1
      ],
      "weight": 1.0
    },
    {
      "type": "temporal",
      "from": [
        2,
        0
      ],
      "to": [
        2,
        1
      ],
      "weight": 1.0
    },
    {
      "type": "temporal",
      "from": [
        3,
        0
      ],
      "to": [
        3,
        1
      ],
      "weight": 1.0
    },
    {
      "type": "spatial",
      "from": [
        0,
        1
      ],
      "to": [
        1,
        1
      ],
      "weight": 1.947816361306922
    },
    {
      "type": "spatial",
      "from": [
        0,
        1
      ],
      "to": [
        2,
        1
      ],
      "weight": 0.9602589482944968
    },
    {
      "type": "spatial",
      "from": [
        0,
        1
      ],
      "to": [
        3,
        1
      ],
      "weight": 1.9478163613069204
    },
    {
      "type": "spatial",
      "from": [
        1,
        1
      ],
      "to": [
        2,
        1
      ],
      "weight": 1.9478163613069204
    },
    {
      "type": "spatial",
      "from": [
        1,
        1
      ],
      "to": [
        3,
        1
      ],
      "weight": 3.8956327226138368
    },
    {
      "type": "spatial",
      "from": [
        2,
        1
      ],
      "to": [
        3,
        1
      ],
      "weight": 1.9478163613069164
    },
    {
      "type": "temporal",
      "from": [
        0,
        1
      ],
      "to": [
        0,
        2
      ],
      "weight": 1.0
    },
    {
      "type": "temporal",
      "from": [
        1,
        1
      ],
      "to": [
        1,
        2
      ],
      "weight": 1.0
    },
    {
      "type": "temporal",
      "from": [
        2,
        1
      ],
      "to": [
        2,
        2
      ],
      "weight": 1.0
    },
    {
      "type": "temporal",
      "from": [
        3,
        1
      ],
      "to": [
        3,
        2
      ],
      "weight": 1.0
    },
    {
      "type": "spatial",
      "from": [
        0,
        2
      ],
      "to": [
        1,
        2
      ],
      "weight": 1.6459509633605718
    },
    {
      "type": "spatial",
      "from": [
        0,
        2
      ],
      "to": [
        2,
        2
      ],
      "weight": 1.1714033880305095
    },
    {
      "type": "spatial",
      "from": [
        0,
        2
      ],
      "to": [
        3,
        2
      ],
      "weight": 1.6459509633605685
    },
    {
      "type": "spatial",
      "from": [
        1,
        2
      ],
      "to": [
        2,
        2
      ],
      "weight": 1.6459509633605758
    },
    {
      "type": "spatial",
      "from": [
        1,
        2
      ],
      "to": [
        3,
        2
      ],
      "weight": 3.29190192672114
    },
    {
      "type": "spatial",
      "from": [
        2,
        2
      ],
      "to": [
        3,
        2
      ],
      "weight": 1.645950963360569
    }
  ],
  "lorentzian_dissimilarity": [
    [
      0.0,
      1.5652451338101168,
      1.0291853848153638,
      1.5652451338101139,
      -1.0,
      0.5652451338101168,
      0.029185384815363813,
      0.5652451338101139,
      -4.0,
      -2.4347548661898832,
      -2.9708146151846364,
      -2.434754866189886
    ],
    [
      1.5652451338101168,
      0.0,
      1.56524513381012,
      6.26098053524046,
      0.5652451338101168,
      -1.0,
      0.5652451338101201,
      5.26098053524046,
      -2.4347548661898832,
      -4.0,
      -2.4347548661898797,
      2.26098053524046
    ],
    [
      1.0291853848153638,
      1.56524513381012,
      0.0,
      1.565245133810119,
      0.029185384815363813,
      0.5652451338101201,
      -1.0,
      0.565245133810119,
      -2.9708146151846364,
      -2.4347548661898797,
      -4.0,
      -2.434754866189881
    ],
    [
      1.5652451338101139,
      6.26098053524046,
      1.565245133810119,
      0.0,
      0.5652451338101139,
      5.26098053524046,
      0.565245133810119,
      -1.0,
      -2.434754866189886,
      2.26098053524046,
      -2.434754866189881,
      -4.0
    ],
    [
      -1.0,
      0.5652451338101168,
      0.029185384815363813,
      0.5652451338101139,
      0.0,
      3.7939885773749373,
      0.922097247779653,
      3.7939885773749316,
      -1.0,
      2.7939885773749373,
      -0.07790275222034704,
      2.7939885773749316
    ],
    [
      0.5652451338101168,
      -1.0,
      0.5652451338101201,
      5.26098053524046,
      3.7939885773749373,
      0.0,
      3.7939885773749316,
      15.175954309499694,
      2.7939885773749373,
      -1.0,
      2.7939885773749316,
      14.175954309499694
    ],
    [
      0.029185384815363813,
      0.5652451338101201,
      -1.0,
      0.565245133810119,
      0.922097247779653,
      3.7939885773749316,
      0.0,
      3.793988577374916,
      -0.07790275222034704,
      2.7939885773749316,
      -1.0,
      2.793988577374916
    ],
    [
      0.5652451338101139,
      5.26098053524046,
      0.565245133810119,
      -1.0,
      3.7939885773749316,
      15.175954309499694,
      3.793988577374916,
      0.0,
      2.7939885773749316,
      14.175954309499694,
      2.793988577374916,
      -1.0
    ],
    [
      -4.0,
      -2.4347548661898832,
      -2.9708146151846364,
      -2.434754866189886,
      -1.0,
      2.7939885773749373,
      -0.07790275222034704,
      2.7939885773749316,
      0.0,
      2.709154573787594,
      1.3721858974893564,
      2.7091545737875835
    ],
    [
      -2.4347548661898832,
      -4.0,
      -2.4347548661898797,
      2.26098053524046,
      2.7939885773749373,
      -1.0,
      2.7939885773749316,
      14.175954309499694,
      2.709154573787594,
      0.0,
      2.7091545737876075,
      10.836618295150354
    ],
    [
      -2.9708146151846364,
      -2.4347548661898797,
      -4.0,
      -2.434754866189881,
      -0.07790275222034704,
      2.7939885773749316,
      -1.0,
      2.793988577374916,
      1.3721858974893564,
      2.7091545737876075,
      0.0,
      2.709154573787585
    ],
    [
      -2.434754866189886,
      2.26098053524046,
      -2.434754866189881,
      -4.0,
      2.7939885773749316,
      14.175954309499694,
      2.793988577374916,
      -1.0,
      2.7091545737875835,
      10.836618295150354,
      2.709154573787585,
      0.0
    ]
  ],
  "lorentzian_embedding": [
    [
      -0.18528464790664703,
      0.1606315522775026,
      -0.8623534092061339
    ],
    [
      0.06598201222539227,
      -0.40121076315318877,
      0.014616221302385492
    ],
    [
      -0.30726247259628076,
      0.92417832235353,
      -0.6258702410513317
    ],
    [
      -0.4896056674653905,
      1.4723421307904527,
      -1.4944081707500891
    ],
    [
      1.0491905281583407,
      -0.24503889220718367,
      -0.7658564307910598
    ],
    [
      1.8998140566136,
      -0.2441296869990321,
      1.3925369432755286
    ],
    [
      0.8739128073906746,
      0.8521417316350726,
      -0.42604505149686217
    ],
    [
      1.2624260223584798,
      0.6062252441834599,
      -2.4324207623477982
    ],
    [
      1.8258674035072588,
      -0.08221701424150278,
      -0.5629873311919682
    ],
    [
      2.421428460785405,
      -0.369432138509547,
      1.2493315710971151
    ],
    [
      1.7549830837948885,
      0.3615406289150752,
      -0.4255437257495071
    ],
    [
      1.8285426138564862,
      0.5164302601823474,
      -2.155789437974935
    ]
  ],
  "edge_length_evolution": [],
  "angle_deficit_evolution": [],
  "regge_action_evolution": [],
  "gromov_delta_evolution": [],
  "mass_hinge": null,
  "mass_value": 0.0,
  "matter": [
    {
      "(0, 1)": 0.0,
      "(1, 2)": 0.0,
      "(0, 3)": 0.0,
      "(2, 3)": 0.0,
      "(0, 2)": 0.0,
      "(1, 3)": 0.0
    },
    {
      "(0, 1)": 0.0,
      "(1, 2)": 0.0,
      "(0, 3)": 0.0,
      "(2, 3)": 0.0,
      "(0, 2)": 0.0,
      "(1, 3)": 0.0
    },
    {
      "(0, 1)": 0.0,
      "(1, 2)": 0.0,
      "(0, 3)": 0.0,
      "(2, 3)": 0.0,
      "(0, 2)": 0.0,
      "(1, 3)": 0.0
    }
  ],
  "stationary_solution": null,
  "einstein_analysis_per_timestep": [
    {
      "ricci_tensor": [
        [
          0.11428626773937445,
          0.0
        ],
        [
          0.0,
          0.11428626773937445
        ]
      ],
      "metric_tensor": [
        [
          1.0228572535478748,
          0.011428626773937446
        ],
        [
          0.011428626773937446,
          1.0228572535478748
        ]
      ],
      "stress_energy_tensor": [
        [
          0.11428626773937445,
          0.002285725354787489
        ],
        [
          0.002285725354787489,
          0.11428626773937445
        ]
      ],
      "einstein_solution": {
        "einstein_tensor": [
          [
            0.0,
            0.0
          ],
          [
            0.0,
            0.0
          ]
        ],
        "ricci_scalar": 0.2285725354787489,
        "metric_tensor": [
          [
            1.0,
            0.0
          ],
          [
            0.0,
            1.0
          ]
        ],
        "lhs": [
          [
            0.0,
            0.0
          ],
          [
            0.0,
            0.0
          ]
        ],
        "rhs": [
          [
            0.11428626773937445,
            0.002285725354787489
          ],
          [
            0.002285725354787489,
            0.11428626773937445
          ]
        ],
        "equations_satisfied": false,
        "residual": 0.16165751163613462,
        "conservation_violation": 0.11428626773937445,
        "gravitational_constant": 0.039788735772973836,
        "cosmological_constant": 0.0
      },
      "entropy_first_derivative": 0.0,
      "entropy_second_derivative": 0.0,
      "entropy_curvature_correlation": 0.16162518483002622,
      "emergent_gravitational_constant": 0.018189224438245256,
      "average_mutual_information": 0.2285725354787489,
      "ricci_scalar": 0.2285725354787489,
      "analysis_summary": {
        "einstein_equations_satisfied": false,
        "residual_magnitude": 0.16165751163613462,
        "conservation_violation": 0.11428626773937445,
        "entropy_evolution_rate": 0.0,
        "entropy_acceleration": 0.0,
        "entanglement_curvature_coupling": 0.16162518483002622
      }
    },
    {
      "ricci_tensor": [
        [
          0.09080805080999231,
          0.0
        ],
        [
          0.0,
          0.09080805080999231
        ]
      ],
      "metric_tensor": [
        [
          1.0181616101619984,
          0.00908080508099923
        ],
        [
          0.00908080508099923,
          1.0181616101619984
        ]
      ],
      "stress_energy_tensor": [
        [
          0.09080805080999231,
          0.0018161610161998463
        ],
        [
          0.0018161610161998463,
          0.09080805080999231
        ]
      ],
      "einstein_solution": {
        "einstein_tensor": [
          [
            0.0,
            0.0
          ],
          [
            0.0,
            0.0
          ]
        ],
        "ricci_scalar": 0.18161610161998462,
        "metric_tensor": [
          [
            1.0,
            0.0
          ],
          [
            0.0,
            1.0
          ]
        ],
        "lhs": [
          [
            0.0,
            0.0
          ],
          [
            0.0,
            0.0
          ]
        ],
        "rhs": [
          [
            0.09080805080999231,
            0.0018161610161998463
          ],
          [
            0.0018161610161998463,
            0.09080805080999231
          ]
        ],
        "equations_satisfied": false,
        "residual": 0.1284476588556359,
        "conservation_violation": 0.09080805080999231,
        "gravitational_constant": 0.039788735772973836,
        "cosmological_constant": 0.0
      },
      "entropy_first_derivative": 0.0,
      "entropy_second_derivative": 0.0,
      "entropy_curvature_correlation": 0.12842197202815642,
      "emergent_gravitational_constant": 0.014452550158950268,
      "average_mutual_information": 0.18161610161998462,
      "ricci_scalar": 0.18161610161998462,
      "analysis_summary": {
        "einstein_equations_satisfied": false,
        "residual_magnitude": 0.1284476588556359,
        "conservation_violation": 0.09080805080999231,
        "entropy_evolution_rate": 0.0,
        "entropy_acceleration": 0.0,
        "entanglement_curvature_coupling": 0.12842197202815642
      }
    },
    {
      "ricci_tensor": [
        [
          0.10132549279496428,
          0.0
        ],
        [
          0.0,
          0.10132549279496428
        ]
      ],
      "metric_tensor": [
        [
          1.020265098558993,
          0.010132549279496429
        ],
        [
          0.010132549279496429,
          1.020265098558993
        ]
      ],
      "stress_energy_tensor": [
        [
          0.10132549279496428,
          0.0020265098558992856
        ],
        [
          0.0020265098558992856,
          0.10132549279496428
        ]
      ],
      "einstein_solution": {
        "einstein_tensor": [
          [
            0.0,
            0.0
          ],
          [
            0.0,
            0.0
          ]
        ],
        "ricci_scalar": 0.20265098558992856,
        "metric_tensor": [
          [
            1.0,
            0.0
          ],
          [
            0.0,
            1.0
          ]
        ],
        "lhs": [
          [
            0.0,
            0.0
          ],
          [
            0.0,
            0.0
          ]
        ],
        "rhs": [
          [
            0.10132549279496428,
            0.0020265098558992856
          ],
          [
            0.0020265098558992856,
            0.10132549279496428
          ]
        ],
        "equations_satisfied": false,
        "residual": 0.14332454243665607,
        "conservation_violation": 0.10132549279496428,
        "gravitational_constant": 0.039788735772973836,
        "cosmological_constant": 0.0
      },
      "entropy_first_derivative": 0.0,
      "entropy_second_derivative": 0.0,
      "entropy_curvature_correlation": 0.14329588112477598,
      "emergent_gravitational_constant": 0.01612645303954079,
      "average_mutual_information": 0.20265098558992856,
      "ricci_scalar": 0.20265098558992856,
      "analysis_summary": {
        "einstein_equations_satisfied": false,
        "residual_magnitude": 0.14332454243665607,
        "conservation_violation": 0.10132549279496428,
        "entropy_evolution_rate": 0.0,
        "entropy_acceleration": 0.0,
        "entanglement_curvature_coupling": 0.14329588112477598
      }
    }
  ],
  "bootstrap_analysis": {
    "gromov_delta": {
      "mean": 1.6149549654420408,
      "lower_ci": 1.2510975716586283,
      "upper_ci": 1.9478163613069206,
      "all_values": [
        1.2510975716586283,
        1.9478163613069204,
        1.6459509633605736
      ],
      "uncertainty": 0.33286139586487984
    },
    "entropy": {
      "mean": null,
      "lower_ci": null,
      "upper_ci": null,
      "uncertainty": null
    },
    "distance_matrix": {
      "mean": [
        [
          0.0,
          1.6149549654420408,
          1.0487166937848886,
          1.6149549654420385
        ],
        [
          1.6149549654420408,
          0.0,
          1.6149549654420419,
          3.229909930884077
        ],
        [
          1.0487166937848886,
          1.6149549654420419,
          0.0,
          1.6149549654420383
        ],
        [
          1.6149549654420385,
          3.229909930884077,
          1.6149549654420383,
          0.0
        ]
      ],
      "lower_ci": [
        [
          0.0,
          1.2510975716586283,
          0.9783352138728844,
          1.2510975716586272
        ],
        [
          1.2510975716586283,
          0.0,
          1.2510975716586297,
          2.5021951433172553
        ],
        [
          0.9602589482944968,
          1.2510975716586297,
          0.0,
          1.2510975716586292
        ],
        [
          1.2510975716586272,
          2.5021951433172553,
          1.2510975716586292,
          0.0
        ]
      ],
      "upper_ci": [
        [
          0.0,
          1.947816361306922,
          1.1714033880305095,
          1.9478163613069206
        ],
        [
          1.947816361306922,
          0.0,
          1.9478163613069206,
          3.8956327226138368
        ],
        [
          1.1714033880305095,
          1.9478163613069206,
          0.0,
          1.9478163613069164
        ],
        [
          1.9478163613069206,
          3.8956327226138368,
          1.9478163613069164,
          0.0
        ]
      ]
    }
  },
  "topology_compatibility": {
    "current_topology": "triangulated",
    "explanation": "Triangulated topology is specifically designed for angle-sum curvature. Creates multiple triangles per vertex, enabling robust local curvature measurements. Each vertex has multiple incident triangles for well-defined angle sums.",
    "supports_local_curvature": true
  },
  "rt_surface_analysis": {
    "region_A": [
      0
    ],
    "region_B": [
      1,
      2,
      3
    ],
    "bulk_point": 2,
    "is_complementary": true,
    "rt_area_AB": 4.46330531475165,
    "rt_area_BA": 4.46330531475165,
    "area_consistent": true,
    "edges_consistent": true,
    "area_difference": 0.0,
    "rt_edges_AB": [
      [
        0,
        1
      ],
      [
        0,
        2
      ],
      [
        0,
        3
      ]
    ],
    "rt_edges_BA": [
      [
        0,
        1
      ],
      [
        0,
        2
      ],
      [
        0,
        3
      ]
    ],
    "edge_lengths": [
      1.6459509633605718,
      1.1714033880305095,
      1.6459509633605685,
      1.6459509633605758,
      3.29190192672114,
      1.645950963360569
    ],
    "all_edges": [
      [
        0,
        1
      ],
      [
        0,
        2
      ],
      [
        0,
        3
      ],
      [
        1,
        2
      ],
      [
        1,
        3
      ],
      [
        2,
        3
      ]
    ]
  },
  "bulk_excitation_analysis": {
    "ground_state_mi": [
      [
        0.0,
        0.19282910216440918,
        0.30993168150565276,
        0.19282910216440952
      ],
      [
        0.19282910216440918,
        0.0,
        0.1928291021644083,
        0.5399597945561412
      ],
      [
        0.30993168150565276,
        0.1928291021644083,
        0.0,
        0.19282910216440952
      ],
      [
        0.19282910216440952,
        0.5399597945561412,
        0.19282910216440952,
        0.0
      ]
    ],
    "excited_state_mi": [
      [
        0.0,
        0.19566870941818304,
        0.2515122511446314,
        0.19566870941818182
      ],
      [
        0.19566870941818304,
        0.0,
        0.4197390396898265,
        0.3847836030795557
      ],
      [
        0.2515122511446314,
        0.4197390396898265,
        0.0,
        0.4197390396898273
      ],
      [
        0.19566870941818182,
        0.3847836030795557,
        0.4197390396898273,
        0.0
      ]
    ],
    "mi_difference": [
      [
        0.0,
        0.002839607253773857,
        -0.058419430361021374,
        0.0028396072537723027
      ],
      [
        0.002839607253773857,
        0.0,
        0.22690993752541821,
        -0.15517619147658546
      ],
      [
        -0.058419430361021374,
        0.22690993752541821,
        0.0,
        0.22690993752541777
      ],
      [
        0.0028396072537723027,
        -0.15517619147658546,
        0.22690993752541777,
        0.0
      ]
    ],
    "avg_mi_change": 0.08413683892449862,
    "max_mi_change": 0.22690993752541821,
    "mi_change_boundary_A": NaN,
    "mi_change_boundary_B": 0.09954789452475017,
    "bulk_point": 2,
    "ground_state_counts": {
      "0001 0001": 2,
      "0101 0101": 1,
      "0000 0000": 61,
      "0010 0010": 13,
      "0100 0100": 2,
      "1101 1101": 3,
      "1000 1000": 11,
      "0111 0111": 5,
      "1011 1011": 1,
      "1010 1010": 1
    },
    "excited_state_counts": {
      "0000 1010": 2,
      "1101 0111": 2,
      "1010 0000": 21,
      "0010 1010": 1,
      "1110 0100": 2,
      "1100 1110": 1,
      "1000 0010": 9,
      "1110 0000": 14,
      "0110 1000": 4,
      "0010 1100": 1,
      "1001 1011": 1,
      "0011 1101": 1,
      "0100 1110": 2,
      "1011 1101": 1,
      "0110 0000": 4,
      "1001 0111": 3,
      "0010 1000": 12,
      "0000 1110": 1,
      "1100 0010": 5,
      "1000 0000": 4,
      "0111 1101": 1,
      "1100 1010": 1,
      "0010 0000": 1,
      "0001 1011": 2,
      "0110 1010": 1,
      "0100 0010": 1,
      "1101 1011": 1,
      "1100 0000": 1
    },
    "boundary_entropies": {
      "ground_state": {
        "entropy_A": 0.5360157404027313,
        "entropy_B": 0.5360157404027301,
        "mi_AB": 1.0720314808054594
      },
      "excited_state": {
        "entropy_A": 0.5996725249807715,
        "entropy_B": 0.5996725249807697,
        "mi_AB": 1.199345049961537
      },
      "rt_relation_test": {
        "entropy_ratio": 0.9999999999999979,
        "rt_area_ratio": 1.0,
        "rt_deviation": 2.1094237467877974e-15,
        "excited_entropy_ratio": 0.999999999999997,
        "rt_relation_change": 8.881784197001252e-16
      }
    }
  },
  "page_curve_analysis": null,
  "deutsch_ctc_analysis": null,
  "ctc_recovery_analysis": null,
  "einstein_analysis": null,
  "dynamic_evidence": {
    "angle_sums_per_timestep": [
      [
        9.42477796076938,
        0.0,
        9.42477796076938,
        3.141592653589793
      ],
      [
        3.141592653589793,
        3.141592802221685,
        3.141592653589793,
        0.0
      ],
      [
        3.141592653589793,
        0.0,
        3.141592653589793,
        3.141592678684636
      ]
    ],
    "gromov_delta_per_timestep": [
      1.2510975716586283,
      1.9478163613069204,
      1.6459509633605736
    ],
    "edge_mi_per_timestep": [
      {
        "0,1": 0.2861905098229185,
        "0,3": 0.2861905098229188,
        "0,2": 0.3625881198346882,
        "1,2": 0.28619050982291816,
        "2,3": 0.28619050982291827
      },
      {
        "0,1": 0.1425850862024427,
        "0,3": 0.14258508620244292,
        "0,2": 0.38279374935149757,
        "1,2": 0.14258508620244292,
        "2,3": 0.14258508620244348
      },
      {
        "0,1": 0.19282910216440885,
        "0,3": 0.19282910216440952,
        "0,2": 0.30993168150565265,
        "1,2": 0.19282910216440807,
        "2,3": 0.1928291021644094
      }
    ],
    "shortest_paths_per_timestep": [
      {
        "0": {
          "0": 0,
          "2": 1.0144877450296597,
          "3": 1.2510975716586272,
          "1": 1.2510975716586283
        },
        "1": {
          "1": 0,
          "0": 1.2510975716586283,
          "2": 1.2510975716586297,
          "3": 2.5021951433172553
        },
        "2": {
          "2": 0,
          "0": 1.0144877450296597,
          "3": 1.2510975716586292,
          "1": 1.2510975716586297
        },
        "3": {
          "3": 0,
          "0": 1.2510975716586272,
          "2": 1.2510975716586292,
          "1": 2.5021951433172553
        }
      },
      {
        "0": {
          "0": 0,
          "2": 0.9602589482944968,
          "3": 1.9478163613069204,
          "1": 1.947816361306922
        },
        "1": {
          "1": 0,
          "2": 1.9478163613069204,
          "0": 1.947816361306922,
          "3": 3.8956327226138368
        },
        "2": {
          "2": 0,
          "0": 0.9602589482944968,
          "3": 1.9478163613069164,
          "1": 1.9478163613069204
        },
        "3": {
          "3": 0,
          "2": 1.9478163613069164,
          "0": 1.9478163613069204,
          "1": 3.8956327226138368
        }
      },
      {
        "0": {
          "0": 0,
          "2": 1.1714033880305095,
          "3": 1.6459509633605685,
          "1": 1.6459509633605718
        },
        "1": {
          "1": 0,
          "0": 1.6459509633605718,
          "2": 1.6459509633605758,
          "3": 3.29190192672114
        },
        "2": {
          "2": 0,
