{
  "spec": {
    "num_qubits": 3,
    "topology": "triangulated",
    "custom_edges": "0-1:0.8189,0-2:0.7694,1-2:0.8307",
    "alpha": 0.8,
    "weight": 0.780190111651528,
    "gamma": 0.2613478772792624,
    "sigma": 0.3213740355369085,
    "init_angle": 2.583444487558628,
    "init_angles": null,
    "shots": 100,
    "device": "simulator",
    "geometry": "spherical",
    "curvature": 1.0,
    "timesteps": 2,
    "dimension": 2,
    "mass_hinge": null,
    "mass_value": 0.0,
    "solve_regge": false,
    "lorentzian": true,
    "excite": true,
    "fast": true,
    "fast_preset": "minimal",
    "ctc_mode": true,
    "ctc_type": "paradox",
    "strong_curvature": true,
    "charge_injection": true,
    "charge_strength": 2.5,
    "charge_location": null,
    "spin_injection": true,
    "spin_strength": 2.0,
    "spin_location": null,
    "edge_floor": 0.001,
    "compute_entropies": true,
    "hyperbolic_triangulation": true,
    "trotter_steps": 8,
    "dt": 0.05,
    "analyze_curvature": true,
    "einstein_solver": true,
    "page_curve": true,
    "radiation_ordering": null,
    "page_curve_timesteps": 15,
    "entropy_method": "hybrid",
    "num_shadows": 100,
    "shots_per_shadow": 1000,
    "num_bases": 20,
    "shots_per_basis": 1000,
    "enhanced_entanglement": false,
    "entanglement_strength": 0.8989899410269842,
    "interpolate_geometry": false,
    "smooth_charge_injection": false,
    "min_qubits_for_continuum": 10,
    "benchmark_against_classical_geometry": false,
    "geometry_fit_metric": "wasserstein,kl,euclidean",
    "verify_noise_robustness": false,
    "run_on_multiple_backends": false,
    "detect_and_flag_causal_loops": true,
    "restrict_information_flow_direction": "bidirectional",
    "filter_noncausal_edges": true,
    "use_ryu_takayanagi_test": true,
    "compare_MI_vs_subsystem_entropy": true,
    "embed_boundary_entropy_in_geometry": true,
    "entropy_engineering": true,
    "target_entropy_pattern": "quantum_gravity",
    "custom_target_entropies": null,
    "entropy_optimization_iterations": 200,
    "entropy_tolerance": 0.05,
    "continue_on_engineering_failure": true,
    "validate_engineered_geometry": true,
    "enhance_bell_violations": true,
    "bell_entanglement_strength": 4.0,
    "teleportation_circuits": true,
    "long_range_coupling": 3.0,
    "holographic_optimization": true,
    "rt_surface_encoding": true,
    "conformal_symmetry": true,
    "bulk_reconstruction": true,
    "scalable_entanglement": true,
    "parallel_execution": true,
    "memory_optimization": true,
    "circuit_compilation": "optimized",
    "real_hardware": false,
    "error_mitigation": true,
    "zero_noise_extrapolation": true,
    "zne_noise_factors": [
      1.0,
      2.0,
      3.0
    ],
    "zne_extrapolation_method": "polynomial",
    "hardware_calibration": true,
    "noise_characterization": true,
    "backend_name": "ibm_brisbane",
    "quantum_mode": true,
    "quantum_entanglement_strength": 5.0,
    "quantum_circuit_depth": 12
  },
  "uid": "1VTFNP",
  "counts_per_timestep": [
    null
  ],
  "job_ids_per_timestep": [
    null
  ],
  "entropy_per_timestep": [
    null
  ],
  "mutual_information_per_timestep": [
    {
      "I_0,1": 0.6826954964427603,
      "I_0,2": 1.192526692315472,
      "I_1,2": 0.6374761819343809
    }
  ],
  "boundary_entropies_per_timestep": [
    {
      "entropy_A": 5.4967564668464596e-15,
      "entropy_B": 1.9220559022889496e-15,
      "mi_AB": 1.9220559022889496e-15,
      "pure_state_check": true,
      "entropy_difference": 3.57470056455751e-15,
      "multiple_regions": {
        "size_1_region_0": {
          "region": [
            0
          ],
          "entropy": 0.9376110943791203,
          "rt_area": 2,
          "size": 1
        },
        "size_1_region_1": {
          "region": [
            1
          ],
          "entropy": 0.6600858391885749,
          "rt_area": 2,
          "size": 1
        },
        "size_1_region_2": {
          "region": [
            2
          ],
          "entropy": 0.9150014371249269,
          "rt_area": 2,
          "size": 1
        },
        "size_2_region_0": {
          "region": [
            0,
            1
          ],
          "entropy": 0.9150014371249349,
          "rt_area": 2,
          "size": 2
        },
        "size_2_region_1": {
          "region": [
            0,
            2
          ],
          "entropy": 0.660085839188575,
          "rt_area": 2,
          "size": 2
        },
        "size_2_region_2": {
          "region": [
            1,
            2
          ],
          "entropy": 0.9376110943791208,
          "rt_area": 2,
          "size": 2
        }
      }
    }
  ],
  "distance_matrix_per_timestep": [
    [
      [
        0.0,
        0.3817063512652322,
        0.1760743270229109
      ],
      [
        0.3817063512652322,
        0.0,
        0.45023836431907976
      ],
      [
        0.1760743270229109,
        0.45023836431907976,
        0.0
      ]
    ]
  ],
  "edge_mi": {
    "0,1": 0.6826954964427603,
    "0,2": 1.192526692315472,
    "1,2": 0.6374761819343809
  },
  "distance_matrix": [
    [
      0.0,
      0.3817063512652322,
      0.1760743270229109
    ],
    [
      0.3817063512652322,
      0.0,
      0.45023836431907976
    ],
    [
      0.1760743270229109,
      0.45023836431907976,
      0.0
    ]
  ],
  "shortest_paths": {
    "0": {
      "0": 0,
      "2": 0.1760743270229109,
      "1": 0.3817063512652322
    },
    "1": {
      "1": 0,
      "0": 0.3817063512652322,
      "2": 0.45023836431907976
    },
    "2": {
      "2": 0,
      "0": 0.1760743270229109,
      "1": 0.45023836431907976
    }
  },
  "gromov_delta": 0.32793519428070056,
  "mean_distance": 0.22400423169049397,
  "angle_sums": [
    3.1750926260805192
  ],
  "mean_angle_sum": 3.1750926260805192,
  "min_angle_sum": 3.1750926260805192,
  "max_angle_sum": 3.1750926260805192,
  "angle_sum_deviations": [
    0.033499972490726115
  ],
  "triangle_inequality_violations": [],
  "embedding_coords": null,
  "edge_weight_variance": 0.0007052422222222224,
  "event_nodes": [
    [
      0,
      0
    ],
    [
      1,
      0
    ],
    [
      2,
      0
    ],
    [
      0,
      1
    ],
    [
      1,
      1
    ],
    [
      2,
      1
    ]
  ],
  "event_edges": [
    {
      "type": "spatial",
      "from": [
        0,
        0
      ],
      "to": [
        1,
        0
      ],
      "weight": 0.3817063512652322
    },
    {
      "type": "spatial",
      "from": [
        0,
        0
      ],
      "to": [
        2,
        0
      ],
      "weight": 0.1760743270229109
    },
    {
      "type": "spatial",
      "from": [
        1,
        0
      ],
      "to": [
        2,
        0
      ],
      "weight": 0.45023836431907976
    },
    {
      "type": "temporal",
      "from": [
        0,
        0
      ],
      "to": [
        0,
        1
      ],
      "weight": 1.0
    },
    {
      "type": "temporal",
      "from": [
        1,
        0
      ],
      "to": [
        1,
        1
      ],
      "weight": 1.0
    },
    {
      "type": "temporal",
      "from": [
        2,
        0
      ],
      "to": [
        2,
        1
      ],
      "weight": 1.0
    }
  ],
  "lorentzian_dissimilarity": [
    [
      0.0,
      0.14569973859621685,
      0.03100216863657097,
      -1.0,
      -0.8543002614037831,
      -0.968997831363429
    ],
    [
      0.14569973859621685,
      0.0,
      0.2027145847047204,
      -0.8543002614037831,
      -1.0,
      -0.7972854152952796
    ],
    [
      0.03100216863657097,
      0.2027145847047204,
      0.0,
      -0.968997831363429,
      -0.7972854152952796,
      -1.0
    ],
    [
      -1.0,
      -0.8543002614037831,
      -0.968997831363429,
      0.0,
      0.0,
      0.0
    ],
    [
      -0.8543002614037831,
      -1.0,
      -0.7972854152952796,
      0.0,
      0.0,
      0.0
    ],
    [
      -0.968997831363429,
      -0.7972854152952796,
      -1.0,
      0.0,
      0.0,
      0.0
    ]
  ],
  "lorentzian_embedding": [
    [
      0.0,
      0.0,
      0.0
    ],
    [
      0.0,
      0.0,
      0.0
    ],
    [
      0.0,
      0.0,
      0.0
    ],
    [
      0.0,
      0.0,
      0.0
    ],
    [
      0.0,
      0.0,
      0.0
    ],
    [
      0.0,
      0.0,
      0.0
    ]
  ],
  "edge_length_evolution": [],
  "angle_deficit_evolution": [],
  "regge_action_evolution": [],
  "gromov_delta_evolution": [],
  "mass_hinge": null,
  "mass_value": 0.0,
  "matter": [
    {
      "(0, 1)": 0.0,
      "(0, 2)": 0.0,
      "(1, 2)": 0.0
    },
    {
      "(0, 1)": 0.0,
      "(0, 2)": 0.0,
      "(1, 2)": 0.0
    }
  ],
  "stationary_solution": null,
  "einstein_analysis_per_timestep": [
    {
      "ricci_tensor": [
        [
          0.27918870785473476,
          0.0
        ],
        [
          0.0,
          0.27918870785473476
        ]
      ],
      "metric_tensor": [
        [
          1.055837741570947,
          0.027918870785473476
        ],
        [
          0.027918870785473476,
          1.055837741570947
        ]
      ],
      "stress_energy_tensor": [
        [
          0.27918870785473476,
          0.0055837741570946954
        ],
        [
          0.0055837741570946954,
          0.27918870785473476
        ]
      ],
      "einstein_solution": {
        "einstein_tensor": [
          [
            0.0,
            0.0
          ],
          [
            0.0,
            0.0
          ]
        ],
        "ricci_scalar": 0.5583774157094695,
        "metric_tensor": [
          [
            1.0,
            0.0
          ],
          [
            0.0,
            1.0
          ]
        ],
        "lhs": [
          [
            0.0,
            0.0
          ],
          [
            0.0,
            0.0
          ]
        ],
        "rhs": [
          [
            0.27918870785473476,
            0.0055837741570946954
          ],
          [
            0.0055837741570946954,
            0.27918870785473476
          ]
        ],
        "equations_satisfied": false,
        "residual": 0.39491141570593746,
        "conservation_violation": 0.27918870785473476,
        "gravitational_constant": 0.039788735772973836,
        "cosmological_constant": 0.0
      },
      "entropy_first_derivative": 0.0,
      "entropy_second_derivative": 0.0,
      "entropy_curvature_correlation": 0.39483245210958584,
      "emergent_gravitational_constant": 0.044434262910520106,
      "average_mutual_information": 0.5583774157094695,
      "ricci_scalar": 0.5583774157094695,
      "analysis_summary": {
        "einstein_equations_satisfied": false,
        "residual_magnitude": 0.39491141570593746,
        "conservation_violation": 0.27918870785473476,
        "entropy_evolution_rate": 0.0,
        "entropy_acceleration": 0.0,
        "entanglement_curvature_coupling": 0.39483245210958584
      }
    }
  ],
  "bootstrap_analysis": {
    "gromov_delta": {
      "mean": 0.32793519428070056,
      "lower_ci": 0.32793519428070056,
      "upper_ci": 0.32793519428070056,
      "all_values": [
        0.32793519428070056
      ],
      "uncertainty": 0.0
    },
    "entropy": {
      "mean": null,
      "lower_ci": null,
      "upper_ci": null,
      "uncertainty": null
    },
    "distance_matrix": {
      "mean": [
        [
          0.0,
          0.3817063512652322,
          0.1760743270229109
        ],
        [
          0.3817063512652322,
          0.0,
          0.45023836431907976
        ],
        [
          0.1760743270229109,
          0.45023836431907976,
          0.0
        ]
      ],
      "lower_ci": [
        [
          0.0,
          0.3817063512652322,
          0.1760743270229109
        ],
        [
          0.3817063512652322,
          0.0,
          0.45023836431907976
        ],
        [
          0.1760743270229109,
          0.45023836431907976,
          0.0
        ]
      ],
      "upper_ci": [
        [
          0.0,
          0.3817063512652322,
          0.1760743270229109
        ],
        [
          0.3817063512652322,
          0.0,
          0.45023836431907976
        ],
        [
          0.1760743270229109,
          0.45023836431907976,
          0.0
        ]
      ]
    }
  },
  "topology_compatibility": {
    "current_topology": "triangulated",
    "explanation": "Triangulated topology is specifically designed for angle-sum curvature. Creates multiple triangles per vertex, enabling robust local curvature measurements. Each vertex has multiple incident triangles for well-defined angle sums.",
    "supports_local_curvature": true
  },
  "rt_surface_analysis": {
    "region_A": [
      0
    ],
    "region_B": [
      1,
      2
    ],
    "bulk_point": 1,
    "is_complementary": true,
    "rt_area_AB": 0.5577806782881432,
    "rt_area_BA": 0.5577806782881432,
    "area_consistent": true,
    "edges_consistent": true,
    "area_difference": 0.0,
    "rt_edges_AB": [
      [
        0,
        1
      ],
      [
        0,
        2
      ]
    ],
    "rt_edges_BA": [
      [
        0,
        1
      ],
      [
        0,
        2
      ]
    ],
    "edge_lengths": [
      0.3817063512652322,
      0.1760743270229109,
      0.45023836431907976
    ],
    "all_edges": [
      [
        0,
        1
      ],
      [
        0,
        2
      ],
      [
        1,
        2
      ]
    ]
  },
  "bulk_excitation_analysis": {
    "ground_state_mi": [
      [
        0.0,
        0.6826954964427603,
        1.192526692315472
      ],
      [
        0.6826954964427603,
        0.0,
        0.6374761819343809
      ],
      [
        1.192526692315472,
        0.6374761819343809,
        0.0
      ]
    ],
    "excited_state_mi": [
      [
        0.0,
        0.9804875154512245,
        0.9665122663316795
      ],
      [
        0.9804875154512245,
        0.0,
        0.788026115296907
      ],
      [
        0.9665122663316795,
        0.788026115296907,
        0.0
      ]
    ],
    "mi_difference": [
      [
        0.0,
        0.2977920190084642,
        -0.2260144259837925
      ],
      [
        0.2977920190084642,
        0.0,
        0.1505499333625261
      ],
      [
        -0.2260144259837925,
        0.1505499333625261,
        0.0
      ]
    ],
    "avg_mi_change": 0.1498569729677295,
    "max_mi_change": 0.2977920190084642,
    "mi_change_boundary_A": NaN,
    "mi_change_boundary_B": 0.1505499333625261,
    "bulk_point": 1,
    "ground_state_counts": {
      "100": 8,
      "110": 36,
      "011": 24,
      "111": 3,
      "101": 18,
      "000": 8,
      "001": 3
    },
    "excited_state_counts": {
      "000": 25,
      "100": 14,
      "001": 13,
      "011": 20,
      "111": 14,
      "101": 10,
      "110": 4
    },
    "boundary_entropies": {
      "ground_state": {
        "entropy_A": 5.4967564668464596e-15,
        "entropy_B": 1.9220559022889496e-15,
        "mi_AB": 1.9220559022889496e-15
      },
      "excited_state": {
        "entropy_A": 8.629810413687571e-15,
        "entropy_B": 1.9220559022889496e-15,
        "mi_AB": 1.9220559022889496e-15
      },
      "rt_relation_test": {
        "entropy_ratio": 0.34967092209410744,
        "rt_area_ratio": 1.0,
        "rt_deviation": 0.6503290779058926,
        "excited_entropy_ratio": 0.2227228421194995,
        "rt_relation_change": 0.12694807997460794
      }
    }
  },
  "page_curve_analysis": null,
  "einstein_analysis": null,
  "dynamic_evidence": {
    "angle_sums_per_timestep": [
      [
        3.1750926260805192
      ]
    ],
    "gromov_delta_per_timestep": [
      0.32793519428070056
    ],
    "edge_mi_per_timestep": [
      {
        "0,1": 0.6826954964427603,
        "0,2": 1.192526692315472,
        "1,2": 0.6374761819343809
      }
    ],
    "shortest_paths_per_timestep": [
      {
        "0": {
          "0": 0,
          "2": 0.1760743270229109,
          "1": 0.3817063512652322
        },
        "1": {
          "1": 0,
          "0": 0.3817063512652322,
          "2": 0.45023836431907976
        },
        "2": {
          "2": 0,
          "0": 0.1760743270229109,
          "1": 0.45023836431907976
        }
      }
    ],
    "mean_distance_per_timestep": [
      0.22400423169049397
    ],
    "triangle_violations_per_timestep": [
      0
    ],
    "embedding_coords_per_timestep": [
      [
        [
          -0.12002887730900302,
          -0.04602128659809726
        ],
        [
          0.2504048115438461,
          -0.08263916046554601
        ],
        [
          -0.13037593423484312,
          0.12866044706364327
        ]
      ]
    ],
    "regge_evolution_data": null,
    "evolution_summary": {
      "total_timesteps": 1,
      "gromov_delta_range": [
        0.32793519428070056,
        0.32793519428070056
      ],
      "mean_distance_range": [
        0.22400423169049397,
        0.22400423169049397
      ],
      "total_triangle_violations": 0,
      "hyperbolic_evolution": [
        false
      ],
      "regge_corrected": false
    }
  },
  "quantum_state_outputs": [
    {
      "timestep": 1,
      "statevector": [
        {
          "real": 0.29874783751665485,
          "imag": 0.013636349043495644
        },
        {
          "real": 0.18059624445903705,
          "imag": 0.00209216801435147
        },
        {
          "real": -0.005220137308179166,
          "imag": -0.042742563454110497
        },
        {
          "real": 0.4600799387879802,
          "imag": 0.1623962896994932
        },
        {
          "real": 0.2240176396725599,
          "imag": -0.28193137526395834
        },
        {
          "real": 0.15118442139927524,
          "imag": 0.27265083591891304
        },
        {
          "real": 0.06221540930272351,
          "imag": -0.6116223586696844
        },
        {
          "real": -0.11777515195734214,
          "imag": 0.13912603385047048
        }
      ],
      "mutual_information_matrix": [
        [
          0.0,
          0.6826954964427603,
          1.192526692315472
        ],
        [
          0.6826954964427603,
          0.0,
          0.6374761819343809
        ],
        [
          1.192526692315472,
          0.6374761819343809,
          0.0
        ]
      ],
      "circuit_depth": 51,
      "num_gates": 103
    }
  ]
}