[
  {
    "pattern": "alternating",
    "strength": 0.2,
    "time_steps": 3,
    "gap_cycles": 1,
    "mi_matrix": [
      [
        0.0,
        7.258214607852587e-05,
        4.6144281133031484e-05,
        1.1531207523729492e-05,
        0.00018111354300542892,
        0.0007102921965791431
      ],
      [
        7.258214607852587e-05,
        0.0,
        5.390266068827643e-06,
        3.962242627331136e-06,
        0.002080661923040683,
        2.06018554380627e-05
      ],
      [
        4.6144281133031484e-05,
        5.390266068827643e-06,
        0.0,
        0.0004059098670228245,
        0.00019111196585197554,
        0.00040909558208079844
      ],
      [
        1.1531207523729492e-05,
        3.962242627331136e-06,
        0.0004059098670228245,
        0.0,
        0.0010839182638062717,
        4.613371493089602e-05
      ],
      [
        0.00018111354300542892,
        0.002080661923040683,
        0.00019111196585197554,
        0.0010839182638062717,
        0.0,
        8.739473540186893e-06
      ],
      [
        0.0007102921965791431,
        2.06018554380627e-05,
        0.00040909558208079844,
        4.613371493089602e-05,
        8.739473540186893e-06,
        0.0
      ]
    ],
    "coords_2d": [
      [
        -6361.829330741077,
        13597.190593817899
      ],
      [
        -40227.40316753293,
        56779.9017616927
      ],
      [
        17274.942621583774,
        -24904.780560314044
      ],
      [
        25288.623552829595,
        -43812.832544618024
      ],
      [
        -18138.185774566235,
        3782.1525790088644
      ],
      [
        22163.852098426876,
        -5441.631829587386
      ]
    ],
    "coords_3d": [
      [
        -6741.801914181674,
        -10716.22016366043,
        -8067.821430696124
      ],
      [
        -40158.78824180733,
        -41186.76729388452,
        -39154.5389553156
      ],
      [
        17289.749211039696,
        18161.531569863742,
        17026.11705599066
      ],
      [
        25930.626459053077,
        33280.931726527946,
        27910.84666068231
      ],
      [
        -16260.157004918148,
        1298.0655296491336,
        -8787.271971275957
      ],
      [
        19940.371490814367,
        -837.5413684958742,
        11072.668640614698
      ]
    ],
    "curvature": -5.10702591327572e-16
  },
  {
    "pattern": "alternating",
    "strength": 0.2,
    "time_steps": 3,
    "gap_cycles": 2,
    "mi_matrix": [
      [
        0.0,
        1.1445620756056485e-05,
        0.00033908670954230224,
        0.0001386938304539509,
        2.0772160357118707e-05,
        0.004116974126958439
      ],
      [
        1.1445620756056485e-05,
        0.0,
        6.826525939707118e-05,
        0.0006176818532483974,
        0.0009995847698072158,
        0.0001379055602221957
      ],
      [
        0.00033908670954230224,
        6.826525939707118e-05,
        0.0,
        6.561869270171883e-09,
        0.0004050173997720563,
        0.00016828890395892415
      ],
      [
        0.0001386938304539509,
        0.0006176818532483974,
        6.561869270171883e-09,
        0.0,
        0.00028243270282057864,
        0.00010544206668394729
      ],
      [
        2.0772160357118707e-05,
        0.0009995847698072158,
        0.0004050173997720563,
        0.00028243270282057864,
        0.0,
        0.001050559021435582
      ],
      [
        0.004116974126958439,
        0.0001379055602221957,
        0.00016828890395892415,
        0.00010544206668394729,
        0.001050559021435582,
        0.0
      ]
    ],
    "coords_2d": [
      [
        -13122.582297537756,
        -17392.6176387195
      ],
      [
        10384.541051738728,
        13313.351282515217
      ],
      [
        -117864.65625836817,
        -122328.06463158064
      ],
      [
        117399.86909871126,
        121838.65333618986
      ],
      [
        4410.673605120019,
        6031.357157696009
      ],
      [
        -1207.8451996640993,
        -1462.6795061009464
      ]
    ],
    "coords_3d": [
      [
        15806.353055561058,
        -10467.898907122844,
        -10737.161087869124
      ],
      [
        -12301.893310044488,
        7884.284632739533,
        8460.625256800331
      ],
      [
        126429.2047025998,
        -63953.22357201163,
        -93711.64985229513
      ],
      [
        -125927.42180973834,
        63694.79850177393,
        93341.54110020802
      ],
      [
        -5397.746864288884,
        3682.934172438294,
        3623.810435755268
      ],
      [
        1391.5042259108563,
        -840.8948278172845,
        -977.165852599358
      ]
    ],
    "curvature": 1.7141843500212418e-14
  },
  {
    "pattern": "alternating",
    "strength": 0.2,
    "time_steps": 3,
    "gap_cycles": 3,
    "mi_matrix": [
      [
        0.0,
        3.365784418329909e-05,
        1.6814506557327746e-05,
        0.0034347030889789743,
        7.376762420574501e-05,
        0.00067182934849086
      ],
      [
        3.365784418329909e-05,
        0.0,
        0.0003480456473528015,
        4.9599391850341235e-05,
        0.0020816448300295942,
        6.951166510837936e-05
      ],
      [
        1.6814506557327746e-05,
        0.0003480456473528015,
        0.0,
        0.00041739342099744725,
        0.004546751858930831,
        0.0020053867849489926
      ],
      [
        0.0034347030889789743,
        4.9599391850341235e-05,
        0.00041739342099744725,
        0.0,
        0.0008667946636724544,
        0.0001587395598932062
      ],
      [
        7.376762420574501e-05,
        0.0020816448300295942,
        0.004546751858930831,
        0.0008667946636724544,
        0.0,
        0.0004915031309515872
      ],
      [
        0.00067182934849086,
        6.951166510837936e-05,
        0.0020053867849489926,
        0.0001587395598932062,
        0.0004915031309515872,
        0.0
      ]
    ],
    "coords_2d": [
      [
        -14606.802449882367,
        -8053.350499370067
      ],
      [
        8670.571793781963,
        6423.191360848153
      ],
      [
        8799.523018847853,
        4056.0625429658176
      ],
      [
        -4102.301753121381,
        -2618.04355177019
      ],
      [
        2289.2924151629013,
        1318.1073166728925
      ],
      [
        -1050.2830247889747,
        -1125.9671693466046
      ]
    ],
    "coords_3d": [
      [
        -11634.84287484544,
        -11596.802494886317,
        -2893.3815983095833
      ],
      [
        8384.891187402589,
        6425.852329708816,
        2224.791995078501
      ],
      [
        6290.209138435022,
        7208.108939081253,
        1499.1947276384128
      ],
      [
        -3606.95698082537,
        -3108.1424575710353,
        -1025.7962576597897
      ],
      [
        1871.9581744222019,
        1806.9920821507408,
        460.77767452153125
      ],
      [
        -1305.2586445890013,
        -736.008398483458,
        -265.5865412690713
      ]
    ],
    "curvature": 1.5321077739827161e-15
  },
  {
    "pattern": "alternating",
    "strength": 0.2,
    "time_steps": 3,
    "gap_cycles": 4,
    "mi_matrix": [
      [
        0.0,
        0.0009161830678632299,
        0.001158995563107057,
        0.002366718824755365,
        0.0009720518007176882,
        0.00031294047046226403
      ],
      [
        0.0009161830678632299,
        0.0,
        3.3905565552494465e-05,
        0.0033195646217638597,
        0.00012679440195206837,
        0.00014862292504913555
      ],
      [
        0.001158995563107057,
        3.3905565552494465e-05,
        0.0,
        0.0032619443867631936,
        0.00043453089476486184,
        5.058779173272576e-05
      ],
      [
        0.002366718824755365,
        0.0033195646217638597,
        0.0032619443867631936,
        0.0,
        0.0006814310950251645,
        0.0010550915722271625
      ],
      [
        0.0009720518007176882,
        0.00012679440195206837,
        0.00043453089476486184,
        0.0006814310950251645,
        0.0,
        3.746795027237404e-05
      ],
      [
        0.00031294047046226403,
        0.00014862292504913555,
        5.058779173272576e-05,
        0.0010550915722271625,
        3.746795027237404e-05,
        0.0
      ]
    ],
    "coords_2d": [
      [
        407.48083610296914,
        187.6222209748817
      ],
      [
        -5949.0523435698615,
        836.1491666437353
      ],
      [
        8351.50324294976,
        903.8606183844632
      ],
      [
        -142.4348217890162,
        -82.39235208732022
      ],
      [
        5050.585028544742,
        2823.1743873305813
      ],
      [
        -7718.081942238591,
        -4668.414041246341
      ]
    ],
    "coords_3d": [
      [
        -247.40844585922918,
        -25.66125528926387,
        373.8867144387687
      ],
      [
        2104.4201161144656,
        3409.229936398477,
        -4458.234735320944
      ],
      [
        -3837.5043517264935,
        -3016.17500513624,
        6841.598828977764
      ],
      [
        93.1269432662914,
        -5.828609781272844,
        -135.35580472059473
      ],
      [
        -3268.694946485528,
        118.28055661081522,
        4771.289675349792
      ],
      [
        5156.060684690494,
        -479.8456228025152,
        -7393.184678724782
      ]
    ],
    "curvature": 5.10702591327572e-16
  },
  {
    "pattern": "alternating",
    "strength": 0.2,
    "time_steps": 5,
    "gap_cycles": 1,
    "mi_matrix": [
      [
        0.0,
        0.001340245491953107,
        0.00012162220891531739,
        0.0004134810749127915,
        0.0014040119073723822,
        0.00017073903428865833
      ],
      [
        0.001340245491953107,
        0.0,
        3.837454357169534e-06,
        4.304032286128745e-08,
        0.0001888539497907349,
        0.00017342870281744638
      ],
      [
        0.00012162220891531739,
        3.837454357169534e-06,
        0.0,
        3.8168930352577846e-05,
        6.0061983768733285e-06,
        5.096453885355956e-06
      ],
      [
        0.0004134810749127915,
        4.304032286128745e-08,
        3.8168930352577846e-05,
        0.0,
        0.0006278304708196014,
        8.437445229603213e-06
      ],
      [
        0.0014040119073723822,
        0.0001888539497907349,
        6.0061983768733285e-06,
        0.0006278304708196014,
        0.0,
        0.0003636519041163577
      ],
      [
        0.00017073903428865833,
        0.00017342870281744638,
        5.096453885355956e-06,
        8.437445229603213e-06,
        0.0003636519041163577,
        0.0
      ]
    ],
    "coords_2d": [
      [
        -534.5213561929845,
        -120.50632542740938
      ],
      [
        -191066.10657115042,
        -44589.700689156845
      ],
      [
        80658.5671313967,
        18190.637569226743
      ],
      [
        177572.49407027382,
        41561.57375325251
      ],
      [
        -22294.352280800307,
        -4950.071873436265
      ],
      [
        -44336.080993526746,
        -10091.932434458718
      ]
    ],
    "coords_3d": [
      [
        -339.6306936039477,
        15.989884712518739,
        -429.68612881974207
      ],
      [
        -122045.93780046923,
        4345.346048099616,
        -153559.127104436
      ],
      [
        51252.54185733232,
        -2407.0686500262677,
        64838.92906291277
      ],
      [
        113478.1427484365,
        -3929.05231470303,
        142711.6979227223
      ],
      [
        -14133.28274727557,
        735.8047309150736,
        -17923.455739888115
      ],
      [
        -28211.833364420047,
        1238.980301002089,
        -35638.3580124912
      ]
    ],
    "curvature": 1.552979966845669e-13
  },
  {
    "pattern": "alternating",
    "strength": 0.2,
    "time_steps": 5,
    "gap_cycles": 2,
    "mi_matrix": [
      [
        0.0,
        4.5751977587826786e-05,
        3.2242187204545303e-06,
        0.0003922314584920983,
        4.441889171236113e-05,
        1.0314025182367459e-05
      ],
      [
        4.5751977587826786e-05,
        0.0,
        7.90344971783874e-05,
        3.813614455494552e-05,
        0.0013424124381846703,
        9.015494980602057e-05
      ],
      [
        3.2242187204545303e-06,
        7.90344971783874e-05,
        0.0,
        0.00014685485232202034,
        0.0023304179576264517,
        0.00035187620784626894
      ],
      [
        0.0003922314584920983,
        3.813614455494552e-05,
        0.00014685485232202034,
        0.0,
        0.00039223145849232033,
        1.3774607826810836e-05
      ],
      [
        4.441889171236113e-05,
        0.0013424124381846703,
        0.0023304179576264517,
        0.00039223145849232033,
        0.0,
        0.0007106007750812271
      ],
      [
        1.0314025182367459e-05,
        9.015494980602057e-05,
        0.00035187620784626894,
        1.3774607826810836e-05,
        0.0007106007750812271,
        0.0
      ]
    ],
    "coords_2d": [
      [
        -38904.47470301122,
        -48074.489605079696
      ],
      [
        2483.971907796154,
        3171.7774572911694
      ],
      [
        27165.667686726636,
        33600.55929682855
      ],
      [
        -10538.460752603169,
        -12911.686919187525
      ],
      [
        2349.9360047679015,
        2822.4424528348036
      ],
      [
        17443.35985632371,
        21391.3973173127
      ]
    ],
    "coords_3d": [
      [
        18436.44737963561,
        58415.848512493525,
        -8508.5136234845
      ],
      [
        -1422.4614339610828,
        -3673.8050416142023,
        603.6033979237292
      ],
      [
        -12835.543175820854,
        -40828.9472453115,
        5933.7911799374815
      ],
      [
        5174.266590946572,
        15668.45617989042,
        -2341.8748822302555
      ],
      [
        -1006.4610055715153,
        -3551.5940442367546,
        487.4952236542816
      ],
      [
        -8346.248355228734,
        -26029.958361221496,
        3825.4987041992636
      ]
    ],
    "curvature": 1.432187701766452e-14
  },
  {
    "pattern": "alternating",
    "strength": 0.2,
    "time_steps": 5,
    "gap_cycles": 3,
    "mi_matrix": [
      [
        0.0,
        0.001340245491953329,
        4.403069406033744e-05,
        4.874206811100734e-05,
        0.002859328350117707,
        0.0018633493589597094
      ],
      [
        0.001340245491953329,
        0.0,
        0.0008919597964514026,
        1.5977812516831946e-05,
        0.0007398048491327192,
        0.0024734381291999785
      ],
      [
        4.403069406033744e-05,
        0.0008919597964514026,
        0.0,
        0.0018657864119071554,
        0.004417000612120914,
        0.00039629036283272967
      ],
      [
        4.874206811100734e-05,
        1.5977812516831946e-05,
        0.0018657864119071554,
        0.0,
        0.0001271438847667561,
        0.0006974428983450576
      ],
      [
        0.002859328350117707,
        0.0007398048491327192,
        0.004417000612120914,
        0.0001271438847667561,
        0.0,
        0.00027065151978544755
      ],
      [
        0.0018633493589597094,
        0.0024734381291999785,
        0.00039629036283272967,
        0.0006974428983450576,
        0.00027065151978544755,
        0.0
      ]
    ],
    "coords_2d": [
      [
        1666.9050753741606,
        6876.024154054191
      ],
      [
        2391.098126111113,
        10141.901543251843
      ],
      [
        -1019.7748111541916,
        -4131.749341066476
      ],
      [
        -3401.5702027119014,
        -14399.545503300662
      ],
      [
        346.8097435262164,
        1631.7677289159458
      ],
      [
        16.53206885460349,
        -118.39858185483907
      ]
    ],
    "coords_3d": [
      [
        5466.291545756963,
        3771.6593235193327,
        -2439.78067515871
      ],
      [
        8063.540014217677,
        5508.555878701378,
        -3634.649578194101
      ],
      [
        -3284.4141521235606,
        -2281.072035614445,
        1456.2416364564501
      ],
      [
        -11448.567727386611,
        -7826.420245482483,
        5157.039594444568
      ],
      [
        1297.8635417484452,
        855.365639761503,
        -605.7119658341787
      ],
      [
        -94.71322221291186,
        -28.088560885284,
        66.86098828597102
      ]
    ],
    "curvature": 6.794564910705958e-15
  },
  {
    "pattern": "alternating",
    "strength": 0.2,
    "time_steps": 5,
    "gap_cycles": 4,
    "mi_matrix": [
      [
        0.0,
        0.0008919597964514026,
        0.0004269595878860777,
        7.564226693013154e-06,
        1.2801964612174643e-05,
        0.001145497769134085
      ],
      [
        0.0008919597964514026,
        0.0,
        0.00022407147110925507,
        0.0013347118820687953,
        0.00039643561062030486,
        0.00248344168754544
      ],
      [
        0.0004269595878860777,
        0.00022407147110925507,
        0.0,
        0.0005900584018916355,
        2.1285342133303686e-07,
        0.0003518336258929722
      ],
      [
        7.564226693013154e-06,
        0.0013347118820687953,
        0.0005900584018916355,
        0.0,
        1.6280873669227702e-05,
        6.82106831011442e-05
      ],
      [
        1.2801964612174643e-05,
        0.00039643561062030486,
        2.1285342133303686e-07,
        1.6280873669227702e-05,
        0.0,
        0.0016525029580094497
      ],
      [
        0.001145497769134085,
        0.00248344168754544,
        0.0003518336258929722,
        6.82106831011442e-05,
        0.0016525029580094497,
        0.0
      ]
    ],
    "coords_2d": [
      [
        -27095.007907010895,
        -591.6170445167132
      ],
      [
        360.69105467909924,
        291.4473012133518
      ],
      [
        -91507.38874571685,
        -105017.77875255795
      ],
      [
        14571.514756547764,
        -17100.074231434082
      ],
      [
        104843.15450554987,
        120190.21918682248
      ],
      [
        -1172.9636640489912,
        2227.8035404729285
      ]
    ],
    "coords_3d": [
      [
        5735.35468255288,
        23296.82922949337,
        12600.401977889014
      ],
      [
        -334.12184194480335,
        -317.6832289596402,
        -49.72562702482011
      ],
      [
        113017.95569778999,
        81419.74055648598,
        -321.33124745144954
      ],
      [
        12749.103785233581,
        -12065.379935937208,
        -14025.566003696425
      ],
      [
        -129368.28068426184,
        -93281.93162117661,
        313.0560998806317
      ],
      [
        -1800.0116393698095,
        948.4250000941144,
        1483.1648004030471
      ]
    ],
    "curvature": -1.4677148385544568e-14
  },
  {
    "pattern": "alternating",
    "strength": 0.2,
    "time_steps": 7,
    "gap_cycles": 1,
    "mi_matrix": [
      [
        0.0,
        0.001183032571719922,
        0.00016174092065046608,
        0.0010245871400795803,
        7.083523135964498e-05,
        0.0008803012593587844
      ],
      [
        0.001183032571719922,
        0.0,
        0.0006737381517964991,
        0.0006911079916531726,
        0.0013952662279985706,
        0.0006136576208064515
      ],
      [
        0.00016174092065046608,
        0.0006737381517964991,
        0.0,
        0.0018120023192007562,
        4.950203463738312e-05,
        0.0019860349664382326
      ],
      [
        0.0010245871400795803,
        0.0006911079916531726,
        0.0018120023192007562,
        0.0,
        6.170534041505249e-07,
        0.0003373810856228676
      ],
      [
        7.083523135964498e-05,
        0.0013952662279985706,
        4.950203463738312e-05,
        6.170534041505249e-07,
        0.0,
        0.0005595847596784331
      ],
      [
        0.0008803012593587844,
        0.0006136576208064515,
        0.0019860349664382326,
        0.0003373810856228676,
        0.0005595847596784331,
        0.0
      ]
    ],
    "coords_2d": [
      [
        -1247.1708812243285,
        -841.0704432942553
      ],
      [
        554.4272886627467,
        -86.08145849946371
      ],
      [
        -4279.073329624352,
        -1533.6873968675236
      ],
      [
        -95839.22254026927,
        -40527.47389651167
      ],
      [
        100490.8620669934,
        42491.282578566206
      ],
      [
        320.177395461826,
        497.03061660670664
      ]
    ],
    "coords_3d": [
      [
        1294.0542895703818,
        -572.1671543150488,
        -526.8580669675412
      ],
      [
        -243.5194133310719,
        451.08609540570325,
        392.86036499044076
      ],
      [
        3210.5372320036213,
        -2704.1889667001224,
        -1738.0813379185258
      ],
      [
        77499.9160871237,
        -57289.097736218566,
        -39234.61418386304
      ],
      [
        -81258.59917721068,
        60070.877249126046,
        41139.41535247261
      ],
      [
        -502.3890181559423,
        43.49051270198947,
        -32.72212871394845
      ]
    ],
    "curvature": 2.242650509742816e-15
  },
  {
    "pattern": "alternating",
    "strength": 0.2,
    "time_steps": 7,
    "gap_cycles": 2,
    "mi_matrix": [
      [
        0.0,
        0.00010166488123108941,
        0.0003337107212970647,
        0.0002736146507160697,
        2.2622465472021958e-06,
        0.0028251508401999637
      ],
      [
        0.00010166488123108941,
        0.0,
        0.0001329768023703437,
        0.0006939243067034528,
        0.0016676498150471897,
        4.4382620911775916e-08
      ],
      [
        0.0003337107212970647,
        0.0001329768023703437,
        0.0,
        0.0007973126337836867,
        1.0339981634910345e-05,
        2.860579901398097e-06
      ],
      [
        0.0002736146507160697,
        0.0006939243067034528,
        0.0007973126337836867,
        0.0,
        0.000978356480971554,
        0.00010070260717798263
      ],
      [
        2.2622465472021958e-06,
        0.0016676498150471897,
        1.0339981634910345e-05,
        0.000978356480971554,
        0.0,
        0.0008109662265238793
      ],
      [
        0.0028251508401999637,
        4.4382620911775916e-08,
        2.860579901398097e-06,
        0.00010070260717798263,
        0.0008109662265238793,
        0.0
      ]
    ],
    "coords_2d": [
      [
        40738.206313014955,
        -28817.567050440022
      ],
      [
        148031.64381144993,
        -67717.49603857551
      ],
      [
        51384.72906957943,
        -24983.74911518941
      ],
      [
        732.9709889751189,
        -231.61506037492762
      ],
      [
        -54954.63855394562,
        36231.31514017051
      ],
      [
        -185932.91162907382,
        85519.11212440938
      ]
    ],
    "coords_3d": [
      [
        -25140.929842555408,
        -42653.39615823729,
        -6238.592012473668
      ],
      [
        -69058.70820008095,
        -147284.74430227414,
        6090.897772550861
      ],
      [
        -24863.227325965625,
        -51432.21772886801,
        963.1603387805459
      ],
      [
        -279.46919976564476,
        -707.7081844686718,
        110.76081139265507
      ],
      [
        32322.330294140647,
        56986.359714046295,
        6363.3252970991
      ],
      [
        87020.00427422696,
        185091.7066598018,
        -7289.552207349494
      ]
    ],
    "curvature": 2.1316282072803005e-15
  },
  {
    "pattern": "alternating",
    "strength": 0.2,
    "time_steps": 7,
    "gap_cycles": 3,
    "mi_matrix": [
      [
        0.0,
        0.0007136294230112306,
        0.001432772499352808,
        0.0016839212681871718,
        5.413803875553569e-05,
        0.0016600789633260948
      ],
      [
        0.0007136294230112306,
        0.0,
        0.00041957608640585953,
        0.00028476721851888875,
        0.00029238201275383346,
        0.0003201545254924998
      ],
      [
        0.001432772499352808,
        0.00041957608640585953,
        0.0,
        0.0012447757288134298,
        0.0004764343165695184,
        4.052610228377773e-05
      ],
      [
        0.0016839212681871718,
        0.00028476721851888875,
        0.0012447757288134298,
        0.0,
        0.002081662716111987,
        0.0004259272602771258
      ],
      [
        5.413803875553569e-05,
        0.00029238201275383346,
        0.0004764343165695184,
        0.002081662716111987,
        0.0,
        1.1447142675979904e-06
      ],
      [
        0.0016600789633260948,
        0.0003201545254924998,
        4.052610228377773e-05,
        0.0004259272602771258,
        1.1447142675979904e-06,
        0.0
      ]
    ],
    "coords_2d": [
      [
        3269.7435337256184,
        -810.3587412607354
      ],
      [
        799.526936496021,
        88.23972640314743
      ],
      [
        -4194.539393026185,
        988.990010731897
      ],
      [
        -850.0940652871841,
        -31.73566682317905
      ],
      [
        -79479.24511296317,
        19049.894723767
      ],
      [
        80454.60810105491,
        -19285.030052818132
      ]
    ],
    "coords_3d": [
      [
        -1301.9664236565884,
        -2210.6091819620306,
        -2183.131201596115
      ],
      [
        -470.1344078097952,
        -307.66016002005483,
        -576.1559358882935
      ],
      [
        1699.4230266555965,
        2791.702536976052,
        2809.071983306477
      ],
      [
        465.2359275347067,
        379.82576065882336,
        602.7265725530707
      ],
      [
        32004.793940690535,
        53186.939064655424,
        53166.63974886866
      ],
      [
        -32397.35206341445,
        -53840.198020308206,
        -53819.15116724381
      ]
    ],
    "curvature": 9.703349235223869e-15
  },
  {
    "pattern": "alternating",
    "strength": 0.2,
    "time_steps": 7,
    "gap_cycles": 4,
    "mi_matrix": [
      [
        0.0,
        0.00039469123835389475,
        2.5168051102530953e-05,
        1.0736178154058251e-05,
        0.0015858437364397737,
        0.0001767537222554516
      ],
      [
        0.00039469123835389475,
        0.0,
        0.0006495294402946161,
        0.0005112074208040163,
        0.0001749804651343112,
        0.00010606369061072485
      ],
      [
        2.5168051102530953e-05,
        0.0006495294402946161,
        0.0,
        0.000645427791114983,
        2.4393674233902374e-05,
        3.7314517751241283e-06
      ],
      [
        1.0736178154058251e-05,
        0.0005112074208040163,
        0.000645427791114983,
        0.0,
        4.4617694677784314e-05,
        4.023557003085543e-05
      ],
      [
        0.0015858437364397737,
        0.0001749804651343112,
        2.4393674233902374e-05,
        4.4617694677784314e-05,
        0.0,
        0.00039726404076345645
      ],
      [
        0.0001767537222554516,
        0.00010606369061072485,
        3.7314517751241283e-06,
        4.023557003085543e-05,
        0.00039726404076345645,
        0.0
      ]
    ],
    "coords_2d": [
      [
        -12319.960807037602,
        -15956.12094371472
      ],
      [
        1417.3114550645753,
        1866.203738233878
      ],
      [
        29403.088396159223,
        38786.45544830884
      ],
      [
        13420.640823141639,
        17386.869865792854
      ],
      [
        -6454.647868886027,
        -8459.030918589015
      ],
      [
        -25466.43199844181,
        -33624.37719003184
      ]
    ],
    "coords_3d": [
      [
        -1941.767266070462,
        12650.115401548801,
        -15575.087645085987
      ],
      [
        239.55937990176022,
        -1459.919794548607,
        1817.3424646524809
      ],
      [
        5007.264276678322,
        -30297.737244394873,
        37761.15922462562
      ],
      [
        2118.0026615523857,
        -13781.079923522037,
        16970.938092172146
      ],
      [
        -1069.8649309574275,
        6642.650140603023,
        -8243.073984807948
      ],
      [
        -4353.19412110458,
        26245.971420313697,
        -32731.27815155632
      ]
    ],
    "curvature": 2.0872192862952943e-14
  },
  {
    "pattern": "alternating",
    "strength": 0.2,
    "time_steps": 9,
    "gap_cycles": 1,
    "mi_matrix": [
      [
        0.0,
        4.0041537898050095e-05,
        0.0006663568072757808,
        2.6879877141894326e-06,
        0.0010051234204091486,
        1.9875010414560634e-05
      ],
      [
        4.0041537898050095e-05,
        0.0,
        0.00019313927109410045,
        0.0007991077457236706,
        0.00023735906157473785,
        0.00038750603221449076
      ],
      [
        0.0006663568072757808,
        0.00019313927109410045,
        0.0,
        1.0173705429883384e-05,
        0.00012653147540864218,
        0.0004183228028187269
      ],
      [
        2.6879877141894326e-06,
        0.0007991077457236706,
        1.0173705429883384e-05,
        0.0,
        0.0005409303633228113,
        9.760219320220642e-05
      ],
      [
        0.0010051234204091486,
        0.00023735906157473785,
        0.00012653147540864218,
        0.0005409303633228113,
        0.0,
        0.0009423537946995353
      ],
      [
        1.9875010414560634e-05,
        0.00038750603221449076,
        0.0004183228028187269,
        9.760219320220642e-05,
        0.0009423537946995353,
        0.0
      ]
    ],
    "coords_2d": [
      [
        -8873.423570760453,
        -56965.1453863942
      ],
      [
        762.1873754195847,
        4922.737846664264
      ],
      [
        -2625.9541294832006,
        -17027.754988234356
      ],
      [
        9562.785983320264,
        61575.73734859732
      ],
      [
        33.92087921438333,
        287.2815105989496
      ],
      [
        1140.4834622894205,
        7207.143668768008
      ]
    ],
    "coords_3d": [
      [
        11893.421770702284,
        53077.292521996,
        -19107.91620980311
      ],
      [
        -1037.8972306770124,
        -4574.591035946625,
        1677.6654863300566
      ],
      [
        3579.672469259267,
        15853.125951528064,
        -5718.770509071264
      ],
      [
        -12883.419330841529,
        -57358.733629511364,
        20664.25052704837
      ],
      [
        -68.06148933314469,
        -266.3345323456005,
        90.13859237062356
      ],
      [
        -1483.7161891098624,
        -6730.759275720462,
        2394.6321131253217
      ]
    ],
    "curvature": -3.101963130802687e-14
  },
  {
    "pattern": "alternating",
    "strength": 0.2,
    "time_steps": 9,
    "gap_cycles": 2,
    "mi_matrix": [
      [
        0.0,
        0.0007030656885584907,
        3.1272174600971425e-06,
        9.45498930478017e-05,
        8.194055486354657e-06,
        0.0009431029281024017
      ],
      [
        0.0007030656885584907,
        0.0,
        0.0002694949742756414,
        0.00014120479921331253,
        8.111291793566622e-05,
        0.0010516079926892186
      ],
      [
        3.1272174600971425e-06,
        0.0002694949742756414,
        0.0,
        9.75773633804522e-05,
        0.00043212460873709446,
        2.7568838365965576e-05
      ],
      [
        9.45498930478017e-05,
        0.00014120479921331253,
        9.75773633804522e-05,
        0.0,
        0.00010211282462835314,
        0.002003270046945227
      ],
      [
        8.194055486354657e-06,
        8.111291793566622e-05,
        0.00043212460873709446,
        0.00010211282462835314,
        0.0,
        0.00031565838834612947
      ],
      [
        0.0009431029281024017,
        0.0010516079926892186,
        2.7568838365965576e-05,
        0.002003270046945227,
        0.00031565838834612947,
        0.0
      ]
    ],
    "coords_2d": [
      [
        -7354.220999190483,
        -60220.095564736934
      ],
      [
        -74.70571416565775,
        -3405.6344912851914
      ],
      [
        5955.252228922212,
        48543.87701632135
      ],
      [
        -377.0629206178353,
        -298.37022410899857
      ],
      [
        2651.1706745806387,
        21753.8538800662
      ],
      [
        -800.4332695288759,
        -6373.630616256408
      ]
    ],
    "coords_3d": [
      [
        44920.98021169691,
        40608.09533092983,
        -3692.5542192053767
      ],
      [
        2411.524796310369,
        2416.953157691548,
        -53.817615106553234
      ],
      [
        -36219.99954584481,
        -32729.62033253147,
        2976.5887102215884
      ],
      [
        351.9054297076701,
        78.80945182941562,
        -179.10151797829673
      ],
      [
        -16227.968353167498,
        -14666.598714223672,
        1346.3967405404858
      ],
      [
        4763.557461297361,
        4292.361106304338,
        -397.51209847184697
      ]
    ],
    "curvature": 8.748557434046233e-15
  },
  {
    "pattern": "alternating",
    "strength": 0.2,
    "time_steps": 9,
    "gap_cycles": 3,
    "mi_matrix": [
      [
        0.0,
        8.437445229603213e-06,
        0.0002502820223091451,
        0.0003105626689574592,
        0.0005395366268849955,
        2.5030504796408337e-05
      ],
      [
        8.437445229603213e-06,
        0.0,
        4.4950046872216376e-05,
        3.947725671338276e-05,
        0.0007052449150226625,
        0.00046778983853212885
      ],
      [
        0.0002502820223091451,
        4.4950046872216376e-05,
        0.0,
        4.184215884883713e-07,
        2.4868957155588234e-05,
        0.0013299756773250682
      ],
      [
        0.0003105626689574592,
        3.947725671338276e-05,
        4.184215884883713e-07,
        0.0,
        0.0006207070842632056,
        0.0004004741129479683
      ],
      [
        0.0005395366268849955,
        0.0007052449150226625,
        2.4868957155588234e-05,
        0.0006207070842632056,
        0.0,
        6.879441627360983e-05
      ],
      [
        2.5030504796408337e-05,
        0.00046778983853212885,
        0.0013299756773250682,
        0.0004004741129479683,
        6.879441627360983e-05,
        0.0
      ]
    ],
    "coords_2d": [
      [
        -15560.860687326795,
        19017.782758553625
      ],
      [
        11924.832024724637,
        -15251.038888595362
      ],
      [
        127836.97487208241,
        11102.008233377077
      ],
      [
        -122404.527455884,
        -9810.487443480682
      ],
      [
        -8484.77795005612,
        163.9404594665093
      ],
      [
        6688.3591964598645,
        -5222.20511932117
      ]
    ],
    "coords_3d": [
      [
        10343.448181831842,
        21437.37544590064,
        -6104.680372047813
      ],
      [
        -7947.369486275203,
        -17075.07920297988,
        4479.638740604367
      ],
      [
        -79785.93693999073,
        -16250.361278746439,
        99175.00355488302
      ],
      [
        76420.66197935247,
        16342.899935752215,
        -94720.17340576727
      ],
      [
        5323.311553114622,
        1938.9170340044868,
        -6318.396821276012
      ],
      [
        -4354.1152880330055,
        -6393.751933931026,
        3488.6083036037126
      ]
    ],
    "curvature": 1.9761969838327787e-15
  },
  {
    "pattern": "alternating",
    "strength": 0.2,
    "time_steps": 9,
    "gap_cycles": 4,
    "mi_matrix": [
      [
        0.0,
        0.001277461002348268,
        0.0002177737177273542,
        2.9064511912757496e-06,
        0.0006594504567030146,
        7.42318608277781e-05
      ],
      [
        0.001277461002348268,
        0.0,
        0.0018436726656412272,
        0.0002735283003261202,
        0.0010350961367513456,
        0.00037990012380095806
      ],
      [
        0.0002177737177273542,
        0.0018436726656412272,
        0.0,
        0.0014539292429247563,
        0.0009025561679638638,
        8.742390253946297e-07
      ],
      [
        2.9064511912757496e-06,
        0.0002735283003261202,
        0.0014539292429247563,
        0.0,
        0.001098528692421219,
        9.953529251283122e-05
      ],
      [
        0.0006594504567030146,
        0.0010350961367513456,
        0.0009025561679638638,
        0.001098528692421219,
        0.0,
        3.911032271641801e-05
      ],
      [
        7.42318608277781e-05,
        0.00037990012380095806,
        8.742390253946297e-07,
        9.953529251283122e-05,
        3.911032271641801e-05,
        0.0
      ]
    ],
    "coords_2d": [
      [
        2137.2016591720667,
        -44296.46366785028
      ],
      [
        177.3045693269283,
        -506.9695593896296
      ],
      [
        89982.09171543307,
        -120.60538014766018
      ],
      [
        599.090122798513,
        44139.83696106563
      ],
      [
        4153.1890100423625,
        100.52820672269334
      ],
      [
        -97048.87707677294,
        683.6734395992422
      ]
    ],
    "coords_3d": [
      [
        31597.3328242506,
        -17972.06803391492,
        -25068.918671855456
      ],
      [
        314.61923010785404,
        -335.53943561396244,
        -215.39181400712818
      ],
      [
        -25372.931131275942,
        -76512.81930971998,
        40006.79905648365
      ],
      [
        -32227.091707019063,
        15491.545346388946,
        26188.973171745834
      ],
      [
        -1243.8779264061159,
        -3494.1771392316014,
        1905.1673058306662
      ],
      [
        26931.948710342658,
        82823.05857209153,
        -42816.62904819757
      ]
    ],
    "curvature": 4.440892098500626e-15
  },
  {
    "pattern": "alternating",
    "strength": 0.4,
    "time_steps": 3,
    "gap_cycles": 1,
    "mi_matrix": [
      [
        0.0,
        0.0009877640236264362,
        0.00020393417793274082,
        0.00023219794305706642,
        0.0011281967293652606,
        0.004031393471303879
      ],
      [
        0.0009877640236264362,
        0.0,
        0.00010067522585410771,
        7.167989826450949e-05,
        0.000798118605846776,
        6.956277315040005e-05
      ],
      [
        0.00020393417793274082,
        0.00010067522585410771,
        0.0,
        0.0002993209765935756,
        0.0010115989777970125,
        0.0009772157240437451
      ],
      [
        0.00023219794305706642,
        7.167989826450949e-05,
        0.0002993209765935756,
        0.0,
        0.00037498587406714634,
        8.832511707534962e-05
      ],
      [
        0.0011281967293652606,
        0.000798118605846776,
        0.0010115989777970125,
        0.00037498587406714634,
        0.0,
        0.0002805888896433295
      ],
      [
        0.004031393471303879,
        6.956277315040005e-05,
        0.0009772157240437451,
        8.832511707534962e-05,
        0.0002805888896433295,
        0.0
      ]
    ],
    "coords_2d": [
      [
        -1397.390912455776,
        -287.9074634754834
      ],
      [
        -5973.661639282358,
        2036.672758879436
      ],
      [
        2272.378767289997,
        -1235.4617995081076
      ],
      [
        4281.616050192773,
        2987.0590549913254
      ],
      [
        -419.78754267906044,
        466.89219218331607
      ],
      [
        1236.8452769344253,
        -3967.2547430704863
      ]
    ],
    "coords_3d": [
      [
        370.13959404373986,
        -660.2715425349268,
        -1207.6600225003722
      ],
      [
        533.3441005951058,
        -5318.409732100472,
        -3354.247230543317
      ],
      [
        -75.76709339398185,
        2383.819474115305,
        1007.8931493030332
      ],
      [
        -1747.8904618656236,
        386.7655714383751,
        4901.653600631005
      ],
      [
        -65.86011125636864,
        -620.180969762789,
        -55.876383402448425
      ],
      [
        986.0339718771285,
        3828.277198844508,
        -1291.7631134879016
      ]
    ],
