{
  "spec": {
    "num_qubits": 4,
    "topology": "triangulated",
    "custom_edges": "0-1:0.2246,0-2:0.1722,0-3:0.2371,1-2:0.3094,1-3:0.1642,2-3:0.1642",
    "alpha": 0.8,
    "weight": 0.18357725991425491,
    "gamma": 0.15499228852865687,
    "sigma": 0.16798748077701367,
    "init_angle": 0.7949380687347095,
    "init_angles": null,
    "shots": 100,
    "device": "simulator",
    "geometry": "spherical",
    "curvature": 4.5,
    "timesteps": 2,
    "dimension": 2,
    "mass_hinge": null,
    "mass_value": 0.0,
    "solve_regge": false,
    "lorentzian": true,
    "excite": true,
    "fast": false,
    "fast_preset": "balanced",
    "ctc_mode": false,
    "ctc_perturbation": null,
    "ctc_perturbation_strength": 1.0,
    "test_ctc_recovery": false,
    "strong_curvature": true,
    "charge_injection": true,
    "charge_strength": 2.5,
    "charge_location": null,
    "spin_injection": true,
    "spin_strength": 2.0,
    "spin_location": null,
    "edge_floor": 0.001,
    "compute_entropies": true,
    "hyperbolic_triangulation": true,
    "trotter_steps": 8,
    "dt": 0.05,
    "analyze_curvature": true,
    "einstein_solver": true,
    "page_curve": true,
    "radiation_ordering": null,
    "page_curve_timesteps": 15,
    "entropy_method": "hybrid",
    "num_shadows": 100,
    "shots_per_shadow": 1000,
    "num_bases": 20,
    "shots_per_basis": 1000,
    "enhanced_entanglement": false,
    "entanglement_strength": 1.1650540335531918,
    "interpolate_geometry": false,
    "smooth_charge_injection": false,
    "min_qubits_for_continuum": 10,
    "benchmark_against_classical_geometry": false,
    "geometry_fit_metric": "wasserstein,kl,euclidean",
    "verify_noise_robustness": false,
    "run_on_multiple_backends": false,
    "detect_and_flag_causal_loops": true,
    "restrict_information_flow_direction": "bidirectional",
    "filter_noncausal_edges": true,
    "use_ryu_takayanagi_test": true,
    "compare_MI_vs_subsystem_entropy": true,
    "embed_boundary_entropy_in_geometry": true,
    "entropy_engineering": true,
    "target_entropy_pattern": "quantum_gravity",
    "custom_target_entropies": null,
    "entropy_optimization_iterations": 200,
    "entropy_tolerance": 0.05,
    "continue_on_engineering_failure": true,
    "skip_entropy_engineering": false,
    "validate_engineered_geometry": true,
    "enhance_bell_violations": true,
    "bell_entanglement_strength": 4.0,
    "teleportation_circuits": true,
    "long_range_coupling": 3.0,
    "holographic_optimization": true,
    "rt_surface_encoding": true,
    "conformal_symmetry": true,
    "bulk_reconstruction": true,
    "scalable_entanglement": true,
    "parallel_execution": true,
    "memory_optimization": true,
    "circuit_compilation": "optimized",
    "real_hardware": false,
    "error_mitigation": true,
    "zero_noise_extrapolation": true,
    "zne_noise_factors": [
      1.0,
      2.0,
      3.0
    ],
    "zne_extrapolation_method": "polynomial",
    "hardware_calibration": true,
    "noise_characterization": true,
    "backend_name": "ibm_brisbane",
    "quantum_mode": true,
    "quantum_entanglement_strength": 5.0,
    "quantum_circuit_depth": 12,
    "geometric_teleportation": false,
    "teleportation_mode": "both",
    "bridge_strength": 1.0,
    "signal_state": "+",
    "emergent_geometry_teleportation": false,
    "teleportation_node_pairs": "auto",
    "teleportation_embedding_dim": 2,
    "teleportation_fidelity_threshold": 0.7,
    "superposition_gravity": true,
    "massive_bulk_mass_hinge": "2",
    "massive_bulk_mass_value": 1.0,
    "massless_bulk_mass_hinge": "None",
    "massless_bulk_mass_value": 0.0,
    "superposition_control_qubit": 0,
    "superposition_phase": 0.0,
    "interference_analysis": true,
    "classical_mixture_comparison": true,
    "coherence_preservation": true,
    "bulk_reconstruction_method": "mi_embedding",
    "hardware_stability_test": false,
    "stability_trials": 5,
    "noise_threshold_multiplier": 3.0,
    "stability_threshold": 0.7,
    "confidence_threshold": 0.5,
    "hardware_optimization": true,
    "max_circuit_depth": 800,
    "max_circuit_size": 800
  },
  "uid": "6HAO50",
  "counts_per_timestep": [
    null,
    null
  ],
  "job_ids_per_timestep": [
    null,
    null
  ],
  "entropy_per_timestep": [
    null,
    null
  ],
  "mutual_information_per_timestep": [
    {
      "I_0,1": 0.04809802471370417,
      "I_0,2": 0.05463887694313024,
      "I_0,3": 0.04809802471370171,
      "I_1,2": 0.04809802471370209,
      "I_1,3": 0.012562529600146408,
      "I_2,3": 0.04809802471370238
    },
    {
      "I_0,1": 0.17043650076480082,
      "I_0,2": 0.20408184248930594,
      "I_0,3": 0.17043650076479916,
      "I_1,2": 0.17043650076479883,
      "I_1,3": 0.06711361502579632,
      "I_2,3": 0.17043650076479955
    }
  ],
  "boundary_entropies_per_timestep": [
    {
      "entropy_A": 0.05330283330478177,
      "entropy_B": 0.05330283330477851,
      "mi_AB": 0.10660566660955582,
      "pure_state_check": true,
      "entropy_difference": 3.2612801348363973e-15,
      "multiple_regions": {
        "size_1_region_0": {
          "region": [
            0
          ],
          "entropy": 0.07434100697627025,
          "rt_area": 3,
          "size": 1
        },
        "size_1_region_1": {
          "region": [
            1
          ],
          "entropy": 0.053302833304778946,
          "rt_area": 3,
          "size": 1
        },
        "size_1_region_2": {
          "region": [
            2
          ],
          "entropy": 0.07434100697627036,
          "rt_area": 3,
          "size": 1
        },
        "size_2_region_0": {
          "region": [
            0,
            1
          ],
          "entropy": 0.07954581556734575,
          "rt_area": 4,
          "size": 2
        },
        "size_2_region_1": {
          "region": [
            0,
            2
          ],
          "entropy": 0.09404313700940947,
          "rt_area": 4,
          "size": 2
        },
        "size_2_region_2": {
          "region": [
            0,
            3
          ],
          "entropy": 0.07954581556734693,
          "rt_area": 4,
          "size": 2
        },
        "size_3_region_0": {
          "region": [
            0,
            1,
            2
          ],
          "entropy": 0.05330283330478177,
          "rt_area": 3,
          "size": 3
        },
        "size_3_region_1": {
          "region": [
            0,
            1,
            3
          ],
          "entropy": 0.07434100697627401,
          "rt_area": 3,
          "size": 3
        },
        "size_3_region_2": {
          "region": [
            0,
            2,
            3
          ],
          "entropy": 0.05330283330478207,
          "rt_area": 3,
          "size": 3
        }
      }
    },
    {
      "entropy_A": 0.19871749727660176,
      "entropy_B": 0.19871749727659974,
      "mi_AB": 0.3974349945531965,
      "pure_state_check": true,
      "entropy_difference": 2.0261570199409107e-15,
      "multiple_regions": {
        "size_1_region_0": {
          "region": [
            0
          ],
          "entropy": 0.2672016110083531,
          "rt_area": 3,
          "size": 1
        },
        "size_1_region_1": {
          "region": [
            1
          ],
          "entropy": 0.19871749727659938,
          "rt_area": 3,
          "size": 1
        },
        "size_1_region_2": {
          "region": [
            2
          ],
          "entropy": 0.26720161100835343,
          "rt_area": 3,
          "size": 1
        },
        "size_2_region_0": {
          "region": [
            0,
            1
          ],
          "entropy": 0.2954826075201517,
          "rt_area": 4,
          "size": 2
        },
        "size_2_region_1": {
          "region": [
            0,
            2
          ],
          "entropy": 0.33032137952740026,
          "rt_area": 4,
          "size": 2
        },
        "size_2_region_2": {
          "region": [
            0,
            3
          ],
          "entropy": 0.29548260752015354,
          "rt_area": 4,
          "size": 2
        },
        "size_3_region_0": {
          "region": [
            0,
            1,
            2
          ],
          "entropy": 0.19871749727660176,
          "rt_area": 3,
          "size": 3
        },
        "size_3_region_1": {
          "region": [
            0,
            1,
            3
          ],
          "entropy": 0.2672016110083557,
          "rt_area": 3,
          "size": 3
        },
        "size_3_region_2": {
          "region": [
            0,
            2,
            3
          ],
          "entropy": 0.19871749727660154,
          "rt_area": 3,
          "size": 3
        }
      }
    }
  ],
  "distance_matrix_per_timestep": [
    [
      [
        0.0,
        3.0345141689568194,
        2.90700961768028,
        3.0345141689568704
      ],
      [
        3.0345141689568194,
        0.0,
        3.034514168956863,
        6.069028337913689
      ],
      [
        2.90700961768028,
        3.034514168956863,
        0.0,
        3.0345141689568567
      ],
      [
        3.0345141689568704,
        6.069028337913689,
        3.0345141689568567,
        0.0
      ]
    ],
    [
      [
        0.0,
        1.7693924811596276,
        1.5892341769195104,
        1.7693924811596373
      ],
      [
        1.7693924811596276,
        0.0,
        1.7693924811596393,
        3.538784962319265
      ],
      [
        1.5892341769195104,
        1.7693924811596393,
        0.0,
        1.769392481159635
      ],
      [
        1.7693924811596373,
        3.538784962319265,
        1.769392481159635,
        0.0
      ]
    ]
  ],
  "edge_mi": {
    "0,1": 0.17043650076480082,
    "0,3": 0.17043650076479916,
    "0,2": 0.20408184248930594,
    "1,2": 0.17043650076479883,
    "2,3": 0.17043650076479955
  },
  "distance_matrix": [
    [
      0.0,
      1.7693924811596276,
      1.5892341769195104,
      1.7693924811596373
    ],
    [
      1.7693924811596276,
      0.0,
      1.7693924811596393,
      2.7013683490925104
    ],
    [
      1.5892341769195104,
      1.7693924811596393,
      0.0,
      1.769392481159635
    ],
    [
      1.7693924811596373,
      2.7013683490925104,
      1.769392481159635,
      0.0
    ]
  ],
  "shortest_paths": {
    "0": {
      "0": 0,
      "2": 1.5892341769195104,
      "1": 1.7693924811596276,
      "3": 1.7693924811596373
    },
    "1": {
      "1": 0,
      "0": 1.7693924811596276,
      "2": 1.7693924811596393,
      "3": 2.7013683490925104
    },
    "2": {
      "2": 0,
      "0": 1.5892341769195104,
      "3": 1.769392481159635,
      "1": 1.7693924811596393
    },
    "3": {
      "3": 0,
      "2": 1.769392481159635,
      "0": 1.7693924811596373,
      "1": 2.7013683490925104
    }
  },
  "gromov_delta": 1.3506841745462603,
  "mean_distance": 1.42102155633132,
  "angle_sums": [
    9.42477796076938,
    4.963795039077323,
    9.42477796076938,
    4.963795039077287
  ],
  "mean_angle_sum": 7.194286499923342,
  "min_angle_sum": 4.963795039077287,
  "max_angle_sum": 9.42477796076938,
  "angle_sum_deviations": [
    6.283185307179586,
    1.8222023854875298,
    6.283185307179586,
    1.8222023854874942
  ],
  "triangle_inequality_violations": [],
  "embedding_coords": [
    [
      -0.011230104446273525,
      0.14591210962203596
    ],
    [
      0.02850260972091333,
      -0.04329320991350743
    ],
    [
      0.13325323910178866,
      -0.0869892012662381
    ],
    [
      -0.1505257443764285,
      -0.015629698442290424
    ]
  ],
  "embedding_coords_3d": [
    [
      -0.07657373948527128,
      0.05784429970835086,
      0.008512862470525264
    ],
    [
      -0.018736197765076568,
      0.0007273870259091682,
      -0.12492152154722685
    ],
    [
      0.0019129773674548727,
      -0.13681641262573363,
      -0.024704246976852313
    ],
    [
      0.093396959882893,
      0.0782447258914736,
      0.14111290605355392
    ]
  ],
  "edge_weight_variance": 0.0027382058333333334,
  "event_nodes": [
    [
      0,
      0
    ],
    [
      1,
      0
    ],
    [
      2,
      0
    ],
    [
      3,
      0
    ],
    [
      0,
      1
    ],
    [
      1,
      1
    ],
    [
      2,
      1
    ],
    [
      3,
      1
    ]
  ],
  "event_edges": [
    {
      "type": "spatial",
      "from": [
        0,
        0
      ],
      "to": [
        1,
        0
      ],
      "weight": 3.0345141689568194
    },
    {
      "type": "spatial",
      "from": [
        0,
        0
      ],
      "to": [
        2,
        0
      ],
      "weight": 2.90700961768028
    },
    {
      "type": "spatial",
      "from": [
        0,
        0
      ],
      "to": [
        3,
        0
      ],
      "weight": 3.0345141689568704
    },
    {
      "type": "spatial",
      "from": [
        1,
        0
      ],
      "to": [
        2,
        0
      ],
      "weight": 3.034514168956863
    },
    {
      "type": "spatial",
      "from": [
        1,
        0
      ],
      "to": [
        3,
        0
      ],
      "weight": 6.069028337913689
    },
    {
      "type": "spatial",
      "from": [
        2,
        0
      ],
      "to": [
        3,
        0
      ],
      "weight": 3.0345141689568567
    },
    {
      "type": "temporal",
      "from": [
        0,
        0
      ],
      "to": [
        0,
        1
      ],
      "weight": 1.0
    },
    {
      "type": "temporal",
      "from": [
        1,
        0
      ],
      "to": [
        1,
        1
      ],
      "weight": 1.0
    },
    {
      "type": "temporal",
      "from": [
        2,
        0
      ],
      "to": [
        2,
        1
      ],
      "weight": 1.0
    },
    {
      "type": "temporal",
      "from": [
        3,
        0
      ],
      "to": [
        3,
        1
      ],
      "weight": 1.0
    },
    {
      "type": "spatial",
      "from": [
        0,
        1
      ],
      "to": [
        1,
        1
      ],
      "weight": 1.7693924811596276
    },
    {
      "type": "spatial",
      "from": [
        0,
        1
      ],
      "to": [
        2,
        1
      ],
      "weight": 1.5892341769195104
    },
    {
      "type": "spatial",
      "from": [
        0,
        1
      ],
      "to": [
        3,
        1
      ],
      "weight": 1.7693924811596373
    },
    {
      "type": "spatial",
      "from": [
        1,
        1
      ],
      "to": [
        2,
        1
      ],
      "weight": 1.7693924811596393
    },
    {
      "type": "spatial",
      "from": [
        1,
        1
      ],
      "to": [
        3,
        1
      ],
      "weight": 3.538784962319265
    },
    {
      "type": "spatial",
      "from": [
        2,
        1
      ],
      "to": [
        3,
        1
      ],
      "weight": 1.769392481159635
    }
  ],
  "lorentzian_dissimilarity": [
    [
      0.0,
      9.208276241599696,
      8.450704917285648,
      9.208276241600005,
      -1.0,
      8.208276241599696,
      7.450704917285648,
      8.208276241600005
    ],
    [
      9.208276241599696,
      0.0,
      9.20827624159996,
      36.8331049663994,
      8.208276241599696,
      -1.0,
      8.20827624159996,
      35.8331049663994
    ],
    [
      8.450704917285648,
      9.20827624159996,
      0.0,
      9.208276241599922,
      7.450704917285648,
      8.20827624159996,
      -1.0,
      8.208276241599922
    ],
    [
      9.208276241600005,
      36.8331049663994,
      9.208276241599922,
      0.0,
      8.208276241600005,
      35.8331049663994,
      8.208276241599922,
      -1.0
    ],
    [
      -1.0,
      8.208276241599696,
      7.450704917285648,
      8.208276241600005,
      0.0,
      3.130749752384223,
      2.5256652690890338,
      3.1307497523842573
    ],
    [
      8.208276241599696,
      -1.0,
      8.20827624159996,
      35.8331049663994,
      3.130749752384223,
      0.0,
      3.1307497523842645,
      12.52299900953696
    ],
    [
      7.450704917285648,
      8.20827624159996,
      -1.0,
      8.208276241599922,
      2.5256652690890338,
      3.1307497523842645,
      0.0,
      3.13074975238425
    ],
    [
      8.208276241600005,
      35.8331049663994,
      8.208276241599922,
      -1.0,
      3.1307497523842573,
      12.52299900953696,
      3.13074975238425,
      0.0
    ]
  ],
  "lorentzian_embedding": [
    [
      0.839947928997833,
      0.6935684517959112,
      0.9878317610497607
    ],
    [
      -0.4967515345651175,
      -2.6167490510105815,
      -0.09661311697507699
    ],
    [
      0.2058999820191924,
      0.42755703674131634,
      -1.976828697211544
    ],
    [
      1.689560582390248,
      3.799545936305242,
      -0.2048222543286016
    ],
    [
      0.6701899543628036,
      0.6223295830871992,
      0.19384081585782698
    ],
    [
      1.785514247807558,
      -1.8822120274603766,
      -0.6585327617039963
    ],
    [
      0.33566270215038396,
      0.48188639990774673,
      -1.3714278486362486
    ],
    [
      -1.030022304807544,
      2.881590298190876,
      -1.688030821527986
    ]
  ],
  "edge_length_evolution": [],
  "angle_deficit_evolution": [],
  "regge_action_evolution": [],
  "gromov_delta_evolution": [],
  "mass_hinge": null,
  "mass_value": 0.0,
  "matter": [
    {
      "(0, 1)": 0.0,
      "(1, 2)": 0.0,
      "(0, 3)": 0.0,
      "(2, 3)": 0.0,
      "(0, 2)": 0.0,
      "(1, 3)": 0.0
    },
    {
      "(0, 1)": 0.0,
      "(1, 2)": 0.0,
      "(0, 3)": 0.0,
      "(2, 3)": 0.0,
      "(0, 2)": 0.0,
      "(1, 3)": 0.0
    }
  ],
  "stationary_solution": null,
  "einstein_analysis_per_timestep": [
    {
      "ricci_tensor": [
        [
          0.016224594087380438,
          0.0
        ],
        [
          0.0,
          0.016224594087380438
        ]
      ],
      "metric_tensor": [
        [
          1.0032449188174761,
          0.001622459408738044
        ],
        [
          0.001622459408738044,
          1.0032449188174761
        ]
      ],
      "stress_energy_tensor": [
        [
          0.016224594087380438,
          0.0003244918817476088
        ],
        [
          0.0003244918817476088,
          0.016224594087380438
        ]
      ],
      "einstein_solution": {
        "einstein_tensor": [
          [
            0.0,
            0.0
          ],
          [
            0.0,
            0.0
          ]
        ],
        "ricci_scalar": 0.032449188174760876,
        "metric_tensor": [
          [
            1.0,
            0.0
          ],
          [
            0.0,
            1.0
          ]
        ],
        "lhs": [
          [
            0.0,
            0.0
          ],
          [
            0.0,
            0.0
          ]
        ],
        "rhs": [
          [
            0.016224594087380438,
            0.0003244918817476088
          ],
          [
            0.0003244918817476088,
            0.016224594087380438
          ]
        ],
        "equations_satisfied": false,
        "residual": 0.022949629551763155,
        "conservation_violation": 0.016224594087380438,
        "gravitational_constant": 0.039788735772973836,
        "cosmological_constant": 0.0
      },
      "entropy_first_derivative": 0.0,
      "entropy_second_derivative": 0.0,
      "entropy_curvature_correlation": 0.022945036002372833,
      "emergent_gravitational_constant": 0.002582224348666135,
      "average_mutual_information": 0.032449188174760876,
      "ricci_scalar": 0.032449188174760876,
      "analysis_summary": {
        "einstein_equations_satisfied": false,
        "residual_magnitude": 0.022949629551763155,
        "conservation_violation": 0.016224594087380438,
        "entropy_evolution_rate": 0.0,
        "entropy_acceleration": 0.0,
        "entanglement_curvature_coupling": 0.022945036002372833
      }
    },
    {
      "ricci_tensor": [
        [
          0.05955884128589379,
          0.0
        ],
        [
          0.0,
          0.05955884128589379
        ]
      ],
      "metric_tensor": [
        [
          1.0119117682571788,
          0.005955884128589379
        ],
        [
          0.005955884128589379,
          1.0119117682571788
        ]
      ],
      "stress_energy_tensor": [
        [
          0.05955884128589379,
          0.0011911768257178758
        ],
        [
          0.0011911768257178758,
          0.05955884128589379
        ]
      ],
      "einstein_solution": {
        "einstein_tensor": [
          [
            0.0,
            0.0
          ],
          [
            0.0,
            0.0
          ]
        ],
        "ricci_scalar": 0.11911768257178758,
        "metric_tensor": [
          [
            1.0,
            0.0
          ],
          [
            0.0,
            1.0
          ]
        ],
        "lhs": [
          [
            0.0,
            0.0
          ],
          [
            0.0,
            0.0
          ]
        ],
        "rhs": [
          [
            0.05955884128589379,
            0.0011911768257178758
          ],
          [
            0.0011911768257178758,
            0.05955884128589379
          ]
        ],
        "equations_satisfied": false,
        "residual": 0.08424576520571718,
        "conservation_violation": 0.05955884128589379,
        "gravitational_constant": 0.039788735772973836,
        "cosmological_constant": 0.0
      },
      "entropy_first_derivative": 0.0,
      "entropy_second_derivative": 0.0,
      "entropy_curvature_correlation": 0.08422891610573792,
      "emergent_gravitational_constant": 0.009479083995475653,
      "average_mutual_information": 0.11911768257178758,
      "ricci_scalar": 0.11911768257178758,
      "analysis_summary": {
        "einstein_equations_satisfied": false,
        "residual_magnitude": 0.08424576520571718,
        "conservation_violation": 0.05955884128589379,
        "entropy_evolution_rate": 0.0,
        "entropy_acceleration": 0.0,
        "entanglement_curvature_coupling": 0.08422891610573792
      }
    }
  ],
  "bootstrap_analysis": {
    "gromov_delta": {
      "mean": 2.401953325058254,
      "lower_ci": 1.7693924811596373,
      "upper_ci": 3.0345141689568704,
      "all_values": [
        3.0345141689568704,
        1.7693924811596373
      ],
      "uncertainty": 0.6325608438986166
    },
    "entropy": {
      "mean": null,
      "lower_ci": null,
      "upper_ci": null,
      "uncertainty": null
    },
    "distance_matrix": {
      "mean": [
        [
          0.0,
          2.4019533250582237,
          2.248121897299895,
          2.401953325058254
        ],
        [
          2.4019533250582237,
          0.0,
          2.401953325058251,
          4.8039066501164776
        ],
        [
          2.248121897299895,
          2.401953325058251,
          0.0,
          2.401953325058246
        ],
        [
          2.401953325058254,
          4.8039066501164776,
          2.401953325058246,
          0.0
        ]
      ],
      "lower_ci": [
        [
          0.0,
          1.7693924811596276,
          1.5892341769195104,
          1.7693924811596373
        ],
        [
          1.7693924811596276,
          0.0,
          1.7693924811596393,
          3.538784962319265
        ],
        [
          1.5892341769195104,
          1.7693924811596393,
          0.0,
          1.769392481159635
        ],
        [
          1.7693924811596373,
          3.538784962319265,
          1.769392481159635,
          0.0
        ]
      ],
      "upper_ci": [
        [
          0.0,
          3.0345141689568194,
          2.90700961768028,
          3.0345141689568704
        ],
        [
          3.0345141689568194,
          0.0,
          3.034514168956863,
          6.069028337913689
        ],
        [
          2.90700961768028,
          3.034514168956863,
          0.0,
          3.0345141689568567
        ],
        [
          3.0345141689568704,
          6.069028337913689,
          3.0345141689568567,
          0.0
        ]
      ]
    }
  },
  "topology_compatibility": {
    "current_topology": "triangulated",
    "explanation": "Triangulated topology is specifically designed for angle-sum curvature. Creates multiple triangles per vertex, enabling robust local curvature measurements. Each vertex has multiple incident triangles for well-defined angle sums.",
    "supports_local_curvature": true
  },
  "rt_surface_analysis": {
    "region_A": [
      0
    ],
    "region_B": [
      1,
      2,
      3
    ],
    "bulk_point": 2,
    "is_complementary": true,
    "rt_area_AB": 5.128019139238775,
    "rt_area_BA": 5.128019139238775,
    "area_consistent": true,
    "edges_consistent": true,
    "area_difference": 0.0,
    "rt_edges_AB": [
      [
        0,
        1
      ],
      [
        0,
        2
      ],
      [
        0,
        3
      ]
    ],
    "rt_edges_BA": [
      [
        0,
        1
      ],
      [
        0,
        2
      ],
      [
        0,
        3
      ]
    ],
    "edge_lengths": [
      1.7693924811596276,
      1.5892341769195104,
      1.7693924811596373,
      1.7693924811596393,
      3.538784962319265,
      1.769392481159635
    ],
    "all_edges": [
      [
        0,
        1
      ],
      [
        0,
        2
      ],
      [
        0,
        3
      ],
      [
        1,
        2
      ],
      [
        1,
        3
      ],
      [
        2,
        3
      ]
    ]
  },
  "bulk_excitation_analysis": {
    "ground_state_mi": [
      [
        0.0,
        0.17043650076480077,
        0.20408184248930628,
        0.17043650076479933
      ],
      [
        0.17043650076480077,
        0.0,
        0.17043650076479905,
        0.06711361502579649
      ],
      [
        0.20408184248930628,
        0.17043650076479905,
        0.0,
        0.17043650076480027
      ],
      [
        0.17043650076479933,
        0.06711361502579649,
        0.17043650076480027,
        0.0
      ]
    ],
    "excited_state_mi": [
      [
        0.0,
        0.1675796559557785,
        0.20134459465127896,
        0.16757965595577984
      ],
      [
        0.1675796559557785,
        0.0,
        0.5448177765897808,
        0.2195758067489887
      ],
      [
        0.20134459465127896,
        0.5448177765897808,
        0.0,
        0.5448177765897824
      ],
      [
        0.16757965595577984,
        0.2195758067489887,
        0.5448177765897824,
        0.0
      ]
    ],
    "mi_difference": [
      [
        0.0,
        -0.002856844809022263,
        -0.0027372478380273124,
        -0.0028568448090194876
      ],
      [
        -0.002856844809022263,
        0.0,
        0.37438127582498176,
        0.1524621917231922
      ],
      [
        -0.0027372478380273124,
        0.37438127582498176,
        0.0,
        0.3743812758249821
      ],
      [
        -0.0028568448090194876,
        0.1524621917231922,
        0.3743812758249821,
        0.0
      ]
    ],
    "avg_mi_change": 0.11370946010365315,
    "max_mi_change": 0.3743812758249821,
    "mi_change_boundary_A": NaN,
    "mi_change_boundary_B": 0.30040824779105196,
    "bulk_point": 2,
    "ground_state_counts": {
      "1011 1011": 4,
      "1000 1000": 2,
      "0110 0110": 2,
      "1111 1111": 29,
      "0100 0100": 2,
      "1101 1101": 11,
      "0111 0111": 12,
      "0011 0011": 4,
      "1100 1100": 7,
      "1110 1110": 11,
      "0101 0101": 6,
      "1010 1010": 4,
      "1001 1001": 2,
      "0010 0010": 3,
      "0000 0000": 1
    },
    "excited_state_counts": {
      "0101 1011": 8,
      "1101 0111": 3,
      "0000 1010": 3,
      "0011 1111": 3,
      "1100 0110": 3,
      "1011 0001": 1,
      "0101 1101": 2,
      "0100 1100": 1,
      "0011 1011": 1,
      "1100 0010": 2,
      "0000 1110": 6,
      "1101 0011": 3,
      "0010 1000": 2,
      "1010 0010": 1,
      "0101 1111": 9,
      "0011 1101": 2,
      "0100 1110": 7,
      "1001 1111": 1,
      "0111 1101": 2,
      "1111 0111": 1,
      "1101 1111": 2,
      "1001 0111": 5,
      "0001 1011": 1,
      "1011 0101": 2,
      "0001 1111": 9,
      "1110 0100": 1,
      "0010 1010": 1,
      "1001 1011": 1,
      "0010 1100": 2,
      "0101 0011": 1,
      "1000 0010": 1,
      "0111 1001": 4,
      "1000 0110": 4,
      "0011 0101": 1,
      "1111 0011": 1,
      "1100 1010": 1,
      "1101 1011": 1,
      "1111 0101": 1
    },
    "boundary_entropies": {
      "ground_state": {
        "entropy_A": 0.19871749727660176,
        "entropy_B": 0.19871749727659974,
        "mi_AB": 0.3974349945531965
      },
      "excited_state": {
        "entropy_A": 0.46493627737421156,
        "entropy_B": 0.46493627737420884,
        "mi_AB": 0.9298725547484162
      },
      "rt_relation_test": {
        "entropy_ratio": 0.9999999999999898,
        "rt_area_ratio": 1.0,
        "rt_deviation": 1.021405182655144e-14,
        "excited_entropy_ratio": 0.9999999999999941,
        "rt_relation_change": 4.3298697960381105e-15
      }
    }
  },
  "page_curve_analysis": null,
  "deutsch_ctc_analysis": null,
  "ctc_recovery_analysis": null,
  "einstein_analysis": null,
  "dynamic_evidence": {
    "angle_sums_per_timestep": [
      [
        4.690331249585357,
        0.0,
        4.690331249584856,
        3.141592667655265
      ],
      [
        9.42477796076938,
        0.0,
        9.42477796076938,
        3.141592730130463
      ]
    ],
    "gromov_delta_per_timestep": [
      3.0345141689568704,
      1.7693924811596373
    ],
    "edge_mi_per_timestep": [
      {
        "0,1": 0.04809802471370417,
        "0,3": 0.04809802471370171,
        "0,2": 0.05463887694313024,
        "1,2": 0.04809802471370209,
        "2,3": 0.04809802471370238
      },
      {
        "0,1": 0.17043650076480082,
        "0,3": 0.17043650076479916,
        "0,2": 0.20408184248930594,
        "1,2": 0.17043650076479883,
        "2,3": 0.17043650076479955
      }
    ],
    "shortest_paths_per_timestep": [
      {
        "0": {
          "0": 0,
          "2": 2.90700961768028,
          "1": 3.0345141689568194,
          "3": 3.0345141689568704
        },
        "1": {
          "1": 0,
          "0": 3.0345141689568194,
          "2": 3.034514168956863,
          "3": 6.069028337913689
        },
        "2": {
          "2": 0,
          "0": 2.90700961768028,
          "3": 3.0345141689568567,
          "1": 3.034514168956863
        },
        "3": {
          "3": 0,
          "2": 3.0345141689568567,
          "0": 3.0345141689568704,
          "1": 6.069028337913689
        }
      },
      {
        "0": {
          "0": 0,
          "2": 1.5892341769195104,
          "1": 1.7693924811596276,
          "3": 1.7693924811596373
        },
        "1": {
          "1": 0,
          "0": 1.7693924811596276,
          "2": 1.7693924811596393,
          "3": 3.538784962319265
        },
        "2": {
          "2": 0,
          "0": 1.5892341769195104,
          "3": 1.769392481159635,
          "1": 1.7693924811596393
        },
        "3": {
          "3": 0,
          "2": 1.769392481159635,
          "0": 1.7693924811596373,
          "1": 3.538784962319265
        }
      }
    ],
    "mean_distance_per_timestep": [
      2.639261828927672,
      1.5256986329846645
    ],
    "triangle_violations_per_timestep": [
      0,
      0
    ],
    "embedding_coords_per_timestep": [
      [
        [
          0.002449745940871931,
          0.001810102666937868
        ],
        [
          0.06908081330078655,
          -0.017727642663744166
        ],
        [
          -0.007624807084562139,
          -0.01566295599965503
        ],
        [
          -0.06390575215709636,
          0.03158049599646133
        ]
      ],
      [
        [
          0.03308098082338766,
          0.15472556937686954
        ],
        [
          0.07468765292553473,
          -0.07006569999584807
        ],
        [
          -0.060983502719415286,
          -0.14936773664814562
        ],
        [
          -0.04678513102950711,
          0.06470786726712416
        ]
      ]
    ],
    "regge_evolution_data": null,
    "evolution_summary": {
      "total_timesteps": 2,
      "gromov_delta_range": [
        1.7693924811596373,
        3.0345141689568704
      ],
      "mean_distance_range": [
        1.5256986329846645,
        2.639261828927672
      ],
      "total_triangle_violations": 0,
      "hyperbolic_evolution": [
        false,
        false
      ],
      "regge_corrected": false
    }
  },
  "quantum_state_outputs": [
    {
      "timestep": 1,
      "statevector": [
        {
          "real": 0.2917289931734185,
          "imag": -0.17475285008013614
        },
        {
          "real": -0.022661461027662484,
          "imag": -0.2795218877463284
        },
        {
          "real": -0.06641356060565841,
          "imag": -0.27732359717780486
        },
        {
          "real": -0.2434594115512408,
          "imag": -0.0006615288167628304
        },
        {
          "real": -0.022661461027662498,
          "imag": -0.27952188774632825
        },
        {
          "real": -0.2398221377877876,
          "imag": -0.0382351710284335
        },
        {
          "real": -0.24345941155124107,
          "imag": -0.0006615288167628324
        },
        {
          "real": -0.0032152793015710985,
          "imag": 0.21053524823759684
        },
        {
          "real": -0.06641356060565841,
          "imag": -0.2773235971778051
        },
        {
          "real": -0.243459411551241,
          "imag": -0.0006615288167628274
        },
        {
          "real": -0.24074163345434643,
          "imag": -0.01779455414038803
        },
        {
          "real": -0.018165570152698002,
          "imag": 0.21017804011313101
        },
        {
          "real": -0.24345941155124104,
          "imag": -0.0006615288167628324
        },
        {
          "real": -0.0032152793015710977,
          "imag": 0.21053524823759687
        },
        {
          "real": -0.018165570152697996,
          "imag": 0.21017804011313107
        },
        {
          "real": 0.17857418258479568,
          "imag": -0.02268606156505851
        }
      ],
      "mutual_information_matrix": [
        [
          0.0,
          0.04809802471370417,
          0.05463887694313024,
          0.04809802471370171
        ],
        [
          0.04809802471370417,
          0.0,
          0.04809802471370209,
          0.012562529600146408
        ],
        [
          0.05463887694313024,
          0.04809802471370209,
          0.0,
          0.04809802471370238
        ],
        [
          0.04809802471370171,
          0.012562529600146408,
          0.04809802471370238,
          0.0
        ]
      ],
      "circuit_depth": 42,
      "num_gates": 77
    },
    {
      "timestep": 2,
      "statevector": [
        {
          "real": -0.011641718264810447,
          "imag": -0.12961229428278204
        },
        {
          "real": -0.0681576280940891,
          "imag": -0.10343929698866694
        },
        {
          "real": -0.12732368647851175,
          "imag": -0.08955110960944505
        },
        {
          "real": -0.1889857136748446,
          "imag": 0.042669880135328755
        },
        {
          "real": -0.0681576280940891,
          "imag": -0.10343929698866673
        },
        {
          "real": -0.1748840037925011,
          "imag": -0.0548805065155907
        },
        {
          "real": -0.1889857136748448,
          "imag": 0.042669880135328714
        },
        {
          "real": -0.010997444708514064,
          "imag": 0.32214139218074195
        },
        {
          "real": -0.12732368647851178,
          "imag": -0.08955110960944526
        },
        {
          "real": -0.1889857136748448,
          "imag": 0.042669880135328714
        },
        {
          "real": -0.18095025129831355,
          "imag": 0.0195889485306006
        },
        {
          "real": -0.05160520051269168,
          "imag": 0.3200200693918809
        },
        {
          "real": -0.18898571367484507,
          "imag": 0.04266988013532869
        },
        {
          "real": -0.010997444708514069,
          "imag": 0.32214139218074234
        },
        {
          "real": -0.051605200512691685,
          "imag": 0.32002006939188066
        },
        {
          "real": 0.5068408147954938,
          "imag": -0.11051498976106211
        }
      ],
      "mutual_information_matrix": [
        [
          0.0,
          0.17043650076480082,
          0.20408184248930594,
          0.17043650076479916
        ],
        [
          0.17043650076480082,
          0.0,
          0.17043650076479883,
          0.06711361502579632
        ],
        [
          0.20408184248930594,
          0.17043650076479883,
          0.0,
          0.17043650076479955
        ],
        [
          0.17043650076479916,
          0.06711361502579632,
          0.17043650076479955,
          0.0
        ]
      ],
      "circuit_depth": 82,
      "num_gates": 149
    }
  ],
  "emergent_geometry_teleportation": null,
  "superposition_gravity": null,
  "teleportation_geometry_correlation": null
}