{
  "circuit_info": {
    "num_qubits": 4,
    "control_qubit": 0,
    "phase": 0.0,
    "massive_bulk_params": {
      "mass_hinge": "2",
      "mass_value": 1.0
    },
    "massless_bulk_params": {
      "mass_hinge": "None",
      "mass_value": 0.0
    }
  },
  "execution_info": {
    "device": "simulator",
    "shots": 100,
    "job_id": null,
    "total_shots": 100,
    "unique_states": 14
  },
  "superposition_state": {
    "counts": {
      "0010": 13,
      "1100": 19,
      "0000": 10,
      "1000": 7,
      "1001": 1,
      "1010": 16,
      "1110": 6,
      "0110": 16,
      "0100": 4,
      "1111": 2,
      "1101": 1,
      "0111": 2,
      "0011": 2,
      "0001": 1
    },
    "mutual_information_matrix": [
      [
        0.0,
        0.0027834518936098174,
        0.0008824251683256512,
        0.001631412897005361
      ],
      [
        0.0027834518936098174,
        0.0,
        0.007371258068168976,
        0.037938410478170856
      ],
      [
        0.0008824251683256512,
        0.007371258068168976,
        0.0,
        0.004629007386573215
      ],
      [
        0.001631412897005361,
        0.037938410478170856,
        0.004629007386573215,
        0.0
      ]
    ]
  },
  "bulk_reconstruction": {
    "method": "mi_embedding",
    "num_qubits": 4,
    "mi_matrix": [
      [
        0.0,
        0.0027834518936098174,
        0.0008824251683256512,
        0.001631412897005361
      ],
      [
        0.0027834518936098174,
        0.0,
        0.007371258068168976,
        0.037938410478170856
      ],
      [
        0.0008824251683256512,
        0.007371258068168976,
        0.0,
        0.004629007386573215
      ],
      [
        0.001631412897005361,
        0.037938410478170856,
        0.004629007386573215,
        0.0
      ]
    ],
    "mds_embedding": {
      "coordinates_3d": [
        [
          -0.2695086336958905,
          -0.21868456592348812,
          0.5086274424355371
        ],
        [
          0.038145544589548865,
          -0.42922864535270566,
          -0.4152629175552438
        ],
        [
          -0.3299217092779195,
          0.47120614756381907,
          -0.2109355445060466
        ],
        [
          0.5612847983837509,
          0.1767070637095234,
          0.11757101962610526
        ]
      ],
      "stress": 2.000005862882718,
      "embedding_quality": "poor"
    }
  },
  "classical_comparison": {
    "massive": {
      "counts": {
        "1010": 3,
        "0001": 6,
        "0010": 4,
        "0111": 6,
        "0011": 8,
        "1000": 3,
        "1110": 8,
        "1101": 5,
        "1001": 9,
        "1100": 11,
        "0100": 4,
        "0110": 6,
        "1011": 9,
        "0101": 5,
        "1111": 9,
        "0000": 4
      },
      "mutual_information_matrix": [
        [
          0.0,
          0.003786098299360826,
          0.040145511343162424,
          0.00028847973009323534
        ],
        [
          0.003786098299360826,
          0.0,
          0.00016832991720059243,
          0.0017315304624183972
        ],
        [
          0.040145511343162424,
          0.00016832991720059243,
          0.0,
          0.005839960669532979
        ],
        [
          0.00028847973009323534,
          0.0017315304624183972,
          0.005839960669532979,
          0.0
        ]
      ],
      "bulk_reconstruction": {
        "method": "mi_embedding",
        "num_qubits": 4,
        "mi_matrix": [
          [
            0.0,
            0.003786098299360826,
            0.040145511343162424,
            0.00028847973009323534
          ],
          [
            0.003786098299360826,
            0.0,
            0.00016832991720059243,
            0.0017315304624183972
          ],
          [
            0.040145511343162424,
            0.00016832991720059243,
            0.0,
            0.005839960669532979
          ],
          [
            0.00028847973009323534,
            0.0017315304624183972,
            0.005839960669532979,
            0.0
          ]
        ],
        "mds_embedding": {
          "coordinates_3d": [
            [
              -0.5103629889602521,
              0.2718136343641446,
              0.15907894046780463
            ],
            [
              0.12180443819297167,
              0.11042323967199526,
              -0.5929153620804364
            ],
            [
              -0.08120751093472496,
              -0.5858592737645943,
              0.0941960570769846
            ],
            [
              0.4697660617045591,
              0.2036223997286428,
              0.33964036453520097
            ]
          ],
          "stress": 2.0000059662813174,
          "embedding_quality": "poor"
        }
      }
    },
    "massless": {
      "counts": {
        "1011": 4,
        "1001": 6,
        "0001": 5,
        "1000": 5,
        "1111": 8,
        "0011": 6,
        "0111": 8,
        "1110": 9,
        "0000": 6,
        "0100": 12,
        "1010": 11,
        "1100": 4,
        "0110": 2,
        "0010": 5,
        "0101": 6,
        "1101": 3
      },
      "mutual_information_matrix": [
        [
          0.0,
          0.0030630344756700234,
          0.0013577424361965826,
          0.00465149130339897
        ],
        [
          0.0030630344756700234,
          0.0,
          0.0003638906329237277,
          0.03533304642316665
        ],
        [
          0.0013577424361965826,
          0.0003638906329237277,
          0.0,
          0.004629007386573184
        ],
        [
          0.00465149130339897,
          0.03533304642316665,
          0.004629007386573184,
          0.0
        ]
      ],
      "bulk_reconstruction": {
        "method": "mi_embedding",
        "num_qubits": 4,
        "mi_matrix": [
          [
            0.0,
            0.0030630344756700234,
            0.0013577424361965826,
            0.00465149130339897
          ],
          [
            0.0030630344756700234,
            0.0,
            0.0003638906329237277,
            0.03533304642316665
          ],
          [
            0.0013577424361965826,
            0.0003638906329237277,
            0.0,
            0.004629007386573184
          ],
          [
            0.00465149130339897,
            0.03533304642316665,
            0.004629007386573184,
            0.0
          ]
        ],
        "mds_embedding": {
          "coordinates_3d": [
            [
              -0.2684064400611586,
              -0.21654499776437067,
              0.5075646937299981
            ],
            [
              0.03897495986020462,
              -0.43449133224747555,
              -0.41440386791154404
            ],
            [
              -0.3305782968027294,
              0.47333470265188554,
              -0.2111717320555081
            ],
            [
              0.5600097770037856,
              0.1777016273595123,
              0.11801090623693589
            ]
          ],
          "stress": 2.0000059334171887,
          "embedding_quality": "poor"
        }
      }
    }
  },
  "interference_analysis": {
    "interference_detected": true,
    "interference_strength": 0.006058204413120652,
    "max_interference_strength": 0.01986920172135385,
    "interference_term_matrix": [
      [
        0.0,
        -0.0006411144939056073,
        -0.01986920172135385,
        -0.0008385726197407415
      ],
      [
        -0.0006411144939056073,
        0.0,
        0.0071051477931068155,
        0.019406122035378334
      ],
      [
        -0.01986920172135385,
        0.0071051477931068155,
        0.0,
        -0.0006054766414798664
      ],
      [
        -0.0008385726197407415,
        0.019406122035378334,
        -0.0006054766414798664,
        0.0
      ]
    ],
    "supporting_qubit_pairs": [
      {
        "qubit_pair": [
          0,
          2
        ],
        "interference_strength": 0.01986920172135385,
        "superposition_mi": 0.0008824251683256512,
        "classical_mixture_mi": 0.020751626889679502
      },
      {
        "qubit_pair": [
          1,
          3
        ],
        "interference_strength": 0.019406122035378334,
        "superposition_mi": 0.037938410478170856,
        "classical_mixture_mi": 0.018532288442792522
      },
      {
        "qubit_pair": [
          1,
          2
        ],
        "interference_strength": 0.0071051477931068155,
        "superposition_mi": 0.007371258068168976,
        "classical_mixture_mi": 0.00026611027506216007
      }
    ],
    "quantum_effects": [],
    "classical_vs_quantum_differences": {},
    "massive_mi_matrix": [
      [
        0.0,
        0.003786098299360826,
        0.040145511343162424,
        0.00028847973009323534
      ],
      [
        0.003786098299360826,
        0.0,
        0.00016832991720059243,
        0.0017315304624183972
      ],
      [
        0.040145511343162424,
        0.00016832991720059243,
        0.0,
        0.005839960669532979
      ],
      [
        0.00028847973009323534,
        0.0017315304624183972,
        0.005839960669532979,
        0.0
      ]
    ],
    "massless_mi_matrix": [
      [
        0.0,
        0.0030630344756700234,
        0.0013577424361965826,
        0.00465149130339897
      ],
      [
        0.0030630344756700234,
        0.0,
        0.0003638906329237277,
        0.03533304642316665
      ],
      [
        0.0013577424361965826,
        0.0003638906329237277,
        0.0,
        0.004629007386573184
      ],
      [
        0.00465149130339897,
        0.03533304642316665,
        0.004629007386573184,
        0.0
      ]
    ],
    "classical_mixture_matrix": [
      [
        0.0,
        0.0034245663875154247,
        0.020751626889679502,
        0.0024699855167461026
      ],
      [
        0.0034245663875154247,
        0.0,
        0.00026611027506216007,
        0.018532288442792522
      ],
      [
        0.020751626889679502,
        0.00026611027506216007,
        0.0,
        0.005234484028053082
      ],
      [
        0.0024699855167461026,
        0.018532288442792522,
        0.005234484028053082,
        0.0
      ]
    ],
    "error_mitigation": {
      "noise_threshold": 0.0,
      "stability_metric": 1.0,
      "confidence_level": 1.0,
      "hardware_ready": true,
      "device_type": "simulator",
      "signal_to_noise_ratio": Infinity
    },
    "interference_threshold": 0.001
  }
}