{
  "step": [
    0,
    1,
    2,
    3,
    4,
    5,
    6,
    7,
    8,
    9,
    10,
    11,
    12,
    13,
    14,
    15,
    16,
    17,
    18,
    19
  ],
  "entropies": [
    0.9979930635667161,
    0.9999889930794672,
    1.106347871681507,
    1.511542903728855,
    1.8194914845521715,
    2.441219807551515,
    2.7733840440858977,
    3.1498158900449047,
    3.50325908379494,
    3.766092793589607,
    3.9181781001728506,
    3.9898805424171457,
    3.921377139896957,
    3.7485149849814086,
    3.5487059667121574,
    3.172611042102581,
    2.8186087368710466,
    2.4304470280468533,
    1.9284262167145192,
    1.5538659474822631
  ],
  "curvatures": [
    8.881784197001253e-17,
    6.661338147750939e-17,
    4.4408920985006264e-17,
    1.7763568394002506e-16,
    1.3322676295501878e-16,
    4.4408920985006264e-17,
    1.1102230246251565e-16,
    8.881784197001253e-17,
    8.881784197001253e-17,
    1.3322676295501878e-16,
    2.220446049250313e-16,
    1.7763568394002506e-16,
    1.1102230246251565e-16,
    2.2204460492503132e-17,
    4.4408920985006264e-17,
    1.554312234475219e-16,
    6.661338147750939e-17,
    8.881784197001253e-17,
    -2.2204460492503132e-17,
    1.1102230246251565e-16
  ],
  "distances": [
    0.3686184931921361,
    0.7471533961662663,
    0.7522499746061225,
    0.7760559322002955,
    0.7938277487438052,
    0.8358166318832095,
    0.8577934613003827,
    0.8853448522867425,
    0.9169067186852224,
    0.9414201348505489,
    0.9514937167378378,
    0.9576270923359352,
    0.9513979439075777,
    0.9360296409642194,
    0.919613231797421,
    0.8856057576948397,
    0.8638130931419481,
    0.8325829837817958,
    0.795507809965544,
    0.7784508015560863
  ],
  "mi_matrices": [
    [
      [
        0.0,
        0.9979930635667161,
        0.9979930635667161,
        0.9979930635667161,
        0.9979930635667161,
        0.9979930635667161
      ],
      [
        0.9979930635667161,
        0.0,
        0.9979930635667161,
        0.9979930635667161,
        0.9979930635667161,
        0.9979930635667161
      ],
      [
        0.9979930635667161,
        0.9979930635667161,
        0.0,
        0.9979930635667161,
        0.9979930635667161,
        0.9979930635667161
      ],
      [
        0.9979930635667161,
        0.9979930635667161,
        0.9979930635667161,
        0.0,
        0.9979930635667161,
        0.9979930635667161
      ],
      [
        0.9979930635667161,
        0.9979930635667161,
        0.9979930635667161,
        0.9979930635667161,
        0.0,
        0.9979930635667161
      ],
      [
        0.9979930635667161,
        0.9979930635667161,
        0.9979930635667161,
        0.9979930635667161,
        0.9979930635667161,
        0.0
      ]
    ],
    [
      [
        0.0,
        0.9999889930794672,
        -1.4428458428028534e-12,
        0.9999889930794672,
        0.9999889930794672,
        -1.4428458428028534e-12
      ],
      [
        0.9999889930794672,
        0.0,
        -1.4428458428028534e-12,
        0.9999889930794672,
        0.9999889930794672,
        -1.4428458428028534e-12
      ],
      [
        -1.4428458428028534e-12,
        -1.4428458428028534e-12,
        0.0,
        -1.4428458428028534e-12,
        -1.4428458428028534e-12,
        -1.4428232973175175e-12
      ],
      [
        0.9999889930794672,
        0.9999889930794672,
        -1.4428458428028534e-12,
        0.0,
        0.9999889930794672,
        -1.4428458428028534e-12
      ],
      [
        0.9999889930794672,
        0.9999889930794672,
        -1.4428458428028534e-12,
        0.9999889930794672,
        0.0,
        -1.4428458428028534e-12
      ],
      [
        -1.4428458428028534e-12,
        -1.4428458428028534e-12,
        -1.4428232973175175e-12,
        -1.4428458428028534e-12,
        -1.4428458428028534e-12,
        0.0
      ]
    ],
    [
      [
        0.0,
        0.948113095367972,
        0.0029524884911749094,
        0.948113095367972,
        0.9274060047633592,
        -1.4428458428028534e-12
      ],
      [
        0.948113095367972,
        0.0,
        0.0029524884911749094,
        0.9999889930794672,
        0.9713469656095017,
        -1.4428458428028534e-12
      ],
      [
        0.0029524884911749094,
        0.0029524884911749094,
        0.0,
        0.0029524884911749094,
        0.0029608086866006467,
        -1.4428250261211417e-12
      ],
      [
        0.948113095367972,
        0.9999889930794672,
        0.0029524884911749094,
        0.0,
        0.9713469656095017,
        -1.4428458428028534e-12
      ],
      [
        0.9274060047633592,
        0.9713469656095017,
        0.0029608086866006467,
        0.9713469656095017,
        0.0,
        -1.4428458428028534e-12
      ],
      [
        -1.4428458428028534e-12,
        -1.4428458428028534e-12,
        -1.4428250261211417e-12,
        -1.4428458428028534e-12,
        -1.4428458428028534e-12,
        0.0
      ]
    ],
    [
      [
        0.0,
        0.834279186147681,
        0.000742525725675236,
        0.834279186147681,
        0.6860832009701658,
        -1.4428458428028534e-12
      ],
      [
        0.834279186147681,
        0.0,
        0.0007555956711842171,
        0.9998238825959875,
        0.7946297010573733,
        -1.4428458428028534e-12
      ],
      [
        0.000742525725675236,
        0.0007555956711842171,
        0.0,
        0.0007555956711839951,
        0.0002685591049096381,
        -1.4428180872272378e-12
      ],
      [
        0.834279186147681,
        0.9998238825959875,
        0.0007555956711839951,
        0.0,
        0.7946297010573733,
        -1.4428458428028534e-12
      ],
      [
        0.6860832009701658,
        0.7946297010573733,
        0.0002685591049096381,
        0.7946297010573733,
        0.0,
        -1.4428458428028534e-12
      ],
      [
        -1.4428458428028534e-12,
        -1.4428458428028534e-12,
        -1.4428180872272378e-12,
        -1.4428458428028534e-12,
        -1.4428458428028534e-12,
        0.0
      ]
    ],
    [
      [
        0.0,
        0.6941514389561005,
        0.0006837994924078217,
        0.6941514389561005,
        0.5425912555078853,
        -1.4428458428028534e-12
      ],
      [
        0.6941514389561005,
        0.0,
        0.0008382717199753031,
        0.9996670159659137,
        0.7318109447019845,
        -1.4428458428028534e-12
      ],
      [
        0.0006837994924078217,
        0.0008382717199753031,
        0.0,
        0.0008382717199753031,
        0.0005370076940753865,
        -1.4428458428028534e-12
      ],
      [
        0.6941514389561005,
        0.9996670159659137,
        0.0008382717199753031,
        0.0,
        0.7318109447019845,
        -1.4428458428028534e-12
      ],
      [
        0.5425912555078853,
        0.7318109447019845,
        0.0005370076940753865,
        0.7318109447019845,
        0.0,
        -1.4428458428028534e-12
      ],
      [
        -1.4428458428028534e-12,
        -1.4428458428028534e-12,
        -1.4428458428028534e-12,
        -1.4428458428028534e-12,
        -1.4428458428028534e-12,
        0.0
      ]
    ],
    [
      [
        0.0,
        0.5001211468170466,
        1.8220762470599894e-05,
        0.5001211468170466,
        0.2904898540581611,
        -1.4428458428028534e-12
      ],
      [
        0.5001211468170466,
        0.0,
        0.0003626613990062033,
        0.9998651613979794,
        0.5019077097638296,
        -1.4428458428028534e-12
      ],
      [
        1.8220762470599894e-05,
        0.0003626613990062033,
        0.0,
        0.0003626613990062033,
        0.0014981240487101921,
        -1.4428458428028534e-12
      ],
      [
        0.5001211468170466,
        0.9998651613979794,
        0.0003626613990062033,
        0.0,
        0.5019077097638296,
        -1.4428458428028534e-12
      ],
      [
        0.2904898540581611,
        0.5019077097638296,
        0.0014981240487101921,
        0.5019077097638296,
        0.0,
        -1.4428458428028534e-12
      ],
      [
        -1.4428458428028534e-12,
        -1.4428458428028534e-12,
        -1.4428458428028534e-12,
        -1.4428458428028534e-12,
        -1.4428458428028534e-12,
        0.0
      ]
    ],
    [
      [
        0.0,
        0.36368753562659406,
        0.0020902478671041003,
        0.36368753562659406,
        0.18446433828136177,
        -1.4428458428028534e-12
      ],
      [
        0.36368753562659406,
        0.0,
        0.0005757037507483354,
        0.999975234353679,
        0.4455755425433132,
        -1.4428458428028534e-12
      ],
      [
        0.0020902478671041003,
        0.0005757037507483354,
        0.0,
        0.0005757037507483354,
        0.00042501162074359833,
        -1.4428458428028534e-12
      ],
      [
        0.36368753562659406,
        0.999975234353679,
        0.0005757037507483354,
        0.0,
        0.4455755425433132,
        -1.4428458428028534e-12
      ],
      [
        0.18446433828136177,
        0.4455755425433132,
        0.00042501162074359833,
        0.4455755425433132,
        0.0,
        -1.4428458428028534e-12
      ],
      [
        -1.4428458428028534e-12,
        -1.4428458428028534e-12,
        -1.4428458428028534e-12,
        -1.4428458428028534e-12,
        -1.4428458428028534e-12,
        0.0
      ]
    ],
    [
      [
        0.0,
        0.30046043538191936,
        0.00015159834698197372,
        0.30046043538191936,
        0.11283339687238758,
        -1.4428458428028534e-12
      ],
      [
        0.30046043538191936,
        0.0,
        0.00013718344337299015,
        0.9984144269345614,
        0.26222499550916534,
        -1.4428458428028534e-12
      ],
      [
        0.00015159834698197372,
        0.00013718344337299015,
        0.0,
        0.00013718344337343424,
        0.0007944879607137967,
        -1.4428458428028534e-12
      ],
      [
        0.30046043538191936,
        0.9984144269345614,
        0.00013718344337343424,
        0.0,
        0.26222499550916534,
        -1.4428458428028534e-12
      ],
      [
        0.11283339687238758,
        0.26222499550916534,
        0.0007944879607137967,
        0.26222499550916534,
        0.0,
        -1.4428458428028534e-12
      ],
      [
        -1.4428458428028534e-12,
        -1.4428458428028534e-12,
        -1.4428458428028534e-12,
        -1.4428458428028534e-12,
        -1.4428458428028534e-12,
        0.0
      ]
    ],
    [
      [
        0.0,
        0.17904135065930316,
        9.276507140221213e-07,
        0.17904135065930316,
        0.029649721968942888,
        -1.4428458428028534e-12
      ],
      [
        0.17904135065930316,
        0.0,
        2.3371017000339833e-05,
        0.999975234353679,
        0.13759589748620504,
        -1.4428458428028534e-12
      ],
      [
        9.276507140221213e-07,
        2.3371017000339833e-05,
        0.0,
        2.3371017000339833e-05,
        6.982919132281218e-05,
        -1.4428458428028534e-12
      ],
      [
        0.17904135065930316,
        0.999975234353679,
        2.3371017000339833e-05,
        0.0,
        0.13759589748620504,
        -1.4428458428028534e-12
      ],
      [
        0.029649721968942888,
        0.13759589748620504,
        6.982919132281218e-05,
        0.13759589748620504,
        0.0,
        -1.4428458428028534e-12
      ],
      [
        -1.4428458428028534e-12,
        -1.4428458428028534e-12,
        -1.4428458428028534e-12,
        -1.4428458428028534e-12,
        -1.4428458428028534e-12,
        0.0
      ]
    ],
    [
      [
        0.0,
        0.06492546166940927,
        0.003790265623846434,
        0.06492546166940927,
        0.004731039154729499,
        -1.4428458428028534e-12
      ],
      [
        0.06492546166940927,
        0.0,
        2.539094134013098e-05,
        0.99827948943826,
        0.05694347744201611,
        -1.4428458428028534e-12
      ],
      [
        0.003790265623846434,
        2.539094134013098e-05,
        0.0,
        2.539094134013098e-05,
        0.0022291985632731937,
        -1.4428458428028534e-12
      ],
      [
        0.06492546166940927,
        0.99827948943826,
        2.539094134013098e-05,
        0.0,
        0.05694347744201611,
        -1.4428458428028534e-12
      ],
      [
        0.004731039154729499,
        0.05694347744201611,
        0.0022291985632731937,
        0.05694347744201611,
        0.0,
        -1.4428458428028534e-12
      ],
      [
        -1.4428458428028534e-12,
        -1.4428458428028534e-12,
        -1.4428458428028534e-12,
        -1.4428458428028534e-12,
        -1.4428458428028534e-12,
        0.0
      ]
    ],
    [
      [
        0.0,
        0.02449970940451407,
        1.4625239686871794e-05,
        0.02449970940451407,
        0.00040654791680072577,
        -1.4428458428028534e-12
      ],
      [
        0.02449970940451407,
        0.0,
        0.0001566611528818207,
        0.999975234353679,
        0.023401425198071646,
        -1.4428458428028534e-12
      ],
      [
        1.4625239686871794e-05,
        0.0001566611528818207,
        0.0,
        0.0001566611528818207,
        8.489080786944214e-05,
        -1.4428458428028534e-12
      ],
      [
        0.02449970940451407,
        0.999975234353679,
        0.0001566611528818207,
        0.0,
        0.023401425198071646,
        -1.4428458428028534e-12
      ],
      [
        0.00040654791680072577,
        0.023401425198071646,
        8.489080786944214e-05,
        0.023401425198071646,
        0.0,
        -1.4428458428028534e-12
      ],
      [
        -1.4428458428028534e-12,
        -1.4428458428028534e-12,
        -1.4428458428028534e-12,
        -1.4428458428028534e-12,
        -1.4428458428028534e-12,
        0.0
      ]
    ],
    [
      [
        0.0,
        0.0002847469511295664,
        0.00011046258903912864,
        0.0002847469511295664,
        0.002805221542662828,
        -1.4428458428028534e-12
      ],
      [
        0.0002847469511295664,
        0.0,
        0.00013928809304553091,
        0.9992046060352292,
        2.4607134774257133e-07,
        -1.4428458428028534e-12
      ],
      [
        0.00011046258903912864,
        0.00013928809304553091,
        0.0,
        0.00013928809304553091,
        5.5728118755205e-06,
        -1.4428458428028534e-12
      ],
      [
        0.0002847469511295664,
        0.9992046060352292,
        0.00013928809304553091,
        0.0,
        2.4607134774257133e-07,
        -1.4428458428028534e-12
      ],
      [
        0.002805221542662828,
        2.4607134774257133e-07,
        5.5728118755205e-06,
        2.4607134774257133e-07,
        0.0,
        -1.4428458428028534e-12
      ],
      [
        -1.4428458428028534e-12,
        -1.4428458428028534e-12,
        -1.4428458428028534e-12,
        -1.4428458428028534e-12,
        -1.4428458428028534e-12,
        0.0
      ]
    ],
    [
      [
        0.0,
        0.01953481454695538,
        0.0009010133621056848,
        0.01953481454695538,
        0.0001767537222554516,
        -1.4428458428028534e-12
      ],
      [
        0.01953481454695538,
        0.0,
        0.0003186428004182673,
        0.9979930635667161,
        0.02799241296865418,
        -1.4428458428028534e-12
      ],
      [
        0.0009010133621056848,
        0.0003186428004182673,
        0.0,
        0.0003186428004182673,
        0.0020378757198176167,
        -1.4428458428028534e-12
      ],
      [
        0.01953481454695538,
        0.9979930635667161,
        0.0003186428004182673,
        0.0,
        0.02799241296865418,
        -1.4428458428028534e-12
      ],
      [
        0.0001767537222554516,
        0.02799241296865418,
        0.0020378757198176167,
        0.02799241296865418,
        0.0,
        -1.4428458428028534e-12
      ],
      [
        -1.4428458428028534e-12,
        -1.4428458428028534e-12,
        -1.4428458428028534e-12,
        -1.4428458428028534e-12,
        -1.4428458428028534e-12,
        0.0
      ]
    ],
    [
      [
        0.0,
        0.07159409029787955,
        0.0005275401685935766,
        0.07159409029787955,
        0.010344470752357449,
        -1.4428458428028534e-12
      ],
      [
        0.07159409029787955,
        0.0,
        0.0010323310008648612,
        0.9999559719906115,
        0.09224581441964985,
        -1.4428458428028534e-12
      ],
      [
        0.0005275401685935766,
        0.0010323310008648612,
        0.0,
        0.0010323310008648612,
        0.00014819161825285754,
        -1.4428458428028534e-12
      ],
      [
        0.07159409029787955,
        0.9999559719906115,
        0.0010323310008648612,
        0.0,
        0.09224581441964985,
        -1.4428458428028534e-12
      ],
      [
        0.010344470752357449,
        0.09224581441964985,
        0.00014819161825285754,
        0.09224581441964985,
        0.0,
        -1.4428458428028534e-12
      ],
      [
        -1.4428458428028534e-12,
        -1.4428458428028534e-12,
        -1.4428458428028534e-12,
        -1.4428458428028534e-12,
        -1.4428458428028534e-12,
        0.0
      ]
    ],
    [
      [
        0.0,
        0.13636022847113516,
        8.288143519497027e-06,
        0.13636022847113516,
        0.03126858255077347,
        -1.4428458428028534e-12
      ],
      [
        0.13636022847113516,
        0.0,
        0.0003801628311250749,
        0.9997248102580842,
        0.15491425816048898,
        -1.4428458428028534e-12
      ],
      [
        8.288143519497027e-06,
        0.0003801628311250749,
        0.0,
        0.0003801628311250749,
        0.0002627590494812537,
        -1.4428458428028534e-12
      ],
      [
        0.13636022847113516,
        0.9997248102580842,
        0.0003801628311250749,
        0.0,
        0.15491425816048898,
        -1.4428458428028534e-12
      ],
      [
        0.03126858255077347,
        0.15491425816048898,
        0.0002627590494812537,
        0.15491425816048898,
        0.0,
        -1.4428458428028534e-12
      ],
      [
        -1.4428458428028534e-12,
        -1.4428458428028534e-12,
        -1.4428458428028534e-12,
        -1.4428458428028534e-12,
        -1.4428458428028534e-12,
        0.0
      ]
    ],
    [
      [
        0.0,
        0.27162571602652585,
        0.002435500185850925,
        0.27162571602652585,
        0.12104182672062613,
        -1.4428458428028534e-12
      ],
      [
        0.27162571602652585,
        0.0,
        0.00010472478718748235,
        0.9996037156839629,
        0.2820050621300323,
        -1.4428458428028534e-12
      ],
      [
        0.002435500185850925,
        0.00010472478718748235,
        0.0,
        0.00010472478718748235,
        0.000112482151253257,
        -1.4428458428028534e-12
      ],
      [
        0.27162571602652585,
        0.9996037156839629,
        0.00010472478718748235,
        0.0,
        0.2820050621300323,
        -1.4428458428028534e-12
      ],
      [
        0.12104182672062613,
        0.2820050621300323,
        0.000112482151253257,
        0.2820050621300323,
        0.0,
        -1.4428458428028534e-12
      ],
      [
        -1.4428458428028534e-12,
        -1.4428458428028534e-12,
        -1.4428458428028534e-12,
        -1.4428458428028534e-12,
        -1.4428458428028534e-12,
        0.0
      ]
    ],
    [
      [
        0.0,
        0.3494001224471446,
        0.00031792082782122755,
        0.3494001224471446,
        0.15644440875087096,
        -1.4428458428028534e-12
      ],
      [
        0.3494001224471446,
        0.0,
        9.108934533541557e-05,
        0.9999999999971146,
        0.41158506733732114,
        -1.4428458428028534e-12
      ],
      [
        0.00031792082782122755,
        9.108934533541557e-05,
        0.0,
        9.108934533541557e-05,
        0.0007825586416985164,
        -1.4428458428028534e-12
      ],
      [
        0.3494001224471446,
        0.9999999999971146,
        9.108934533541557e-05,
        0.0,
        0.41158506733732114,
        -1.4428458428028534e-12
      ],
      [
        0.15644440875087096,
        0.41158506733732114,
        0.0007825586416985164,
        0.41158506733732114,
        0.0,
        -1.4428458428028534e-12
      ],
      [
        -1.4428458428028534e-12,
        -1.4428458428028534e-12,
        -1.4428458428028534e-12,
        -1.4428458428028534e-12,
        -1.4428458428028534e-12,
        0.0
      ]
    ],
    [
      [
        0.0,
        0.4819497568046074,
        7.475592745276316e-06,
        0.4819497568046074,
        0.2958401293470636,
        -1.4428458428028534e-12
      ],
      [
        0.4819497568046074,
        0.0,
        5.3478315900079565e-06,
        0.9997770990017212,
        0.5605807064572641,
        -1.4428458428028534e-12
      ],
      [
        7.475592745276316e-06,
        5.3478315900079565e-06,
        0.0,
        5.3478315900079565e-06,
        1.596138513759726e-05,
        -1.4428458428028534e-12
      ],
      [
        0.4819497568046074,
        0.9997770990017212,
        5.3478315900079565e-06,
        0.0,
        0.5605807064572641,
        -1.4428458428028534e-12
      ],
      [
        0.2958401293470636,
        0.5605807064572641,
        1.596138513759726e-05,
        0.5605807064572641,
        0.0,
        -1.4428458428028534e-12
      ],
      [
        -1.4428458428028534e-12,
        -1.4428458428028534e-12,
        -1.4428458428028534e-12,
        -1.4428458428028534e-12,
        -1.4428458428028534e-12,
        0.0
      ]
    ],
    [
      [
        0.0,
        0.6905522527982548,
        0.0020843834827863894,
        0.6905522527982548,
        0.5324431212788441,
        -1.4428458428028534e-12
      ],
      [
        0.6905522527982548,
        0.0,
        0.0008373750075261199,
        0.9999559719906115,
        0.7144137918041378,
        -1.4428458428028534e-12
      ],
      [
        0.0020843834827863894,
        0.0008373750075261199,
        0.0,
        0.0008373750075261199,
        0.0002471755692710076,
        -1.4428458428028534e-12
      ],
      [
        0.6905522527982548,
        0.9999559719906115,
        0.0008373750075261199,
        0.0,
        0.7144137918041378,
        -1.4428458428028534e-12
      ],
      [
        0.5324431212788441,
        0.7144137918041378,
        0.0002471755692710076,
        0.7144137918041378,
        0.0,
        -1.4428458428028534e-12
      ],
      [
        -1.4428458428028534e-12,
        -1.4428458428028534e-12,
        -1.4428458428028534e-12,
        -1.4428458428028534e-12,
        -1.4428458428028534e-12,
        0.0
      ]
    ],
    [
      [
        0.0,
        0.8109401810557666,
        5.222560432649459e-05,
        0.8109401810557666,
        0.6832621590259995,
        -1.4428458428028534e-12
      ],
      [
        0.8109401810557666,
        0.0,
        0.00029869519576974923,
        0.996229606303217,
        0.7823708389646313,
        -1.4428458428028534e-12
      ],
      [
        5.222560432649459e-05,
        0.00029869519576974923,
        0.0,
        0.00029869519576974923,
        0.0003456553472689361,
        -1.4428180872272378e-12
      ],
      [
        0.8109401810557666,
        0.996229606303217,
        0.00029869519576974923,
        0.0,
        0.7823708389646313,
        -1.4428458428028534e-12
      ],
      [
        0.6832621590259995,
        0.7823708389646313,
        0.0003456553472689361,
        0.7823708389646313,
        0.0,
        -1.4428458428028534e-12
      ],
      [
        -1.4428458428028534e-12,
        -1.4428458428028534e-12,
        -1.4428180872272378e-12,
        -1.4428458428028534e-12,
        -1.4428458428028534e-12,
        0.0
      ]
    ]
  ]
}