{
  "phase": [
    0.0,
    0.0,
    0.0,
    0.0,
    0.0,
    0.0,
    0.0,
    0.0,
    0.0,
    0.0,
    0.6981317007977318,
    0.6981317007977318,
    0.6981317007977318,
    0.6981317007977318,
    0.6981317007977318,
    0.6981317007977318,
    0.6981317007977318,
    0.6981317007977318,
    0.6981317007977318,
    0.6981317007977318,
    1.3962634015954636,
    1.3962634015954636,
    1.3962634015954636,
    1.3962634015954636,
    1.3962634015954636,
    1.3962634015954636,
    1.3962634015954636,
    1.3962634015954636,
    1.3962634015954636,
    1.3962634015954636,
    2.0943951023931953,
    2.0943951023931953,
    2.0943951023931953,
    2.0943951023931953,
    2.0943951023931953,
    2.0943951023931953,
    2.0943951023931953,
    2.0943951023931953,
    2.0943951023931953,
    2.0943951023931953,
    2.792526803190927,
    2.792526803190927,
    2.792526803190927,
    2.792526803190927,
    2.792526803190927,
    2.792526803190927,
    2.792526803190927,
    2.792526803190927,
    2.792526803190927,
    2.792526803190927,
    3.490658503988659,
    3.490658503988659,
    3.490658503988659,
    3.490658503988659,
    3.490658503988659,
    3.490658503988659,
    3.490658503988659,
    3.490658503988659,
    3.490658503988659,
    3.490658503988659,
    4.1887902047863905,
    4.1887902047863905,
    4.1887902047863905,
    4.1887902047863905,
    4.1887902047863905,
    4.1887902047863905,
    4.1887902047863905,
    4.1887902047863905,
    4.1887902047863905,
    4.1887902047863905,
    4.886921905584122,
    4.886921905584122,
    4.886921905584122,
    4.886921905584122,
    4.886921905584122,
    4.886921905584122,
    4.886921905584122,
    4.886921905584122,
    4.886921905584122,
    4.886921905584122,
    5.585053606381854,
    5.585053606381854,
    5.585053606381854,
    5.585053606381854,
    5.585053606381854,
    5.585053606381854,
    5.585053606381854,
    5.585053606381854,
    5.585053606381854,
    5.585053606381854,
    6.283185307179586,
    6.283185307179586,
    6.283185307179586,
    6.283185307179586,
    6.283185307179586,
    6.283185307179586,
    6.283185307179586,
    6.283185307179586,
    6.283185307179586,
    6.283185307179586
  ],
  "coupling": [
    0.0,
    0.6981317007977318,
    1.3962634015954636,
    2.0943951023931953,
    2.792526803190927,
    3.490658503988659,
    4.1887902047863905,
    4.886921905584122,
    5.585053606381854,
    6.283185307179586,
    0.0,
    0.6981317007977318,
    1.3962634015954636,
    2.0943951023931953,
    2.792526803190927,
    3.490658503988659,
    4.1887902047863905,
    4.886921905584122,
    5.585053606381854,
    6.283185307179586,
    0.0,
    0.6981317007977318,
    1.3962634015954636,
    2.0943951023931953,
    2.792526803190927,
    3.490658503988659,
    4.1887902047863905,
    4.886921905584122,
    5.585053606381854,
    6.283185307179586,
    0.0,
    0.6981317007977318,
    1.3962634015954636,
    2.0943951023931953,
    2.792526803190927,
    3.490658503988659,
    4.1887902047863905,
    4.886921905584122,
    5.585053606381854,
    6.283185307179586,
    0.0,
    0.6981317007977318,
    1.3962634015954636,
    2.0943951023931953,
    2.792526803190927,
    3.490658503988659,
    4.1887902047863905,
    4.886921905584122,
    5.585053606381854,
    6.283185307179586,
    0.0,
    0.6981317007977318,
    1.3962634015954636,
    2.0943951023931953,
    2.792526803190927,
    3.490658503988659,
    4.1887902047863905,
    4.886921905584122,
    5.585053606381854,
    6.283185307179586,
    0.0,
    0.6981317007977318,
    1.3962634015954636,
    2.0943951023931953,
    2.792526803190927,
    3.490658503988659,
    4.1887902047863905,
    4.886921905584122,
    5.585053606381854,
    6.283185307179586,
    0.0,
    0.6981317007977318,
    1.3962634015954636,
    2.0943951023931953,
    2.792526803190927,
    3.490658503988659,
    4.1887902047863905,
    4.886921905584122,
    5.585053606381854,
    6.283185307179586,
    0.0,
    0.6981317007977318,
    1.3962634015954636,
    2.0943951023931953,
    2.792526803190927,
    3.490658503988659,
    4.1887902047863905,
    4.886921905584122,
    5.585053606381854,
    6.283185307179586,
    0.0,
    0.6981317007977318,
    1.3962634015954636,
    2.0943951023931953,
    2.792526803190927,
    3.490658503988659,
    4.1887902047863905,
    4.886921905584122,
    5.585053606381854,
    6.283185307179586
  ],
  "entropies": [
    0.9999972482729513,
    2.5230012582706696,
    3.902411332673892,
    3.4282914765722263,
    1.5616213351821588,
    1.546317726921007,
    3.4611112419346384,
    3.915995614497235,
    2.6711144450660917,
    0.9999009357227437,
    0.999975234353679,
    2.5183274084027087,
    3.9247333040685444,
    3.483319685693581,
    1.565679409155133,
    1.4931591282875336,
    3.4219509056282043,
    3.9219948731166987,
    2.6041436701035563,
    0.9997248102580842,
    0.9999009357227437,
    2.582025030892706,
    3.934960049557836,
    3.435428951731686,
    1.6421862712119375,
    1.5803919392075956,
    3.445042540881431,
    3.938995338394716,
    2.537560606118076,
    0.9999972482729513,
    0.9995349089288796,
    2.4810239040420754,
    3.930867594657343,
    3.437116619210828,
    1.5148545941717142,
    1.57300387289164,
    3.4026905103631115,
    3.8948997918520907,
    2.5414858369445605,
    0.9996037156839629,
    0.9995349089288796,
    2.6136284931280045,
    3.898300184345552,
    3.4707989033334385,
    1.5897692512489563,
    1.5562107212037417,
    3.4045653812221364,
    3.919879250291041,
    2.5588238054499115,
    0.9971803988913788,
    0.9997770990017212,
    2.5572482440932047,
    3.934562447433029,
    3.4749813983969506,
    1.6646765159184223,
    1.6203606023215948,
    3.4490197621370178,
    3.943116244952201,
    2.4771922907561312,
    0.999975234353679,
    0.9999972482729513,
    2.498157573521171,
    3.9279854997870887,
    3.430501698829842,
    1.5588413721101007,
    1.6211872282659539,
    3.4332075493195324,
    3.9266251672713373,
    2.580871217483774,
    0.999380773855251,
    0.9976845624697851,
    2.513843773482818,
    3.92118208356634,
    3.494634296336571,
    1.561642722260716,
    1.6547502948707944,
    3.4176435125314275,
    3.929890359921902,
    2.5263998252090394,
    0.9999312058432916,
    0.9999999999971146,
    2.632228092761955,
    3.902850746956083,
    3.4132836581721446,
    1.648638783987093,
    1.5895660157430282,
    3.405235025364741,
    3.9143655195800466,
    2.5305862503809218,
    0.9999999999971146,
    0.9987861499393461,
    2.499983325179336,
    3.906959513292104,
    3.4040058262270554,
    1.5137348167007874,
    1.5763904959172934,
    3.452278022494574,
    3.90939169765387,
    2.6397424594230543,
    0.9996037156839629
  ],
  "curvatures": [
    1.7763568394002506e-16,
    8.881784197001253e-17,
    1.7763568394002506e-16,
    1.9984014443252818e-16,
    1.1102230246251565e-16,
    1.1102230246251565e-16,
    1.3322676295501878e-16,
    1.3322676295501878e-16,
    2.2204460492503132e-17,
    6.661338147750939e-17,
    1.3322676295501878e-16,
    2.2204460492503132e-17,
    1.1102230246251565e-16,
    8.881784197001253e-17,
    1.3322676295501878e-16,
    2.2204460492503132e-17,
    1.1102230246251565e-16,
    -4.4408920985006264e-17,
    1.3322676295501878e-16,
    4.4408920985006264e-17,
    1.1102230246251565e-16,
    0.0,
    4.4408920985006264e-17,
    1.3322676295501878e-16,
    4.4408920985006264e-17,
    1.554312234475219e-16,
    2.2204460492503132e-17,
    1.1102230246251565e-16,
    6.661338147750939e-17,
    8.881784197001253e-17,
    6.661338147750939e-17,
    1.554312234475219e-16,
    2.220446049250313e-16,
    2.2204460492503132e-17,
    8.881784197001253e-17,
    6.661338147750939e-17,
    1.7763568394002506e-16,
    1.3322676295501878e-16,
    1.1102230246251565e-16,
    1.3322676295501878e-16,
    0.0,
    1.9984014443252818e-16,
    1.554312234475219e-16,
    1.1102230246251565e-16,
    0.0,
    1.554312234475219e-16,
    8.881784197001253e-17,
    0.0,
    8.881784197001253e-17,
    6.661338147750939e-17,
    1.1102230246251565e-16,
    1.1102230246251565e-16,
    2.2204460492503132e-17,
    1.1102230246251565e-16,
    4.4408920985006264e-17,
    2.2204460492503132e-17,
    6.661338147750939e-17,
    6.661338147750939e-17,
    2.2204460492503132e-17,
    1.7763568394002506e-16,
    6.661338147750939e-17,
    4.4408920985006264e-17,
    1.3322676295501878e-16,
    1.3322676295501878e-16,
    4.4408920985006264e-17,
    0.0,
    6.661338147750939e-17,
    6.661338147750939e-17,
    1.7763568394002506e-16,
    1.554312234475219e-16,
    1.1102230246251565e-16,
    6.661338147750939e-17,
    6.661338147750939e-17,
    1.554312234475219e-16,
    4.4408920985006264e-17,
    1.9984014443252818e-16,
    2.2204460492503132e-17,
    1.3322676295501878e-16,
    8.881784197001253e-17,
    4.4408920985006264e-17,
    6.661338147750939e-17,
    2.2204460492503132e-17,
    1.9984014443252818e-16,
    1.7763568394002506e-16,
    2.2204460492503132e-17,
    6.661338147750939e-17,
    8.881784197001253e-17,
    6.661338147750939e-17,
    6.661338147750939e-17,
    4.4408920985006264e-17,
    4.4408920985006264e-17,
    8.881784197001253e-17,
    6.661338147750939e-17,
    1.3322676295501878e-16,
    1.554312234475219e-16,
    8.881784197001253e-17,
    1.3322676295501878e-16,
    2.2204460492503132e-17,
    6.661338147750939e-17,
    6.661338147750939e-17
  ],
  "distances": [
    0.3678804534766441,
    0.5934399508932063,
    0.8550530968235167,
    0.7606311760291288,
    0.4412034544059806,
    0.43848545224702007,
    0.7676283174405093,
    0.8590377076302468,
    0.6170544972218361,
    0.36791588668759406,
    0.36788855205638904,
    0.5929276144287328,
    0.8600407380077091,
    0.7717595523256887,
    0.4419234034811094,
    0.4312973104215192,
    0.7594475554453969,
    0.8598008299579895,
    0.6087801196852887,
    0.36798069175083575,
    0.36791588668759406,
    0.6044832811709909,
    0.8615985817836651,
    0.7630833092274094,
    0.45291661924449583,
    0.44349035819827837,
    0.7644096234526502,
    0.8622577908616117,
    0.5960925917824241,
    0.3678804534766441,
    0.3680505784088956,
    0.5860614623479891,
    0.8606704265513654,
    0.7635072497999159,
    0.4335896263234036,
    0.44241159167548094,
    0.7561398040697092,
    0.8561273659054341,
    0.5964881586471298,
    0.3680252549141124,
    0.3680505784088956,
    0.6083161844442276,
    0.8549775132313845,
    0.7704570620684874,
    0.4448305193745134,
    0.4404583427070118,
    0.7597143564656128,
    0.8581499308280106,
    0.6001480954320092,
    0.3689181781754361,
    0.36796145100582295,
    0.6011749455162892,
    0.8613419841136813,
    0.7702864191892237,
    0.4556464475550045,
    0.4493472002076933,
    0.7662025896801058,
    0.8633808034014024,
    0.5850924487240696,
    0.36788855205638904,
    0.3678804534766441,
    0.5914533779511115,
    0.8604557781534065,
    0.7623465008079774,
    0.4402376587702134,
    0.4486612979475314,
    0.7617631864375138,
    0.8608412448015809,
    0.6044804027560199,
    0.36810731228412547,
    0.3687322299446893,
    0.5917638453979541,
    0.8617976059366813,
    0.7748393813653163,
    0.44308202292115767,
    0.4534438693710129,
    0.7586690384699725,
    0.8602619894429326,
    0.5939837451052452,
    0.36790474999790784,
    0.36787944117250365,
    0.6129070611024131,
    0.8556441258882506,
    0.7598211131859909,
    0.453052575170231,
    0.4457923891590649,
    0.7591275877247672,
    0.8579552858514873,
    0.5934415098848914,
    0.36787944117250365,
    0.3683262627857801,
    0.5876364272109214,
    0.857061400312627,
    0.7574321104627948,
    0.43434369649832544,
    0.44270205856638634,
    0.766284159542024,
    0.8563930633952336,
    0.6161517022503615,
    0.3680252549141124
  ],
  "mi_matrices": [
    [
      [
        0.0,
        0.9999972482729513,
        0.9999972482729513,
        0.9999972482729513,
        0.9999972482729513,
        0.9999972482729513
      ],
      [
        0.9999972482729513,
        0.0,
        0.9999972482729513,
        0.9999972482729513,
        0.9999972482729513,
        0.9999972482729513
      ],
      [
        0.9999972482729513,
        0.9999972482729513,
        0.0,
        0.9999972482729513,
        0.9999972482729513,
        0.9999972482729513
      ],
      [
        0.9999972482729513,
        0.9999972482729513,
        0.9999972482729513,
        0.0,
        0.9999972482729513,
        0.9999972482729513
      ],
      [
        0.9999972482729513,
        0.9999972482729513,
        0.9999972482729513,
        0.9999972482729513,
        0.0,
        0.9999972482729513
      ],
      [
        0.9999972482729513,
        0.9999972482729513,
        0.9999972482729513,
        0.9999972482729513,
        0.9999972482729513,
        0.0
      ]
    ],
    [
      [
        0.0,
        0.49324142367752577,
        0.28569693495053605,
        0.49324142367752577,
        0.25305783743748433,
        0.49324142367752577
      ],
      [
        0.49324142367752577,
        0.0,
        0.5078488017526406,
        0.9998651613979794,
        0.46504783706005104,
        0.9998651613979794
      ],
      [
        0.28569693495053605,
        0.5078488017526406,
        0.0,
        0.5078488017526406,
        0.28997016501054285,
        0.5078488017526406
      ],
      [
        0.49324142367752577,
        0.9998651613979794,
        0.5078488017526406,
        0.0,
        0.46504783706005104,
        0.9998651613979794
      ],
      [
        0.25305783743748433,
        0.46504783706005104,
        0.28997016501054285,
        0.46504783706005104,
        0.0,
        0.46504783706005104
      ],
      [
        0.49324142367752577,
        0.9998651613979794,
        0.5078488017526406,
        0.9998651613979794,
        0.46504783706005104,
        0.0
      ]
    ],
    [
      [
        0.0,
        0.02380284259976473,
        0.0031810123794882017,
        0.02380284259976473,
        0.00019313374460239174,
        0.02380284259976473
      ],
      [
        0.02380284259976473,
        0.0,
        0.03740405443624617,
        0.999380773855251,
        0.03102016856467138,
        0.999380773855251
      ],
      [
        0.0031810123794882017,
        0.03740405443624617,
        0.0,
        0.03740405443624617,
        0.002823595924839939,
        0.03740405443624617
      ],
      [
        0.02380284259976473,
        0.999380773855251,
        0.03740405443624617,
        0.0,
        0.03102016856467138,
        0.999380773855251
      ],
      [
        0.00019313374460239174,
        0.03102016856467138,
        0.002823595924839939,
        0.03102016856467138,
        0.0,
        0.03102016856467138
      ],
      [
        0.02380284259976473,
        0.999380773855251,
        0.03740405443624617,
        0.999380773855251,
        0.03102016856467138,
        0.0
      ]
    ],
    [
      [
        0.0,
        0.20452624441728107,
        0.046266708394313794,
        0.20452624441728107,
        0.04343321459921623,
        0.20452624441728107
      ],
      [
        0.20452624441728107,
        0.0,
        0.18715667777901301,
        0.9999559719906115,
        0.17806634414451072,
        0.9999559719906115
      ],
      [
        0.046266708394313794,
        0.18715667777901301,
        0.0,
        0.18715667777901301,
        0.051509294359948665,
        0.18715667777901301
      ],
      [
        0.20452624441728107,
        0.9999559719906115,
        0.18715667777901301,
        0.0,
        0.17806634414451072,
        0.9999559719906115
      ],
      [
        0.04343321459921623,
        0.17806634414451072,
        0.051509294359948665,
        0.17806634414451072,
        0.0,
        0.17806634414451072
      ],
      [
        0.20452624441728107,
        0.9999559719906115,
        0.18715667777901301,
        0.9999559719906115,
        0.17806634414451072,
        0.0
      ]
    ],
    [
      [
        0.0,
        0.8090189452375924,
        0.6549618179119836,
        0.8090189452375924,
        0.7060479705419158,
        0.8090189452375924
      ],
      [
        0.8090189452375924,
        0.0,
        0.7802331500961623,
        0.9997248102580842,
        0.8450262544393177,
        0.9997248102580842
      ],
      [
        0.6549618179119836,
        0.7802331500961623,
        0.0,
        0.7802331500961623,
        0.6898785325147843,
        0.7802331500961623
      ],
      [
        0.8090189452375924,
        0.9997248102580842,
        0.7802331500961623,
        0.0,
        0.8450262544393177,
        0.9997248102580842
      ],
      [
        0.7060479705419158,
        0.8450262544393177,
        0.6898785325147843,
        0.8450262544393177,
        0.0,
        0.8450262544393177
      ],
      [
        0.8090189452375924,
        0.9997248102580842,
        0.7802331500961623,
        0.9997248102580842,
        0.8450262544393177,
        0.0
      ]
    ],
    [
      [
        0.0,
        0.7666715818658811,
        0.6901114632773802,
        0.7666715818658811,
        0.6742572102892908,
        0.7666715818658811
      ],
      [
        0.7666715818658811,
        0.0,
        0.8406789523644946,
        0.9999312058432916,
        0.8397403420940424,
        0.9999312058432916
      ],
      [
        0.6901114632773802,
        0.8406789523644946,
        0.0,
        0.8406789523644946,
        0.7358001012502431,
        0.8406789523644946
      ],
      [
        0.7666715818658811,
        0.9999312058432916,
        0.8406789523644946,
        0.0,
        0.8397403420940424,
        0.9999312058432916
      ],
      [
        0.6742572102892908,
        0.8397403420940424,
        0.7358001012502431,
        0.8397403420940424,
        0.0,
        0.8397403420940424
      ],
      [
        0.7666715818658811,
        0.9999312058432916,
        0.8406789523644946,
        0.9999312058432916,
        0.8397403420940424,
        0.0
      ]
    ],
    [
      [
        0.0,
        0.21313820742164813,
        0.04282132850408038,
        0.21313820742164813,
        0.04753633930487067,
        0.21313820742164813
      ],
      [
        0.21313820742164813,
        0.0,
        0.15780731274491666,
        0.9999559719906115,
        0.1636470574861677,
        0.9999559719906115
      ],
      [
        0.04282132850408038,
        0.15780731274491666,
        0.0,
        0.15780731274491666,
        0.03482102944624854,
        0.15780731274491666
      ],
      [
        0.21313820742164813,
        0.9999559719906115,
        0.15780731274491666,
        0.0,
        0.1636470574861677,
        0.9999559719906115
      ],
      [
        0.04753633930487067,
        0.1636470574861677,
        0.03482102944624854,
        0.1636470574861677,
        0.0,
        0.1636470574861677
      ],
      [
        0.21313820742164813,
        0.9999559719906115,
        0.15780731274491666,
        0.9999559719906115,
        0.1636470574861677,
        0.0
      ]
    ],
    [
      [
        0.0,
        0.02543516188506567,
        6.584548679899882e-05,
        0.02543516188506567,
        0.0029314908885293978,
        0.02543516188506567
      ],
      [
        0.02543516188506567,
        0.0,
        0.028163792841476853,
        0.9995349089288796,
        0.017843521835554377,
        0.9995349089288796
      ],
      [
        6.584548679899882e-05,
        0.028163792841476853,
        0.0,
        0.028163792841476853,
        0.003888913388946813,
        0.028163792841476853
      ],
      [
        0.02543516188506567,
        0.9995349089288796,
        0.028163792841476853,
        0.0,
        0.017843521835554377,
        0.9995349089288796
      ],
      [
        0.0029314908885293978,
        0.017843521835554377,
        0.003888913388946813,
        0.017843521835554377,
        0.0,
        0.017843521835554377
      ],
      [
        0.02543516188506567,
        0.9995349089288796,
        0.028163792841476853,
        0.9995349089288796,
        0.017843521835554377,
        0.0
      ]
    ],
    [
      [
        0.0,
        0.4280777208529878,
        0.24222719293523642,
        0.4280777208529878,
        0.23488020813259491,
        0.4280777208529878
      ],
      [
        0.4280777208529878,
        0.0,
        0.4430608901326396,
        0.9999009357227437,
        0.45439159981495214,
        0.9999009357227437
      ],
      [
        0.24222719293523642,
        0.4430608901326396,
        0.0,
        0.4430608901326396,
        0.23504212654765988,
        0.4430608901326396
      ],
      [
        0.4280777208529878,
        0.9999009357227437,
        0.4430608901326396,
        0.0,
        0.45439159981495214,
        0.9999009357227437
      ],
      [
        0.23488020813259491,
        0.45439159981495214,
        0.23504212654765988,
        0.45439159981495214,
        0.0,
        0.45439159981495214
      ],
      [
        0.4280777208529878,
        0.9999009357227437,
        0.4430608901326396,
        0.9999009357227437,
        0.45439159981495214,
        0.0
      ]
    ],
    [
      [
        0.0,
        0.9999009357227437,
        0.9999009357227437,
        0.9999009357227437,
        0.9999009357227437,
        0.9999009357227437
      ],
      [
        0.9999009357227437,
        0.0,
        0.9999009357227437,
        0.9999009357227437,
        0.9999009357227437,
        0.9999009357227437
      ],
      [
        0.9999009357227437,
        0.9999009357227437,
        0.0,
        0.9999009357227437,
        0.9999009357227437,
        0.9999009357227437
      ],
      [
        0.9999009357227437,
        0.9999009357227437,
        0.9999009357227437,
        0.0,
        0.9999009357227437,
        0.9999009357227437
      ],
      [
        0.9999009357227437,
        0.9999009357227437,
        0.9999009357227437,
        0.9999009357227437,
        0.0,
        0.9999009357227437
      ],
      [
        0.9999009357227437,
        0.9999009357227437,
        0.9999009357227437,
        0.9999009357227437,
        0.9999009357227437,
        0.0
      ]
    ],
    [
      [
        0.0,
        0.999975234353679,
        0.999975234353679,
        0.999975234353679,
        0.999975234353679,
        0.999975234353679
      ],
      [
        0.999975234353679,
        0.0,
        0.999975234353679,
        0.999975234353679,
        0.999975234353679,
        0.999975234353679
      ],
      [
        0.999975234353679,
        0.999975234353679,
        0.0,
        0.999975234353679,
        0.999975234353679,
        0.999975234353679
      ],
      [
        0.999975234353679,
        0.999975234353679,
        0.999975234353679,
        0.0,
        0.999975234353679,
        0.999975234353679
      ],
      [
        0.999975234353679,
        0.999975234353679,
        0.999975234353679,
        0.999975234353679,
        0.0,
        0.999975234353679
      ],
      [
        0.999975234353679,
        0.999975234353679,
        0.999975234353679,
        0.999975234353679,
        0.999975234353679,
        0.0
      ]
    ],
    [
      [
        0.0,
        0.4551807918637196,
        0.25599219831905073,
        0.4551807918637196,
        0.2712361154961873,
        0.4551807918637196
      ],
      [
        0.4551807918637196,
        0.0,
        0.5063614390657611,
        0.998667756215461,
        0.513213752952169,
        0.998667756215461
      ],
      [
        0.25599219831905073,
        0.5063614390657611,
        0.0,
        0.5063614390657609,
        0.29375337228673826,
        0.5063614390657609
      ],
      [
        0.4551807918637196,
        0.998667756215461,
        0.5063614390657609,
        0.0,
        0.513213752952169,
        0.998667756215461
      ],
      [
        0.2712361154961873,
        0.513213752952169,
        0.29375337228673826,
        0.513213752952169,
        0.0,
        0.513213752952169
      ],
      [
        0.4551807918637196,
        0.998667756215461,
        0.5063614390657609,
        0.998667756215461,
        0.513213752952169,
        0.0
      ]
    ],
    [
      [
        0.0,
        0.025752998791539028,
        2.2889610297394114e-05,
        0.025752998791539028,
        0.0018633493589597094,
        0.025752998791539028
      ],
      [
        0.025752998791539028,
        0.0,
        0.01063666725578405,
        0.9971803988913788,
        0.03239268467488987,
        0.9971803988913788
      ],
      [
        2.2889610297394114e-05,
        0.01063666725578405,
        0.0,
        0.01063666725578405,
        0.0006246228344557458,
        0.01063666725578405
      ],
      [
        0.025752998791539028,
        0.9971803988913788,
        0.01063666725578405,
        0.0,
        0.03239268467488987,
        0.9971803988913788
      ],
      [
        0.0018633493589597094,
        0.03239268467488987,
        0.0006246228344557458,
        0.03239268467488987,
        0.0,
        0.03239268467488987
      ],
      [
        0.025752998791539028,
        0.9971803988913788,
        0.01063666725578405,
        0.9971803988913788,
        0.03239268467488987,
        0.0
      ]
    ],
    [
      [
        0.0,
        0.15521424956118035,
        0.042889019028907516,
        0.15521424956118035,
        0.04002632041482257,
        0.15521424956118035
      ],
      [
        0.15521424956118035,
        0.0,
        0.18145903644685224,
        0.9987861499393461,
        0.17317276199004872,
        0.9987861499393461
      ],
      [
        0.042889019028907516,
        0.18145903644685224,
        0.0,
        0.18145903644685224,
        0.04206928831418333,
        0.18145903644685224
      ],
      [
        0.15521424956118035,
        0.9987861499393461,
        0.18145903644685224,
        0.0,
        0.17317276199004872,
        0.9987861499393461
      ],
      [
        0.04002632041482257,
        0.17317276199004872,
        0.04206928831418333,
        0.17317276199004872,
        0.0,
        0.17317276199004872
      ],
      [
        0.15521424956118035,
        0.9987861499393461,
        0.18145903644685224,
        0.9987861499393461,
        0.17317276199004872,
        0.0
      ]
    ],
    [
      [
        0.0,
        0.7843580262802887,
        0.7017767682853131,
        0.7843580262802887,
        0.6482257132033908,
        0.7843580262802887
      ],
      [
        0.7843580262802887,
        0.0,
        0.8451285473504959,
        0.9992046060352292,
        0.7966767451979506,
        0.9992046060352292
      ],
      [
        0.7017767682853131,
        0.8451285473504959,
        0.0,
        0.8451285473504959,
        0.702309813153664,
        0.8451285473504959
      ],
      [
        0.7843580262802887,
        0.9992046060352292,
        0.8451285473504959,
        0.0,
        0.7966767451979506,
        0.9992046060352292
      ],
      [
        0.6482257132033908,
        0.7966767451979506,
        0.702309813153664,
        0.7966767451979506,
        0.0,
        0.7966767451979506
      ],
      [
        0.7843580262802887,
        0.9992046060352292,
        0.8451285473504959,
        0.9992046060352292,
        0.7966767451979506,
        0.0
      ]
    ],
    [
      [
        0.0,
        0.8451875752811879,
        0.6994367928129006,
        0.8451875752811879,
        0.7625991531499996,
        0.8451875752811879
      ],
      [
        0.8451875752811879,
        0.0,
        0.7910304641643828,
        0.9999889930794672,
        0.8670752555774057,
        0.9999889930794672
      ],
      [
        0.6994367928129006,
        0.7910304641643828,
        0.0,
        0.7910304641643828,
        0.7064489058867109,
        0.7910304641643828
      ],
      [
        0.8451875752811879,
        0.9999889930794672,
        0.7910304641643828,
        0.0,
        0.8670752555774057,
        0.9999889930794672
      ],
      [
        0.7625991531499996,
        0.8670752555774057,
        0.7064489058867109,
        0.8670752555774057,
        0.0,
        0.867075255577406
      ],
      [
        0.8451875752811879,
        0.9999889930794672,
        0.7910304641643828,
        0.9999889930794672,
        0.867075255577406,
        0.0
      ]
    ],
    [
      [
        0.0,
        0.18761601677372952,
        0.06113362146319634,
        0.18761601677372952,
        0.044120954478799934,
        0.18761601677372952
      ],
      [
        0.18761601677372952,
        0.0,
        0.20329963504013615,
        0.999380773855251,
        0.17848240676481408,
        0.999380773855251
      ],
      [
        0.06113362146319634,
        0.20329963504013615,
        0.0,
        0.20329963504013615,
        0.05621124477928863,
        0.20329963504013615
      ],
      [
        0.18761601677372952,
        0.999380773855251,
        0.20329963504013615,
        0.0,
        0.17848240676481408,
        0.999380773855251
      ],
      [
        0.044120954478799934,
        0.17848240676481408,
        0.05621124477928863,
        0.17848240676481408,
        0.0,
        0.17848240676481408
      ],
      [
        0.18761601677372952,
        0.999380773855251,
        0.20329963504013615,
        0.999380773855251,
        0.17848240676481408,
        0.0
      ]
    ],
    [
      [
        0.0,
        0.02444335495737948,
        0.0003982742283259455,
        0.02444335495737948,
        0.0007954212956238216,
        0.02444335495737948
      ],
      [
        0.02444335495737948,
        0.0,
        0.023646301584549834,
        0.9976845624697851,
        0.021979857442739448,
        0.9976845624697851
      ],
      [
        0.0003982742283259455,
        0.023646301584549834,
        0.0,
        0.023646301584550056,
        0.00022292226039311025,
        0.023646301584550056
      ],
      [
        0.02444335495737948,
        0.9976845624697851,
        0.023646301584550056,
        0.0,
        0.021979857442739448,
        0.9976845624697851
      ],
      [
        0.0007954212956238216,
        0.021979857442739448,
        0.00022292226039311025,
        0.021979857442739448,
        0.0,
        0.021979857442739448
      ],
      [
        0.02444335495737948,
        0.9976845624697851,
        0.023646301584550056,
        0.9976845624697851,
        0.021979857442739448,
        0.0
      ]
    ],
    [
      [
        0.0,
        0.46645089940647644,
        0.2269529861816797,
        0.46645089940647644,
        0.2599468718029587,
        0.46645089940647644
      ],
      [
        0.46645089940647644,
        0.0,
        0.42741707964796705,
        0.9975220307816461,
        0.48451623601857463,
        0.9975220307816461
      ],
      [
        0.2269529861816797,
        0.42741707964796705,
        0.0,
        0.42741707964796705,
        0.26001310603272154,
        0.42741707964796705
      ],
      [
        0.46645089940647644,
        0.9975220307816461,
        0.42741707964796705,
        0.0,
        0.48451623601857463,
        0.9975220307816461
      ],
      [
        0.2599468718029587,
        0.48451623601857463,
        0.26001310603272154,
        0.48451623601857463,
        0.0,
        0.48451623601857463
      ],
      [
        0.46645089940647644,
        0.9975220307816461,
        0.42741707964796705,
        0.9975220307816461,
        0.48451623601857463,
        0.0
      ]
    ],
    [
      [
        0.0,
        0.9997248102580842,
        0.9997248102580842,
        0.9997248102580842,
        0.9997248102580842,
        0.9997248102580842
      ],
      [
        0.9997248102580842,
        0.0,
        0.9997248102580842,
        0.9997248102580842,
        0.9997248102580842,
        0.9997248102580842
      ],
      [
        0.9997248102580842,
        0.9997248102580842,
        0.0,
        0.9997248102580842,
        0.9997248102580842,
        0.9997248102580842
      ],
      [
        0.9997248102580842,
        0.9997248102580842,
        0.9997248102580842,
        0.0,
        0.9997248102580842,
        0.9997248102580842
      ],
      [
        0.9997248102580842,
        0.9997248102580842,
        0.9997248102580842,
        0.9997248102580842,
        0.0,
        0.9997248102580842
      ],
      [
        0.9997248102580842,
        0.9997248102580842,
        0.9997248102580842,
        0.9997248102580842,
        0.9997248102580842,
        0.0
      ]
    ],
    [
      [
        0.0,
        0.9999009357227437,
        0.9999009357227437,
        0.9999009357227437,
        0.9999009357227437,
        0.9999009357227437
      ],
      [
        0.9999009357227437,
        0.0,
        0.9999009357227437,
        0.9999009357227437,
        0.9999009357227437,
        0.9999009357227437
      ],
      [
        0.9999009357227437,
        0.9999009357227437,
        0.0,
        0.9999009357227437,
        0.9999009357227437,
        0.9999009357227437
      ],
      [
        0.9999009357227437,
        0.9999009357227437,
        0.9999009357227437,
        0.0,
        0.9999009357227437,
        0.9999009357227437
      ],
      [
        0.9999009357227437,
        0.9999009357227437,
        0.9999009357227437,
        0.9999009357227437,
        0.0,
        0.9999009357227437
      ],
      [
        0.9999009357227437,
        0.9999009357227437,
        0.9999009357227437,
        0.9999009357227437,
        0.9999009357227437,
        0.0
      ]
    ],
    [
      [
        0.0,
        0.49669762892682945,
        0.24740355069406483,
        0.49669762892682945,
        0.24643722769748289,
        0.49669762892682945
      ],
      [
        0.49669762892682945,
        0.0,
        0.46489706266591035,
        0.9999999999971146,
        0.4511988228596928,
        0.9999999999971146
      ],
      [
        0.24740355069406483,
        0.46489706266591035,
        0.0,
        0.46489706266591035,
        0.24794592191665266,
        0.46489706266591035
      ],
      [
        0.49669762892682945,
        0.9999999999971146,
        0.46489706266591035,
        0.0,
        0.4511988228596928,
        0.9999999999971146
      ],
      [
        0.24643722769748289,
        0.4511988228596928,
        0.24794592191665266,
        0.4511988228596928,
        0.0,
        0.45119882285969304
      ],
      [
        0.49669762892682945,
        0.9999999999971146,
        0.46489706266591035,
        0.9999999999971146,
        0.45119882285969304,
        0.0
      ]
    ],
    [
      [
        0.0,
        0.015956805080927783,
        0.00017612815332457288,
        0.015956805080927783,
        0.0006197584658707012,
        0.015956805080927783
      ],
      [
        0.015956805080927783,
        0.0,
        0.02339220664407282,
        0.9998238825959875,
        0.020837341025580436,
        0.9998238825959875
      ],
      [
        0.00017612815332457288,
        0.02339220664407282,
        0.0,
        0.02339220664407282,
        0.00034043255026205976,
        0.02339220664407282
      ],
      [
        0.015956805080927783,
        0.9998238825959875,
        0.02339220664407282,
        0.0,
        0.020837341025580436,
        0.9998238825959875
      ],
      [
        0.0006197584658707012,
        0.020837341025580436,
        0.00034043255026205976,
        0.020837341025580436,
        0.0,
        0.020837341025580436
      ],
      [
        0.015956805080927783,
        0.9998238825959875,
        0.02339220664407282,
        0.9998238825959875,
        0.020837341025580436,
        0.0
      ]
    ],
    [
      [
        0.0,
        0.20655767063278363,
        0.05408580968418364,
        0.20655767063278363,
        0.052922013550644964,
        0.20655767063278363
      ],
      [
        0.20655767063278363,
        0.0,
        0.1856823674525141,
        0.9999312058432916,
        0.16511463440395846,
        0.9999312058432916
      ],
      [
        0.05408580968418364,
        0.1856823674525141,
        0.0,
        0.18568236745251432,
        0.02882041377757627,
        0.18568236745251432
      ],
      [
        0.20655767063278363,
        0.9999312058432916,
        0.18568236745251432,
        0.0,
        0.16511463440395846,
        0.9999312058432916
      ],
      [
        0.052922013550644964,
        0.16511463440395846,
        0.02882041377757627,
        0.16511463440395846,
        0.0,
        0.16511463440395846
      ],
      [
        0.20655767063278363,
        0.9999312058432916,
        0.18568236745251432,
        0.9999312058432916,
        0.16511463440395846,
        0.0
      ]
    ],
    [
      [
        0.0,
        0.7850748151994176,
        0.6667509914396923,
        0.7850748151994176,
        0.6185580327034785,
        0.7850748151994176
      ],
      [
        0.7850748151994176,
        0.0,
        0.8194483531192827,
        0.9999889930794672,
        0.7487816234156428,
        0.9999889930794672
      ],
      [
        0.6667509914396923,
        0.8194483531192827,
        0.0,
        0.8194483531192827,
        0.6369630185923181,
        0.8194483531192827
      ],
      [
        0.7850748151994176,
        0.9999889930794672,
        0.8194483531192827,
        0.0,
        0.7487816234156428,
        0.9999889930794672
      ],
      [
        0.6185580327034785,
        0.7487816234156428,
        0.6369630185923181,
        0.7487816234156428,
        0.0,
        0.7487816234156428
      ],
      [
        0.7850748151994176,
        0.9999889930794672,
        0.8194483531192827,
        0.9999889930794672,
        0.7487816234156428,
        0.0
      ]
    ],
    [
      [
        0.0,
        0.7754544182249112,
        0.6701705042940995,
        0.7754544182249112,
        0.6819494382708418,
        0.7754544182249112
      ],
      [
        0.7754544182249112,
        0.0,
