{
  "spec": {
    "num_qubits": 3,
    "topology": "triangulated",
    "custom_edges": "0-1:1.0000,0-2:0.9378,1-2:1.0000",
    "alpha": 0.8,
    "weight": 1.0,
    "gamma": 0.3,
    "sigma": null,
    "init_angle": 0.0,
    "init_angles": null,
    "shots": 10,
    "device": "simulator",
    "geometry": "spherical",
    "curvature": 4.5,
    "timesteps": 5,
    "dimension": 2,
    "mass_hinge": null,
    "mass_value": 0.0,
    "solve_regge": false,
    "lorentzian": false,
    "excite": false,
    "fast": true,
    "strong_curvature": false,
    "charge_injection": false,
    "charge_strength": 1.0,
    "charge_location": 3,
    "spin_injection": false,
    "spin_strength": 1.0,
    "spin_location": 3,
    "edge_floor": 0.001,
    "compute_entropies": false,
    "hyperbolic_triangulation": false,
    "trotter_steps": 4,
    "dt": 0.1,
    "analyze_curvature": false,
    "einstein_solver": false
  },
  "uid": "DI2DQ6",
  "counts_per_timestep": [
    null,
    null,
    null,
    null,
    null
  ],
  "job_ids_per_timestep": [
    null,
    null,
    null,
    null,
    null
  ],
  "entropy_per_timestep": [
    null,
    null,
    null,
    null,
    null
  ],
  "mutual_information_per_timestep": [
    {
      "I_0,1": 0.06152890701389546,
      "I_0,2": 0.29836974831230345,
      "I_1,2": 0.2983697483123037
    },
    {
      "I_0,1": 0.15477480572421698,
      "I_0,2": 0.20512384960198482,
      "I_1,2": 1.393271743799149
    },
    {
      "I_0,1": 0.7640652506034753,
      "I_0,2": 0.7709087010033296,
      "I_1,2": 1.226097099418203
    },
    {
      "I_0,1": 0.30477411466315496,
      "I_0,2": 0.45364380230128165,
      "I_1,2": 1.1754857698585623
    },
    {
      "I_0,1": 0.8588945734083273,
      "I_0,2": 1.0268203754344447,
      "I_1,2": 0.8947614902155584
    }
  ],
  "boundary_entropies_per_timestep": [
    {
      "entropy_A": 3.5334205937421866e-15,
      "entropy_B": 4.805139755722375e-16,
      "mi_AB": 4.805139755722374e-16,
      "pure_state_check": true,
      "entropy_difference": 3.052906618169949e-15,
      "multiple_regions": {
        "size_1_region_0": {
          "region": [
            0
          ],
          "entropy": 0.1799493276631019,
          "rt_area": 2,
          "size": 1
        },
        "size_1_region_1": {
          "region": [
            1
          ],
          "entropy": 0.1799493276631019,
          "rt_area": 2,
          "size": 1
        },
        "size_1_region_2": {
          "region": [
            2
          ],
          "entropy": 0.2983697483123035,
          "rt_area": 2,
          "size": 1
        },
        "size_2_region_0": {
          "region": [
            0,
            1
          ],
          "entropy": 0.29836974831230834,
          "rt_area": 2,
          "size": 2
        },
        "size_2_region_1": {
          "region": [
            0,
            2
          ],
          "entropy": 0.17994932766310187,
          "rt_area": 2,
          "size": 2
        },
        "size_2_region_2": {
          "region": [
            1,
            2
          ],
          "entropy": 0.17994932766310165,
          "rt_area": 2,
          "size": 2
        }
      }
    },
    {
      "entropy_A": 4.8587495347161146e-15,
      "entropy_B": 6.406853007629834e-16,
      "mi_AB": 6.406853007629837e-16,
      "pure_state_check": true,
      "entropy_difference": 4.218064233953131e-15,
      "multiple_regions": {
        "size_1_region_0": {
          "region": [
            0
          ],
          "entropy": 0.17994932766310112,
          "rt_area": 2,
          "size": 1
        },
        "size_1_region_1": {
          "region": [
            1
          ],
          "entropy": 0.7740232747616833,
          "rt_area": 2,
          "size": 1
        },
        "size_1_region_2": {
          "region": [
            2
          ],
          "entropy": 0.7991977967005677,
          "rt_area": 2,
          "size": 1
        },
        "size_2_region_0": {
          "region": [
            0,
            1
          ],
          "entropy": 0.7991977967005685,
          "rt_area": 2,
          "size": 2
        },
        "size_2_region_1": {
          "region": [
            0,
            2
          ],
          "entropy": 0.774023274761684,
          "rt_area": 2,
          "size": 2
        },
        "size_2_region_2": {
          "region": [
            1,
            2
          ],
          "entropy": 0.17994932766310148,
          "rt_area": 2,
          "size": 2
        }
      }
    },
    {
      "entropy_A": 6.023085421083808e-15,
      "entropy_B": 6.406853007629834e-16,
      "mi_AB": 6.406853007629837e-16,
      "pure_state_check": true,
      "entropy_difference": 5.382400120320824e-15,
      "multiple_regions": {
        "size_1_region_0": {
          "region": [
            0
          ],
          "entropy": 0.7674869758034042,
          "rt_area": 2,
          "size": 1
        },
        "size_1_region_1": {
          "region": [
            1
          ],
          "entropy": 0.9950811750108401,
          "rt_area": 2,
          "size": 1
        },
        "size_1_region_2": {
          "region": [
            2
          ],
          "entropy": 0.9985029002107673,
          "rt_area": 2,
          "size": 1
        },
        "size_2_region_0": {
          "region": [
            0,
            1
          ],
          "entropy": 0.9985029002107686,
          "rt_area": 2,
          "size": 2
        },
        "size_2_region_1": {
          "region": [
            0,
            2
          ],
          "entropy": 0.9950811750108418,
          "rt_area": 2,
          "size": 2
        },
        "size_2_region_2": {
          "region": [
            1,
            2
          ],
          "entropy": 0.7674869758034042,
          "rt_area": 2,
          "size": 2
        }
      }
    },
    {
      "entropy_A": 6.123713902407421e-15,
      "entropy_B": 4.805139755722375e-16,
      "mi_AB": 4.805139755722378e-16,
      "pure_state_check": true,
      "entropy_difference": 5.643199926835183e-15,
      "multiple_regions": {
        "size_1_region_0": {
          "region": [
            0
          ],
          "entropy": 0.3792089584822187,
          "rt_area": 2,
          "size": 1
        },
        "size_1_region_1": {
          "region": [
            1
          ],
          "entropy": 0.7401299422608592,
          "rt_area": 2,
          "size": 1
        },
        "size_1_region_2": {
          "region": [
            2
          ],
          "entropy": 0.8145647860799228,
          "rt_area": 2,
          "size": 1
        },
        "size_2_region_0": {
          "region": [
            0,
            1
          ],
          "entropy": 0.814564786079922,
          "rt_area": 2,
          "size": 2
        },
        "size_2_region_1": {
          "region": [
            0,
            2
          ],
          "entropy": 0.7401299422608589,
          "rt_area": 2,
          "size": 2
        },
        "size_2_region_2": {
          "region": [
            1,
            2
          ],
          "entropy": 0.37920895848221947,
          "rt_area": 2,
          "size": 2
        }
      }
    },
    {
      "entropy_A": 1.932873049071127e-15,
      "entropy_B": 6.406853007629834e-16,
      "mi_AB": 6.406853007629833e-16,
      "pure_state_check": true,
      "entropy_difference": 1.2921877483081436e-15,
      "multiple_regions": {
        "size_1_region_0": {
          "region": [
            0
          ],
          "entropy": 0.9428574744213862,
          "rt_area": 2,
          "size": 1
        },
        "size_1_region_1": {
          "region": [
            1
          ],
          "entropy": 0.8768280318119431,
          "rt_area": 2,
          "size": 1
        },
        "size_1_region_2": {
          "region": [
            2
          ],
          "entropy": 0.9607909328250019,
          "rt_area": 2,
          "size": 1
        },
        "size_2_region_0": {
          "region": [
            0,
            1
          ],
          "entropy": 0.9607909328250022,
          "rt_area": 2,
          "size": 2
        },
        "size_2_region_1": {
          "region": [
            0,
            2
          ],
          "entropy": 0.8768280318119435,
          "rt_area": 2,
          "size": 2
        },
        "size_2_region_2": {
          "region": [
            1,
            2
          ],
          "entropy": 0.9428574744213866,
          "rt_area": 2,
          "size": 2
        }
      }
    }
  ],
  "distance_matrix_per_timestep": [
    [
      [
        0.0,
        2.418843590884505,
        1.209421795442253
      ],
      [
        2.418843590884505,
        0.0,
        1.2094217954422521
      ],
      [
        1.209421795442253,
        1.2094217954422521,
        0.0
      ]
    ],
    [
      [
        0.0,
        1.5841413378655618,
        1.5841413378655618
      ],
      [
        1.5841413378655618,
        0.0,
        0.0
      ],
      [
        1.5841413378655618,
        0.0,
        0.0
      ]
    ],
    [
      [
        0.0,
        0.2601853287686695,
        0.2601853287686695
      ],
      [
        0.2601853287686695,
        0.0,
        0.0
      ],
      [
        0.2601853287686695,
        0.0,
        0.0
      ]
    ],
    [
      [
        0.0,
        0.7904429653108499,
        0.7904429653108499
      ],
      [
        0.7904429653108499,
        0.0,
        0.0
      ],
      [
        0.7904429653108499,
        0.0,
        0.0
      ]
    ],
    [
      [
        0.0,
        0.11119808760168344,
        0.0
      ],
      [
        0.11119808760168344,
        0.0,
        0.11119808760168344
      ],
      [
        0.0,
        0.11119808760168344,
        0.0
      ]
    ]
  ],
  "edge_mi": {
    "0,1": 0.8588945734083273,
    "0,2": 1.0268203754344447,
    "1,2": 0.8947614902155584
  },
  "distance_matrix": [
    [
      0.0,
      0.11119808760168344,
      0.0
    ],
    [
      0.11119808760168344,
      0.0,
      0.11119808760168344
    ],
    [
      0.0,
      0.11119808760168344,
      0.0
    ]
  ],
  "shortest_paths": {
    "0": {
      "0": 0,
      "2": 0.0,
      "1": 0.11119808760168344
    },
    "1": {
      "1": 0,
      "2": 0.11119808760168344,
      "0": 0.11119808760168344
    },
    "2": {
      "2": 0,
      "0": 0.0,
      "1": 0.11119808760168344
    }
  },
  "gromov_delta": 0.11119808760168344,
  "mean_distance": 0.04942137226741486,
  "angle_sums": [
    0.0
  ],
  "mean_angle_sum": 0.0,
  "min_angle_sum": 0.0,
  "max_angle_sum": 0.0,
  "angle_sum_deviations": [
    -3.141592653589793
  ],
  "triangle_inequality_violations": [],
  "embedding_coords": null,
  "edge_weight_variance": 0.0008597422222222233,
  "event_nodes": [
    [
      0,
      0
    ],
    [
      1,
      0
    ],
    [
      2,
      0
    ],
    [
      0,
      1
    ],
    [
      1,
      1
    ],
    [
      2,
      1
    ],
    [
      0,
      2
    ],
    [
      1,
      2
    ],
    [
      2,
      2
    ],
    [
      0,
      3
    ],
    [
      1,
      3
    ],
    [
      2,
      3
    ],
    [
      0,
      4
    ],
    [
      1,
      4
    ],
    [
      2,
      4
    ]
  ],
  "event_edges": [
    {
      "type": "spatial",
      "from": [
        0,
        0
      ],
      "to": [
        1,
        0
      ],
      "weight": 2.418843590884505
    },
    {
      "type": "spatial",
      "from": [
        0,
        0
      ],
      "to": [
        2,
        0
      ],
      "weight": 1.209421795442253
    },
    {
      "type": "spatial",
      "from": [
        1,
        0
      ],
      "to": [
        2,
        0
      ],
      "weight": 1.2094217954422521
    },
    {
      "type": "temporal",
      "from": [
        0,
        0
      ],
      "to": [
        0,
        1
      ],
      "weight": 1.0
    },
    {
      "type": "temporal",
      "from": [
        1,
        0
      ],
      "to": [
        1,
        1
      ],
      "weight": 1.0
    },
    {
      "type": "temporal",
      "from": [
        2,
        0
      ],
      "to": [
        2,
        1
      ],
      "weight": 1.0
    },
    {
      "type": "spatial",
      "from": [
        0,
        1
      ],
      "to": [
        1,
        1
      ],
      "weight": 1.5841413378655618
    },
    {
      "type": "spatial",
      "from": [
        0,
        1
      ],
      "to": [
        2,
        1
      ],
      "weight": 1.5841413378655618
    },
    {
      "type": "spatial",
      "from": [
        1,
        1
      ],
      "to": [
        2,
        1
      ],
      "weight": 0.0
    },
    {
      "type": "temporal",
      "from": [
        0,
        1
      ],
      "to": [
        0,
        2
      ],
      "weight": 1.0
    },
    {
      "type": "temporal",
      "from": [
        1,
        1
      ],
      "to": [
        1,
        2
      ],
      "weight": 1.0
    },
    {
      "type": "temporal",
      "from": [
        2,
        1
      ],
      "to": [
        2,
        2
      ],
      "weight": 1.0
    },
    {
      "type": "spatial",
      "from": [
        0,
        2
      ],
      "to": [
        1,
        2
      ],
      "weight": 0.2601853287686695
    },
    {
      "type": "spatial",
      "from": [
        0,
        2
      ],
      "to": [
        2,
        2
      ],
      "weight": 0.2601853287686695
    },
    {
      "type": "spatial",
      "from": [
        1,
        2
      ],
      "to": [
        2,
        2
      ],
      "weight": 0.0
    },
    {
      "type": "temporal",
      "from": [
        0,
        2
      ],
      "to": [
        0,
        3
      ],
      "weight": 1.0
    },
    {
      "type": "temporal",
      "from": [
        1,
        2
      ],
      "to": [
        1,
        3
      ],
      "weight": 1.0
    },
    {
      "type": "temporal",
      "from": [
        2,
        2
      ],
      "to": [
        2,
        3
      ],
      "weight": 1.0
    },
    {
      "type": "spatial",
      "from": [
        0,
        3
      ],
      "to": [
        1,
        3
      ],
      "weight": 0.7904429653108499
    },
    {
      "type": "spatial",
      "from": [
        0,
        3
      ],
      "to": [
        2,
        3
      ],
      "weight": 0.7904429653108499
    },
    {
      "type": "spatial",
      "from": [
        1,
        3
      ],
      "to": [
        2,
        3
      ],
      "weight": 0.0
    },
    {
      "type": "temporal",
      "from": [
        0,
        3
      ],
      "to": [
        0,
        4
      ],
      "weight": 1.0
    },
    {
      "type": "temporal",
      "from": [
        1,
        3
      ],
      "to": [
        1,
        4
      ],
      "weight": 1.0
    },
    {
      "type": "temporal",
      "from": [
        2,
        3
      ],
      "to": [
        2,
        4
      ],
      "weight": 1.0
    },
    {
      "type": "spatial",
      "from": [
        0,
        4
      ],
      "to": [
        1,
        4
      ],
      "weight": 0.11119808760168344
    },
    {
      "type": "spatial",
      "from": [
        0,
        4
      ],
      "to": [
        2,
        4
      ],
      "weight": 0.0
    },
    {
      "type": "spatial",
      "from": [
        1,
        4
      ],
      "to": [
        2,
        4
      ],
      "weight": 0.11119808760168344
    }
  ],
  "lorentzian_dissimilarity": [
    [
      0.0,
      5.850804317163047,
      1.4627010792907629,
      -1.0,
      4.850804317163047,
      0.4627010792907629,
      -4.0,
      1.850804317163047,
      -2.537298920709237,
      -9.0,
      -3.149195682836953,
      -7.537298920709237,
      -16.0,
      -10.149195682836954,
      -14.537298920709237
    ],
    [
      5.850804317163047,
      0.0,
      1.4627010792907609,
      4.850804317163047,
      -1.0,
      0.4627010792907609,
      1.850804317163047,
      -4.0,
      -2.5372989207092393,
      -3.149195682836953,
      -9.0,
      -7.537298920709239,
      -10.149195682836954,
      -16.0,
      -14.537298920709238
    ],
    [
      1.4627010792907629,
      1.4627010792907609,
      0.0,
      0.4627010792907629,
      0.4627010792907609,
      -1.0,
      -2.537298920709237,
      -2.5372989207092393,
      -4.0,
      -7.537298920709237,
      -7.537298920709239,
      -9.0,
      -14.537298920709237,
      -14.537298920709238,
      -16.0
    ],
    [
      -1.0,
      4.850804317163047,
      0.4627010792907629,
      0.0,
      2.509503778334492,
      2.509503778334492,
      -1.0,
      1.509503778334492,
      1.509503778334492,
      -4.0,
      -1.490496221665508,
      -1.490496221665508,
      -9.0,
      -6.4904962216655075,
      -6.4904962216655075
    ],
    [
      4.850804317163047,
      -1.0,
      0.4627010792907609,
      2.509503778334492,
      0.0,
      0.0,
      1.509503778334492,
      -1.0,
      -1.0,
      -1.490496221665508,
      -4.0,
      -4.0,
      -6.4904962216655075,
      -9.0,
      -9.0
    ],
    [
      0.4627010792907629,
      0.4627010792907609,
      -1.0,
      2.509503778334492,
      0.0,
      0.0,
      1.509503778334492,
      -1.0,
      -1.0,
      -1.490496221665508,
      -4.0,
      -4.0,
      -6.4904962216655075,
      -9.0,
      -9.0
    ],
    [
      -4.0,
      1.850804317163047,
      -2.537298920709237,
      -1.0,
      1.509503778334492,
      1.509503778334492,
      0.0,
      0.06769640530646064,
      0.06769640530646064,
      -1.0,
      -0.9323035946935394,
      -0.9323035946935394,
      -4.0,
      -3.9323035946935394,
      -3.9323035946935394
    ],
    [
      1.850804317163047,
      -4.0,
      -2.5372989207092393,
      1.509503778334492,
      -1.0,
      -1.0,
      0.06769640530646064,
      0.0,
      0.0,
      -0.9323035946935394,
      -1.0,
      -1.0,
      -3.9323035946935394,
      -4.0,
      -4.0
    ],
    [
      -2.537298920709237,
      -2.5372989207092393,
      -4.0,
      1.509503778334492,
      -1.0,
      -1.0,
      0.06769640530646064,
      0.0,
      0.0,
      -0.9323035946935394,
      -1.0,
      -1.0,
      -3.9323035946935394,
      -4.0,
      -4.0
    ],
    [
      -9.0,
      -3.149195682836953,
      -7.537298920709237,
      -4.0,
      -1.490496221665508,
      -1.490496221665508,
      -1.0,
      -0.9323035946935394,
      -0.9323035946935394,
      0.0,
      0.6248000814094095,
      0.6248000814094095,
      -1.0,
      -0.37519991859059054,
      -0.37519991859059054
    ],
    [
      -3.149195682836953,
      -9.0,
      -7.537298920709239,
      -1.490496221665508,
      -4.0,
      -4.0,
      -0.9323035946935394,
      -1.0,
      -1.0,
      0.6248000814094095,
      0.0,
      0.0,
      -0.37519991859059054,
      -1.0,
      -1.0
    ],
    [
      -7.537298920709237,
      -7.537298920709239,
      -9.0,
      -1.490496221665508,
      -4.0,
      -4.0,
      -0.9323035946935394,
      -1.0,
      -1.0,
      0.6248000814094095,
      0.0,
      0.0,
      -0.37519991859059054,
      -1.0,
      -1.0
    ],
    [
      -16.0,
      -10.149195682836954,
      -14.537298920709237,
      -9.0,
      -6.4904962216655075,
      -6.4904962216655075,
      -4.0,
      -3.9323035946935394,
      -3.9323035946935394,
      -1.0,
      -0.37519991859059054,
      -0.37519991859059054,
      0.0,
      0.012365014686271665,
      0.0
    ],
    [
      -10.149195682836954,
      -16.0,
      -14.537298920709238,
      -6.4904962216655075,
      -9.0,
      -9.0,
      -3.9323035946935394,
      -4.0,
      -4.0,
      -0.37519991859059054,
      -1.0,
      -1.0,
      0.012365014686271665,
      0.0,
      0.012365014686271665
    ],
    [
      -14.537298920709237,
      -14.537298920709238,
      -16.0,
      -6.4904962216655075,
      -9.0,
      -9.0,
      -3.9323035946935394,
      -4.0,
      -4.0,
      -0.37519991859059054,
      -1.0,
      -1.0,
      0.0,
      0.012365014686271665,
      0.0
    ]
  ],
  "lorentzian_embedding": [
    [
      0.0,
      0.0,
      0.0
    ],
    [
      0.0,
      0.0,
      0.0
    ],
    [
      0.0,
      0.0,
      0.0
    ],
    [
      0.0,
      0.0,
      0.0
    ],
    [
      0.0,
      0.0,
      0.0
    ],
    [
      0.0,
      0.0,
      0.0
    ],
    [
      0.0,
      0.0,
      0.0
    ],
    [
      0.0,
      0.0,
      0.0
    ],
    [
      0.0,
      0.0,
      0.0
    ],
    [
      0.0,
      0.0,
      0.0
    ],
    [
      0.0,
      0.0,
      0.0
    ],
    [
      0.0,
      0.0,
      0.0
    ],
    [
      0.0,
      0.0,
      0.0
    ],
    [
      0.0,
      0.0,
      0.0
    ],
    [
      0.0,
      0.0,
      0.0
    ]
  ],
  "edge_length_evolution": [],
  "angle_deficit_evolution": [],
  "regge_action_evolution": [],
  "gromov_delta_evolution": [],
  "mass_hinge": null,
  "mass_value": 0.0,
  "matter": {
    "(0, 1)": 0.0,
    "(0, 2)": 0.0,
    "(1, 2)": 0.0
  },
  "stationary_solution": null,
  "einstein_analysis_per_timestep": [
    null,
    null,
    null,
    null,
    null
  ],
  "bootstrap_analysis": {
    "gromov_delta": {
      "mean": 0.7910779029978035,
      "lower_ci": 0.37479406531405823,
      "upper_ci": 1.2985278984572615,
      "all_values": [
        1.2094217954422528,
        1.5841413378655618,
        0.2601853287686695,
        0.7904429653108499,
        0.11119808760168344
      ],
      "uncertainty": 0.507449995459458
    },
    "entropy": {
      "mean": null,
      "lower_ci": null,
      "upper_ci": null,
      "uncertainty": null
    },
    "distance_matrix": {
      "mean": [
        [
          0.0,
          1.0329622620862537,
          0.7688382854774669
        ],
        [
          1.0329622620862537,
          0.0,
          0.2641239766087871
        ],
        [
          0.7688382854774669,
          0.2641239766087871,
          0.0
        ]
      ],
      "lower_ci": [
        [
          0.0,
          0.41269348691874724,
          0.2348432650489276
        ],
        [
          0.41269348691874724,
          0.0,
          0.0
        ],
        [
          0.2621627245696378,
          0.0,
          0.0
        ]
      ],
      "upper_ci": [
        [
          0.0,
          1.9262230151659856,
          1.275513846385296
        ],
        [
          1.7089080890906887,
          0.0,
          0.7256530772653512
        ],
        [
          1.1920598981196207,
          0.6318856433426555,
          0.0
        ]
      ]
    }
  },
  "topology_compatibility": {
    "current_topology": "triangulated",
    "explanation": "Triangulated topology is specifically designed for angle-sum curvature. Creates multiple triangles per vertex, enabling robust local curvature measurements. Each vertex has multiple incident triangles for well-defined angle sums.",
    "supports_local_curvature": true
  },
  "rt_surface_analysis": {
    "region_A": [
      0
    ],
    "region_B": [
      1,
      2
    ],
    "bulk_point": 1,
    "is_complementary": true,
    "rt_area_AB": 0.11119808760168344,
    "rt_area_BA": 0.11119808760168344,
    "area_consistent": true,
    "edges_consistent": true,
    "area_difference": 0.0,
    "rt_edges_AB": [
      [
        0,
        1
      ],
      [
        0,
        2
      ]
    ],
    "rt_edges_BA": [
      [
        0,
        1
      ],
      [
        0,
        2
      ]
    ],
    "edge_lengths": [
      0.11119808760168344,
      0.0,
      0.11119808760168344
    ],
    "all_edges": [
      [
        0,
        1
      ],
      [
        0,
        2
      ],
      [
        1,
        2
      ]
    ]
  },
  "bulk_excitation_analysis": null,
  "einstein_analysis": null,
  "dynamic_evidence": {
    "angle_sums_per_timestep": [
      [
        0.0
      ],
      [
        0.0
      ],
      [
        0.0
      ],
      [
        0.0
      ],
      [
        0.0
      ]
    ],
    "gromov_delta_per_timestep": [
      1.2094217954422528,
      1.5841413378655618,
      0.2601853287686695,
      0.7904429653108499,
      0.11119808760168344
    ],
    "edge_mi_per_timestep": [
      {
        "0,1": 0.06152890701389546,
        "0,2": 0.29836974831230345,
        "1,2": 0.2983697483123037
      },
      {
        "0,1": 0.15477480572421698,
        "0,2": 0.20512384960198482,
        "1,2": 1.393271743799149
      },
      {
        "0,1": 0.7640652506034753,
        "0,2": 0.7709087010033296,
        "1,2": 1.226097099418203
      },
      {
        "0,1": 0.30477411466315496,
        "0,2": 0.45364380230128165,
        "1,2": 1.1754857698585623
      },
      {
        "0,1": 0.8588945734083273,
        "0,2": 1.0268203754344447,
        "1,2": 0.8947614902155584
      }
    ],
    "shortest_paths_per_timestep": [
      {
        "0": {
          "0": 0,
          "2": 1.209421795442253,
          "1": 2.418843590884505
        },
        "1": {
          "1": 0,
          "2": 1.2094217954422521,
          "0": 2.418843590884505
        },
        "2": {
          "2": 0,
          "1": 1.2094217954422521,
          "0": 1.209421795442253
        }
      },
      {
        "0": {
          "0": 0,
          "2": 1.5841413378655618,
          "1": 1.5841413378655618
        },
        "1": {
          "1": 0,
          "2": 0.0,
          "0": 1.5841413378655618
        },
        "2": {
          "2": 0,
          "1": 0.0,
          "0": 1.5841413378655618
        }
      },
      {
        "0": {
          "0": 0,
          "2": 0.2601853287686695,
          "1": 0.2601853287686695
        },
        "1": {
          "1": 0,
          "2": 0.0,
          "0": 0.2601853287686695
        },
        "2": {
          "2": 0,
          "1": 0.0,
          "0": 0.2601853287686695
        }
      },
      {
        "0": {
          "0": 0,
          "2": 0.7904429653108499,
          "1": 0.7904429653108499
        },
        "1": {
          "1": 0,
          "2": 0.0,
          "0": 0.7904429653108499
        },
        "2": {
          "2": 0,
          "1": 0.0,
          "0": 0.7904429653108499
        }
      },
      {
        "0": {
          "0": 0,
          "2": 0.0,
          "1": 0.11119808760168344
        },
        "1": {
          "1": 0,
          "2": 0.11119808760168344,
          "0": 0.11119808760168344
        },
        "2": {
          "2": 0,
          "0": 0.0,
          "1": 0.11119808760168344
        }
      }
    ],
    "mean_distance_per_timestep": [
      1.0750415959486688,
      0.7040628168291385,
      0.11563792389718645,
      0.35130798458259993,
      0.04942137226741486
    ],
    "triangle_violations_per_timestep": [
      0,
      0,
      0,
      0,
      0
    ],
    "embedding_coords_per_timestep": [
      [
        [
          0.1122493972081114,
          -0.028068813700466405
        ],
        [
          -0.01459605835904287,
          0.1494718772175072
        ],
        [
          -0.09765333884906853,
          -0.1214030635170408
        ]
      ],
      [
        [
          0.01143690481925746,
          0.0168291103482384
        ],
        [
          0.02121750363438378,
          -0.02671997709580269
        ],
        [
          -0.03265440845364123,
          0.009890866747564286
        ]
      ],
      [
        [
          -0.04273435575570167,
          0.1591455108260912
        ],
        [
          0.021388528928316795,
          -0.07956702214805035
        ],
        [
          0.02134582682738487,
          -0.07957848867804085
        ]
      ],
      [
        [
          -0.08104435112681563,
          0.301814416798019
        ],
        [
          0.04056266715384578,
          -0.15089633544367506
        ],
        [
          0.04048168397296985,
          -0.15091808135434392
        ]
      ],
      [
        [
          -0.03445602175300413,
          0.012703508356759603
        ],
        [
          0.06890468621112329,
          -0.02542695429980789
        ],
        [
          -0.03444866445811917,
          0.012723445943048287
        ]
      ]
    ],
    "regge_evolution_data": null,
    "evolution_summary": {
      "total_timesteps": 5,
      "gromov_delta_range": [
        0.11119808760168344,
        1.5841413378655618
      ],
      "mean_distance_range": [
        0.04942137226741486,
        1.0750415959486688
      ],
      "total_triangle_violations": 0,
      "hyperbolic_evolution": [
        false,
        false,
        true,
        false,
        true
      ],
      "regge_corrected": false
    }
  }
}