{
  "spec": {
    "num_qubits": 4,
    "topology": "triangulated",
    "custom_edges": "0-1:1.0000,0-2:1.0000,0-3:1.0000,1-2:1.0000,1-3:1.0000,2-3:1.0000",
    "alpha": 0.8,
    "weight": 1.4896841664973952,
    "gamma": 0.07827445133308722,
    "sigma": 0.31466094996458305,
    "init_angle": 0.7905837644119507,
    "init_angles": null,
    "shots": 100,
    "device": "simulator",
    "geometry": "spherical",
    "curvature": 4.5,
    "timesteps": 2,
    "dimension": 2,
    "mass_hinge": null,
    "mass_value": 0.0,
    "solve_regge": false,
    "lorentzian": true,
    "excite": true,
    "fast": false,
    "fast_preset": "balanced",
    "ctc_mode": false,
    "ctc_perturbation": null,
    "ctc_perturbation_strength": 1.0,
    "test_ctc_recovery": false,
    "strong_curvature": true,
    "charge_injection": true,
    "charge_strength": 2.5,
    "charge_location": null,
    "spin_injection": true,
    "spin_strength": 2.0,
    "spin_location": null,
    "edge_floor": 0.001,
    "compute_entropies": true,
    "hyperbolic_triangulation": true,
    "trotter_steps": 8,
    "dt": 0.05,
    "analyze_curvature": true,
    "einstein_solver": true,
    "page_curve": true,
    "radiation_ordering": null,
    "page_curve_timesteps": 15,
    "entropy_method": "hybrid",
    "num_shadows": 100,
    "shots_per_shadow": 1000,
    "num_bases": 20,
    "shots_per_basis": 1000,
    "enhanced_entanglement": false,
    "entanglement_strength": 1.0087800948073902,
    "interpolate_geometry": false,
    "smooth_charge_injection": false,
    "min_qubits_for_continuum": 10,
    "benchmark_against_classical_geometry": false,
    "geometry_fit_metric": "wasserstein,kl,euclidean",
    "verify_noise_robustness": false,
    "run_on_multiple_backends": false,
    "detect_and_flag_causal_loops": true,
    "restrict_information_flow_direction": "bidirectional",
    "filter_noncausal_edges": true,
    "use_ryu_takayanagi_test": true,
    "compare_MI_vs_subsystem_entropy": true,
    "embed_boundary_entropy_in_geometry": true,
    "entropy_engineering": true,
    "target_entropy_pattern": "quantum_gravity",
    "custom_target_entropies": null,
    "entropy_optimization_iterations": 200,
    "entropy_tolerance": 0.05,
    "continue_on_engineering_failure": true,
    "skip_entropy_engineering": false,
    "validate_engineered_geometry": true,
    "enhance_bell_violations": true,
    "bell_entanglement_strength": 4.0,
    "teleportation_circuits": true,
    "long_range_coupling": 3.0,
    "holographic_optimization": true,
    "rt_surface_encoding": true,
    "conformal_symmetry": true,
    "bulk_reconstruction": true,
    "scalable_entanglement": true,
    "parallel_execution": true,
    "memory_optimization": true,
    "circuit_compilation": "optimized",
    "real_hardware": false,
    "error_mitigation": true,
    "zero_noise_extrapolation": true,
    "zne_noise_factors": [
      1.0,
      2.0,
      3.0
    ],
    "zne_extrapolation_method": "polynomial",
    "hardware_calibration": true,
    "noise_characterization": true,
    "backend_name": "ibm_brisbane",
    "quantum_mode": true,
    "quantum_entanglement_strength": 5.0,
    "quantum_circuit_depth": 12,
    "geometric_teleportation": false,
    "teleportation_mode": "both",
    "bridge_strength": 1.0,
    "signal_state": "+",
    "emergent_geometry_teleportation": false,
    "teleportation_node_pairs": "auto",
    "teleportation_embedding_dim": 2,
    "teleportation_fidelity_threshold": 0.7,
    "superposition_gravity": true,
    "massive_bulk_mass_hinge": "2",
    "massive_bulk_mass_value": 1.0,
    "massless_bulk_mass_hinge": "None",
    "massless_bulk_mass_value": 0.0,
    "superposition_control_qubit": 0,
    "superposition_phase": 0.0,
    "interference_analysis": true,
    "classical_mixture_comparison": true,
    "coherence_preservation": true,
    "bulk_reconstruction_method": "mi_embedding"
  },
  "uid": "VUGCHA",
  "counts_per_timestep": [
    null,
    null
  ],
  "job_ids_per_timestep": [
    null,
    null
  ],
  "entropy_per_timestep": [
    null,
    null
  ],
  "mutual_information_per_timestep": [
    {
      "I_0,1": 0.35837977028377654,
      "I_0,2": 0.47043718748105423,
      "I_0,3": 0.35837977028377677,
      "I_1,2": 0.35837977028377654,
      "I_1,3": 0.3986922717888943,
      "I_2,3": 0.3583797702837772
    },
    {
      "I_0,1": 0.188569716895445,
      "I_0,2": 0.599514248838735,
      "I_0,3": 0.18856971689544433,
      "I_1,2": 0.18856971689544366,
      "I_1,3": 0.6498024198023002,
      "I_2,3": 0.18856971689544433
    }
  ],
  "boundary_entropies_per_timestep": [
    {
      "entropy_A": 0.7289865756757585,
      "entropy_B": 0.728986575675757,
      "mi_AB": 1.4579731513515035,
      "pure_state_check": true,
      "entropy_difference": 1.5543122344752192e-15,
      "multiple_regions": {
        "size_1_region_0": {
          "region": [
            0
          ],
          "entropy": 0.7648590335218346,
          "rt_area": 3,
          "size": 1
        },
        "size_1_region_1": {
          "region": [
            1
          ],
          "entropy": 0.7289865756757563,
          "rt_area": 3,
          "size": 1
        },
        "size_1_region_2": {
          "region": [
            2
          ],
          "entropy": 0.7648590335218347,
          "rt_area": 3,
          "size": 1
        },
        "size_2_region_0": {
          "region": [
            0,
            1
          ],
          "entropy": 1.1354658389138153,
          "rt_area": 4,
          "size": 2
        },
        "size_2_region_1": {
          "region": [
            0,
            2
          ],
          "entropy": 1.0592808795626152,
          "rt_area": 4,
          "size": 2
        },
        "size_2_region_2": {
          "region": [
            0,
            3
          ],
          "entropy": 1.135465838913815,
          "rt_area": 4,
          "size": 2
        },
        "size_3_region_0": {
          "region": [
            0,
            1,
            2
          ],
          "entropy": 0.7289865756757585,
          "rt_area": 3,
          "size": 3
        },
        "size_3_region_1": {
          "region": [
            0,
            1,
            3
          ],
          "entropy": 0.7648590335218386,
          "rt_area": 3,
          "size": 3
        },
        "size_3_region_2": {
          "region": [
            0,
            2,
            3
          ],
          "entropy": 0.7289865756757585,
          "rt_area": 3,
          "size": 3
        }
      }
    },
    {
      "entropy_A": 0.773012515266614,
      "entropy_B": 0.7730125152666139,
      "mi_AB": 1.5460250305332086,
      "pure_state_check": true,
      "entropy_difference": 1.1102230246251565e-16,
      "multiple_regions": {
        "size_1_region_0": {
          "region": [
            0
          ],
          "entropy": 0.7478684297848313,
          "rt_area": 3,
          "size": 1
        },
        "size_1_region_1": {
          "region": [
            1
          ],
          "entropy": 0.7730125152666132,
          "rt_area": 3,
          "size": 1
        },
        "size_1_region_2": {
          "region": [
            2
          ],
          "entropy": 0.747868429784831,
          "rt_area": 3,
          "size": 1
        },
        "size_2_region_0": {
          "region": [
            0,
            1
          ],
          "entropy": 1.3323112281560001,
          "rt_area": 4,
          "size": 2
        },
        "size_2_region_1": {
          "region": [
            0,
            2
          ],
          "entropy": 0.8962226107309272,
          "rt_area": 4,
          "size": 2
        },
        "size_2_region_2": {
          "region": [
            0,
            3
          ],
          "entropy": 1.3323112281560001,
          "rt_area": 4,
          "size": 2
        },
        "size_3_region_0": {
          "region": [
            0,
            1,
            2
          ],
          "entropy": 0.773012515266614,
          "rt_area": 3,
          "size": 3
        },
        "size_3_region_1": {
          "region": [
            0,
            1,
            3
          ],
          "entropy": 0.7478684297848371,
          "rt_area": 3,
          "size": 3
        },
        "size_3_region_2": {
          "region": [
            0,
            2,
            3
          ],
          "entropy": 0.7730125152666177,
          "rt_area": 3,
          "size": 3
        }
      }
    }
  ],
  "distance_matrix_per_timestep": [
    [
      [
        0.0,
        1.0261620439951262,
        0.7540928305031553,
        1.0261620439951258
      ],
      [
        1.0261620439951262,
        0.0,
        1.0261620439951262,
        2.0523240879902507
      ],
      [
        0.7540928305031553,
        1.0261620439951262,
        0.0,
        1.0261620439951245
      ],
      [
        1.0261620439951258,
        2.0523240879902507,
        1.0261620439951245,
        0.0
      ]
    ],
    [
      [
        0.0,
        1.6682874895678406,
        0.5116355369259018,
        1.6682874895678441
      ],
      [
        1.6682874895678406,
        0.0,
        1.6682874895678477,
        3.3365749791356847
      ],
      [
        0.5116355369259018,
        1.6682874895678477,
        0.0,
        1.6682874895678441
      ],
      [
        1.6682874895678441,
        3.3365749791356847,
        1.6682874895678441,
        0.0
      ]
    ]
  ],
  "edge_mi": {
    "0,1": 0.188569716895445,
    "0,3": 0.18856971689544433,
    "0,2": 0.599514248838735,
    "1,2": 0.18856971689544366,
    "2,3": 0.18856971689544433
  },
  "distance_matrix": [
    [
      0.0,
      1.6682874895678406,
      0.5116355369259018,
      1.6682874895678441
    ],
    [
      1.6682874895678406,
      0.0,
      1.6682874895678477,
      0.4310869318354802
    ],
    [
      0.5116355369259018,
      1.6682874895678477,
      0.0,
      1.6682874895678441
    ],
    [
      1.6682874895678441,
      0.4310869318354802,
      1.6682874895678441,
      0.0
    ]
  ],
  "shortest_paths": {
    "0": {
      "0": 0,
      "2": 0.5116355369259018,
      "1": 1.6682874895678406,
      "3": 1.6682874895678441
    },
    "1": {
      "1": 0,
      "3": 0.4310869318354802,
      "0": 1.6682874895678406,
      "2": 1.6682874895678477
    },
    "2": {
      "2": 0,
      "0": 0.5116355369259018,
      "3": 1.6682874895678441,
      "1": 1.6682874895678477
    },
    "3": {
      "3": 0,
      "1": 0.4310869318354802,
      "0": 1.6682874895678441,
      "2": 1.6682874895678441
    }
  },
  "gromov_delta": 1.452744023650106,
  "mean_distance": 0.9519840533790948,
  "angle_sums": [
    3.141592653589793,
    3.141592653589793,
    3.141592653589793,
    3.141592653589793
  ],
  "mean_angle_sum": 3.141592653589793,
  "min_angle_sum": 3.141592653589793,
  "max_angle_sum": 3.141592653589793,
  "angle_sum_deviations": [
    0.0,
    0.0,
    0.0,
    0.0
  ],
  "triangle_inequality_violations": [],
  "embedding_coords": [
    [
      -0.013412698201624688,
      0.024102500942749662
    ],
    [
      0.03498549280658568,
      0.006880618281786171
    ],
    [
      -0.008575589670314148,
      -0.083506117069135
    ],
    [
      -0.012997204934646846,
      0.05252299784459915
    ]
  ],
  "embedding_coords_3d": [
    [
      -0.03894125015297017,
      0.02053248023033576,
      -0.008725157987483755
    ],
    [
      0.0024997084521117662,
      0.0013175726435666149,
      -0.015611708110295972
    ],
    [
      -0.05939165352275377,
      -0.08819704256019063,
      -0.042930961632392704
    ],
    [
      0.09583319522361217,
      0.06634698968628826,
      0.06726782773017242
    ]
  ],
  "edge_weight_variance": 0.0,
  "event_nodes": [
    [
      0,
      0
    ],
    [
      1,
      0
    ],
    [
      2,
      0
    ],
    [
      3,
      0
    ],
    [
      0,
      1
    ],
    [
      1,
      1
    ],
    [
      2,
      1
    ],
    [
      3,
      1
    ]
  ],
  "event_edges": [
    {
      "type": "spatial",
      "from": [
        0,
        0
      ],
      "to": [
        1,
        0
      ],
      "weight": 1.0261620439951262
    },
    {
      "type": "spatial",
      "from": [
        0,
        0
      ],
      "to": [
        2,
        0
      ],
      "weight": 0.7540928305031553
    },
    {
      "type": "spatial",
      "from": [
        0,
        0
      ],
      "to": [
        3,
        0
      ],
      "weight": 1.0261620439951258
    },
    {
      "type": "spatial",
      "from": [
        1,
        0
      ],
      "to": [
        2,
        0
      ],
      "weight": 1.0261620439951262
    },
    {
      "type": "spatial",
      "from": [
        1,
        0
      ],
      "to": [
        3,
        0
      ],
      "weight": 2.0523240879902507
    },
    {
      "type": "spatial",
      "from": [
        2,
        0
      ],
      "to": [
        3,
        0
      ],
      "weight": 1.0261620439951245
    },
    {
      "type": "temporal",
      "from": [
        0,
        0
      ],
      "to": [
        0,
        1
      ],
      "weight": 1.0
    },
    {
      "type": "temporal",
      "from": [
        1,
        0
      ],
      "to": [
        1,
        1
      ],
      "weight": 1.0
    },
    {
      "type": "temporal",
      "from": [
        2,
        0
      ],
      "to": [
        2,
        1
      ],
      "weight": 1.0
    },
    {
      "type": "temporal",
      "from": [
        3,
        0
      ],
      "to": [
        3,
        1
      ],
      "weight": 1.0
    },
    {
      "type": "spatial",
      "from": [
        0,
        1
      ],
      "to": [
        1,
        1
      ],
      "weight": 1.6682874895678406
    },
    {
      "type": "spatial",
      "from": [
        0,
        1
      ],
      "to": [
        2,
        1
      ],
      "weight": 0.5116355369259018
    },
    {
      "type": "spatial",
      "from": [
        0,
        1
      ],
      "to": [
        3,
        1
      ],
      "weight": 1.6682874895678441
    },
    {
      "type": "spatial",
      "from": [
        1,
        1
      ],
      "to": [
        2,
        1
      ],
      "weight": 1.6682874895678477
    },
    {
      "type": "spatial",
      "from": [
        1,
        1
      ],
      "to": [
        3,
        1
      ],
      "weight": 3.3365749791356847
    },
    {
      "type": "spatial",
      "from": [
        2,
        1
      ],
      "to": [
        3,
        1
      ],
      "weight": 1.6682874895678441
    }
  ],
  "lorentzian_dissimilarity": [
    [
      0.0,
      1.0530085405362555,
      0.5686559970162606,
      1.0530085405362544,
      -1.0,
      0.05300854053625548,
      -0.4313440029837394,
      0.05300854053625437
    ],
    [
      1.0530085405362555,
      0.0,
      1.0530085405362555,
      4.212034162145014,
      0.05300854053625548,
      -1.0,
      0.05300854053625548,
      3.212034162145014
    ],
    [
      0.5686559970162606,
      1.0530085405362555,
      0.0,
      1.0530085405362517,
      -0.4313440029837394,
      0.05300854053625548,
      -1.0,
      0.0530085405362517
    ],
    [
      1.0530085405362544,
      4.212034162145014,
      1.0530085405362517,
      0.0,
      0.05300854053625437,
      3.212034162145014,
      0.0530085405362517,
      -1.0
    ],
    [
      -1.0,
      0.05300854053625548,
      -0.4313440029837394,
      0.05300854053625437,
      0.0,
      2.783183147848568,
      0.2617709226454558,
      2.78318314784858
    ],
    [
      0.05300854053625548,
      -1.0,
      0.05300854053625548,
      3.212034162145014,
      2.783183147848568,
      0.0,
      2.7831831478485913,
      11.132732591394294
    ],
    [
      -0.4313440029837394,
      0.05300854053625548,
      -1.0,
      0.0530085405362517,
      0.2617709226454558,
      2.7831831478485913,
      0.0,
      2.78318314784858
    ],
    [
      0.05300854053625437,
      3.212034162145014,
      0.0530085405362517,
      -1.0,
      2.78318314784858,
      11.132732591394294,
      2.78318314784858,
      0.0
    ]
  ],
  "lorentzian_embedding": [
    [
      -0.1535338532356902,
      0.5705342375873522,
      -0.47264827154827843
    ],
    [
      -0.20987827789292698,
      -0.4274299926096968,
      -0.22672439561394253
    ],
    [
      -0.15349890928175108,
      0.5706227081024382,
      -0.4728228168322856
    ],
    [
      -0.17585907810326346,
      1.5709836090088662,
      -0.7033019126919473
    ],
    [
      0.8389833708928297,
      0.5407105048237485,
      -0.6687054040336365
    ],
    [
      1.7621015204716168,
      -0.7888804480530592,
      -1.8911871122694857
    ],
    [
      0.8389997661367863,
      0.5407594612479992,
      -0.6688001207651677
    ],
    [
      1.252679255633075,
      1.8302177585250625,
      0.28960112439661895
    ]
  ],
  "edge_length_evolution": [],
  "angle_deficit_evolution": [],
  "regge_action_evolution": [],
  "gromov_delta_evolution": [],
  "mass_hinge": null,
  "mass_value": 0.0,
  "matter": [
    {
      "(0, 1)": 0.0,
      "(1, 2)": 0.0,
      "(0, 3)": 0.0,
      "(2, 3)": 0.0,
      "(0, 2)": 0.0,
      "(1, 3)": 0.0
    },
    {
      "(0, 1)": 0.0,
      "(1, 2)": 0.0,
      "(0, 3)": 0.0,
      "(2, 3)": 0.0,
      "(0, 2)": 0.0,
      "(1, 3)": 0.0
    }
  ],
  "stationary_solution": null,
  "einstein_analysis_per_timestep": [
    {
      "ricci_tensor": [
        [
          0.14391553377531596,
          0.0
        ],
        [
          0.0,
          0.14391553377531596
        ]
      ],
      "metric_tensor": [
        [
          1.0287831067550632,
          0.014391553377531598
        ],
        [
          0.014391553377531598,
          1.0287831067550632
        ]
      ],
      "stress_energy_tensor": [
        [
          0.14391553377531596,
          0.002878310675506319
        ],
        [
          0.002878310675506319,
          0.14391553377531596
        ]
      ],
      "einstein_solution": {
        "einstein_tensor": [
          [
            0.0,
            0.0
          ],
          [
            0.0,
            0.0
          ]
        ],
        "ricci_scalar": 0.2878310675506319,
        "metric_tensor": [
          [
            1.0,
            0.0
          ],
          [
            0.0,
            1.0
          ]
        ],
        "lhs": [
          [
            0.0,
            0.0
          ],
          [
            0.0,
            0.0
          ]
        ],
        "rhs": [
          [
            0.14391553377531596,
            0.002878310675506319
          ],
          [
            0.002878310675506319,
            0.14391553377531596
          ]
        ],
        "equations_satisfied": false,
        "residual": 0.20356800109142323,
        "conservation_violation": 0.14391553377531596,
        "gravitational_constant": 0.039788735772973836,
        "cosmological_constant": 0.0
      },
      "entropy_first_derivative": 0.0,
      "entropy_second_derivative": 0.0,
      "entropy_curvature_correlation": 0.2035272947012152,
      "emergent_gravitational_constant": 0.022904868588050156,
      "average_mutual_information": 0.2878310675506319,
      "ricci_scalar": 0.2878310675506319,
      "analysis_summary": {
        "einstein_equations_satisfied": false,
        "residual_magnitude": 0.20356800109142323,
        "conservation_violation": 0.14391553377531596,
        "entropy_evolution_rate": 0.0,
        "entropy_acceleration": 0.0,
        "entanglement_curvature_coupling": 0.2035272947012152
      }
    },
    {
      "ricci_tensor": [
        [
          0.1252247210139258,
          0.0
        ],
        [
          0.0,
          0.1252247210139258
        ]
      ],
      "metric_tensor": [
        [
          1.0250449442027851,
          0.01252247210139258
        ],
        [
          0.01252247210139258,
          1.0250449442027851
        ]
      ],
      "stress_energy_tensor": [
        [
          0.1252247210139258,
          0.002504494420278516
        ],
        [
          0.002504494420278516,
          0.1252247210139258
        ]
      ],
      "einstein_solution": {
        "einstein_tensor": [
          [
            0.0,
            0.0
          ],
          [
            0.0,
            0.0
          ]
        ],
        "ricci_scalar": 0.2504494420278516,
        "metric_tensor": [
          [
            1.0,
            0.0
          ],
          [
            0.0,
            1.0
          ]
        ],
        "lhs": [
          [
            0.0,
            0.0
          ],
          [
            0.0,
            0.0
          ]
        ],
        "rhs": [
          [
            0.1252247210139258,
            0.002504494420278516
          ],
          [
            0.002504494420278516,
            0.1252247210139258
          ]
        ],
        "equations_satisfied": false,
        "residual": 0.17712991416085963,
        "conservation_violation": 0.1252247210139258,
        "gravitational_constant": 0.039788735772973836,
        "cosmological_constant": 0.0
      },
      "entropy_first_derivative": 0.0,
      "entropy_second_derivative": 0.0,
      "entropy_curvature_correlation": 0.17709449380228112,
      "emergent_gravitational_constant": 0.01993013334666983,
      "average_mutual_information": 0.2504494420278516,
      "ricci_scalar": 0.2504494420278516,
      "analysis_summary": {
        "einstein_equations_satisfied": false,
        "residual_magnitude": 0.17712991416085963,
        "conservation_violation": 0.1252247210139258,
        "entropy_evolution_rate": 0.0,
        "entropy_acceleration": 0.0,
        "entanglement_curvature_coupling": 0.17709449380228112
      }
    }
  ],
  "bootstrap_analysis": {
    "gromov_delta": {
      "mean": 1.3472247667814852,
      "lower_ci": 1.0261620439951264,
      "upper_ci": 1.668287489567844,
      "all_values": [
        1.0261620439951264,
        1.668287489567844
      ],
      "uncertainty": 0.3210627227863587
    },
    "entropy": {
      "mean": null,
      "lower_ci": null,
      "upper_ci": null,
      "uncertainty": null
    },
    "distance_matrix": {
      "mean": [
        [
          0.0,
          1.3472247667814834,
          0.6328641837145286,
          1.347224766781485
        ],
        [
          1.3472247667814834,
          0.0,
          1.347224766781487,
          2.6944495335629677
        ],
        [
          0.6328641837145286,
          1.347224766781487,
          0.0,
          1.3472247667814843
        ],
        [
          1.347224766781485,
          2.6944495335629677,
          1.3472247667814843,
          0.0
        ]
      ],
      "lower_ci": [
        [
          0.0,
          1.0261620439951262,
          0.5116355369259018,
          1.0261620439951258
        ],
        [
          1.0261620439951262,
          0.0,
          1.0261620439951262,
          2.0523240879902507
        ],
        [
          0.5116355369259018,
          1.0261620439951262,
          0.0,
          1.0261620439951245
        ],
        [
          1.0261620439951258,
          2.0523240879902507,
          1.0261620439951245,
          0.0
        ]
      ],
      "upper_ci": [
        [
          0.0,
          1.6682874895678406,
          0.7540928305031553,
          1.6682874895678441
        ],
        [
          1.6682874895678406,
          0.0,
          1.6682874895678477,
          3.3365749791356847
        ],
        [
          0.7540928305031553,
          1.6682874895678477,
          0.0,
          1.6682874895678441
        ],
        [
          1.6682874895678441,
          3.3365749791356847,
          1.6682874895678441,
          0.0
        ]
      ]
    }
  },
  "topology_compatibility": {
    "current_topology": "triangulated",
    "explanation": "Triangulated topology is specifically designed for angle-sum curvature. Creates multiple triangles per vertex, enabling robust local curvature measurements. Each vertex has multiple incident triangles for well-defined angle sums.",
    "supports_local_curvature": true
  },
  "rt_surface_analysis": {
    "region_A": [
      0
    ],
    "region_B": [
      1,
      2,
      3
    ],
    "bulk_point": 2,
    "is_complementary": true,
    "rt_area_AB": 3.8482105160615863,
    "rt_area_BA": 3.8482105160615863,
    "area_consistent": true,
    "edges_consistent": true,
    "area_difference": 0.0,
    "rt_edges_AB": [
      [
        0,
        1
      ],
      [
        0,
        2
      ],
      [
        0,
        3
      ]
    ],
    "rt_edges_BA": [
      [
        0,
        1
      ],
      [
        0,
        2
      ],
      [
        0,
        3
      ]
    ],
    "edge_lengths": [
      1.6682874895678406,
      0.5116355369259018,
      1.6682874895678441,
      1.6682874895678477,
      3.3365749791356847,
      1.6682874895678441
    ],
    "all_edges": [
      [
        0,
        1
      ],
      [
        0,
        2
      ],
      [
        0,
        3
      ],
      [
        1,
        2
      ],
      [
        1,
        3
      ],
      [
        2,
        3
      ]
    ]
  },
  "bulk_excitation_analysis": {
    "ground_state_mi": [
      [
        0.0,
        0.18856971689544433,
        0.599514248838735,
        0.188569716895445
      ],
      [
        0.18856971689544433,
        0.0,
        0.18856971689544388,
        0.6498024198023005
      ],
      [
        0.599514248838735,
        0.18856971689544388,
        0.0,
        0.18856971689544477
      ],
      [
        0.188569716895445,
        0.6498024198023005,
        0.18856971689544477,
        0.0
      ]
    ],
    "excited_state_mi": [
      [
        0.0,
        0.2539026610918891,
        0.4264793480673872,
        0.25390266109188886
      ],
      [
        0.2539026610918891,
        0.0,
        0.3576810500120511,
        0.5624502148370278
      ],
      [
        0.4264793480673872,
        0.3576810500120511,
        0.0,
        0.3576810500120504
      ],
      [
        0.25390266109188886,
        0.5624502148370278,
        0.3576810500120504,
        0.0
      ]
    ],
    "mi_difference": [
      [
        0.0,
        0.06533294419644475,
        -0.17303490077134787,
        0.06533294419644387
      ],
      [
        0.06533294419644475,
        0.0,
        0.1691113331166072,
        -0.08735220496527263
      ],
      [
        -0.17303490077134787,
        0.1691113331166072,
        0.0,
        0.16911133311660564
      ],
      [
        0.06533294419644387,
        -0.08735220496527263,
        0.16911133311660564,
        0.0
      ]
    ],
    "avg_mi_change": 0.09115945754534024,
    "max_mi_change": 0.17303490077134787,
    "mi_change_boundary_A": NaN,
    "mi_change_boundary_B": 0.0836234870893134,
    "bulk_point": 2,
    "ground_state_counts": {
      "1011 1011": 8,
      "0010 0010": 1,
      "1101 1101": 1,
      "0100 0100": 6,
      "1110 1110": 7,
      "0101 0101": 5,
      "0001 0001": 8,
      "0000 0000": 53,
      "0111 0111": 5,
      "1000 1000": 2,
      "1001 1001": 1,
      "1010 1010": 3
    },
    "excited_state_counts": {
      "1111 0001": 3,
      "1110 0000": 20,
      "1010 0000": 21,
      "1000 0010": 5,
      "0010 0000": 4,
      "0100 1010": 3,
      "1100 0000": 3,
      "1000 0000": 4,
      "1101 1011": 1,
      "0100 0010": 1,
      "0110 0000": 2,
      "1010 0100": 2,
      "1110 0100": 1,
      "0010 1010": 2,
      "0111 0101": 1,
      "1001 0111": 1,
      "1111 0101": 4,
      "1001 0011": 2,
      "1011 0001": 1,
      "0101 1011": 3,
      "0011 1101": 1,
      "0100 1110": 3,
      "1101 0101": 1,
      "0111 1101": 1,
      "0001 1011": 1,
      "1011 0101": 4,
      "0000 1110": 1,
      "1001 1011": 1,
      "1010 1110": 1,
      "0000 0000": 1,
      "0111 1001": 1
    },
    "boundary_entropies": {
      "ground_state": {
        "entropy_A": 0.773012515266614,
        "entropy_B": 0.7730125152666139,
        "mi_AB": 1.5460250305332086
      },
      "excited_state": {
        "entropy_A": 0.8677430576297347,
        "entropy_B": 0.8677430576297323,
        "mi_AB": 1.7354861152594514
      },
      "rt_relation_test": {
        "entropy_ratio": 0.9999999999999999,
        "rt_area_ratio": 1.0,
        "rt_deviation": 1.1102230246251565e-16,
        "excited_entropy_ratio": 0.9999999999999972,
        "rt_relation_change": 2.6645352591003757e-15
      }
    }
  },
  "page_curve_analysis": null,
  "deutsch_ctc_analysis": null,
  "ctc_recovery_analysis": null,
  "einstein_analysis": null,
  "dynamic_evidence": {
    "angle_sums_per_timestep": [
      [
        6.851213369683209,
        3.141592653589793,
        6.851213369683192,
        0.0
      ],
      [
        3.141592653589793,
        0.0,
        3.141592653589793,
        3.141592686070212
      ]
    ],
    "gromov_delta_per_timestep": [
      1.0261620439951264,
      1.668287489567844
    ],
    "edge_mi_per_timestep": [
      {
        "0,1": 0.35837977028377654,
        "0,3": 0.35837977028377677,
        "0,2": 0.47043718748105423,
        "1,2": 0.35837977028377654,
        "2,3": 0.3583797702837772
      },
      {
        "0,1": 0.188569716895445,
        "0,3": 0.18856971689544433,
        "0,2": 0.599514248838735,
        "1,2": 0.18856971689544366,
        "2,3": 0.18856971689544433
      }
    ],
    "shortest_paths_per_timestep": [
      {
        "0": {
          "0": 0,
          "2": 0.7540928305031553,
          "3": 1.0261620439951258,
          "1": 1.0261620439951262
        },
        "1": {
          "1": 0,
          "0": 1.0261620439951262,
          "2": 1.0261620439951262,
          "3": 2.0523240879902507
        },
        "2": {
          "2": 0,
          "0": 0.7540928305031553,
          "3": 1.0261620439951245,
          "1": 1.0261620439951262
        },
        "3": {
          "3": 0,
          "2": 1.0261620439951245,
          "0": 1.0261620439951258,
          "1": 2.0523240879902507
        }
      },
      {
        "0": {
          "0": 0,
          "2": 0.5116355369259018,
          "1": 1.6682874895678406,
          "3": 1.6682874895678441
        },
        "1": {
          "1": 0,
          "0": 1.6682874895678406,
          "2": 1.6682874895678477,
          "3": 3.3365749791356847
        },
        "2": {
          "2": 0,
          "0": 0.5116355369259018,
          "3": 1.6682874895678441,
          "1": 1.6682874895678477
        },
        "3": {
          "3": 0,
          "0": 1.6682874895678441,
          "2": 1.6682874895678441,
          "1": 3.3365749791356847
        }
      }
    ],
    "mean_distance_per_timestep": [
      0.8638831368092386,
      1.3151700592916202
    ],
    "triangle_violations_per_timestep": [
      0,
      0
    ],
    "embedding_coords_per_timestep": [
      [
        [
          0.07376419790325534,
          0.3006022408683315
        ],
        [
          -0.07677316085458294,
          -0.012148520363694605
        ],
        [
          -0.10414262829265268,
          -0.2930083619259482
        ],
        [
          0.10715159124398027,
          0.004554641421311283
        ]
      ],
      [
        [
          -0.013965936758418042,
          0.02080072246571698
        ],
        [
          0.02857883150160361,
          -0.005006861252725019
        ],
        [
          -0.006455553046267256,
          -0.06920901009851672
        ],
        [
          -0.008157341696918305,
          0.05341514888552475
        ]
      ]
    ],
    "regge_evolution_data": null,
    "evolution_summary": {
      "total_timesteps": 2,
      "gromov_delta_range": [
        1.0261620439951264,
        1.668287489567844
      ],
      "mean_distance_range": [
        0.8638831368092386,
        1.3151700592916202
      ],
      "total_triangle_violations": 0,
      "hyperbolic_evolution": [
        false,
        false
      ],
      "regge_corrected": false
    }
  },
  "quantum_state_outputs": [
    {
      "timestep": 1,
      "statevector": [
        {
          "real": -0.6504723511046544,
          "imag": 0.16277175392064633
        },
        {
          "real": -0.012896404221446093,
          "imag": -0.12493293383991218
        },
        {
          "real": -0.2956405387284077,
          "imag": -0.026815208082914377
        },
        {
          "real": -0.1847669490536689,
          "imag": -0.03168834936810547
        },
        {
          "real": -0.01289640422144606,
          "imag": -0.1249329338399124
        },
        {
          "real": -0.0006372732131121831,
          "imag": -0.19590352896105845
        },
        {
          "real": -0.18476694905366883,
          "imag": -0.03168834936810542
        },
        {
          "real": -0.008695738276312608,
          "imag": 0.1819377164975078
        },
        {
          "real": -0.2956405387284078,
          "imag": -0.026815208082914203
        },
        {
          "real": -0.18476694905366872,
          "imag": -0.03168834936810543
        },
        {
          "real": -0.05351116882968382,
          "imag": -0.07297533847716371
        },
        {
          "real": -0.12161576922623435,
          "imag": 0.16217154430491196
        },
        {
          "real": -0.1847669490536689,
          "imag": -0.03168834936810544
        },
        {
          "real": -0.008695738276312613,
          "imag": 0.18193771649750776
        },
        {
          "real": -0.12161576922623447,
          "imag": 0.16217154430491199
        },
        {
          "real": 0.04861712641700582,
          "imag": -0.06753010476641215
        }
      ],
      "mutual_information_matrix": [
        [
          0.0,
          0.35837977028377654,
          0.47043718748105423,
          0.35837977028377677
        ],
        [
          0.35837977028377654,
          0.0,
          0.35837977028377654,
          0.3986922717888943
        ],
        [
          0.47043718748105423,
          0.35837977028377654,
          0.0,
          0.3583797702837772
        ],
        [
          0.35837977028377677,
          0.3986922717888943,
          0.3583797702837772,
          0.0
        ]
      ],
      "circuit_depth": 42,
      "num_gates": 77
    },
    {
      "timestep": 2,
      "statevector": [
        {
          "real": 0.7462813938553813,
          "imag": -0.10660674041510493
        },
        {
          "real": 0.13018064899544712,
          "imag": -0.13420119103483252
        },
        {
          "real": -0.09532877162648733,
          "imag": 0.09860299754182773
        },
        {
          "real": -0.054292265082311476,
          "imag": -0.012812128443349351
        },
        {
          "real": 0.1301806489954473,
          "imag": -0.1342011910348325
        },
        {
          "real": 0.2574170185608832,
          "imag": 0.043368061763969096
        },
        {
          "real": -0.05429226508231162,
          "imag": -0.012812128443349325
        },
        {
          "real": 0.04329226519400794,
          "imag": 0.1820231590213758
        },
        {
          "real": -0.09532877162648751,
          "imag": 0.09860299754182783
        },
        {
          "real": -0.05429226508231135,
          "imag": -0.012812128443349138
        },
        {
          "real": 0.02668165911501588,
          "imag": 0.2006754074486149
        },
        {
          "real": -0.2279543099747996,
          "imag": 0.10811287449011264
        },
        {
          "real": -0.05429226508231159,
          "imag": -0.01281212844334932
        },
        {
          "real": 0.04329226519400799,
          "imag": 0.1820231590213759
        },
        {
          "real": -0.22795430997479973,
          "imag": 0.10811287449011263
        },
        {
          "real": 0.043902761417921404,
          "imag": -0.05785318840408727
        }
      ],
      "mutual_information_matrix": [
        [
          0.0,
          0.188569716895445,
          0.599514248838735,
          0.18856971689544433
        ],
        [
          0.188569716895445,
          0.0,
          0.18856971689544366,
          0.6498024198023002
        ],
        [
          0.599514248838735,
          0.18856971689544366,
          0.0,
          0.18856971689544433
        ],
        [
          0.18856971689544433,
          0.6498024198023002,
          0.18856971689544433,
          0.0
        ]
      ],
      "circuit_depth": 82,
      "num_gates": 149
    }
  ],
  "emergent_geometry_teleportation": null,
  "superposition_gravity": null,
  "teleportation_geometry_correlation": null
}