{
  "circuit_info": {
    "num_qubits": 4,
    "control_qubit": 0,
    "phase": 0.0,
    "massive_bulk_params": {
      "mass_hinge": "2",
      "mass_value": 1.0
    },
    "massless_bulk_params": {
      "mass_hinge": "None",
      "mass_value": 0.0
    }
  },
  "execution_info": {
    "device": "simulator",
    "shots": 100,
    "job_id": null,
    "total_shots": 100,
    "unique_states": 12
  },
  "superposition_state": {
    "counts": {
      "1000": 10,
      "0000": 12,
      "0100": 20,
      "0110": 9,
      "1010": 23,
      "1110": 10,
      "0010": 6,
      "1100": 6,
      "0001": 1,
      "1001": 1,
      "1111": 1,
      "0011": 1
    },
    "mutual_information_matrix": [
      [
        0.0,
        0.0,
        0.005634130903366967,
        1.202496544147212e-05
      ],
      [
        0.0,
        0.0,
        0.010480373595290554,
        0.08511136040404813
      ],
      [
        0.005634130903366967,
        0.010480373595290554,
        0.0,
        0.049039847400452405
      ],
      [
        1.202496544147212e-05,
        0.08511136040404813,
        0.049039847400452405,
        0.0
      ]
    ]
  },
  "bulk_reconstruction": {
    "method": "mi_embedding",
    "num_qubits": 4,
    "mi_matrix": [
      [
        0.0,
        0.0,
        0.005634130903366967,
        1.202496544147212e-05
      ],
      [
        0.0,
        0.0,
        0.010480373595290554,
        0.08511136040404813
      ],
      [
        0.005634130903366967,
        0.010480373595290554,
        0.0,
        0.049039847400452405
      ],
      [
        1.202496544147212e-05,
        0.08511136040404813,
        0.049039847400452405,
        0.0
      ]
    ],
    "mds_embedding": {
      "coordinates_3d": [
        [
          -0.5237494148067358,
          0.30407462019390397,
          0.15366753124724175
        ],
        [
          0.15306797731521196,
          0.11498471336239917,
          -0.5572314638909516
        ],
        [
          -0.08362516380764894,
          -0.5872256090172546,
          0.09731411667745003
        ],
        [
          0.45430660129957934,
          0.1681662754615067,
          0.30624981596475936
        ]
      ],
      "stress": 2.00000460667495,
      "embedding_quality": "poor"
    }
  },
  "classical_comparison": {
    "massive": {
      "counts": {
        "1001": 3,
        "1010": 5,
        "0001": 10,
        "1000": 5,
        "1100": 15,
        "0101": 4,
        "1011": 9,
        "1101": 6,
        "1110": 10,
        "0000": 4,
        "0010": 5,
        "0011": 2,
        "0100": 6,
        "0111": 5,
        "0110": 6,
        "1111": 5
      },
      "mutual_information_matrix": [
        [
          0.0,
          0.00012033409096248466,
          0.030926960613793242,
          0.007626849871915017
        ],
        [
          0.00012033409096248466,
          0.0,
          0.0007372337922949088,
          0.0036057714333538084
        ],
        [
          0.030926960613793242,
          0.0007372337922949088,
          0.0,
          0.010434016624365716
        ],
        [
          0.007626849871915017,
          0.0036057714333538084,
          0.010434016624365716,
          0.0
        ]
      ],
      "bulk_reconstruction": {
        "method": "mi_embedding",
        "num_qubits": 4,
        "mi_matrix": [
          [
            0.0,
            0.00012033409096248466,
            0.030926960613793242,
            0.007626849871915017
          ],
          [
            0.00012033409096248466,
            0.0,
            0.0007372337922949088,
            0.0036057714333538084
          ],
          [
            0.030926960613793242,
            0.0007372337922949088,
            0.0,
            0.010434016624365716
          ],
          [
            0.007626849871915017,
            0.0036057714333538084,
            0.010434016624365716,
            0.0
          ]
        ],
        "mds_embedding": {
          "coordinates_3d": [
            [
              -0.2657965974382033,
              -0.19853506233410367,
              0.5024546583287584
            ],
            [
              0.027429375834516694,
              -0.45108892509715987,
              -0.4184961021194193
            ],
            [
              -0.32741950657637237,
              0.4599095460619706,
              -0.20524041532602555
            ],
            [
              0.5657867281801714,
              0.18971444136991866,
              0.12128185911624637
            ]
          ],
          "stress": 2.0000060209226946,
          "embedding_quality": "poor"
        }
      }
    },
    "massless": {
      "counts": {
        "0001": 7,
        "1010": 12,
        "0011": 9,
        "1011": 9,
        "0100": 4,
        "1110": 5,
        "0101": 4,
        "1000": 3,
        "0111": 7,
        "1100": 13,
        "1001": 6,
        "1101": 2,
        "0110": 7,
        "0000": 3,
        "0010": 3,
        "1111": 6
      },
      "mutual_information_matrix": [
        [
          0.0,
          0.004743664510390759,
          0.029097577365225252,
          0.029488949325427713
        ],
        [
          0.004743664510390759,
          0.0,
          0.009582825533495598,
          0.0002770536303618801
        ],
        [
          0.029097577365225252,
          0.009582825533495598,
          0.0,
          0.0009082850421828666
        ],
        [
          0.029488949325427713,
          0.0002770536303618801,
          0.0009082850421828666,
          0.0
        ]
      ],
      "bulk_reconstruction": {
        "method": "mi_embedding",
        "num_qubits": 4,
        "mi_matrix": [
          [
            0.0,
            0.004743664510390759,
            0.029097577365225252,
            0.029488949325427713
          ],
          [
            0.004743664510390759,
            0.0,
            0.009582825533495598,
            0.0002770536303618801
          ],
          [
            0.029097577365225252,
            0.009582825533495598,
            0.0,
            0.0009082850421828666
          ],
          [
            0.029488949325427713,
            0.0002770536303618801,
            0.0009082850421828666,
            0.0
          ]
        ],
        "mds_embedding": {
          "coordinates_3d": [
            [
              -0.49427703635959847,
              0.28066926553683835,
              0.17268579854176075
            ],
            [
              0.11161667919750604,
              0.10096653320399954,
              -0.595177350065022
            ],
            [
              -0.07651864275868678,
              -0.5927990887415399,
              0.08542378443877684
            ],
            [
              0.4591789999212866,
              0.21116329000135298,
              0.33706776708310987
            ]
          ],
          "stress": 2.000004901203514,
          "embedding_quality": "poor"
        }
      }
    }
  },
  "interference_analysis": {
    "interference_detected": false,
    "interference_strength": 0.0,
    "max_interference_strength": 0.0,
    "interference_term_matrix": null,
    "supporting_qubit_pairs": [],
    "quantum_effects": [],
    "classical_vs_quantum_differences": {},
    "massive_mi_matrix": null,
    "massless_mi_matrix": null,
    "classical_mixture_matrix": null
  }
}