{
  "steps": [
    0,
    1,
    2,
    3,
    4,
    5,
    6,
    7,
    8,
    9,
    10,
    11,
    12,
    13,
    14,
    15,
    16,
    17,
    18,
    19
  ],
  "entropies": [
    0.999975234353679,
    0.999975234353679,
    1.215958934754977,
    1.7986793798886653,
    2.43583102260631,
    3.176195383602087,
    3.8175333595202234,
    4.1883673707023,
    4.326938178959283,
    4.825630872579742,
    4.642677440494666,
    3.989547271399533,
    4.753488313076323,
    4.837618030509835,
    4.337079049148722,
    4.174393329172046,
    3.750139581278475,
    3.2255105552445325,
    2.494481016476027,
    1.8701637889522424
  ],
  "curvatures": [
    1.554312234475219e-16,
    -4.4408920985006264e-17,
    8.881784197001253e-17,
    0.0,
    1.3322676295501878e-16,
    2.2204460492503132e-17,
    8.881784197001253e-17,
    8.881784197001253e-17,
    1.1102230246251565e-16,
    2.2204460492503132e-17,
    6.661338147750939e-17,
    1.1102230246251565e-16,
    1.3322676295501878e-16,
    1.7763568394002506e-16,
    2.2204460492503132e-17,
    1.554312234475219e-16,
    4.4408920985006264e-17,
    1.1102230246251565e-16,
    2.220446049250313e-16,
    2.2204460492503132e-17
  ],
  "distances": [
    0.36788855205638904,
    0.7471554208234212,
    0.7594620812147479,
    0.7937670707116369,
    0.8352942563418159,
    0.8843016011919268,
    0.9285442172527053,
    0.9679541427744696,
    0.9875706695513898,
    0.9971042555567069,
    0.9993104337876618,
    0.9994305419360062,
    0.9990016264318818,
    0.9969214137638523,
    0.9895823498811009,
    0.97020352859427,
    0.9234155678966599,
    0.883934723462189,
    0.8404500018486881,
    0.7973893964126854
  ],
  "mi_matrices": [
    [
      [
        0.0,
        0.999975234353679,
        0.999975234353679,
        0.999975234353679,
        0.999975234353679,
        0.999975234353679
      ],
      [
        0.999975234353679,
        0.0,
        0.999975234353679,
        0.999975234353679,
        0.999975234353679,
        0.999975234353679
      ],
      [
        0.999975234353679,
        0.999975234353679,
        0.0,
        0.999975234353679,
        0.999975234353679,
        0.999975234353679
      ],
      [
        0.999975234353679,
        0.999975234353679,
        0.999975234353679,
        0.0,
        0.999975234353679,
        0.999975234353679
      ],
      [
        0.999975234353679,
        0.999975234353679,
        0.999975234353679,
        0.999975234353679,
        0.0,
        0.999975234353679
      ],
      [
        0.999975234353679,
        0.999975234353679,
        0.999975234353679,
        0.999975234353679,
        0.999975234353679,
        0.0
      ]
    ],
    [
      [
        0.0,
        0.999975234353679,
        -1.4428458428028534e-12,
        0.999975234353679,
        0.999975234353679,
        -1.4428458428028534e-12
      ],
      [
        0.999975234353679,
        0.0,
        -1.4428458428028534e-12,
        0.999975234353679,
        0.999975234353679,
        -1.4428458428028534e-12
      ],
      [
        -1.4428458428028534e-12,
        -1.4428458428028534e-12,
        0.0,
        -1.4428458428028534e-12,
        -1.4428458428028534e-12,
        -1.4428232973175175e-12
      ],
      [
        0.999975234353679,
        0.999975234353679,
        -1.4428458428028534e-12,
        0.0,
        0.999975234353679,
        -1.4428458428028534e-12
      ],
      [
        0.999975234353679,
        0.999975234353679,
        -1.4428458428028534e-12,
        0.999975234353679,
        0.0,
        -1.4428458428028534e-12
      ],
      [
        -1.4428458428028534e-12,
        -1.4428458428028534e-12,
        -1.4428232973175175e-12,
        -1.4428458428028534e-12,
        -1.4428458428028534e-12,
        0.0
      ]
    ],
    [
      [
        0.0,
        0.9398587734544279,
        0.0011345530133022308,
        0.9388819056602355,
        0.9016889250694333,
        -1.4428458428028534e-12
      ],
      [
        0.9398587734544279,
        0.0,
        0.0011572745771553095,
        0.932444934280388,
        0.8985812416669645,
        -1.4428458428028534e-12
      ],
      [
        0.0011345530133022308,
        0.0011572745771553095,
        0.0,
        0.0011421013547761039,
        0.001082424652862235,
        -1.4428250261211417e-12
      ],
      [
        0.9388819056602355,
        0.932444934280388,
        0.0011421013547761039,
        0.0,
        0.8963006729780978,
        -1.4428458428028534e-12
      ],
      [
        0.9016889250694333,
        0.8985812416669645,
        0.001082424652862235,
        0.8963006729780978,
        0.0,
        -1.4428458428028534e-12
      ],
      [
        -1.4428458428028534e-12,
        -1.4428458428028534e-12,
        -1.4428250261211417e-12,
        -1.4428458428028534e-12,
        -1.4428458428028534e-12,
        0.0
      ]
    ],
    [
      [
        0.0,
        0.7493788347909633,
        0.0012779214378524362,
        0.726661398524624,
        0.7483027032614353,
        -1.4428458428028534e-12
      ],
      [
        0.7493788347909633,
        0.0,
        0.0019890438276359834,
        0.7050435697223896,
        0.7201881490642337,
        -1.4428458428028534e-12
      ],
      [
        0.0012779214378524362,
        0.0019890438276359834,
        0.0,
        0.0011732415919387673,
        0.0006296247338977157,
        -1.4428180872272378e-12
      ],
      [
        0.726661398524624,
        0.7050435697223896,
        0.0011732415919387673,
        0.0,
        0.6902017989607128,
        -1.4428458428028534e-12
      ],
      [
        0.7483027032614353,
        0.7201881490642337,
        0.0006296247338977157,
        0.6902017989607128,
        0.0,
        -1.4428458428028534e-12
      ],
      [
        -1.4428458428028534e-12,
        -1.4428458428028534e-12,
        -1.4428180872272378e-12,
        -1.4428458428028534e-12,
        -1.4428458428028534e-12,
        0.0
      ]
    ],
    [
      [
        0.0,
        0.5369509546436844,
        0.007730008232498475,
        0.5060414224275795,
        0.5646815634967259,
        -1.4428458428028534e-12
      ],
      [
        0.5369509546436844,
        0.0,
        0.00429862681745119,
        0.4958189179604804,
        0.5292411364352207,
        -1.4428458428028534e-12
      ],
      [
        0.007730008232498475,
        0.00429862681745119,
        0.0,
        0.004396577378813049,
        0.004646368201417728,
        -1.4428458428028534e-12
      ],
      [
        0.5060414224275795,
        0.4958189179604804,
        0.004396577378813049,
        0.0,
        0.5169176621743765,
        -1.4428458428028534e-12
      ],
      [
        0.5646815634967259,
        0.5292411364352207,
        0.004646368201417728,
        0.5169176621743765,
        0.0,
        -1.4428458428028534e-12
      ],
      [
        -1.4428458428028534e-12,
        -1.4428458428028534e-12,
        -1.4428458428028534e-12,
        -1.4428458428028534e-12,
        -1.4428458428028534e-12,
        0.0
      ]
    ],
    [
      [
        0.0,
        0.3145768269673206,
        0.002256718606596486,
        0.33554432694160763,
        0.3561224136030381,
        -1.4428458428028534e-12
      ],
      [
        0.3145768269673206,
        0.0,
        0.000318731862127386,
        0.3381136138940428,
        0.3210347463985632,
        -1.4428458428028534e-12
      ],
      [
        0.002256718606596486,
        0.000318731862127386,
        0.0,
        0.0026478605988022874,
        0.0006649231303903491,
        -1.4428458428028534e-12
      ],
      [
        0.33554432694160763,
        0.3381136138940428,
        0.0026478605988022874,
        0.0,
        0.3762070818265757,
        -1.4428458428028534e-12
      ],
      [
        0.3561224136030381,
        0.3210347463985632,
        0.0006649231303903491,
        0.3762070818265757,
        0.0,
        -1.4428458428028534e-12
      ],
      [
        -1.4428458428028534e-12,
        -1.4428458428028534e-12,
        -1.4428458428028534e-12,
        -1.4428458428028534e-12,
        -1.4428458428028534e-12,
        0.0
      ]
    ],
    [
      [
        0.0,
        0.15182687526337224,
        0.003414044384901782,
        0.21758903715310418,
        0.19397668888300368,
        -1.4428458428028534e-12
      ],
      [
        0.15182687526337224,
        0.0,
        0.0001801526458455882,
        0.17079044921289244,
        0.1885166982131734,
        -1.4428458428028534e-12
      ],
      [
        0.003414044384901782,
        0.0001801526458455882,
        0.0,
        0.0028662970887292083,
        0.0016957326126245675,
        -1.4428458428028534e-12
      ],
      [
        0.21758903715310418,
        0.17079044921289244,
        0.0028662970887292083,
        0.0,
        0.2512175369473293,
        -1.4428458428028534e-12
      ],
      [
        0.19397668888300368,
        0.1885166982131734,
        0.0016957326126245675,
        0.2512175369473293,
        0.0,
        -1.4428458428028534e-12
      ],
      [
        -1.4428458428028534e-12,
        -1.4428458428028534e-12,
        -1.4428458428028534e-12,
        -1.4428458428028534e-12,
        -1.4428458428028534e-12,
        0.0
      ]
    ],
    [
      [
        0.0,
        0.09519363181596918,
        0.0029127314237380464,
        0.07429487524152623,
        0.06574564296677665,
        -1.4428458428028534e-12
      ],
      [
        0.09519363181596918,
        0.0,
        8.993412005109391e-06,
        0.0766909313219728,
        0.09433896536620456,
        -1.4428458428028534e-12
      ],
      [
        0.0029127314237380464,
        8.993412005109391e-06,
        0.0,
        0.0023686642795235358,
        0.0003030449948029368,
        -1.4428458428028534e-12
      ],
      [
        0.07429487524152623,
        0.0766909313219728,
        0.0023686642795235358,
        0.0,
        0.0890668684965148,
        -1.4428458428028534e-12
      ],
      [
        0.06574564296677665,
        0.09433896536620456,
        0.0003030449948029368,
        0.0890668684965148,
        0.0,
        -1.4428458428028534e-12
      ],
      [
        -1.4428458428028534e-12,
        -1.4428458428028534e-12,
        -1.4428458428028534e-12,
        -1.4428458428028534e-12,
        -1.4428458428028534e-12,
        0.0
      ]
    ],
    [
      [
        0.0,
        0.02484729814248099,
        0.0032634945927279,
        0.036885219460246255,
        0.027116147387699963,
        -1.4428458428028534e-12
      ],
      [
        0.02484729814248099,
        0.0,
        0.0009274184311867106,
        0.03780753753454702,
        0.01678955700632412,
        -1.4428458428028534e-12
      ],
      [
        0.0032634945927279,
        0.0009274184311867106,
        0.0,
        0.0017533478296321015,
        0.0006811460462909924,
        -1.4428458428028534e-12
      ],
      [
        0.036885219460246255,
        0.03780753753454702,
        0.0017533478296321015,
        0.0,
        0.03932802455849904,
        -1.4428458428028534e-12
      ],
      [
        0.027116147387699963,
        0.01678955700632412,
        0.0006811460462909924,
        0.03932802455849904,
        0.0,
        -1.4428458428028534e-12
      ],
      [
        -1.4428458428028534e-12,
        -1.4428458428028534e-12,
        -1.4428458428028534e-12,
        -1.4428458428028534e-12,
        -1.4428458428028534e-12,
        0.0
      ]
    ],
    [
      [
        0.0,
        0.013539445347193757,
        0.00041147564350074717,
        4.390078090432681e-05,
        0.00022290184591566842,
        -1.4428458428028534e-12
      ],
      [
        0.013539445347193757,
        0.0,
        0.0001398818111346678,
        0.011275869850675191,
        0.013172788461516705,
        -1.4428458428028534e-12
      ],
      [
        0.00041147564350074717,
        0.0001398818111346678,
        0.0,
        0.0006874151668414541,
        2.998932379760788e-06,
        -1.4428458428028534e-12
      ],
      [
        4.390078090432681e-05,
        0.011275869850675191,
        0.0006874151668414541,
        0.0,
        0.004189571111324897,
        -1.4428458428028534e-12
      ],
      [
        0.00022290184591566842,
        0.013172788461516705,
        2.998932379760788e-06,
        0.004189571111324897,
        0.0,
        -1.4428458428028534e-12
      ],
      [
        -1.4428458428028534e-12,
        -1.4428458428028534e-12,
        -1.4428458428028534e-12,
        -1.4428458428028534e-12,
        -1.4428458428028534e-12,
        0.0
      ]
    ],
    [
      [
        0.0,
        0.0008114327259027831,
        0.00012714660239887543,
        2.4595930068205263e-06,
        0.006081228128351102,
        -1.4428458428028534e-12
      ],
      [
        0.0008114327259027831,
        0.0,
        0.0005032826704698401,
        2.419983125001579e-08,
        0.0021669045166929912,
        -1.4428458428028534e-12
      ],
      [
        0.00012714660239887543,
        0.0005032826704698401,
        0.0,
        0.0005790300377024327,
        8.258248027348536e-05,
        -1.4428458428028534e-12
      ],
      [
        2.4595930068205263e-06,
        2.419983125001579e-08,
        0.0005790300377024327,
        0.0,
        1.0836430984539902e-05,
        -1.4428458428028534e-12
      ],
      [
        0.006081228128351102,
        0.0021669045166929912,
        8.258248027348536e-05,
        1.0836430984539902e-05,
        0.0,
        -1.4428458428028534e-12
      ],
      [
        -1.4428458428028534e-12,
        -1.4428458428028534e-12,
        -1.4428458428028534e-12,
        -1.4428458428028534e-12,
        -1.4428458428028534e-12,
        0.0
      ]
    ],
    [
      [
        0.0,
        0.00013502457124436873,
        0.0005397014737349437,
        0.00027545882740342975,
        6.904729614554128e-05,
        -1.4428458428028534e-12
      ],
      [
        0.00013502457124436873,
        0.0,
        0.0025752996700887376,
        0.0027551845427755683,
        0.0008137168689426044,
        -1.4428458428028534e-12
      ],
      [
        0.0005397014737349437,
        0.0025752996700887376,
        0.0,
        0.00019331416288803638,
        9.062431905459967e-05,
        -1.4428458428028534e-12
      ],
      [
        0.00027545882740342975,
        0.0027551845427755683,
        0.00019331416288803638,
        0.0,
        0.001102761144491815,
        -1.4428458428028534e-12
      ],
      [
        6.904729614554128e-05,
        0.0008137168689426044,
        9.062431905459967e-05,
        0.001102761144491815,
        0.0,
        -1.4428458428028534e-12
      ],
      [
        -1.4428458428028534e-12,
        -1.4428458428028534e-12,
        -1.4428458428028534e-12,
        -1.4428458428028534e-12,
        -1.4428458428028534e-12,
        0.0
      ]
    ],
    [
      [
        0.0,
        0.0042507881171238715,
        0.0002741003279558285,
        7.584125574888745e-05,
        0.001717799331577119,
        -1.4428458428028534e-12
      ],
      [
        0.0042507881171238715,
        0.0,
        1.739819602875059e-05,
        0.0023686783770706654,
        2.5527407874204044e-05,
        -1.4428458428028534e-12
      ],
      [
        0.0002741003279558285,
        1.739819602875059e-05,
        0.0,
        0.003055944097981822,
        0.0013468902535191951,
        -1.4428458428028534e-12
      ],
      [
        7.584125574888745e-05,
        0.0023686783770706654,
        0.003055944097981822,
        0.0,
        0.001863282696450419,
        -1.4428458428028534e-12
      ],
      [
        0.001717799331577119,
        2.5527407874204044e-05,
        0.0013468902535191951,
        0.001863282696450419,
        0.0,
        -1.4428458428028534e-12
      ],
      [
        -1.4428458428028534e-12,
        -1.4428458428028534e-12,
        -1.4428458428028534e-12,
        -1.4428458428028534e-12,
        -1.4428458428028534e-12,
        0.0
      ]
    ],
    [
      [
        0.0,
        0.008524948665576959,
        0.00016781377311692047,
        0.009570431515102396,
        0.003974426982166879,
        -1.4428458428028534e-12
      ],
      [
        0.008524948665576959,
        0.0,
        8.982747823105264e-05,
        0.0041680162722652625,
        0.011299982073739834,
        -1.4428458428028534e-12
      ],
      [
        0.00016781377311692047,
        8.982747823105264e-05,
        0.0,
        8.12162473753375e-05,
        0.0001606856304541271,
        -1.4428458428028534e-12
      ],
      [
        0.009570431515102396,
        0.0041680162722652625,
        8.12162473753375e-05,
        0.0,
        0.008338197449942575,
        -1.4428458428028534e-12
      ],
      [
        0.003974426982166879,
        0.011299982073739834,
        0.0001606856304541271,
        0.008338197449942575,
        0.0,
        -1.4428458428028534e-12
      ],
      [
        -1.4428458428028534e-12,
        -1.4428458428028534e-12,
        -1.4428458428028534e-12,
        -1.4428458428028534e-12,
        -1.4428458428028534e-12,
        0.0
      ]
    ],
    [
      [
        0.0,
        0.011503003245851184,
        0.0011191010063775764,
        0.027190452433046852,
        0.016747949265437434,
        -1.4428458428028534e-12
      ],
      [
        0.011503003245851184,
        0.0,
        0.0006129320331287325,
        0.026841385320300004,
        0.0280531259079011,
        -1.4428458428028534e-12
      ],
      [
        0.0011191010063775764,
        0.0006129320331287325,
        0.0,
        0.00015858109445643365,
        5.576300138843138e-05,
        -1.4428458428028534e-12
      ],
      [
        0.027190452433046852,
        0.026841385320300004,
        0.00015858109445643365,
        0.0,
        0.04636006837880946,
        -1.4428458428028534e-12
      ],
      [
        0.016747949265437434,
        0.0280531259079011,
        5.576300138843138e-05,
        0.04636006837880946,
        0.0,
        -1.4428458428028534e-12
      ],
      [
        -1.4428458428028534e-12,
        -1.4428458428028534e-12,
        -1.4428458428028534e-12,
        -1.4428458428028534e-12,
        -1.4428458428028534e-12,
        0.0
      ]
    ],
    [
      [
        0.0,
        0.08555002741572171,
        8.847650132892682e-05,
        0.08099132482904792,
        0.06876212267630533,
        -1.4428458428028534e-12
      ],
      [
        0.08555002741572171,
        0.0,
        0.00020037347231238734,
        0.08500435051452904,
        0.08464030665628641,
        -1.4428458428028534e-12
      ],
      [
        8.847650132892682e-05,
        0.00020037347231238734,
        0.0,
        3.894179408026055e-05,
        0.0008186760608386301,
        -1.4428458428028534e-12
      ],
      [
        0.08099132482904792,
        0.08500435051452904,
        3.894179408026055e-05,
        0.0,
        0.05859314708045882,
        -1.4428458428028534e-12
      ],
      [
        0.06876212267630533,
        0.08464030665628641,
        0.0008186760608386301,
        0.05859314708045882,
        0.0,
        -1.4428458428028534e-12
      ],
      [
        -1.4428458428028534e-12,
        -1.4428458428028534e-12,
        -1.4428458428028534e-12,
        -1.4428458428028534e-12,
        -1.4428458428028534e-12,
        0.0
      ]
    ],
    [
      [
        0.0,
        0.20280160133177327,
        3.581314808442926e-05,
        0.20753425697542371,
        0.2208724323456257,
        -1.4428458428028534e-12
      ],
      [
        0.20280160133177327,
        0.0,
        0.002022092077090809,
        0.20649426298182627,
        0.19049990050645915,
        -1.4428458428028534e-12
      ],
      [
        3.581314808442926e-05,
        0.002022092077090809,
        0.0,
        9.920685231534776e-06,
        9.920685231534776e-06,
        -1.4428458428028534e-12
      ],
      [
        0.20753425697542371,
        0.20649426298182627,
        9.920685231534776e-06,
        0.0,
        0.24527684211265632,
        -1.4428458428028534e-12
      ],
      [
        0.2208724323456257,
        0.19049990050645915,
        9.920685231534776e-06,
        0.24527684211265632,
        0.0,
        -1.4428458428028534e-12
      ],
      [
        -1.4428458428028534e-12,
        -1.4428458428028534e-12,
        -1.4428458428028534e-12,
        -1.4428458428028534e-12,
        -1.4428458428028534e-12,
        0.0
      ]
    ],
    [
      [
        0.0,
        0.36291208329663105,
        7.793450922166656e-05,
        0.32697404485148684,
        0.3134934467841921,
        -1.4428458428028534e-12
      ],
      [
        0.36291208329663105,
        0.0,
        0.0006695423090128383,
        0.36915489177115246,
        0.3556070492561758,
        -1.4428458428028534e-12
      ],
      [
        7.793450922166656e-05,
        0.0006695423090128383,
        0.0,
        1.3150852119725442e-05,
        0.000322122494473831,
        -1.4428458428028534e-12
      ],
      [
        0.32697404485148684,
        0.36915489177115246,
        1.3150852119725442e-05,
        0.0,
        0.32795164017164047,
        -1.4428458428028534e-12
      ],
      [
        0.3134934467841921,
        0.3556070492561758,
        0.000322122494473831,
        0.32795164017164047,
        0.0,
        -1.4428458428028534e-12
      ],
      [
        -1.4428458428028534e-12,
        -1.4428458428028534e-12,
        -1.4428458428028534e-12,
        -1.4428458428028534e-12,
        -1.4428458428028534e-12,
        0.0
      ]
    ],
    [
      [
        0.0,
        0.5134409653585217,
        2.634562363823534e-07,
        0.52241935480032,
        0.5131637922424699,
        -1.4428458428028534e-12
      ],
      [
        0.5134409653585217,
        0.0,
        0.00015585537271611827,
        0.505040039873295,
        0.5077614173112661,
        -1.4428458428028534e-12
      ],
      [
        2.634562363823534e-07,
        0.00015585537271611827,
        0.0,
        0.00012500344625210325,
        9.961990760953832e-05,
        -1.4428458428028534e-12
      ],
      [
        0.52241935480032,
        0.505040039873295,
        0.00012500344625210325,
        0.0,
        0.49152561226566016,
        -1.4428458428028534e-12
      ],
      [
        0.5131637922424699,
        0.5077614173112661,
        9.961990760953832e-05,
        0.49152561226566016,
        0.0,
        -1.4428458428028534e-12
      ],
      [
        -1.4428458428028534e-12,
        -1.4428458428028534e-12,
        -1.4428458428028534e-12,
        -1.4428458428028534e-12,
        -1.4428458428028534e-12,
        0.0
      ]
    ],
    [
      [
        0.0,
        0.7009996983182067,
        0.0001945211097289512,
        0.7525444954047791,
        0.7219960986093925,
        -1.4428458428028534e-12
      ],
      [
        0.7009996983182067,
        0.0,
        1.2258253360597493e-05,
        0.6848087320503544,
        0.6576027625315455,
        -1.4428458428028534e-12
      ],
      [
        0.0001945211097289512,
        1.2258253360597493e-05,
        0.0,
        0.0001355771800202188,
        0.0004775844583555511,
        -1.4428180872272378e-12
      ],
      [
        0.7525444954047791,
        0.6848087320503544,
        0.0001355771800202188,
        0.0,
        0.7208362660247629,
        -1.4428458428028534e-12
      ],
      [
        0.7219960986093925,
        0.6576027625315455,
        0.0004775844583555511,
        0.7208362660247629,
        0.0,
        -1.4428458428028534e-12
      ],
      [
        -1.4428458428028534e-12,
        -1.4428458428028534e-12,
        -1.4428180872272378e-12,
        -1.4428458428028534e-12,
        -1.4428458428028534e-12,
        0.0
      ]
    ]
  ]
}