{
  "spec": {
    "num_qubits": 4,
    "topology": "triangulated",
    "custom_edges": "0-1:1.0000,0-2:0.9770,0-3:1.0000,1-2:1.0000,1-3:0.9320,2-3:0.9320",
    "alpha": 0.8,
    "weight": 1.0418167010037886,
    "gamma": -1.6220381554200305e-08,
    "sigma": -2.6106062946776618e-08,
    "init_angle": -5.5916528839620726e-08,
    "init_angles": null,
    "shots": 100,
    "device": "ibm_brisbane",
    "geometry": "spherical",
    "curvature": 4.5,
    "timesteps": 2,
    "dimension": 2,
    "mass_hinge": null,
    "mass_value": 0.0,
    "solve_regge": false,
    "lorentzian": true,
    "excite": true,
    "fast": false,
    "fast_preset": "balanced",
    "ctc_mode": false,
    "ctc_perturbation": null,
    "ctc_perturbation_strength": 1.0,
    "test_ctc_recovery": false,
    "strong_curvature": true,
    "charge_injection": true,
    "charge_strength": 2.5,
    "charge_location": null,
    "spin_injection": true,
    "spin_strength": 2.0,
    "spin_location": null,
    "edge_floor": 0.001,
    "compute_entropies": true,
    "hyperbolic_triangulation": true,
    "trotter_steps": 8,
    "dt": 0.05,
    "analyze_curvature": true,
    "einstein_solver": true,
    "page_curve": true,
    "radiation_ordering": null,
    "page_curve_timesteps": 15,
    "entropy_method": "hybrid",
    "num_shadows": 100,
    "shots_per_shadow": 1000,
    "num_bases": 20,
    "shots_per_basis": 1000,
    "enhanced_entanglement": false,
    "entanglement_strength": 0.430565419939203,
    "interpolate_geometry": false,
    "smooth_charge_injection": false,
    "min_qubits_for_continuum": 10,
    "benchmark_against_classical_geometry": false,
    "geometry_fit_metric": "wasserstein,kl,euclidean",
    "verify_noise_robustness": false,
    "run_on_multiple_backends": false,
    "detect_and_flag_causal_loops": true,
    "restrict_information_flow_direction": "bidirectional",
    "filter_noncausal_edges": true,
    "use_ryu_takayanagi_test": true,
    "compare_MI_vs_subsystem_entropy": true,
    "embed_boundary_entropy_in_geometry": true,
    "entropy_engineering": true,
    "target_entropy_pattern": "quantum_gravity",
    "custom_target_entropies": null,
    "entropy_optimization_iterations": 200,
    "entropy_tolerance": 0.05,
    "continue_on_engineering_failure": true,
    "skip_entropy_engineering": false,
    "validate_engineered_geometry": true,
    "enhance_bell_violations": true,
    "bell_entanglement_strength": 4.0,
    "teleportation_circuits": true,
    "long_range_coupling": 3.0,
    "holographic_optimization": true,
    "rt_surface_encoding": true,
    "conformal_symmetry": true,
    "bulk_reconstruction": true,
    "scalable_entanglement": true,
    "parallel_execution": true,
    "memory_optimization": true,
    "circuit_compilation": "optimized",
    "real_hardware": false,
    "error_mitigation": true,
    "zero_noise_extrapolation": true,
    "zne_noise_factors": [
      1.0,
      2.0,
      3.0
    ],
    "zne_extrapolation_method": "polynomial",
    "hardware_calibration": true,
    "noise_characterization": true,
    "backend_name": "ibm_brisbane",
    "quantum_mode": true,
    "quantum_entanglement_strength": 5.0,
    "quantum_circuit_depth": 12,
    "geometric_teleportation": false,
    "teleportation_mode": "both",
    "bridge_strength": 1.0,
    "signal_state": "+",
    "emergent_geometry_teleportation": false,
    "teleportation_node_pairs": "auto",
    "teleportation_embedding_dim": 2,
    "teleportation_fidelity_threshold": 0.7,
    "superposition_gravity": true,
    "massive_bulk_mass_hinge": "0,1,2",
    "massive_bulk_mass_value": 2.0,
    "massless_bulk_mass_hinge": null,
    "massless_bulk_mass_value": 0.0,
    "superposition_control_qubit": 0,
    "superposition_phase": 0.0,
    "interference_analysis": true,
    "classical_mixture_comparison": true,
    "coherence_preservation": true,
    "bulk_reconstruction_method": "mi_embedding"
  },
  "uid": "65GJOV",
  "counts_per_timestep": [
    {
      "0100": 7,
      "0110": 5,
      "1000": 10,
      "1101": 9,
      "1001": 6,
      "0011": 6,
      "0000": 8,
      "0111": 7,
      "0101": 6,
      "1010": 7,
      "1110": 4,
      "0010": 9,
      "0001": 7,
      "1100": 3,
      "1011": 3,
      "1111": 3
    },
    {
      "0000": 3,
      "0010": 13,
      "1110": 9,
      "1000": 8,
      "0111": 4,
      "1101": 8,
      "1011": 6,
      "0011": 6,
      "0001": 9,
      "1001": 6,
      "0101": 9,
      "0110": 6,
      "1100": 3,
      "1010": 5,
      "1111": 3,
      "0100": 2
    }
  ],
  "job_ids_per_timestep": [
    "d27utmjoctts738jnhqg",
    "d27uto9ogaas73ct8ve0"
  ],
  "entropy_per_timestep": [
    3.910981221911162,
    3.8477852460446083
  ],
  "mutual_information_per_timestep": [
    {
      "I_0,1": 0.0023026012228088734,
      "I_0,2": 0.015259993633018984,
      "I_0,3": 1.8248514324885855e-05,
      "I_1,2": 0.00010676638277370499,
      "I_1,3": 0.006455175986709725,
      "I_2,3": 0.0005251046207756759
    },
    {
      "I_0,1": 0.0023026012228088734,
      "I_0,2": 0.015259993633018984,
      "I_0,3": 1.8248514324885855e-05,
      "I_1,2": 0.00010676638277370499,
      "I_1,3": 0.006455175986709725,
      "I_2,3": 0.0005251046207756759
    }
  ],
  "boundary_entropies_per_timestep": [
    {
      "entropy_A": -0.0,
      "entropy_B": -0.0,
      "mi_AB": 0.0,
      "pure_state_check": true,
      "entropy_difference": 0.0,
      "multiple_regions": {
        "size_1_region_0": {
          "region": [
            0
          ],
          "entropy": 0.6881388137135884,
          "rt_area": 3,
          "size": 1
        },
        "size_1_region_1": {
          "region": [
            1
          ],
          "entropy": 0.6859298002523728,
          "rt_area": 3,
          "size": 1
        },
        "size_2_region_0": {
          "region": [
            0,
            1
          ],
          "entropy": 0.6108643020548935,
          "rt_area": 4,
          "size": 2
        },
        "size_2_region_1": {
          "region": [
            0,
            2
          ],
          "entropy": 0.5929533174474745,
          "rt_area": 4,
          "size": 2
        },
        "size_3_region_0": {
          "region": [
            0,
            1,
            2
          ],
          "entropy": 0.42270908780599087,
          "rt_area": 3,
          "size": 3
        },
        "size_3_region_1": {
          "region": [
            0,
            1,
            3
          ],
          "entropy": 0.4558862130273584,
          "rt_area": 3,
          "size": 3
        }
      }
    },
    {
      "entropy_A": -0.0,
      "entropy_B": -0.0,
      "mi_AB": 0.0,
      "pure_state_check": true,
      "entropy_difference": 0.0,
      "multiple_regions": {
        "size_1_region_0": {
          "region": [
            0
          ],
          "entropy": 0.6923469670899615,
          "rt_area": 3,
          "size": 1
        },
        "size_1_region_1": {
          "region": [
            1
          ],
          "entropy": 0.6859298002523728,
          "rt_area": 3,
          "size": 1
        },
        "size_2_region_0": {
          "region": [
            0,
            1
          ],
          "entropy": 0.6191006644255871,
          "rt_area": 4,
          "size": 2
        },
        "size_2_region_1": {
          "region": [
            0,
            2
          ],
          "entropy": 0.5392763414970504,
          "rt_area": 4,
          "size": 2
        },
        "size_3_region_0": {
          "region": [
            0,
            1,
            2
          ],
          "entropy": 0.3669249912727096,
          "rt_area": 3,
          "size": 3
        },
        "size_3_region_1": {
          "region": [
            0,
            1,
            3
          ],
          "entropy": 0.439669879401343,
          "rt_area": 3,
          "size": 3
        }
      }
    }
  ],
  "distance_matrix_per_timestep": [
    [
      [
        0.0,
        6.073715828669143,
        4.18252067035927,
        10.91142688810506
      ],
      [
        6.073715828669143,
        0.0,
        9.144867449024506,
        16.69678048658236
      ],
      [
        4.18252067035927,
        9.144867449024506,
        0.0,
        7.551913037557854
      ],
      [
        10.91142688810506,
        16.69678048658236,
        7.551913037557854,
        0.0
      ]
    ],
    [
      [
        0.0,
        6.073715828669143,
        4.18252067035927,
        10.91142688810506
      ],
      [
        6.073715828669143,
        0.0,
        9.144867449024506,
        16.69678048658236
      ],
      [
        4.18252067035927,
        9.144867449024506,
        0.0,
        7.551913037557854
      ],
      [
        10.91142688810506,
        16.69678048658236,
        7.551913037557854,
        0.0
      ]
    ]
  ],
  "edge_mi": {
    "0,1": 0.0023026012228088734,
    "0,3": 1.8248514324885855e-05,
    "0,2": 0.015259993633018984,
    "1,2": 0.00010676638277370499,
    "2,3": 0.0005251046207756759
  },
  "distance_matrix": [
    [
      0.0,
      6.073715828669143,
      4.18252067035927,
      10.91142688810506
    ],
    [
      6.073715828669143,
      0.0,
      9.144867449024506,
      5.042872991428574
    ],
    [
      4.18252067035927,
      9.144867449024506,
      0.0,
      7.551913037557854
    ],
    [
      10.91142688810506,
      5.042872991428574,
      7.551913037557854,
      0.0
    ]
  ],
  "shortest_paths": {
    "0": {
      "0": 0,
      "2": 4.18252067035927,
      "1": 6.073715828669143,
      "3": 10.91142688810506
    },
    "1": {
      "1": 0,
      "3": 5.042872991428574,
      "0": 6.073715828669143,
      "2": 9.144867449024506
    },
    "2": {
      "2": 0,
      "0": 4.18252067035927,
      "3": 7.551913037557854,
      "1": 9.144867449024506
    },
    "3": {
      "3": 0,
      "1": 5.042872991428574,
      "2": 7.551913037557854,
      "0": 10.91142688810506
    }
  },
  "gromov_delta": 7.140409627651822,
  "mean_distance": 5.363414608143051,
  "angle_sums": [
    3.141592653589793,
    3.3461053818381346,
    3.141592653589793,
    3.141592653589793
  ],
  "mean_angle_sum": 3.1927208356518784,
  "min_angle_sum": 3.141592653589793,
  "max_angle_sum": 3.3461053818381346,
  "angle_sum_deviations": [
    0.0,
    0.20451272824834144,
    0.0,
    0.0
  ],
  "triangle_inequality_violations": [],
  "embedding_coords": [
    [
      0.06643739548489709,
      0.020674553131393703
    ],
    [
      0.03965547184951798,
      0.05315452219982341
    ],
    [
      0.1319935215625433,
      -0.026390410310298852
    ],
    [
      -0.2380863888969584,
      -0.047438665020918265
    ]
  ],
  "embedding_coords_3d": [
    [
      0.026254048093060454,
      0.07343098651234284,
      -0.04488172227566745
    ],
    [
      -0.016206099851189832,
      0.013212061977392936,
      -0.058272813677033845
    ],
    [
      -0.1027940718024074,
      0.07985688146041758,
      -0.06382106306038142
    ],
    [
      0.09274612356053678,
      -0.16649992995015334,
      0.1669755990130827
    ]
  ],
  "edge_weight_variance": 0.0009272499999999987,
  "event_nodes": [
    [
      0,
      0
    ],
    [
      1,
      0
    ],
    [
      2,
      0
    ],
    [
      3,
      0
    ],
    [
      0,
      1
    ],
    [
      1,
      1
    ],
    [
      2,
      1
    ],
    [
      3,
      1
    ]
  ],
  "event_edges": [
    {
      "type": "spatial",
      "from": [
        0,
        0
      ],
      "to": [
        1,
        0
      ],
      "weight": 6.073715828669143
    },
    {
      "type": "spatial",
      "from": [
        0,
        0
      ],
      "to": [
        2,
        0
      ],
      "weight": 4.18252067035927
    },
    {
      "type": "spatial",
      "from": [
        0,
        0
      ],
      "to": [
        3,
        0
      ],
      "weight": 10.91142688810506
    },
    {
      "type": "spatial",
      "from": [
        1,
        0
      ],
      "to": [
        2,
        0
      ],
      "weight": 9.144867449024506
    },
    {
      "type": "spatial",
      "from": [
        1,
        0
      ],
      "to": [
        3,
        0
      ],
      "weight": 16.69678048658236
    },
    {
      "type": "spatial",
      "from": [
        2,
        0
      ],
      "to": [
        3,
        0
      ],
      "weight": 7.551913037557854
    },
    {
      "type": "temporal",
      "from": [
        0,
        0
      ],
      "to": [
        0,
        1
      ],
      "weight": 1.0
    },
    {
      "type": "temporal",
      "from": [
        1,
        0
      ],
      "to": [
        1,
        1
      ],
      "weight": 1.0
    },
    {
      "type": "temporal",
      "from": [
        2,
        0
      ],
      "to": [
        2,
        1
      ],
      "weight": 1.0
    },
    {
      "type": "temporal",
      "from": [
        3,
        0
      ],
      "to": [
        3,
        1
      ],
      "weight": 1.0
    },
    {
      "type": "spatial",
      "from": [
        0,
        1
      ],
      "to": [
        1,
        1
      ],
      "weight": 6.073715828669143
    },
    {
      "type": "spatial",
      "from": [
        0,
        1
      ],
      "to": [
        2,
        1
      ],
      "weight": 4.18252067035927
    },
    {
      "type": "spatial",
      "from": [
        0,
        1
      ],
      "to": [
        3,
        1
      ],
      "weight": 10.91142688810506
    },
    {
      "type": "spatial",
      "from": [
        1,
        1
      ],
      "to": [
        2,
        1
      ],
      "weight": 9.144867449024506
    },
    {
      "type": "spatial",
      "from": [
        1,
        1
      ],
      "to": [
        3,
        1
      ],
      "weight": 16.69678048658236
    },
    {
      "type": "spatial",
      "from": [
        2,
        1
      ],
      "to": [
        3,
        1
      ],
      "weight": 7.551913037557854
    }
  ],
  "lorentzian_dissimilarity": [
    [
      0.0,
      36.890023967426096,
      17.493479157982556,
      119.05923673446208,
      -1.0,
      35.890023967426096,
      16.493479157982556,
      118.05923673446208
    ],
    [
      36.890023967426096,
      0.0,
      83.62860066022797,
      278.7824786171174,
      35.890023967426096,
      -1.0,
      82.62860066022797,
      277.7824786171174
    ],
    [
      17.493479157982556,
      83.62860066022797,
      0.0,
      57.03139052683629,
      16.493479157982556,
      82.62860066022797,
      -1.0,
      56.03139052683629
    ],
    [
      119.05923673446208,
      278.7824786171174,
      57.03139052683629,
      0.0,
      118.05923673446208,
      277.7824786171174,
      56.03139052683629,
      -1.0
    ],
    [
      -1.0,
      35.890023967426096,
      16.493479157982556,
      118.05923673446208,
      0.0,
      36.890023967426096,
      17.493479157982556,
      119.05923673446208
    ],
    [
      35.890023967426096,
      -1.0,
      82.62860066022797,
      277.7824786171174,
      36.890023967426096,
      0.0,
      83.62860066022797,
      278.7824786171174
    ],
    [
      16.493479157982556,
      82.62860066022797,
      -1.0,
      56.03139052683629,
      17.493479157982556,
      83.62860066022797,
      0.0,
      57.03139052683629
    ],
    [
      118.05923673446208,
      277.7824786171174,
      56.03139052683629,
      -1.0,
      119.05923673446208,
      278.7824786171174,
      57.03139052683629,
      0.0
    ]
  ],
  "lorentzian_embedding": [
    [
      4.995985738903874,
      -1.3103971870552136,
      4.174606420110085
    ],
    [
      0.27563009607950095,
      -7.362670268203336,
      -0.6154281807377433
    ],
    [
      -0.39349639363662425,
      1.7604325560197882,
      -1.8902080753229873
    ],
    [
      2.7999535411086725,
      9.419431215840603,
      1.1560392961020713
    ],
    [
      2.373077864476775,
      -1.4506422610379992,
      1.7576391027493776
    ],
    [
      -2.5795740847345505,
      -7.515330683694983,
      -3.246475370357004
    ],
    [
      -3.489301257363484,
      1.594905657909648,
      -4.74296305776014
    ],
    [
      0.017483344356472138,
      9.270653530438528,
      -1.4079911014067592
    ]
  ],
  "edge_length_evolution": [],
  "angle_deficit_evolution": [],
  "regge_action_evolution": [],
  "gromov_delta_evolution": [],
  "mass_hinge": null,
  "mass_value": 0.0,
  "matter": [
    {
      "(0, 1)": 0.0,
      "(1, 2)": 0.0,
      "(0, 3)": 0.0,
      "(2, 3)": 0.0,
      "(0, 2)": 0.0,
      "(1, 3)": 0.0
    },
    {
      "(0, 1)": 0.0,
      "(1, 2)": 0.0,
      "(0, 3)": 0.0,
      "(2, 3)": 0.0,
      "(0, 2)": 0.0,
      "(1, 3)": 0.0
    }
  ],
  "stationary_solution": null,
  "einstein_analysis_per_timestep": [
    {
      "ricci_tensor": [
        [
          0.0015417431475257407,
          0.0
        ],
        [
          0.0,
          0.0015417431475257407
        ]
      ],
      "metric_tensor": [
        [
          1.0003083486295052,
          0.00015417431475257408
        ],
        [
          0.00015417431475257408,
          1.0003083486295052
        ]
      ],
      "stress_energy_tensor": [
        [
          0.0015417431475257407,
          3.0834862950514815e-05
        ],
        [
          3.0834862950514815e-05,
          0.0015417431475257407
        ]
      ],
      "einstein_solution": {
        "einstein_tensor": [
          [
            0.0,
            0.0
          ],
          [
            0.0,
            0.0
          ]
        ],
        "ricci_scalar": 0.0030834862950514814,
        "metric_tensor": [
          [
            1.0,
            0.0
          ],
          [
            0.0,
            1.0
          ]
        ],
        "lhs": [
          [
            0.0,
            0.0
          ],
          [
            0.0,
            0.0
          ]
        ],
        "rhs": [
          [
            0.0015417431475257407,
            3.0834862950514815e-05
          ],
          [
            3.0834862950514815e-05,
            0.0015417431475257407
          ]
        ],
        "equations_satisfied": false,
        "residual": 0.002180790096142109,
        "conservation_violation": 0.0015417431475257407,
        "gravitational_constant": 0.039788735772973836,
        "cosmological_constant": 0.0
      },
      "entropy_first_derivative": 0.0,
      "entropy_second_derivative": 0.0,
      "entropy_curvature_correlation": 0.002180349068938152,
      "emergent_gravitational_constant": 0.0002453760429067789,
      "average_mutual_information": 0.0030834862950514814,
      "ricci_scalar": 0.0030834862950514814,
      "analysis_summary": {
        "einstein_equations_satisfied": false,
        "residual_magnitude": 0.002180790096142109,
        "conservation_violation": 0.0015417431475257407,
        "entropy_evolution_rate": 0.0,
        "entropy_acceleration": 0.0,
        "entanglement_curvature_coupling": 0.002180349068938152
      }
    },
    {
      "ricci_tensor": [
        [
          0.0015417431475257407,
          0.0
        ],
        [
          0.0,
          0.0015417431475257407
        ]
      ],
      "metric_tensor": [
        [
          1.0003083486295052,
          0.00015417431475257408
        ],
        [
          0.00015417431475257408,
          1.0003083486295052
        ]
      ],
      "stress_energy_tensor": [
        [
          0.0015417431475257407,
          3.0834862950514815e-05
        ],
        [
          3.0834862950514815e-05,
          0.0015417431475257407
        ]
      ],
      "einstein_solution": {
        "einstein_tensor": [
          [
            0.0,
            0.0
          ],
          [
            0.0,
            0.0
          ]
        ],
        "ricci_scalar": 0.0030834862950514814,
        "metric_tensor": [
          [
            1.0,
            0.0
          ],
          [
            0.0,
            1.0
          ]
        ],
        "lhs": [
          [
            0.0,
            0.0
          ],
          [
            0.0,
            0.0
          ]
        ],
        "rhs": [
          [
            0.0015417431475257407,
            3.0834862950514815e-05
          ],
          [
            3.0834862950514815e-05,
            0.0015417431475257407
          ]
        ],
        "equations_satisfied": false,
        "residual": 0.002180790096142109,
        "conservation_violation": 0.0015417431475257407,
        "gravitational_constant": 0.039788735772973836,
        "cosmological_constant": 0.0
      },
      "entropy_first_derivative": 0.0,
      "entropy_second_derivative": 0.0,
      "entropy_curvature_correlation": 0.002180349068938152,
      "emergent_gravitational_constant": 0.0002453760429067789,
      "average_mutual_information": 0.0030834862950514814,
      "ricci_scalar": 0.0030834862950514814,
      "analysis_summary": {
        "einstein_equations_satisfied": false,
        "residual_magnitude": 0.002180790096142109,
        "conservation_violation": 0.0015417431475257407,
        "entropy_evolution_rate": 0.0,
        "entropy_acceleration": 0.0,
        "entanglement_curvature_coupling": 0.002180349068938152
      }
    }
  ],
  "bootstrap_analysis": {
    "gromov_delta": {
      "mean": 10.767245773009137,
      "lower_ci": 10.767245773009137,
      "upper_ci": 10.767245773009137,
      "all_values": [
        10.767245773009137,
        10.767245773009137
      ],
      "uncertainty": 0.0
    },
    "entropy": {
      "mean": 3.879383233977885,
      "lower_ci": 3.8477852460446083,
      "upper_ci": 3.910981221911162,
      "uncertainty": 0.03159798793327706
    },
    "distance_matrix": {
      "mean": [
        [
          0.0,
          6.073715828669143,
          4.18252067035927,
          10.91142688810506
        ],
        [
          6.073715828669143,
          0.0,
          9.144867449024506,
          16.69678048658236
        ],
        [
          4.18252067035927,
          9.144867449024506,
          0.0,
          7.551913037557854
        ],
        [
          10.91142688810506,
          16.69678048658236,
          7.551913037557854,
          0.0
        ]
      ],
      "lower_ci": [
        [
          0.0,
          6.073715828669143,
          4.18252067035927,
          10.91142688810506
        ],
        [
          6.073715828669143,
          0.0,
          9.144867449024506,
          16.69678048658236
        ],
        [
          4.18252067035927,
          9.144867449024506,
          0.0,
          7.551913037557854
        ],
        [
          10.91142688810506,
          16.69678048658236,
          7.551913037557854,
          0.0
        ]
      ],
      "upper_ci": [
        [
          0.0,
          6.073715828669143,
          4.18252067035927,
          10.91142688810506
        ],
        [
          6.073715828669143,
          0.0,
          9.144867449024506,
          16.69678048658236
        ],
        [
          4.18252067035927,
          9.144867449024506,
          0.0,
          7.551913037557854
        ],
        [
          10.91142688810506,
          16.69678048658236,
          7.551913037557854,
          0.0
        ]
      ]
    }
  },
  "topology_compatibility": {
    "current_topology": "triangulated",
    "explanation": "Triangulated topology is specifically designed for angle-sum curvature. Creates multiple triangles per vertex, enabling robust local curvature measurements. Each vertex has multiple incident triangles for well-defined angle sums.",
    "supports_local_curvature": true
  },
  "rt_surface_analysis": {
    "region_A": [
      0
    ],
    "region_B": [
      1,
      2,
      3
    ],
    "bulk_point": 2,
    "is_complementary": true,
    "rt_area_AB": 21.167663387133473,
    "rt_area_BA": 21.167663387133473,
    "area_consistent": true,
    "edges_consistent": true,
    "area_difference": 0.0,
    "rt_edges_AB": [
      [
        0,
        1
      ],
      [
        0,
        2
      ],
      [
        0,
        3
      ]
    ],
    "rt_edges_BA": [
      [
        0,
        1
      ],
      [
        0,
        2
      ],
      [
        0,
        3
      ]
    ],
    "edge_lengths": [
      6.073715828669143,
      4.18252067035927,
      10.91142688810506,
      9.144867449024506,
      16.69678048658236,
      7.551913037557854
    ],
    "all_edges": [
      [
        0,
        1
      ],
      [
        0,
        2
      ],
      [
        0,
        3
      ],
      [
        1,
        2
      ],
      [
        1,
        3
      ],
      [
        2,
        3
      ]
    ]
  },
  "bulk_excitation_analysis": {
    "ground_state_mi": [
      [
        0.0,
        0.1702388666337934,
        0.1510826264506146,
        0.17023886663379312
      ],
      [
        0.1702388666337934,
        0.0,
        0.17023886663379256,
        0.11653334118930858
      ],
      [
        0.1510826264506146,
        0.17023886663379256,
        0.0,
        0.17023886663379217
      ],
      [
        0.17023886663379312,
        0.11653334118930858,
        0.17023886663379217,
        0.0
      ]
    ],
    "excited_state_mi": [
      [
        0.0,
        0.16183457167914572,
        0.14011651608302939,
        0.16183457167914517
      ],
      [
        0.16183457167914572,
        0.0,
        0.26455102072851383,
        0.13488216972314931
      ],
      [
        0.14011651608302939,
        0.26455102072851383,
        0.0,
        0.26455102072851294
      ],
      [
        0.16183457167914517,
        0.13488216972314931,
        0.26455102072851294,
        0.0
      ]
    ],
    "mi_difference": [
      [
        0.0,
        -0.008404294954647673,
        -0.010966110367585213,
        -0.00840429495464795
      ],
      [
        -0.008404294954647673,
        0.0,
        0.09431215409472127,
        0.018348828533840733
      ],
      [
        -0.010966110367585213,
        0.09431215409472127,
        0.0,
        0.09431215409472077
      ],
      [
        -0.00840429495464795,
        0.018348828533840733,
        0.09431215409472077,
        0.0
      ]
    ],
    "avg_mi_change": 0.02934347962502045,
    "max_mi_change": 0.09431215409472127,
    "mi_change_boundary_A": NaN,
    "mi_change_boundary_B": 0.06899104557442759,
    "bulk_point": 2,
    "ground_state_counts": {
      "counts": {
        "0011": 8,
        "1011": 8,
        "0010": 6,
        "1001": 7,
        "1111": 12,
        "0000": 7,
        "0100": 8,
        "0101": 10,
        "1000": 5,
        "0111": 5,
        "1101": 6,
        "1100": 7,
        "1110": 3,
        "1010": 5,
        "0001": 1,
        "0110": 2
      },
      "job_id": "d27utppogaas73ct8vfg",
      "mutual_information": {
        "I_0,1": 0.03053097430250859,
        "I_0,2": 0.009206364403887196,
        "I_0,3": 0.009206364403887127,
        "I_1,2": 0.018337897427570353,
        "I_1,3": 0.0047812516658587365,
        "I_2,3": 9.41652445124821e-06
      }
    },
    "excited_state_counts": {
      "counts": {
        "1110": 8,
        "1000": 8,
        "0010": 8,
        "0110": 9,
        "1101": 5,
        "1100": 3,
        "0000": 6,
        "0101": 2,
        "1011": 5,
        "0011": 7,
        "1010": 5,
        "1111": 3,
        "0100": 8,
        "1001": 11,
        "0001": 7,
        "0111": 5
      },
      "job_id": "d27utr129u8s73f8mcog",
      "mutual_information": {
        "I_0,1": 0.007299156760473963,
        "I_0,2": 0.0227130731761023,
        "I_0,3": 0.006733315557911283,
        "I_1,2": 0.014473442551173672,
        "I_1,3": 0.010429369068262147,
        "I_2,3": 0.0031754778898806305
      }
    },
    "boundary_entropies": {
      "ground_state": {
        "entropy_A": 0.23617935722503278,
        "entropy_B": 0.23617935722503355,
        "mi_AB": 0.4723587144500658
      },
      "excited_state": {
        "entropy_A": 0.3021950512004341,
        "entropy_B": 0.3021950512004312,
        "mi_AB": 0.6043901024008629
      },
      "rt_relation_test": {
        "entropy_ratio": 1.0000000000000033,
        "rt_area_ratio": 1.0,
        "rt_deviation": 3.3306690738754696e-15,
        "excited_entropy_ratio": 0.9999999999999905,
        "rt_relation_change": 1.2878587085651816e-14
      }
    }
  },
  "page_curve_analysis": null,
  "deutsch_ctc_analysis": null,
  "ctc_recovery_analysis": null,
  "einstein_analysis": null,
  "dynamic_evidence": {
    "angle_sums_per_timestep": [
      [
        3.141592653589793,
        3.2082804558511047,
        3.141592653589793,
        0.0
      ],
      [
        3.141592653589793,
        3.2082804558511047,
        3.141592653589793,
        0.0
      ]
    ],
    "gromov_delta_per_timestep": [
      10.767245773009137,
      10.767245773009137
    ],
    "edge_mi_per_timestep": [
      {
        "0,1": 0.0023026012228088734,
        "0,3": 1.8248514324885855e-05,
        "0,2": 0.015259993633018984,
        "1,2": 0.00010676638277370499,
        "2,3": 0.0005251046207756759
      },
      {
        "0,1": 0.0023026012228088734,
        "0,3": 1.8248514324885855e-05,
        "0,2": 0.015259993633018984,
        "1,2": 0.00010676638277370499,
        "2,3": 0.0005251046207756759
      }
    ],
    "shortest_paths_per_timestep": [
      {
        "0": {
          "0": 0,
          "2": 4.18252067035927,
          "1": 6.073715828669143,
          "3": 10.91142688810506
        },
        "1": {
          "1": 0,
          "0": 6.073715828669143,
          "2": 9.144867449024506,
          "3": 16.69678048658236
        },
        "2": {
          "2": 0,
          "0": 4.18252067035927,
          "3": 7.551913037557854,
          "1": 9.144867449024506
        },
        "3": {
          "3": 0,
          "2": 7.551913037557854,
          "0": 10.91142688810506,
          "1": 16.69678048658236
        }
      },
      {
        "0": {
          "0": 0,
          "2": 4.18252067035927,
          "1": 6.073715828669143,
          "3": 10.91142688810506
        },
        "1": {
          "1": 0,
          "0": 6.073715828669143,
          "2": 9.144867449024506,
          "3": 16.69678048658236
        },
        "2": {
          "2": 0,
          "0": 4.18252067035927,
          "3": 7.551913037557854,
          "1": 9.144867449024506
        },
        "3": {
          "3": 0,
          "2": 7.551913037557854,
          "0": 10.91142688810506,
          "1": 16.69678048658236
        }
      }
    ],
    "mean_distance_per_timestep": [
      6.820153045037275,
      6.820153045037275
    ],
    "triangle_violations_per_timestep": [
      0,
      0
    ],
    "embedding_coords_per_timestep": [
      [
        [
          0.05996079166845524,
          0.026990909193097604
        ],
        [
          0.020979011888942998,
          0.0654849303361911
        ],
        [
          0.12609047390641157,
          -0.023409600420859496
        ],
        [
          -0.20703027746380984,
          -0.0690662391084292
        ]
      ],
      [
        [
          0.05996079166845524,
          0.026990909193097604
        ],
        [
          0.020979011888942998,
          0.0654849303361911
        ],
        [
          0.12609047390641157,
          -0.023409600420859496
        ],
        [
          -0.20703027746380984,
          -0.0690662391084292
        ]
      ]
    ],
    "regge_evolution_data": null,
    "evolution_summary": {
      "total_timesteps": 2,
      "gromov_delta_range": [
        10.767245773009137,
        10.767245773009137
      ],
      "mean_distance_range": [
        6.820153045037275,
        6.820153045037275
      ],
      "total_triangle_violations": 0,
      "hyperbolic_evolution": [
        false,
        false
      ],
      "regge_corrected": false
    }
  },
  "quantum_state_outputs": [
    {
      "timestep": 1,
      "statevector": null,
      "mutual_information_matrix": [
        [
          0.0,
          0.0023026012228088734,
          0.015259993633018984,
          1.8248514324885855e-05
        ],
        [
          0.0023026012228088734,
          0.0,
          0.00010676638277370499,
          0.006455175986709725
        ],
        [
          0.015259993633018984,
          0.00010676638277370499,
          0.0,
          0.0005251046207756759
        ],
        [
          1.8248514324885855e-05,
          0.006455175986709725,
          0.0005251046207756759,
          0.0
        ]
      ],
      "counts": {
        "0100": 7,
        "0110": 5,
        "1000": 10,
        "1101": 9,
        "1001": 6,
        "0011": 6,
        "0000": 8,
        "0111": 7,
        "0101": 6,
        "1010": 7,
        "1110": 4,
        "0010": 9,
        "0001": 7,
        "1100": 3,
        "1011": 3,
        "1111": 3
      },
      "job_id": "d27utmjoctts738jnhqg",
      "device": "ibm_brisbane"
    },
    {
      "timestep": 2,
      "statevector": null,
      "mutual_information_matrix": [
        [
          0.0,
          0.04606453410618799,
          0.001977900000311051,
          0.0017567563396670618
        ],
        [
          0.04606453410618799,
          0.0,
          0.0006295752161338992,
          0.0030858344323680953
        ],
        [
          0.001977900000311051,
          0.0006295752161338992,
          0.0,
          0.0028749525473117828
        ],
        [
          0.0017567563396670618,
          0.0030858344323680953,
          0.0028749525473117828,
          0.0
        ]
      ],
      "counts": {
        "0000": 3,
        "0010": 13,
        "1110": 9,
        "1000": 8,
        "0111": 4,
        "1101": 8,
        "1011": 6,
        "0011": 6,
        "0001": 9,
        "1001": 6,
        "0101": 9,
        "0110": 6,
        "1100": 3,
        "1010": 5,
        "1111": 3,
        "0100": 2
      },
      "job_id": "d27uto9ogaas73ct8ve0",
      "device": "ibm_brisbane"
    }
  ],
  "emergent_geometry_teleportation": null,
  "superposition_gravity": null,
  "teleportation_geometry_correlation": null
}