{
  "spec": {
    "num_qubits": 7,
    "topology": "triangulated",
    "custom_edges": "0-1:1.0000,0-2:0.5749,0-3:1.0000,0-4:1.0000,0-5:0.4956,0-6:0.4956,1-2:1.0000,1-3:1.0000,1-4:0.3009,1-5:1.0000,1-6:0.3059,2-3:0.3040,2-4:0.8893,2-5:0.0500,2-6:0.0500,3-4:0.2242,3-5:0.0500,3-6:0.9491,4-5:0.0500,4-6:0.0500,5-6:1.0000",
    "alpha": 0.8,
    "weight": 0.6892216730438862,
    "gamma": 0.23052864700155823,
    "sigma": 0.3469081367941006,
    "init_angle": 1.812091655170207,
    "init_angles": null,
    "shots": 1000,
    "device": "simulator",
    "geometry": "spherical",
    "curvature": 12.0,
    "timesteps": 3,
    "dimension": 2,
    "mass_hinge": null,
    "mass_value": 0.0,
    "solve_regge": false,
    "lorentzian": true,
    "excite": true,
    "fast": true,
    "fast_preset": "balanced",
    "strong_curvature": true,
    "charge_injection": true,
    "charge_strength": 2.5,
    "charge_location": null,
    "spin_injection": true,
    "spin_strength": 2.0,
    "spin_location": null,
    "edge_floor": 0.001,
    "compute_entropies": true,
    "hyperbolic_triangulation": true,
    "trotter_steps": 8,
    "dt": 0.05,
    "analyze_curvature": true,
    "einstein_solver": true,
    "page_curve": true,
    "radiation_ordering": null,
    "page_curve_timesteps": 15,
    "entropy_method": "hybrid",
    "num_shadows": 100,
    "shots_per_shadow": 1000,
    "num_bases": 20,
    "shots_per_basis": 1000,
    "enhanced_entanglement": false,
    "entanglement_strength": 1.4365522394264802,
    "interpolate_geometry": false,
    "smooth_charge_injection": false,
    "min_qubits_for_continuum": 10,
    "benchmark_against_classical_geometry": false,
    "geometry_fit_metric": "wasserstein,kl,euclidean",
    "verify_noise_robustness": false,
    "run_on_multiple_backends": false,
    "detect_and_flag_causal_loops": true,
    "restrict_information_flow_direction": "bidirectional",
    "filter_noncausal_edges": true,
    "use_ryu_takayanagi_test": true,
    "compare_MI_vs_subsystem_entropy": true,
    "embed_boundary_entropy_in_geometry": true,
    "entropy_engineering": true,
    "target_entropy_pattern": "quantum_gravity",
    "custom_target_entropies": null,
    "entropy_optimization_iterations": 200,
    "entropy_tolerance": 0.05,
    "continue_on_engineering_failure": true,
    "validate_engineered_geometry": true,
    "enhance_bell_violations": true,
    "bell_entanglement_strength": 4.0,
    "teleportation_circuits": true,
    "long_range_coupling": 3.0,
    "holographic_optimization": true,
    "rt_surface_encoding": true,
    "conformal_symmetry": true,
    "bulk_reconstruction": true,
    "scalable_entanglement": true,
    "parallel_execution": true,
    "memory_optimization": true,
    "circuit_compilation": "optimized",
    "real_hardware": false,
    "error_mitigation": true,
    "zero_noise_extrapolation": true,
    "zne_noise_factors": [
      1.0,
      2.0,
      3.0
    ],
    "zne_extrapolation_method": "polynomial",
    "hardware_calibration": true,
    "noise_characterization": true,
    "backend_name": "ibm_brisbane",
    "quantum_mode": true,
    "quantum_entanglement_strength": 5.0,
    "quantum_circuit_depth": 12
  },
  "uid": "THN1LL",
  "counts_per_timestep": [
    null,
    null,
    null
  ],
  "job_ids_per_timestep": [
    null,
    null,
    null
  ],
  "entropy_per_timestep": [
    null,
    null,
    null
  ],
  "mutual_information_per_timestep": [
    {
      "I_1,4": 0.22925032303356152,
      "I_1,6": 0.22925032303356263,
      "I_2,3": 0.1855109360966939,
      "I_2,6": 0.3342100587885971,
      "I_4,6": 0.3342100587885978,
      "I_5,6": 0.18551093609669367,
      "I_0,5": 0.14464304738297606,
      "I_3,4": 0.18551093609669422,
      "I_1,5": 0.23227420505417995,
      "I_1,3": 0.14464304738297662,
      "I_0,1": 0.177619799662055,
      "I_0,4": 0.22925032303356208,
      "I_0,2": 0.22925032303356274,
      "I_0,6": 0.22925032303356252,
      "I_3,5": 0.07832556398503576,
      "I_2,4": 0.33421005878859833,
      "I_2,5": 0.1855109360966929,
      "I_4,5": 0.18551093609669356,
      "I_0,3": 0.2322742050541814,
      "I_1,2": 0.22925032303356208,
      "I_3,6": 0.18551093609669422
    },
    {
      "I_1,4": 0.140761285799905,
      "I_5,6": 0.09262256163517746,
      "I_1,6": 0.14076128579990632,
      "I_2,5": 0.09262256163517746,
      "I_3,4": 0.09262256163517812,
      "I_0,4": 0.1407612857999061,
      "I_2,6": 0.3345694493051009,
      "I_1,3": 0.20226969980884402,
      "I_2,3": 0.09262256163517768,
      "I_3,6": 0.09262256163517724,
      "I_0,2": 0.14076128579990588,
      "I_4,6": 0.33456944930510013,
      "I_1,5": 0.13027149802062477,
      "I_1,2": 0.1407612857999061,
      "I_0,3": 0.1302714980206252,
      "I_3,5": 0.06805625641245028,
      "I_2,4": 0.3345694493050996,
      "I_0,6": 0.14076128579990566,
      "I_0,5": 0.20226969980884357,
      "I_0,1": 0.09000650547292066,
      "I_4,5": 0.09262256163517746
    },
    {
      "I_0,6": 0.14166943380924701,
      "I_4,6": 0.4529636004029043,
      "I_4,5": 0.11451082155342451,
      "I_0,3": 0.08437598657763501,
      "I_0,4": 0.1416694338092468,
      "I_1,2": 0.14166943380924701,
      "I_2,6": 0.45296360040290407,
      "I_1,4": 0.14166943380924613,
      "I_0,1": 0.18644352217116333,
      "I_0,2": 0.14166943380924657,
      "I_2,4": 0.4529636004029036,
      "I_2,5": 0.11451082155342496,
      "I_0,5": 0.12404137316781494,
      "I_3,6": 0.11451082155342474,
      "I_1,6": 0.14166943380924635,
      "I_5,6": 0.11451082155342451,
      "I_3,5": 0.045627910638659674,
      "I_1,5": 0.08437598657763479,
      "I_1,3": 0.1240413731678145,
      "I_2,3": 0.11451082155342451,
      "I_3,4": 0.11451082155342496
    }
  ],
  "boundary_entropies_per_timestep": [
    {
      "entropy_A": 1.1885130887003839,
      "entropy_B": 1.1885130887003876,
      "mi_AB": 2.3770261774007455,
      "pure_state_check": true,
      "entropy_difference": 3.774758283725532e-15,
      "multiple_regions": {
        "size_1_region_0": {
          "region": [
            0
          ],
          "entropy": 0.5788840397497207,
          "rt_area": 6,
          "size": 1
        },
        "size_1_region_1": {
          "region": [
            1
          ],
          "entropy": 0.578884039749721,
          "rt_area": 6,
          "size": 1
        },
        "size_1_region_2": {
          "region": [
            2
          ],
          "entropy": 0.6206414518836033,
          "rt_area": 6,
          "size": 1
        },
        "size_2_region_0": {
          "region": [
            0,
            1
          ],
          "entropy": 0.9801482798373862,
          "rt_area": 10,
          "size": 2
        },
        "size_2_region_1": {
          "region": [
            0,
            2
          ],
          "entropy": 0.9702751685997624,
          "rt_area": 10,
          "size": 2
        },
        "size_2_region_2": {
          "region": [
            0,
            3
          ],
          "entropy": 0.8755402246440204,
          "rt_area": 10,
          "size": 2
        },
        "size_3_region_0": {
          "region": [
            0,
            1,
            2
          ],
          "entropy": 1.1885130887003839,
          "rt_area": 12,
          "size": 3
        },
        "size_3_region_1": {
          "region": [
            0,
            1,
            3
          ],
          "entropy": 1.0824372830955846,
          "rt_area": 12,
          "size": 3
        },
        "size_3_region_2": {
          "region": [
            0,
            1,
            4
          ],
          "entropy": 1.188513088700384,
          "rt_area": 12,
          "size": 3
        },
        "size_4_region_0": {
          "region": [
            0,
            1,
            2,
            3
          ],
          "entropy": 1.1118593233341407,
          "rt_area": 12,
          "size": 4
        },
        "size_4_region_1": {
          "region": [
            0,
            1,
            2,
            4
          ],
          "entropy": 1.1881471974124875,
          "rt_area": 12,
          "size": 4
        },
        "size_4_region_2": {
          "region": [
            0,
            1,
            2,
            5
          ],
          "entropy": 1.1118593233341416,
          "rt_area": 12,
          "size": 4
        },
        "size_5_region_0": {
          "region": [
            0,
            1,
            2,
            3,
            4
          ],
          "entropy": 0.9640609057353938,
          "rt_area": 10,
          "size": 5
        },
        "size_5_region_1": {
          "region": [
            0,
            1,
            2,
            3,
            5
          ],
          "entropy": 0.9070728449786106,
          "rt_area": 10,
          "size": 5
        },
        "size_5_region_2": {
          "region": [
            0,
            1,
            2,
            3,
            6
          ],
          "entropy": 0.9640609057353947,
          "rt_area": 10,
          "size": 5
        },
        "size_6_region_0": {
          "region": [
            0,
            1,
            2,
            3,
            4,
            5
          ],
          "entropy": 0.6206414518836085,
          "rt_area": 6,
          "size": 6
        },
        "size_6_region_1": {
          "region": [
            0,
            1,
            2,
            3,
            4,
            6
          ],
          "entropy": 0.5289303899484851,
          "rt_area": 6,
          "size": 6
        },
        "size_6_region_2": {
          "region": [
            0,
            1,
            2,
            3,
            5,
            6
          ],
          "entropy": 0.6206414518836083,
          "rt_area": 6,
          "size": 6
        }
      }
    },
    {
      "entropy_A": 1.489310396771151,
      "entropy_B": 1.489310396771155,
      "mi_AB": 2.978620793542256,
      "pure_state_check": true,
      "entropy_difference": 3.9968028886505635e-15,
      "multiple_regions": {
        "size_1_region_0": {
          "region": [
            0
          ],
          "entropy": 0.6278558518575359,
          "rt_area": 6,
          "size": 1
        },
        "size_1_region_1": {
          "region": [
            1
          ],
          "entropy": 0.6278558518575359,
          "rt_area": 6,
          "size": 1
        },
        "size_1_region_2": {
          "region": [
            2
          ],
          "entropy": 0.6226930066191144,
          "rt_area": 6,
          "size": 1
        },
        "size_2_region_0": {
          "region": [
            0,
            1
          ],
          "entropy": 1.1657051982421511,
          "rt_area": 10,
          "size": 2
        },
        "size_2_region_1": {
          "region": [
            0,
            2
          ],
          "entropy": 1.1097875726767445,
          "rt_area": 10,
          "size": 2
        },
        "size_2_region_2": {
          "region": [
            0,
            3
          ],
          "entropy": 1.1146655549344273,
          "rt_area": 10,
          "size": 2
        },
        "size_3_region_0": {
          "region": [
            0,
            1,
            2
          ],
          "entropy": 1.489310396771151,
          "rt_area": 12,
          "size": 3
        },
        "size_3_region_1": {
          "region": [
            0,
            1,
            3
          ],
          "entropy": 1.2701740973341429,
          "rt_area": 12,
          "size": 3
        },
        "size_3_region_2": {
          "region": [
            0,
            1,
            4
          ],
          "entropy": 1.4893103967711512,
          "rt_area": 12,
          "size": 3
        },
        "size_4_region_0": {
          "region": [
            0,
            1,
            2,
            3
          ],
          "entropy": 1.333008901133931,
          "rt_area": 12,
          "size": 4
        },
        "size_4_region_1": {
          "region": [
            0,
            1,
            2,
            4
          ],
          "entropy": 1.4851863446294877,
          "rt_area": 12,
          "size": 4
        },
        "size_4_region_2": {
          "region": [
            0,
            1,
            2,
            5
          ],
          "entropy": 1.3330089011339321,
          "rt_area": 12,
          "size": 4
        },
        "size_5_region_0": {
          "region": [
            0,
            1,
            2,
            3,
            4
          ],
          "entropy": 1.1471516460814601,
          "rt_area": 10,
          "size": 5
        },
        "size_5_region_1": {
          "region": [
            0,
            1,
            2,
            3,
            5
          ],
          "entropy": 0.9108165639331343,
          "rt_area": 10,
          "size": 5
        },
        "size_5_region_2": {
          "region": [
            0,
            1,
            2,
            3,
            6
          ],
          "entropy": 1.1471516460814601,
          "rt_area": 10,
          "size": 5
        },
        "size_6_region_0": {
          "region": [
            0,
            1,
            2,
            3,
            4,
            5
          ],
          "entropy": 0.6226930066191241,
          "rt_area": 6,
          "size": 6
        },
        "size_6_region_1": {
          "region": [
            0,
            1,
            2,
            3,
            4,
            6
          ],
          "entropy": 0.617081201097524,
          "rt_area": 6,
          "size": 6
        },
        "size_6_region_2": {
          "region": [
            0,
            1,
            2,
            3,
            5,
            6
          ],
          "entropy": 0.6226930066191259,
          "rt_area": 6,
          "size": 6
        }
      }
    },
    {
      "entropy_A": 2.2484914304255628,
      "entropy_B": 2.2484914304255668,
      "mi_AB": 4.496982860851062,
      "pure_state_check": true,
      "entropy_difference": 3.9968028886505635e-15,
      "multiple_regions": {
        "size_1_region_0": {
          "region": [
            0
          ],
          "entropy": 0.9292115595404076,
          "rt_area": 6,
          "size": 1
        },
        "size_1_region_1": {
          "region": [
            1
          ],
          "entropy": 0.9292115595404077,
          "rt_area": 6,
          "size": 1
        },
        "size_1_region_2": {
          "region": [
            2
          ],
          "entropy": 0.9499061427288875,
          "rt_area": 6,
          "size": 1
        },
        "size_2_region_0": {
          "region": [
            0,
            1
          ],
          "entropy": 1.6719795969096518,
          "rt_area": 10,
          "size": 2
        },
        "size_2_region_1": {
          "region": [
            0,
            2
          ],
          "entropy": 1.7374482684600487,
          "rt_area": 10,
          "size": 2
        },
        "size_2_region_2": {
          "region": [
            0,
            3
          ],
          "entropy": 1.7157872338192877,
          "rt_area": 10,
          "size": 2
        },
        "size_3_region_0": {
          "region": [
            0,
            1,
            2
          ],
          "entropy": 2.2484914304255628,
          "rt_area": 12,
          "size": 3
        },
        "size_3_region_1": {
          "region": [
            0,
            1,
            3
          ],
          "entropy": 2.032229038514499,
          "rt_area": 12,
          "size": 3
        },
        "size_3_region_2": {
          "region": [
            0,
            1,
            4
          ],
          "entropy": 2.2484914304255637,
          "rt_area": 12,
          "size": 3
        },
        "size_4_region_0": {
          "region": [
            0,
            1,
            2,
            3
          ],
          "entropy": 2.045071209255965,
          "rt_area": 12,
          "size": 4
        },
        "size_4_region_1": {
          "region": [
            0,
            1,
            2,
            4
          ],
          "entropy": 2.26838068193194,
          "rt_area": 12,
          "size": 4
        },
        "size_4_region_2": {
          "region": [
            0,
            1,
            2,
            5
          ],
          "entropy": 2.0450712092559624,
          "rt_area": 12,
          "size": 4
        },
        "size_5_region_0": {
          "region": [
            0,
            1,
            2,
            3,
            4
          ],
          "entropy": 1.7063469820319819,
          "rt_area": 10,
          "size": 5
        },
        "size_5_region_1": {
          "region": [
            0,
            1,
            2,
            3,
            5
          ],
          "entropy": 1.4468486850548756,
          "rt_area": 10,
          "size": 5
        },
        "size_5_region_2": {
          "region": [
            0,
            1,
            2,
            3,
            6
          ],
          "entropy": 1.7063469820319843,
          "rt_area": 10,
          "size": 5
        },
        "size_6_region_0": {
          "region": [
            0,
            1,
            2,
            3,
            4,
            5
          ],
          "entropy": 0.9499061427288965,
          "rt_area": 6,
          "size": 6
        },
        "size_6_region_1": {
          "region": [
            0,
            1,
            2,
            3,
            4,
            6
          ],
          "entropy": 0.8709516608565249,
          "rt_area": 6,
          "size": 6
        },
        "size_6_region_2": {
          "region": [
            0,
            1,
            2,
            3,
            5,
            6
          ],
          "entropy": 0.9499061427288953,
          "rt_area": 6,
          "size": 6
        }
      }
    }
  ],
  "distance_matrix_per_timestep": [
    [
      [
        0.0,
        1.7281099700543687,
        1.4729407587579504,
        1.4598366868944506,
        1.4729407587579533,
        3.1575822027312013,
        1.4729407587579513
      ],
      [
        1.7281099700543687,
        0.0,
        1.4729407587579533,
        3.1575822027311977,
        1.4729407587579557,
        1.4598366868944568,
        1.4729407587579508
      ],
      [
        1.4729407587579504,
        1.4729407587579533,
        0.0,
        1.6846414439732487,
        1.0959855651630757,
        1.6846414439732542,
        1.0959855651630792
      ],
      [
        1.4598366868944506,
        3.1575822027311977,
        1.6846414439732487,
        0.0,
        1.6846414439732469,
        3.369282887946497,
        1.6846414439732469
      ],
      [
        1.4729407587579533,
        1.4729407587579557,
        1.0959855651630757,
        1.6846414439732469,
        0.0,
        1.6846414439732507,
        1.0959855651630772
      ],
      [
        3.1575822027312013,
        1.4598366868944568,
        1.6846414439732542,
        3.369282887946497,
        1.6846414439732507,
        0.0,
        1.68464144397325
      ],
      [
        1.4729407587579513,
        1.4729407587579508,
        1.0959855651630792,
        1.6846414439732469,
        1.0959855651630772,
        1.68464144397325,
        0.0
      ]
    ],
    [
      [
        0.0,
        2.407873328231713,
        1.9606898318737853,
        2.038134559986473,
        1.9606898318737835,
        4.339912352712471,
        1.9606898318737869
      ],
      [
        2.407873328231713,
        0.0,
        1.9606898318737835,
        4.339912352712469,
        1.9606898318737915,
        2.0381345599864766,
        1.960689831873782
      ],
      [
        1.9606898318737853,
        1.9606898318737835,
        0.0,
        2.379222520838685,
        1.0949107997232055,
        2.3792225208386877,
        1.0949107997232015
      ],
      [
        2.038134559986473,
        4.339912352712469,
        2.379222520838685,
        0.0,
        2.3792225208386806,
        4.758445041677368,
        2.37922252083869
      ],
      [
        1.9606898318737835,
        1.9606898318737915,
        1.0949107997232055,
        2.3792225208386806,
        0.0,
        2.3792225208386877,
        1.094910799723204
      ],
      [
        4.339912352712471,
        2.0381345599864766,
        2.3792225208386877,
        4.758445041677368,
        2.3792225208386877,
        0.0,
        2.3792225208386877
      ],
      [
        1.9606898318737869,
        1.960689831873782,
        1.0949107997232015,
        2.37922252083869,
        1.094910799723204,
        2.3792225208386877,
        0.0
      ]
    ],
    [
      [
        0.0,
        1.6796269159420152,
        1.9542588661454396,
        2.4724724370858326,
        1.954258866145438,
        4.121344815215577,
        1.9542588661454365
      ],
      [
        1.6796269159420152,
        0.0,
        1.9542588661454365,
        4.121344815215578,
        1.954258866145443,
        2.4724724370858353,
        1.9542588661454414
      ],
      [
        1.9542588661454396,
        1.9542588661454365,
        0.0,
        2.1670859490701417,
        0.791943509038994,
        2.167085949070138,
        0.791943509038993
      ],
      [
        2.4724724370858326,
        4.121344815215578,
        2.1670859490701417,
        0.0,
        2.167085949070138,
        4.33417189814028,
        2.16708594907014
      ],
      [
        1.954258866145438,
        1.954258866145443,
        0.791943509038994,
        2.167085949070138,
        0.0,
        2.1670859490701417,
        0.7919435090389925
      ],
      [
        4.121344815215577,
        2.4724724370858353,
        2.167085949070138,
        4.33417189814028,
        2.1670859490701417,
        0.0,
        2.1670859490701417
      ],
      [
        1.9542588661454365,
        1.9542588661454414,
        0.791943509038993,
        2.16708594907014,
        0.7919435090389925,
        2.1670859490701417,
        0.0
      ]
    ]
  ],
  "edge_mi": {
    "0,1": 0.18644352217116333,
    "0,6": 0.14166943380924701,
    "0,2": 0.14166943380924657,
    "0,3": 0.08437598657763501,
    "0,4": 0.1416694338092468,
    "1,2": 0.14166943380924701,
    "1,6": 0.14166943380924635,
    "1,4": 0.14166943380924613,
    "1,5": 0.08437598657763479,
    "2,3": 0.11451082155342451,
    "2,4": 0.4529636004029036,
    "2,5": 0.11451082155342496,
    "2,6": 0.45296360040290407,
    "3,4": 0.11451082155342496,
    "3,6": 0.11451082155342474,
    "4,5": 0.11451082155342451,
    "4,6": 0.4529636004029043,
    "5,6": 0.11451082155342451
  },
  "distance_matrix": [
    [
      0.0,
      1.6796269159420152,
      1.9542588661454396,
      2.4724724370858326,
      1.954258866145438,
      2.087140114448258,
      1.9542588661454365
    ],
    [
      1.6796269159420152,
      0.0,
      1.9542588661454365,
      2.0871401144482618,
      1.954258866145443,
      2.4724724370858353,
      1.9542588661454414
    ],
    [
      1.9542588661454396,
      1.9542588661454365,
      0.0,
      2.1670859490701417,
      0.791943509038994,
      2.167085949070138,
      0.791943509038993
    ],
    [
      2.4724724370858326,
      2.0871401144482618,
      2.1670859490701417,
      0.0,
      2.167085949070138,
      3.0872356742943463,
      2.16708594907014
    ],
    [
      1.954258866145438,
      1.954258866145443,
      0.791943509038994,
      2.167085949070138,
      0.0,
      2.1670859490701417,
      0.7919435090389925
    ],
    [
      2.087140114448258,
      2.4724724370858353,
      2.167085949070138,
      3.0872356742943463,
      2.1670859490701417,
      0.0,
      2.1670859490701417
    ],
    [
      1.9542588661454365,
      1.9542588661454414,
      0.791943509038993,
      2.16708594907014,
      0.7919435090389925,
      2.1670859490701417,
      0.0
    ]
  ],
  "shortest_paths": {
    "0": {
      "0": 0,
      "1": 1.6796269159420152,
      "6": 1.9542588661454365,
      "4": 1.954258866145438,
      "2": 1.9542588661454396,
      "5": 2.087140114448258,
      "3": 2.4724724370858326
    },
    "1": {
      "1": 0,
      "0": 1.6796269159420152,
      "2": 1.9542588661454365,
      "6": 1.9542588661454414,
      "4": 1.954258866145443,
      "3": 2.0871401144482618,
      "5": 2.4724724370858353
    },
    "2": {
      "2": 0,
      "6": 0.791943509038993,
      "4": 0.791943509038994,
      "1": 1.9542588661454365,
      "0": 1.9542588661454396,
      "5": 2.167085949070138,
      "3": 2.1670859490701417
    },
    "3": {
      "3": 0,
      "1": 2.0871401144482618,
      "4": 2.167085949070138,
      "6": 2.16708594907014,
      "2": 2.1670859490701417,
      "0": 2.4724724370858326,
      "5": 3.0872356742943463
    },
    "4": {
      "4": 0,
      "6": 0.7919435090389925,
      "2": 0.791943509038994,
      "0": 1.954258866145438,
      "1": 1.954258866145443,
      "3": 2.167085949070138,
      "5": 2.1670859490701417
    },
    "5": {
      "5": 0,
      "0": 2.087140114448258,
      "2": 2.167085949070138,
      "4": 2.1670859490701417,
      "6": 2.1670859490701417,
      "1": 2.4724724370858353,
      "3": 3.0872356742943463
    },
    "6": {
      "6": 0,
      "4": 0.7919435090389925,
      "2": 0.791943509038993,
      "0": 1.9542588661454365,
      "1": 1.9542588661454414,
      "3": 2.16708594907014,
      "5": 2.1670859490701417
    }
  },
  "gromov_delta": 1.7711141945506454,
  "mean_distance": 1.6730606984373473,
  "angle_sums": [
    5.099318032797201,
    3.141592653589793,
    5.099318032797164,
    3.141592653589793,
    5.099318032797188,
    3.141592653589793,
    3.141592653589793,
    3.3797780440430247,
    3.141592653589793,
    3.141592653589793,
    4.477946751101387,
    3.141592653589793,
    3.3797780440430167,
    3.141592653589793,
    3.379778044043013,
    3.379778044043019,
    3.141592653589793,
    3.141592653589793,
    3.141592653589793,
    3.3797780440430403,
    4.477946751101367,
    3.3797780440430336,
    3.141592653589793,
    3.141592653589793,
    3.141592653589793,
    3.141592653589793,
    6.223539693947046,
    3.141592653589793,
    3.141592653589793,
    9.42477796076938,
    3.141592653589793,
    6.223539693947046,
    3.141592653589793,
    6.223539693947031,
    3.141592653589793
  ],
  "mean_angle_sum": 3.870279027978823,
  "min_angle_sum": 3.141592653589793,
  "max_angle_sum": 9.42477796076938,
  "angle_sum_deviations": [
    1.9577253792074076,
    0.0,
    1.9577253792073712,
    0.0,
    1.9577253792073952,
    0.0,
    0.0,
    0.23818539045323162,
    0.0,
    0.0,
    1.3363540975115935,
    0.0,
    0.23818539045322362,
    0.0,
    0.23818539045322007,
    0.23818539045322584,
    0.0,
    0.0,
    0.0,
    0.23818539045324716,
    1.336354097511574,
    0.2381853904532405,
    0.0,
    0.0,
    0.0,
    0.0,
    3.081947040357253,
    0.0,
    0.0,
    6.283185307179586,
    0.0,
    3.081947040357253,
    0.0,
    3.081947040357238,
    0.0
  ],
  "triangle_inequality_violations": [],
  "embedding_coords": null,
  "edge_weight_variance": 0.1540004690249433,
  "event_nodes": [
    [
      0,
      0
    ],
    [
      1,
      0
    ],
    [
      2,
      0
    ],
    [
      3,
      0
    ],
    [
      4,
      0
    ],
    [
      5,
      0
    ],
    [
      6,
      0
    ],
    [
      0,
      1
    ],
    [
      1,
      1
    ],
    [
      2,
      1
    ],
    [
      3,
      1
    ],
    [
      4,
      1
    ],
    [
      5,
      1
    ],
    [
      6,
      1
    ],
    [
      0,
      2
    ],
    [
      1,
      2
    ],
    [
      2,
      2
    ],
    [
      3,
      2
    ],
    [
      4,
      2
    ],
    [
      5,
      2
    ],
    [
      6,
      2
    ]
  ],
  "event_edges": [
    {
      "type": "spatial",
      "from": [
        0,
        0
      ],
      "to": [
        1,
        0
      ],
      "weight": 1.7281099700543687
    },
    {
      "type": "spatial",
      "from": [
        0,
        0
      ],
      "to": [
        2,
        0
      ],
      "weight": 1.4729407587579504
    },
    {
      "type": "spatial",
      "from": [
        0,
        0
      ],
      "to": [
        3,
        0
      ],
      "weight": 1.4598366868944506
    },
    {
      "type": "spatial",
      "from": [
        0,
        0
      ],
      "to": [
        4,
        0
      ],
      "weight": 1.4729407587579533
    },
    {
      "type": "spatial",
      "from": [
        0,
        0
      ],
      "to": [
        5,
        0
      ],
      "weight": 3.1575822027312013
    },
    {
      "type": "spatial",
      "from": [
        0,
        0
      ],
      "to": [
        6,
        0
      ],
      "weight": 1.4729407587579513
    },
    {
      "type": "spatial",
      "from": [
        1,
        0
      ],
      "to": [
        2,
        0
      ],
      "weight": 1.4729407587579533
    },
    {
      "type": "spatial",
      "from": [
        1,
        0
      ],
      "to": [
        3,
        0
      ],
      "weight": 3.1575822027311977
    },
    {
      "type": "spatial",
      "from": [
        1,
        0
      ],
      "to": [
        4,
        0
      ],
      "weight": 1.4729407587579557
    },
    {
      "type": "spatial",
      "from": [
        1,
        0
      ],
      "to": [
        5,
        0
      ],
      "weight": 1.4598366868944568
    },
    {
      "type": "spatial",
      "from": [
        1,
        0
      ],
      "to": [
        6,
        0
      ],
      "weight": 1.4729407587579508
    },
    {
      "type": "spatial",
      "from": [
        2,
        0
      ],
      "to": [
        3,
        0
      ],
      "weight": 1.6846414439732487
    },
    {
      "type": "spatial",
      "from": [
        2,
        0
      ],
      "to": [
        4,
        0
      ],
      "weight": 1.0959855651630757
    },
    {
      "type": "spatial",
      "from": [
        2,
        0
      ],
      "to": [
        5,
        0
      ],
      "weight": 1.6846414439732542
    },
    {
      "type": "spatial",
      "from": [
        2,
        0
      ],
      "to": [
        6,
        0
      ],
      "weight": 1.0959855651630792
    },
    {
      "type": "spatial",
      "from": [
        3,
        0
      ],
      "to": [
        4,
        0
      ],
      "weight": 1.6846414439732469
    },
    {
      "type": "spatial",
      "from": [
        3,
        0
      ],
      "to": [
        5,
        0
      ],
      "weight": 3.369282887946497
    },
    {
      "type": "spatial",
      "from": [
        3,
        0
      ],
      "to": [
        6,
        0
      ],
      "weight": 1.6846414439732469
    },
    {
      "type": "spatial",
      "from": [
        4,
        0
      ],
      "to": [
        5,
        0
      ],
      "weight": 1.6846414439732507
    },
    {
      "type": "spatial",
      "from": [
        4,
        0
      ],
      "to": [
        6,
        0
      ],
      "weight": 1.0959855651630772
    },
    {
      "type": "spatial",
      "from": [
        5,
        0
      ],
      "to": [
        6,
        0
      ],
      "weight": 1.68464144397325
    },
    {
      "type": "temporal",
      "from": [
        0,
        0
      ],
      "to": [
        0,
        1
      ],
      "weight": 1.0
    },
    {
      "type": "temporal",
      "from": [
        1,
        0
      ],
      "to": [
        1,
        1
      ],
      "weight": 1.0
    },
    {
      "type": "temporal",
      "from": [
        2,
        0
      ],
      "to": [
        2,
        1
      ],
      "weight": 1.0
    },
    {
      "type": "temporal",
      "from": [
        3,
        0
      ],
      "to": [
        3,
        1
      ],
      "weight": 1.0
    },
    {
      "type": "temporal",
      "from": [
        4,
        0
      ],
      "to": [
        4,
        1
      ],
      "weight": 1.0
    },
    {
      "type": "temporal",
      "from": [
        5,
        0
      ],
      "to": [
        5,
        1
      ],
      "weight": 1.0
    },
    {
      "type": "temporal",
      "from": [
        6,
        0
      ],
      "to": [
        6,
        1
      ],
      "weight": 1.0
    },
    {
      "type": "spatial",
      "from": [
        0,
        1
      ],
      "to": [
        1,
        1
      ],
      "weight": 2.407873328231713
    },
    {
      "type": "spatial",
      "from": [
        0,
        1
      ],
      "to": [
        2,
        1
      ],
      "weight": 1.9606898318737853
    },
    {
      "type": "spatial",
      "from": [
        0,
        1
      ],
      "to": [
        3,
        1
      ],
      "weight": 2.038134559986473
    },
    {
      "type": "spatial",
      "from": [
        0,
        1
      ],
      "to": [
        4,
        1
      ],
      "weight": 1.9606898318737835
    },
    {
      "type": "spatial",
      "from": [
        0,
        1
      ],
      "to": [
        5,
        1
      ],
      "weight": 4.339912352712471
    },
    {
      "type": "spatial",
      "from": [
        0,
        1
      ],
      "to": [
        6,
        1
      ],
      "weight": 1.9606898318737869
    },
    {
      "type": "spatial",
      "from": [
        1,
        1
      ],
      "to": [
        2,
        1
      ],
      "weight": 1.9606898318737835
    },
    {
      "type": "spatial",
      "from": [
        1,
        1
      ],
      "to": [
        3,
        1
      ],
      "weight": 4.339912352712469
    },
    {
      "type": "spatial",
      "from": [
        1,
        1
      ],
      "to": [
        4,
        1
      ],
      "weight": 1.9606898318737915
    },
    {
      "type": "spatial",
      "from": [
        1,
        1
      ],
      "to": [
        5,
        1
      ],
      "weight": 2.0381345599864766
    },
    {
      "type": "spatial",
      "from": [
        1,
        1
      ],
      "to": [
        6,
        1
      ],
      "weight": 1.960689831873782
    },
    {
      "type": "spatial",
      "from": [
        2,
        1
      ],
      "to": [
        3,
        1
      ],
      "weight": 2.379222520838685
    },
    {
      "type": "spatial",
      "from": [
        2,
        1
      ],
      "to": [
        4,
        1
      ],
      "weight": 1.0949107997232055
    },
    {
      "type": "spatial",
      "from": [
        2,
        1
      ],
      "to": [
        5,
        1
      ],
      "weight": 2.3792225208386877
    },
    {
      "type": "spatial",
      "from": [
        2,
        1
      ],
      "to": [
        6,
        1
      ],
      "weight": 1.0949107997232015
    },
    {
      "type": "spatial",
      "from": [
        3,
        1
      ],
      "to": [
        4,
        1
      ],
      "weight": 2.3792225208386806
    },
    {
      "type": "spatial",
      "from": [
        3,
        1
      ],
      "to": [
        5,
        1
      ],
      "weight": 4.758445041677368
    },
    {
      "type": "spatial",
      "from": [
        3,
        1
      ],
      "to": [
        6,
        1
      ],
      "weight": 2.37922252083869
    },
    {
      "type": "spatial",
      "from": [
        4,
        1
      ],
      "to": [
        5,
        1
      ],
      "weight": 2.3792225208386877
    },
    {
      "type": "spatial",
      "from": [
        4,
        1
      ],
      "to": [
        6,
        1
      ],
      "weight": 1.094910799723204
    },
    {
      "type": "spatial",
      "from": [
        5,
        1
      ],
      "to": [
        6,
        1
      ],
      "weight": 2.3792225208386877
    },
    {
      "type": "temporal",
      "from": [
        0,
        1
      ],
      "to": [
        0,
        2
      ],
      "weight": 1.0
    },
    {
      "type": "temporal",
      "from": [
        1,
        1
      ],
      "to": [
        1,
        2
      ],
      "weight": 1.0
    },
    {
      "type": "temporal",
      "from": [
        2,
        1
      ],
      "to": [
        2,
        2
      ],
      "weight": 1.0
    },
    {
      "type": "temporal",
      "from": [
        3,
        1
      ],
      "to": [
        3,
        2
      ],
      "weight": 1.0
    },
    {
      "type": "temporal",
      "from": [
        4,
        1
      ],
      "to": [
        4,
        2
      ],
      "weight": 1.0
    },
    {
      "type": "temporal",
      "from": [
        5,
        1
      ],
      "to": [
        5,
        2
      ],
      "weight": 1.0
    },
    {
      "type": "temporal",
      "from": [
        6,
        1
      ],
      "to": [
        6,
        2
      ],
      "weight": 1.0
    },
    {
      "type": "spatial",
      "from": [
        0,
        2
      ],
      "to": [
        1,
        2
      ],
      "weight": 1.6796269159420152
    },
    {
      "type": "spatial",
      "from": [
        0,
        2
      ],
      "to": [
        2,
        2
      ],
      "weight": 1.9542588661454396
    },
    {
      "type": "spatial",
      "from": [
        0,
        2
      ],
      "to": [
        3,
        2
      ],
      "weight": 2.4724724370858326
    },
    {
      "type": "spatial",
      "from": [
        0,
        2
      ],
      "to": [
        4,
        2
      ],
      "weight": 1.954258866145438
    },
    {
      "type": "spatial",
      "from": [
        0,
        2
      ],
      "to": [
        5,
        2
      ],
      "weight": 4.121344815215577
    },
    {
      "type": "spatial",
      "from": [
        0,
        2
      ],
      "to": [
        6,
        2
      ],
      "weight": 1.9542588661454365
    },
    {
      "type": "spatial",
      "from": [
        1,
        2
      ],
      "to": [
        2,
        2
      ],
      "weight": 1.9542588661454365
    },
    {
      "type": "spatial",
      "from": [
        1,
        2
      ],
      "to": [
        3,
        2
      ],
      "weight": 4.121344815215578
    },
    {
      "type": "spatial",
      "from": [
        1,
        2
      ],
      "to": [
        4,
        2
      ],
      "weight": 1.954258866145443
    },
    {
      "type": "spatial",
      "from": [
        1,
        2
      ],
      "to": [
        5,
        2
      ],
      "weight": 2.4724724370858353
    },
    {
      "type": "spatial",
      "from": [
        1,
        2
      ],
      "to": [
        6,
        2
      ],
      "weight": 1.9542588661454414
    },
    {
      "type": "spatial",
      "from": [
        2,
        2
      ],
      "to": [
        3,
        2
      ],
      "weight": 2.1670859490701417
    },
    {
      "type": "spatial",
      "from": [
        2,
        2
      ],
      "to": [
        4,
        2
      ],
      "weight": 0.791943509038994
    },
    {
      "type": "spatial",
      "from": [
        2,
        2
      ],
      "to": [
        5,
        2
      ],
      "weight": 2.167085949070138
    },
    {
      "type": "spatial",
      "from": [
        2,
        2
      ],
      "to": [
        6,
        2
      ],
      "weight": 0.791943509038993
    },
    {
      "type": "spatial",
      "from": [
        3,
        2
      ],
      "to": [
        4,
        2
      ],
      "weight": 2.167085949070138
    },
    {
      "type": "spatial",
      "from": [
        3,
        2
      ],
      "to": [
        5,
        2
      ],
      "weight": 4.33417189814028
    },
    {
      "type": "spatial",
      "from": [
        3,
        2
      ],
      "to": [
        6,
        2
      ],
      "weight": 2.16708594907014
    },
    {
      "type": "spatial",
      "from": [
        4,
        2
      ],
      "to": [
        5,
        2
      ],
      "weight": 2.1670859490701417
    },
    {
      "type": "spatial",
      "from": [
        4,
        2
      ],
      "to": [
        6,
        2
      ],
