{
  "spec": {
    "num_qubits": 4,
    "topology": "triangulated",
    "custom_edges": "0-1:0.7689,0-2:0.5893,0-3:0.8116,1-2:1.0000,1-3:0.5622,2-3:0.5622",
    "alpha": 0.8,
    "weight": 0.6284204436609103,
    "gamma": 0.3253676730249074,
    "sigma": 0.321612361408279,
    "init_angle": 0.27276961550843914,
    "init_angles": null,
    "shots": 100,
    "device": "simulator",
    "geometry": "spherical",
    "curvature": 4.5,
    "timesteps": 3,
    "dimension": 2,
    "mass_hinge": null,
    "mass_value": 0.0,
    "solve_regge": false,
    "lorentzian": true,
    "excite": true,
    "fast": false,
    "fast_preset": "balanced",
    "ctc_mode": false,
    "ctc_perturbation": null,
    "ctc_perturbation_strength": 1.0,
    "test_ctc_recovery": false,
    "strong_curvature": true,
    "charge_injection": true,
    "charge_strength": 2.5,
    "charge_location": null,
    "spin_injection": true,
    "spin_strength": 2.0,
    "spin_location": null,
    "edge_floor": 0.001,
    "compute_entropies": true,
    "hyperbolic_triangulation": true,
    "trotter_steps": 8,
    "dt": 0.05,
    "analyze_curvature": true,
    "einstein_solver": true,
    "page_curve": true,
    "radiation_ordering": null,
    "page_curve_timesteps": 15,
    "entropy_method": "hybrid",
    "num_shadows": 100,
    "shots_per_shadow": 1000,
    "num_bases": 20,
    "shots_per_basis": 1000,
    "enhanced_entanglement": false,
    "entanglement_strength": 1.0641377933792526,
    "interpolate_geometry": false,
    "smooth_charge_injection": false,
    "min_qubits_for_continuum": 10,
    "benchmark_against_classical_geometry": false,
    "geometry_fit_metric": "wasserstein,kl,euclidean",
    "verify_noise_robustness": false,
    "run_on_multiple_backends": false,
    "detect_and_flag_causal_loops": true,
    "restrict_information_flow_direction": "bidirectional",
    "filter_noncausal_edges": true,
    "use_ryu_takayanagi_test": true,
    "compare_MI_vs_subsystem_entropy": true,
    "embed_boundary_entropy_in_geometry": true,
    "entropy_engineering": true,
    "target_entropy_pattern": "quantum_gravity",
    "custom_target_entropies": null,
    "entropy_optimization_iterations": 200,
    "entropy_tolerance": 0.05,
    "continue_on_engineering_failure": true,
    "skip_entropy_engineering": false,
    "validate_engineered_geometry": true,
    "enhance_bell_violations": true,
    "bell_entanglement_strength": 4.0,
    "teleportation_circuits": true,
    "long_range_coupling": 3.0,
    "holographic_optimization": true,
    "rt_surface_encoding": true,
    "conformal_symmetry": true,
    "bulk_reconstruction": true,
    "scalable_entanglement": true,
    "parallel_execution": true,
    "memory_optimization": true,
    "circuit_compilation": "optimized",
    "real_hardware": false,
    "error_mitigation": true,
    "zero_noise_extrapolation": true,
    "zne_noise_factors": [
      1.0,
      2.0,
      3.0
    ],
    "zne_extrapolation_method": "polynomial",
    "hardware_calibration": true,
    "noise_characterization": true,
    "backend_name": "ibm_brisbane",
    "quantum_mode": true,
    "quantum_entanglement_strength": 5.0,
    "quantum_circuit_depth": 12,
    "geometric_teleportation": false,
    "teleportation_mode": "both",
    "bridge_strength": 1.0,
    "signal_state": "+",
    "emergent_geometry_teleportation": false,
    "teleportation_node_pairs": "auto",
    "teleportation_embedding_dim": 2,
    "teleportation_fidelity_threshold": 0.7,
    "superposition_gravity": true,
    "massive_bulk_mass_hinge": "2",
    "massive_bulk_mass_value": 1.0,
    "massless_bulk_mass_hinge": "None",
    "massless_bulk_mass_value": 0.0,
    "superposition_control_qubit": 0,
    "superposition_phase": 0.0,
    "interference_analysis": true,
    "classical_mixture_comparison": true,
    "coherence_preservation": true,
    "bulk_reconstruction_method": "mi_embedding"
  },
  "uid": "LHMMOE",
  "counts_per_timestep": [
    null,
    null,
    null
  ],
  "job_ids_per_timestep": [
    null,
    null,
    null
  ],
  "entropy_per_timestep": [
    null,
    null,
    null
  ],
  "mutual_information_per_timestep": [
    {
      "I_0,1": 0.06369932685100163,
      "I_0,2": 0.06981160503321261,
      "I_0,3": 0.06369932685100153,
      "I_1,2": 0.06369932685100073,
      "I_1,3": 0.01952218630277855,
      "I_2,3": 0.06369932685100183
    },
    {
      "I_0,1": 0.32995305275482945,
      "I_0,2": 0.3645112813241699,
      "I_0,3": 0.32995305275482867,
      "I_1,2": 0.3299530527548292,
      "I_1,3": 0.22263687217562,
      "I_2,3": 0.32995305275482945
    },
    {
      "I_0,1": 0.47200172672715124,
      "I_0,2": 0.6038391657591404,
      "I_0,3": 0.47200172672715013,
      "I_1,2": 0.4720017267271508,
      "I_1,3": 0.5112890787089913,
      "I_2,3": 0.4720017267271497
    }
  ],
  "boundary_entropies_per_timestep": [
    {
      "entropy_A": 0.07215167947767871,
      "entropy_B": 0.07215167947767501,
      "mi_AB": 0.14430335895534135,
      "pure_state_check": true,
      "entropy_difference": 3.70536934468646e-15,
      "multiple_regions": {
        "size_1_region_0": {
          "region": [
            0
          ],
          "entropy": 0.09729638884289167,
          "rt_area": 3,
          "size": 1
        },
        "size_1_region_1": {
          "region": [
            1
          ],
          "entropy": 0.07215167947767491,
          "rt_area": 3,
          "size": 1
        },
        "size_1_region_2": {
          "region": [
            2
          ],
          "entropy": 0.09729638884289202,
          "rt_area": 3,
          "size": 1
        },
        "size_2_region_0": {
          "region": [
            0,
            1
          ],
          "entropy": 0.1057487414695659,
          "rt_area": 4,
          "size": 2
        },
        "size_2_region_1": {
          "region": [
            0,
            2
          ],
          "entropy": 0.12478117265257173,
          "rt_area": 4,
          "size": 2
        },
        "size_2_region_2": {
          "region": [
            0,
            3
          ],
          "entropy": 0.10574874146956544,
          "rt_area": 4,
          "size": 2
        },
        "size_3_region_0": {
          "region": [
            0,
            1,
            2
          ],
          "entropy": 0.07215167947767871,
          "rt_area": 3,
          "size": 3
        },
        "size_3_region_1": {
          "region": [
            0,
            1,
            3
          ],
          "entropy": 0.0972963888428929,
          "rt_area": 3,
          "size": 3
        },
        "size_3_region_2": {
          "region": [
            0,
            2,
            3
          ],
          "entropy": 0.07215167947767484,
          "rt_area": 3,
          "size": 3
        }
      }
    },
    {
      "entropy_A": 0.4429160534535092,
      "entropy_B": 0.4429160534535046,
      "mi_AB": 0.8858321069070034,
      "pure_state_check": true,
      "entropy_difference": 4.6074255521944e-15,
      "multiple_regions": {
        "size_1_region_0": {
          "region": [
            0
          ],
          "entropy": 0.5138532580277794,
          "rt_area": 3,
          "size": 1
        },
        "size_1_region_1": {
          "region": [
            1
          ],
          "entropy": 0.4429160534535046,
          "rt_area": 3,
          "size": 1
        },
        "size_1_region_2": {
          "region": [
            2
          ],
          "entropy": 0.5138532580277794,
          "rt_area": 3,
          "size": 1
        },
        "size_2_region_0": {
          "region": [
            0,
            1
          ],
          "entropy": 0.6268162587264546,
          "rt_area": 4,
          "size": 2
        },
        "size_2_region_1": {
          "region": [
            0,
            2
          ],
          "entropy": 0.6631952347313889,
          "rt_area": 4,
          "size": 2
        },
        "size_2_region_2": {
          "region": [
            0,
            3
          ],
          "entropy": 0.6268162587264546,
          "rt_area": 4,
          "size": 2
        },
        "size_3_region_0": {
          "region": [
            0,
            1,
            2
          ],
          "entropy": 0.4429160534535092,
          "rt_area": 3,
          "size": 3
        },
        "size_3_region_1": {
          "region": [
            0,
            1,
            3
          ],
          "entropy": 0.5138532580277813,
          "rt_area": 3,
          "size": 3
        },
        "size_3_region_2": {
          "region": [
            0,
            2,
            3
          ],
          "entropy": 0.4429160534535088,
          "rt_area": 3,
          "size": 3
        }
      }
    },
    {
      "entropy_A": 0.7273657018564224,
      "entropy_B": 0.727365701856421,
      "mi_AB": 1.4547314037128298,
      "pure_state_check": true,
      "entropy_difference": 1.3322676295501878e-15,
      "multiple_regions": {
        "size_1_region_0": {
          "region": [
            0
          ],
          "entropy": 0.7736407453814937,
          "rt_area": 3,
          "size": 1
        },
        "size_1_region_1": {
          "region": [
            1
          ],
          "entropy": 0.7273657018564208,
          "rt_area": 3,
          "size": 1
        },
        "size_1_region_2": {
          "region": [
            2
          ],
          "entropy": 0.7736407453814947,
          "rt_area": 3,
          "size": 1
        },
        "size_2_region_0": {
          "region": [
            0,
            1
          ],
          "entropy": 1.0290047205107637,
          "rt_area": 4,
          "size": 2
        },
        "size_2_region_1": {
          "region": [
            0,
            2
          ],
          "entropy": 0.9434423250038493,
          "rt_area": 4,
          "size": 2
        },
        "size_2_region_2": {
          "region": [
            0,
            3
          ],
          "entropy": 1.0290047205107644,
          "rt_area": 4,
          "size": 2
        },
        "size_3_region_0": {
          "region": [
            0,
            1,
            2
          ],
          "entropy": 0.7273657018564224,
          "rt_area": 3,
          "size": 3
        },
        "size_3_region_1": {
          "region": [
            0,
            1,
            3
          ],
          "entropy": 0.7736407453814952,
          "rt_area": 3,
          "size": 3
        },
        "size_3_region_2": {
          "region": [
            0,
            2,
            3
          ],
          "entropy": 0.7273657018564235,
          "rt_area": 3,
          "size": 3
        }
      }
    }
  ],
  "distance_matrix_per_timestep": [
    [
      [
        0.0,
        2.7535812839480562,
        2.6619550218128643,
        2.7535812839480576
      ],
      [
        2.7535812839480562,
        0.0,
        2.7535812839480704,
        5.507162567896113
      ],
      [
        2.6619550218128643,
        2.7535812839480704,
        0.0,
        2.753581283948053
      ],
      [
        2.7535812839480576,
        5.507162567896113,
        2.753581283948053,
        0.0
      ]
    ],
    [
      [
        0.0,
        1.1088048990214525,
        1.009197777877473,
        1.108804899021455
      ],
      [
        1.1088048990214525,
        0.0,
        1.1088048990214532,
        2.217609798042906
      ],
      [
        1.009197777877473,
        1.1088048990214532,
        0.0,
        1.1088048990214525
      ],
      [
        1.108804899021455,
        2.217609798042906,
        1.1088048990214525,
        0.0
      ]
    ],
    [
      [
        0.0,
        0.7507726350830376,
        0.5044473983623582,
        0.75077263508304
      ],
      [
        0.7507726350830376,
        0.0,
        0.7507726350830386,
        1.5015452701660776
      ],
      [
        0.5044473983623582,
        0.7507726350830386,
        0.0,
        0.7507726350830409
      ],
      [
        0.75077263508304,
        1.5015452701660776,
        0.7507726350830409,
        0.0
      ]
    ]
  ],
  "edge_mi": {
    "0,1": 0.47200172672715124,
    "0,3": 0.47200172672715013,
    "0,2": 0.6038391657591404,
    "1,2": 0.4720017267271508,
    "2,3": 0.4720017267271497
  },
  "distance_matrix": [
    [
      0.0,
      0.7507726350830376,
      0.5044473983623582,
      0.75077263508304
    ],
    [
      0.7507726350830376,
      0.0,
      0.7507726350830386,
      0.6708201369737288
    ],
    [
      0.5044473983623582,
      0.7507726350830386,
      0.0,
      0.7507726350830409
    ],
    [
      0.75077263508304,
      0.6708201369737288,
      0.7507726350830409,
      0.0
    ]
  ],
  "shortest_paths": {
    "0": {
      "0": 0,
      "2": 0.5044473983623582,
      "1": 0.7507726350830376,
      "3": 0.75077263508304
    },
    "1": {
      "1": 0,
      "3": 0.6708201369737288,
      "0": 0.7507726350830376,
      "2": 0.7507726350830386
    },
    "2": {
      "2": 0,
      "0": 0.5044473983623582,
      "1": 0.7507726350830386,
      "3": 0.7507726350830409
    },
    "3": {
      "3": 0,
      "1": 0.6708201369737288,
      "0": 0.75077263508304,
      "2": 0.7507726350830409
    }
  },
  "gromov_delta": 0.4985489359018614,
  "mean_distance": 0.5222947594585305,
  "angle_sums": [
    4.2378561340769245,
    4.602683391036644,
    4.237856134076931,
    4.602683391036647
  ],
  "mean_angle_sum": 4.420269762556787,
  "min_angle_sum": 4.2378561340769245,
  "max_angle_sum": 4.602683391036647,
  "angle_sum_deviations": [
    1.0962634804871314,
    1.4610907374468507,
    1.0962634804871376,
    1.4610907374468542
  ],
  "triangle_inequality_violations": [],
  "embedding_coords": [
    [
      0.04899568068425519,
      0.26393510661605474
    ],
    [
      -0.02951274228140417,
      -0.28788560755185344
    ],
    [
      0.2682896362660283,
      -0.008963122255394227
    ],
    [
      -0.2877725746688793,
      0.03291362319119295
    ]
  ],
  "embedding_coords_3d": [
    [
      -0.2403181376655255,
      0.10252791272593187,
      0.07568011540637667
    ],
    [
      0.06586768239627384,
      0.056844181063357035,
      -0.2793710399506973
    ],
    [
      -0.04910212018379523,
      -0.26352300815740826,
      0.04622714649250742
    ],
    [
      0.22355257545304683,
      0.10415091436811938,
      0.1574637780518132
    ]
  ],
  "edge_weight_variance": 0.02599249999999999,
  "event_nodes": [
    [
      0,
      0
    ],
    [
      1,
      0
    ],
    [
      2,
      0
    ],
    [
      3,
      0
    ],
    [
      0,
      1
    ],
    [
      1,
      1
    ],
    [
      2,
      1
    ],
    [
      3,
      1
    ],
    [
      0,
      2
    ],
    [
      1,
      2
    ],
    [
      2,
      2
    ],
    [
      3,
      2
    ]
  ],
  "event_edges": [
    {
      "type": "spatial",
      "from": [
        0,
        0
      ],
      "to": [
        1,
        0
      ],
      "weight": 2.7535812839480562
    },
    {
      "type": "spatial",
      "from": [
        0,
        0
      ],
      "to": [
        2,
        0
      ],
      "weight": 2.6619550218128643
    },
    {
      "type": "spatial",
      "from": [
        0,
        0
      ],
      "to": [
        3,
        0
      ],
      "weight": 2.7535812839480576
    },
    {
      "type": "spatial",
      "from": [
        1,
        0
      ],
      "to": [
        2,
        0
      ],
      "weight": 2.7535812839480704
    },
    {
      "type": "spatial",
      "from": [
        1,
        0
      ],
      "to": [
        3,
        0
      ],
      "weight": 5.507162567896113
    },
    {
      "type": "spatial",
      "from": [
        2,
        0
      ],
      "to": [
        3,
        0
      ],
      "weight": 2.753581283948053
    },
    {
      "type": "temporal",
      "from": [
        0,
        0
      ],
      "to": [
        0,
        1
      ],
      "weight": 1.0
    },
    {
      "type": "temporal",
      "from": [
        1,
        0
      ],
      "to": [
        1,
        1
      ],
      "weight": 1.0
    },
    {
      "type": "temporal",
      "from": [
        2,
        0
      ],
      "to": [
        2,
        1
      ],
      "weight": 1.0
    },
    {
      "type": "temporal",
      "from": [
        3,
        0
      ],
      "to": [
        3,
        1
      ],
      "weight": 1.0
    },
    {
      "type": "spatial",
      "from": [
        0,
        1
      ],
      "to": [
        1,
        1
      ],
      "weight": 1.1088048990214525
    },
    {
      "type": "spatial",
      "from": [
        0,
        1
      ],
      "to": [
        2,
        1
      ],
      "weight": 1.009197777877473
    },
    {
      "type": "spatial",
      "from": [
        0,
        1
      ],
      "to": [
        3,
        1
      ],
      "weight": 1.108804899021455
    },
    {
      "type": "spatial",
      "from": [
        1,
        1
      ],
      "to": [
        2,
        1
      ],
      "weight": 1.1088048990214532
    },
    {
      "type": "spatial",
      "from": [
        1,
        1
      ],
      "to": [
        3,
        1
      ],
      "weight": 2.217609798042906
    },
    {
      "type": "spatial",
      "from": [
        2,
        1
      ],
      "to": [
        3,
        1
      ],
      "weight": 1.1088048990214525
    },
    {
      "type": "temporal",
      "from": [
        0,
        1
      ],
      "to": [
        0,
        2
      ],
      "weight": 1.0
    },
    {
      "type": "temporal",
      "from": [
        1,
        1
      ],
      "to": [
        1,
        2
      ],
      "weight": 1.0
    },
    {
      "type": "temporal",
      "from": [
        2,
        1
      ],
      "to": [
        2,
        2
      ],
      "weight": 1.0
    },
    {
      "type": "temporal",
      "from": [
        3,
        1
      ],
      "to": [
        3,
        2
      ],
      "weight": 1.0
    },
    {
      "type": "spatial",
      "from": [
        0,
        2
      ],
      "to": [
        1,
        2
      ],
      "weight": 0.7507726350830376
    },
    {
      "type": "spatial",
      "from": [
        0,
        2
      ],
      "to": [
        2,
        2
      ],
      "weight": 0.5044473983623582
    },
    {
      "type": "spatial",
      "from": [
        0,
        2
      ],
      "to": [
        3,
        2
      ],
      "weight": 0.75077263508304
    },
    {
      "type": "spatial",
      "from": [
        1,
        2
      ],
      "to": [
        2,
        2
      ],
      "weight": 0.7507726350830386
    },
    {
      "type": "spatial",
      "from": [
        1,
        2
      ],
      "to": [
        3,
        2
      ],
      "weight": 1.5015452701660776
    },
    {
      "type": "spatial",
      "from": [
        2,
        2
      ],
      "to": [
        3,
        2
      ],
      "weight": 0.7507726350830409
    }
  ],
  "lorentzian_dissimilarity": [
    [
      0.0,
      7.582209887309026,
      7.086004538154727,
      7.582209887309033,
      -1.0,
      6.582209887309026,
      6.086004538154727,
      6.582209887309033,
      -4.0,
      3.582209887309026,
      3.086004538154727,
      3.582209887309033
    ],
    [
      7.582209887309026,
      0.0,
      7.582209887309104,
      30.328839549236115,
      6.582209887309026,
      -1.0,
      6.582209887309104,
      29.328839549236115,
      3.582209887309026,
      -4.0,
      3.582209887309104,
      26.328839549236115
    ],
    [
      7.086004538154727,
      7.582209887309104,
      0.0,
      7.582209887309009,
      6.086004538154727,
      6.582209887309104,
      -1.0,
      6.582209887309009,
      3.086004538154727,
      3.582209887309104,
      -4.0,
      3.582209887309009
    ],
    [
      7.582209887309033,
      30.328839549236115,
      7.582209887309009,
      0.0,
      6.582209887309033,
      29.328839549236115,
      6.582209887309009,
      -1.0,
      3.582209887309033,
      26.328839549236115,
      3.582209887309009,
      -4.0
    ],
    [
      -1.0,
      6.582209887309026,
      6.086004538154727,
      6.582209887309033,
      0.0,
      1.2294483040939734,
      1.0184801548728293,
      1.229448304093979,
      -1.0,
      0.22944830409397343,
      0.01848015487282928,
      0.22944830409397898
    ],
    [
      6.582209887309026,
      -1.0,
      6.582209887309104,
      29.328839549236115,
      1.2294483040939734,
      0.0,
      1.229448304093975,
      4.917793216375898,
      0.22944830409397343,
      -1.0,
      0.229448304093975,
      3.917793216375898
    ],
    [
      6.086004538154727,
      6.582209887309104,
      -1.0,
      6.582209887309009,
      1.0184801548728293,
      1.229448304093975,
      0.0,
      1.2294483040939734,
      0.01848015487282928,
      0.229448304093975,
      -1.0,
      0.22944830409397343
    ],
    [
      6.582209887309033,
      29.328839549236115,
      6.582209887309009,
      -1.0,
      1.229448304093979,
      4.917793216375898,
      1.2294483040939734,
      0.0,
      0.22944830409397898,
      3.917793216375898,
      0.22944830409397343,
      -1.0
    ],
    [
      -4.0,
      3.582209887309026,
      3.086004538154727,
      3.582209887309033,
      -1.0,
      0.22944830409397343,
      0.01848015487282928,
      0.22944830409397898,
      0.0,
      0.5636595495895279,
      0.2544671777145517,
      0.5636595495895316
    ],
    [
      3.582209887309026,
      -4.0,
      3.582209887309104,
      26.328839549236115,
      0.22944830409397343,
      -1.0,
      0.229448304093975,
      3.917793216375898,
      0.5636595495895279,
      0.0,
      0.5636595495895295,
      2.254638198358119
    ],
    [
      3.086004538154727,
      3.582209887309104,
      -4.0,
      3.582209887309009,
      0.01848015487282928,
      0.229448304093975,
      -1.0,
      0.22944830409397343,
      0.2544671777145517,
      0.5636595495895295,
      0.0,
      0.5636595495895329
    ],
    [
      3.582209887309033,
      26.328839549236115,
      3.582209887309009,
      -4.0,
      0.22944830409397898,
      3.917793216375898,
      0.22944830409397343,
      -1.0,
      0.5636595495895316,
      2.254638198358119,
      0.5636595495895329,
      0.0
    ]
  ],
  "lorentzian_embedding": [
    [
      0.8459040901808348,
      0.10917517436035505,
      0.327599190801881
    ],
    [
      2.8218915951753307,
      -2.533111963488258,
      -2.352159244619658
    ],
    [
      1.2379794996472004,
      0.5843989574714641,
      -2.010280626617514
    ],
    [
      -0.5304955426319935,
      3.4782600823248484,
      -0.5680425025432649
    ],
    [
      0.9318054496297512,
      0.2133166249874132,
      -0.18467926798108103
    ],
    [
      -0.42369673773470107,
      -1.6383336196851646,
      0.11125192613111412
    ],
    [
      1.0797623644001901,
      0.3926680716896163,
      -1.067038730814162
    ],
    [
      2.140010164190032,
      1.8864428315800696,
      0.3977448415593717
    ],
    [
      0.9858421807160292,
      0.2786957603407698,
      -0.5063454920287055
    ],
    [
      -0.5467931252484124,
      -1.4813940522256501,
      -0.20495909339630355
    ],
    [
      1.0725997327686807,
      0.3839166653560554,
      -1.0239775667884556
    ],
    [
      2.3851945332326503,
      1.8774237286665452,
      -0.013890877054495978
    ]
  ],
  "edge_length_evolution": [],
  "angle_deficit_evolution": [],
  "regge_action_evolution": [],
  "gromov_delta_evolution": [],
  "mass_hinge": null,
  "mass_value": 0.0,
  "matter": [
    {
      "(0, 1)": 0.0,
      "(1, 2)": 0.0,
      "(0, 3)": 0.0,
      "(2, 3)": 0.0,
      "(0, 2)": 0.0,
      "(1, 3)": 0.0
    },
    {
      "(0, 1)": 0.0,
      "(1, 2)": 0.0,
      "(0, 3)": 0.0,
      "(2, 3)": 0.0,
      "(0, 2)": 0.0,
      "(1, 3)": 0.0
    },
    {
      "(0, 1)": 0.0,
      "(1, 2)": 0.0,
      "(0, 3)": 0.0,
      "(2, 3)": 0.0,
      "(0, 2)": 0.0,
      "(1, 3)": 0.0
    }
  ],
  "stationary_solution": null,
  "einstein_analysis_per_timestep": [
    {
      "ricci_tensor": [
        [
          0.021508193671249804,
          0.0
        ],
        [
          0.0,
          0.021508193671249804
        ]
      ],
      "metric_tensor": [
        [
          1.00430163873425,
          0.0021508193671249806
        ],
        [
          0.0021508193671249806,
          1.00430163873425
        ]
      ],
      "stress_energy_tensor": [
        [
          0.021508193671249804,
          0.0004301638734249961
        ],
        [
          0.0004301638734249961,
          0.021508193671249804
        ]
      ],
      "einstein_solution": {
        "einstein_tensor": [
          [
            0.0,
            0.0
          ],
          [
            0.0,
            0.0
          ]
        ],
        "ricci_scalar": 0.04301638734249961,
        "metric_tensor": [
          [
            1.0,
            0.0
          ],
          [
            0.0,
            1.0
          ]
        ],
        "lhs": [
          [
            0.0,
            0.0
          ],
          [
            0.0,
            0.0
          ]
        ],
        "rhs": [
          [
            0.021508193671249804,
            0.0004301638734249961
          ],
          [
            0.0004301638734249961,
            0.021508193671249804
          ]
        ],
        "equations_satisfied": false,
        "residual": 0.030423262019645105,
        "conservation_violation": 0.021508193671249804,
        "gravitational_constant": 0.039788735772973836,
        "cosmological_constant": 0.0
      },
      "entropy_first_derivative": 0.0,
      "entropy_second_derivative": 0.0,
      "entropy_curvature_correlation": 0.030417174192029463,
      "emergent_gravitational_constant": 0.003423135339757226,
      "average_mutual_information": 0.04301638734249961,
      "ricci_scalar": 0.04301638734249961,
      "analysis_summary": {
        "einstein_equations_satisfied": false,
        "residual_magnitude": 0.030423262019645105,
        "conservation_violation": 0.021508193671249804,
        "entropy_evolution_rate": 0.0,
        "entropy_acceleration": 0.0,
        "entanglement_curvature_coupling": 0.030417174192029463
      }
    },
    {
      "ricci_tensor": [
        [
          0.11918502278244417,
          0.0
        ],
        [
          0.0,
          0.11918502278244417
        ]
      ],
      "metric_tensor": [
        [
          1.0238370045564888,
          0.011918502278244418
        ],
        [
          0.011918502278244418,
          1.0238370045564888
        ]
      ],
      "stress_energy_tensor": [
        [
          0.11918502278244417,
          0.0023837004556488835
        ],
        [
          0.0023837004556488835,
          0.11918502278244417
        ]
      ],
      "einstein_solution": {
        "einstein_tensor": [
          [
            0.0,
            0.0
          ],
          [
            0.0,
            0.0
          ]
        ],
        "ricci_scalar": 0.23837004556488833,
        "metric_tensor": [
          [
            1.0,
            0.0
          ],
          [
            0.0,
            1.0
          ]
        ],
        "lhs": [
          [
            0.0,
            0.0
          ],
          [
            0.0,
            0.0
          ]
        ],
        "rhs": [
          [
            0.11918502278244417,
            0.0023837004556488835
          ],
          [
            0.0023837004556488835,
            0.11918502278244417
          ]
        ],
        "equations_satisfied": false,
        "residual": 0.16858678289542153,
        "conservation_violation": 0.11918502278244417,
        "gravitational_constant": 0.039788735772973836,
        "cosmological_constant": 0.0
      },
      "entropy_first_derivative": 0.0,
      "entropy_second_derivative": 0.0,
      "entropy_curvature_correlation": 0.168553070650679,
      "emergent_gravitational_constant": 0.018968885518346152,
      "average_mutual_information": 0.23837004556488833,
      "ricci_scalar": 0.23837004556488833,
      "analysis_summary": {
        "einstein_equations_satisfied": false,
        "residual_magnitude": 0.16858678289542153,
        "conservation_violation": 0.11918502278244417,
        "entropy_evolution_rate": 0.0,
        "entropy_acceleration": 0.0,
        "entanglement_curvature_coupling": 0.168553070650679
      }
    },
    {
      "ricci_tensor": [
        [
          0.18769594696104586,
          0.0
        ],
        [
          0.0,
          0.18769594696104586
        ]
      ],
      "metric_tensor": [
        [
          1.0375391893922092,
          0.018769594696104588
        ],
        [
          0.018769594696104588,
          1.0375391893922092
        ]
      ],
      "stress_energy_tensor": [
        [
          0.18769594696104586,
          0.0037539189392209174
        ],
        [
          0.0037539189392209174,
          0.18769594696104586
        ]
      ],
      "einstein_solution": {
        "einstein_tensor": [
          [
            0.0,
            0.0
          ],
          [
            0.0,
            0.0
          ]
        ],
        "ricci_scalar": 0.3753918939220917,
        "metric_tensor": [
          [
            1.0,
            0.0
          ],
          [
            0.0,
            1.0
          ]
        ],
        "lhs": [
          [
            0.0,
            0.0
          ],
          [
            0.0,
            0.0
          ]
        ],
        "rhs": [
          [
            0.18769594696104586,
            0.0037539189392209174
          ],
          [
            0.0037539189392209174,
            0.18769594696104586
          ]
        ],
        "equations_satisfied": false,
        "residual": 0.26549523691774957,
        "conservation_violation": 0.18769594696104586,
        "gravitational_constant": 0.039788735772973836,
        "cosmological_constant": 0.0
      },
      "entropy_first_derivative": 0.0,
      "entropy_second_derivative": 0.0,
      "entropy_curvature_correlation": 0.26544214879477224,
      "emergent_gravitational_constant": 0.02987273775716466,
      "average_mutual_information": 0.3753918939220917,
      "ricci_scalar": 0.3753918939220917,
      "analysis_summary": {
        "einstein_equations_satisfied": false,
        "residual_magnitude": 0.26549523691774957,
        "conservation_violation": 0.18769594696104586,
        "entropy_evolution_rate": 0.0,
        "entropy_acceleration": 0.0,
        "entanglement_curvature_coupling": 0.26544214879477224
      }
    }
  ],
  "bootstrap_analysis": {
    "gromov_delta": {
      "mean": 1.5377196060175198,
      "lower_ci": 0.7507726350830399,
      "upper_ci": 2.7535812839480656,
      "all_values": [
        2.7535812839480656,
        1.108804899021454,
        0.7507726350830399
      ],
      "uncertainty": 1.2158616779305458
    },
    "entropy": {
      "mean": null,
      "lower_ci": null,
      "upper_ci": null,
      "uncertainty": null
    },
    "distance_matrix": {
      "mean": [
        [
          0.0,
          1.5377196060175153,
          1.3918667326842318,
          1.5377196060175173
        ],
        [
          1.5377196060175153,
          0.0,
          1.537719606017521,
          3.0754392120350325
        ],
        [
          1.3918667326842318,
          1.537719606017521,
          0.0,
          1.5377196060175156
        ],
        [
          1.5377196060175173,
          3.0754392120350325,
          1.5377196060175156,
          0.0
        ]
      ],
      "lower_ci": [
        [
          0.0,
          0.7507726350830376,
          0.5044473983623582,
          0.75077263508304
        ],
        [
          0.7507726350830376,
          0.0,
          0.7507726350830386,
          1.5015452701660774
        ],
        [
          0.5044473983623582,
          0.7507726350830386,
          0.0,
          0.7507726350830409
        ],
        [
          0.75077263508304,
          1.5015452701660774,
          0.7507726350830409,
          0.0
        ]
      ],
      "upper_ci": [
        [
          0.0,
          2.7535812839480562,
          2.6619550218128643,
          2.753581283948057
        ],
        [
          2.7535812839480562,
          0.0,
          2.7535812839480704,
          5.507162567896113
        ],
        [
          2.6619550218128643,
          2.7535812839480704,
          0.0,
          2.753581283948053
        ],
        [
          2.753581283948057,
          5.507162567896113,
          2.753581283948053,
          0.0
        ]
      ]
    }
  },
  "topology_compatibility": {
    "current_topology": "triangulated",
    "explanation": "Triangulated topology is specifically designed for angle-sum curvature. Creates multiple triangles per vertex, enabling robust local curvature measurements. Each vertex has multiple incident triangles for well-defined angle sums.",
    "supports_local_curvature": true
  },
  "rt_surface_analysis": {
    "region_A": [
      0
    ],
    "region_B": [
      1,
      2,
      3
    ],
    "bulk_point": 2,
    "is_complementary": true,
    "rt_area_AB": 2.0059926685284357,
    "rt_area_BA": 2.0059926685284357,
    "area_consistent": true,
    "edges_consistent": true,
    "area_difference": 0.0,
    "rt_edges_AB": [
      [
        0,
        1
      ],
      [
        0,
        2
      ],
      [
        0,
        3
      ]
    ],
    "rt_edges_BA": [
      [
        0,
        1
      ],
      [
        0,
        2
      ],
      [
        0,
        3
      ]
    ],
    "edge_lengths": [
      0.7507726350830376,
      0.5044473983623582,
      0.75077263508304,
      0.7507726350830386,
      1.5015452701660776,
      0.7507726350830409
    ],
    "all_edges": [
      [
        0,
        1
      ],
      [
        0,
        2
      ],
      [
        0,
        3
      ],
      [
        1,
        2
      ],
      [
        1,
        3
      ],
      [
        2,
        3
      ]
    ]
  },
  "bulk_excitation_analysis": {
    "ground_state_mi": [
      [
        0.0,
        0.4720017267271508,
        0.6038391657591391,
        0.47200172672715035
      ],
      [
        0.4720017267271508,
        0.0,
        0.4720017267271506,
        0.5112890787089915
      ],
      [
        0.6038391657591391,
        0.4720017267271506,
        0.0,
        0.472001726727151
      ],
      [
        0.47200172672715035,
        0.5112890787089915,
        0.472001726727151,
        0.0
      ]
    ],
    "excited_state_mi": [
      [
        0.0,
        0.668333346248156,
        0.5948347276053303,
        0.6683333462481554
      ],
      [
        0.668333346248156,
        0.0,
        0.5480911068652096,
        0.6772096634254317
      ],
      [
        0.5948347276053303,
        0.5480911068652096,
        0.0,
        0.5480911068652096
      ],
      [
        0.6683333462481554,
        0.6772096634254317,
        0.5480911068652096,
        0.0
      ]
    ],
    "mi_difference": [
      [
        0.0,
        0.1963316195210052,
        -0.009004438153808803,
        0.19633161952100509
      ],
      [
        0.1963316195210052,
        0.0,
        0.07608938013805899,
        0.1659205847164401
      ],
      [
        -0.009004438153808803,
        0.07608938013805899,
        0.0,
        0.07608938013805855
      ],
      [
        0.19633161952100509,
        0.1659205847164401,
        0.07608938013805855,
        0.0
      ]
    ],
    "avg_mi_change": 0.08997087777354709,
    "max_mi_change": 0.1963316195210052,
    "mi_change_boundary_A": NaN,
    "mi_change_boundary_B": 0.10603311499751922,
    "bulk_point": 2,
    "ground_state_counts": {
      "1111 1111": 16,
      "1000 1000": 11,
      "1101 1101": 3,
      "0100 0100": 1,
      "0010 0010": 11,
      "1010 1010": 4,
      "0000 0000": 32,
      "0111 0111": 3,
      "0011 0011": 2,
      "1100 1100": 3,
      "1110 1110": 7,
      "1011 1011": 3,
      "0101 0101": 3,
      "0001 0001": 1
    },
    "excited_state_counts": {
      "0010 1000": 4,
      "0010 0000": 4,
      "1011 0001": 2,
      "1010 0000": 17,
      "0000 1010": 2,
      "1101 0111": 1,
      "1100 0110": 3,
      "0000 1110": 2,
      "1100 0010": 4,
      "0111 1111": 1,
      "1110 0000": 11,
      "0001 1111": 8,
      "0100 1000": 1,
      "0011 1001": 1,
      "0101 0011": 1,
      "1001 0111": 5,
      "1111 0011": 1,
      "0110 1100": 1,
      "0000 1100": 2,
      "0100 1110": 4,
      "0011 1101": 1,
      "1110 0100": 1,
      "1111 0101": 1,
      "1011 0011": 1,
      "0101 1111": 3,
      "0110 1000": 6,
      "1000 0010": 1,
      "0100 0110": 1,
      "1110 1000": 1,
      "1010 0100": 1,
      "1000 1110": 1,
      "0001 1101": 1,
      "0010 1100": 2,
      "1111 1101": 1,
      "0101 1011": 2,
      "0111 1101": 1
    },
    "boundary_entropies": {
      "ground_state": {
        "entropy_A": 0.7273657018564224,
        "entropy_B": 0.727365701856421,
        "mi_AB": 1.4547314037128298
      },
      "excited_state": {
        "entropy_A": 0.7547070936000737,
        "entropy_B": 0.7547070936000713,
        "mi_AB": 1.5094141872001305
      },
      "rt_relation_test": {
        "entropy_ratio": 0.9999999999999982,
        "rt_area_ratio": 1.0,
        "rt_deviation": 1.7763568394002505e-15,
        "excited_entropy_ratio": 0.9999999999999968,
        "rt_relation_change": 1.4432899320127035e-15
      }
    }
  },
  "page_curve_analysis": null,
  "deutsch_ctc_analysis": null,
  "ctc_recovery_analysis": null,
  "einstein_analysis": null,
  "dynamic_evidence": {
    "angle_sums_per_timestep": [
      [
        3.242549216575605,
        0.0,
        3.242549216575613,
        3.141592653589793
      ],
      [
        9.42477796076938,
        3.141592653589793,
        9.42477796076938,
        0.0
      ],
      [
        4.2378561340769245,
        0.0,
        4.237856134076931,
        3.141592653589793
      ]
    ],
    "gromov_delta_per_timestep": [
      2.7535812839480656,
      1.108804899021454,
      0.7507726350830399
    ],
    "edge_mi_per_timestep": [
      {
        "0,1": 0.06369932685100163,
        "0,3": 0.06369932685100153,
        "0,2": 0.06981160503321261,
        "1,2": 0.06369932685100073,
        "2,3": 0.06369932685100183
      },
      {
        "0,1": 0.32995305275482945,
        "0,3": 0.32995305275482867,
        "0,2": 0.3645112813241699,
        "1,2": 0.3299530527548292,
        "2,3": 0.32995305275482945
      },
      {
        "0,1": 0.47200172672715124,
        "0,3": 0.47200172672715013,
        "0,2": 0.6038391657591404,
        "1,2": 0.4720017267271508,
        "2,3": 0.4720017267271497
      }
    ],
    "shortest_paths_per_timestep": [
      {
        "0": {
          "0": 0,
          "2": 2.6619550218128643,
          "1": 2.7535812839480562,
          "3": 2.7535812839480576
        },
        "1": {
          "1": 0,
          "0": 2.7535812839480562,
          "2": 2.7535812839480704,
          "3": 5.507162567896113
        },
        "2": {
          "2": 0,
          "0": 2.6619550218128643,
          "3": 2.753581283948053,
          "1": 2.7535812839480704
        },
        "3": {
          "3": 0,
          "2": 2.753581283948053,
          "0": 2.7535812839480576,
          "1": 5.507162567896113
        }
      },
      {
        "0": {
          "0": 0,
          "2": 1.009197777877473,
          "1": 1.1088048990214525,
          "3": 1.108804899021455
        },
        "1": {
          "1": 0,
          "0": 1.1088048990214525,
          "2": 1.1088048990214532,
          "3": 2.217609798042906
        },
        "2": {
          "2": 0,
          "0": 1.009197777877473,
          "3": 1.1088048990214525,
          "1": 1.1088048990214532
        },
        "3": {
          "3": 0,
