{
  "circuit_info": {
    "num_qubits": 4,
    "control_qubit": 0,
    "phase": 0.0,
    "massive_bulk_params": {
      "mass_hinge": "2",
      "mass_value": 1.0
    },
    "massless_bulk_params": {
      "mass_hinge": "None",
      "mass_value": 0.0
    }
  },
  "execution_info": {
    "device": "simulator",
    "shots": 100,
    "job_id": null,
    "total_shots": 100,
    "unique_states": 16
  },
  "superposition_state": {
    "counts": {
      "0100": 23,
      "1000": 9,
      "1010": 25,
      "0110": 4,
      "0101": 2,
      "0011": 2,
      "1100": 10,
      "0010": 4,
      "0000": 7,
      "1110": 4,
      "1111": 2,
      "0001": 1,
      "1001": 2,
      "0111": 2,
      "1101": 1,
      "1011": 2
    },
    "mutual_information_matrix": [
      [
        0.0,
        0.006960394798372269,
        0.0001880621931656199,
        0.001181220398721693
      ],
      [
        0.006960394798372269,
        0.0,
        0.11088858775662735,
        0.0822632931642152
      ],
      [
        0.0001880621931656199,
        0.11088858775662735,
        0.0,
        0.1056754836374013
      ],
      [
        0.001181220398721693,
        0.0822632931642152,
        0.1056754836374013,
        0.0
      ]
    ]
  },
  "bulk_reconstruction": {
    "method": "mi_embedding",
    "num_qubits": 4,
    "mi_matrix": [
      [
        0.0,
        0.006960394798372269,
        0.0001880621931656199,
        0.001181220398721693
      ],
      [
        0.006960394798372269,
        0.0,
        0.11088858775662735,
        0.0822632931642152
      ],
      [
        0.0001880621931656199,
        0.11088858775662735,
        0.0,
        0.1056754836374013
      ],
      [
        0.001181220398721693,
        0.0822632931642152,
        0.1056754836374013,
        0.0
      ]
    ],
    "mds_embedding": {
      "coordinates_3d": [
        [
          -0.2718106386736558,
          -0.2524215370229151,
          0.5193869918371651
        ],
        [
          0.027768966764346648,
          -0.3740837365430934,
          -0.4188467491404375
        ],
        [
          -0.27880514656125077,
          0.4342583051216587,
          -0.20646379089340028
        ],
        [
          0.5228468184706303,
          0.19224696844435654,
          0.1059235481971869
        ]
      ],
      "stress": 2.0000042590614786,
      "embedding_quality": "poor"
    }
  },
  "classical_comparison": {
    "massive": {
      "counts": {
        "0001": 11,
        "1001": 3,
        "1111": 6,
        "1110": 5,
        "0101": 10,
        "0011": 14,
        "1100": 9,
        "0100": 7,
        "0111": 7,
        "1011": 5,
        "1101": 4,
        "1010": 6,
        "1000": 3,
        "0010": 6,
        "0000": 3,
        "0110": 1
      },
      "mutual_information_matrix": [
        [
          0.0,
          0.004815239215894506,
          0.006936987765001457,
          0.054242624170133966
        ],
        [
          0.004815239215894506,
          0.0,
          0.03521513341232578,
          0.0026856970336463816
        ],
        [
          0.006936987765001457,
          0.03521513341232578,
          0.0,
          0.01831681739034092
        ],
        [
          0.054242624170133966,
          0.0026856970336463816,
          0.01831681739034092,
          0.0
        ]
      ],
      "bulk_reconstruction": {
        "method": "mi_embedding",
        "num_qubits": 4,
        "mi_matrix": [
          [
            0.0,
            0.004815239215894506,
            0.006936987765001457,
            0.054242624170133966
          ],
          [
            0.004815239215894506,
            0.0,
            0.03521513341232578,
            0.0026856970336463816
          ],
          [
            0.006936987765001457,
            0.03521513341232578,
            0.0,
            0.01831681739034092
          ],
          [
            0.054242624170133966,
            0.0026856970336463816,
            0.01831681739034092,
            0.0
          ]
        ],
        "mds_embedding": {
          "coordinates_3d": [
            [
              0.3038666298077798,
              0.49216137840697916,
              0.1523127269893593
            ],
            [
              0.1742555280509432,
              -0.2099713126737444,
              -0.5426776370725412
            ],
            [
              -0.5888188629284038,
              0.10684133828127565,
              -0.045044629926068475
            ],
            [
              0.11069670506939219,
              -0.38903140401421277,
              0.435409540010038
            ]
          ],
          "stress": 2.0000048010861384,
          "embedding_quality": "poor"
        }
      }
    },
    "massless": {
      "counts": {
        "1110": 12,
        "0101": 7,
        "0011": 5,
        "0001": 10,
        "1010": 9,
        "1111": 3,
        "1101": 7,
        "1000": 6,
        "0111": 8,
        "0000": 3,
        "1100": 11,
        "1011": 4,
        "1001": 6,
        "0100": 4,
        "0010": 1,
        "0110": 4
      },
      "mutual_information_matrix": [
        [
          0.0,
          0.010480373595290554,
          0.01056651010890592,
          0.09845845811405805
        ],
        [
          0.010480373595290554,
          0.0,
          0.0018141594366515128,
          0.002080201370532983
        ],
        [
          0.01056651010890592,
          0.0018141594366515128,
          0.0,
          0.0003248107603491942
        ],
        [
          0.09845845811405805,
          0.002080201370532983,
          0.0003248107603491942,
          0.0
        ]
      ],
      "bulk_reconstruction": {
        "method": "mi_embedding",
        "num_qubits": 4,
        "mi_matrix": [
          [
            0.0,
            0.010480373595290554,
            0.01056651010890592,
            0.09845845811405805
          ],
          [
            0.010480373595290554,
            0.0,
            0.0018141594366515128,
            0.002080201370532983
          ],
          [
            0.01056651010890592,
            0.0018141594366515128,
            0.0,
            0.0003248107603491942
          ],
          [
            0.09845845811405805,
            0.002080201370532983,
            0.0003248107603491942,
            0.0
          ]
        ],
        "mds_embedding": {
          "coordinates_3d": [
            [
              0.30978900703250195,
              0.4609274279674904,
              0.15542905835854248
            ],
            [
              0.18007381475188447,
              -0.22551582593694836,
              -0.5471560065905304
            ],
            [
              -0.6023029722233821,
              0.13687899554331356,
              -0.0448633811675552
            ],
            [
              0.11244015043928791,
              -0.3722905975722107,
              0.43659032940056974
            ]
          ],
          "stress": 2.0000053640374986,
          "embedding_quality": "poor"
        }
      }
    }
  },
  "interference_analysis": {
    "interference_detected": false,
    "interference_strength": 0.0,
    "max_interference_strength": 0.0,
    "interference_term_matrix": null,
    "supporting_qubit_pairs": [],
    "quantum_effects": [],
    "classical_vs_quantum_differences": {},
    "massive_mi_matrix": null,
    "massless_mi_matrix": null,
    "classical_mixture_matrix": null
  }
}