{
  "spec": {
    "num_qubits": 4,
    "topology": "triangulated",
    "custom_edges": "0-1:0.1224,0-2:0.0938,0-3:0.1291,1-2:0.1685,1-3:0.0895,2-3:0.0895",
    "alpha": 0.8,
    "weight": 0.1,
    "gamma": 0.03201654048535599,
    "sigma": 0.09127513090119166,
    "init_angle": 0.40580710555497007,
    "init_angles": null,
    "shots": 100,
    "device": "simulator",
    "geometry": "spherical",
    "curvature": 4.5,
    "timesteps": 1,
    "dimension": 2,
    "mass_hinge": null,
    "mass_value": 0.0,
    "solve_regge": false,
    "lorentzian": true,
    "excite": true,
    "fast": false,
    "fast_preset": "balanced",
    "ctc_mode": false,
    "ctc_perturbation": null,
    "ctc_perturbation_strength": 1.0,
    "test_ctc_recovery": false,
    "strong_curvature": true,
    "charge_injection": true,
    "charge_strength": 2.5,
    "charge_location": null,
    "spin_injection": true,
    "spin_strength": 2.0,
    "spin_location": null,
    "edge_floor": 0.001,
    "compute_entropies": true,
    "hyperbolic_triangulation": true,
    "trotter_steps": 8,
    "dt": 0.05,
    "analyze_curvature": true,
    "einstein_solver": true,
    "page_curve": true,
    "radiation_ordering": null,
    "page_curve_timesteps": 15,
    "entropy_method": "hybrid",
    "num_shadows": 100,
    "shots_per_shadow": 1000,
    "num_bases": 20,
    "shots_per_basis": 1000,
    "enhanced_entanglement": false,
    "entanglement_strength": 1.0680289382840702,
    "interpolate_geometry": false,
    "smooth_charge_injection": false,
    "min_qubits_for_continuum": 10,
    "benchmark_against_classical_geometry": false,
    "geometry_fit_metric": "wasserstein,kl,euclidean",
    "verify_noise_robustness": false,
    "run_on_multiple_backends": false,
    "detect_and_flag_causal_loops": true,
    "restrict_information_flow_direction": "bidirectional",
    "filter_noncausal_edges": true,
    "use_ryu_takayanagi_test": true,
    "compare_MI_vs_subsystem_entropy": true,
    "embed_boundary_entropy_in_geometry": true,
    "entropy_engineering": true,
    "target_entropy_pattern": "quantum_gravity",
    "custom_target_entropies": null,
    "entropy_optimization_iterations": 200,
    "entropy_tolerance": 0.05,
    "continue_on_engineering_failure": true,
    "skip_entropy_engineering": false,
    "validate_engineered_geometry": true,
    "enhance_bell_violations": true,
    "bell_entanglement_strength": 4.0,
    "teleportation_circuits": true,
    "long_range_coupling": 3.0,
    "holographic_optimization": true,
    "rt_surface_encoding": true,
    "conformal_symmetry": true,
    "bulk_reconstruction": true,
    "scalable_entanglement": true,
    "parallel_execution": true,
    "memory_optimization": true,
    "circuit_compilation": "optimized",
    "real_hardware": false,
    "error_mitigation": true,
    "zero_noise_extrapolation": true,
    "zne_noise_factors": [
      1.0,
      2.0,
      3.0
    ],
    "zne_extrapolation_method": "polynomial",
    "hardware_calibration": true,
    "noise_characterization": true,
    "backend_name": "ibm_brisbane",
    "quantum_mode": true,
    "quantum_entanglement_strength": 5.0,
    "quantum_circuit_depth": 12,
    "geometric_teleportation": false,
    "teleportation_mode": "both",
    "bridge_strength": 1.0,
    "signal_state": "+",
    "emergent_geometry_teleportation": false,
    "teleportation_node_pairs": "auto",
    "teleportation_embedding_dim": 2,
    "teleportation_fidelity_threshold": 0.7,
    "superposition_gravity": true,
    "massive_bulk_mass_hinge": "2",
    "massive_bulk_mass_value": 1.0,
    "massless_bulk_mass_hinge": "None",
    "massless_bulk_mass_value": 0.0,
    "superposition_control_qubit": 0,
    "superposition_phase": 0.0,
    "interference_analysis": true,
    "classical_mixture_comparison": true,
    "coherence_preservation": true,
    "bulk_reconstruction_method": "mi_embedding"
  },
  "uid": "F24V9R",
  "counts_per_timestep": [
    null
  ],
  "job_ids_per_timestep": [
    null
  ],
  "entropy_per_timestep": [
    null
  ],
  "mutual_information_per_timestep": [
    {
      "I_0,1": 0.005958615823764904,
      "I_0,2": 0.006506885405300896,
      "I_0,3": 0.005958615823767022,
      "I_1,2": 0.0059586158237660905,
      "I_1,3": 0.0010429864943019163,
      "I_2,3": 0.0059586158237683335
    }
  ],
  "boundary_entropies_per_timestep": [
    {
      "entropy_A": 0.006389271737766349,
      "entropy_B": 0.006389271737764224,
      "mi_AB": 0.012778543475524571,
      "pure_state_check": true,
      "entropy_difference": 2.1250362580715887e-15,
      "multiple_regions": {
        "size_1_region_0": {
          "region": [
            0
          ],
          "entropy": 0.009121221193262367,
          "rt_area": 3,
          "size": 1
        },
        "size_1_region_1": {
          "region": [
            1
          ],
          "entropy": 0.006389271737762188,
          "rt_area": 3,
          "size": 1
        },
        "size_1_region_2": {
          "region": [
            2
          ],
          "entropy": 0.009121221193263371,
          "rt_area": 3,
          "size": 1
        },
        "size_2_region_0": {
          "region": [
            0,
            1
          ],
          "entropy": 0.009551877107260107,
          "rt_area": 4,
          "size": 2
        },
        "size_2_region_1": {
          "region": [
            0,
            2
          ],
          "entropy": 0.011735556981223956,
          "rt_area": 4,
          "size": 2
        },
        "size_2_region_2": {
          "region": [
            0,
            3
          ],
          "entropy": 0.009551877107259998,
          "rt_area": 4,
          "size": 2
        },
        "size_3_region_0": {
          "region": [
            0,
            1,
            2
          ],
          "entropy": 0.006389271737766349,
          "rt_area": 3,
          "size": 3
        },
        "size_3_region_1": {
          "region": [
            0,
            1,
            3
          ],
          "entropy": 0.009121221193264271,
          "rt_area": 3,
          "size": 3
        },
        "size_3_region_2": {
          "region": [
            0,
            2,
            3
          ],
          "entropy": 0.00638927173776857,
          "rt_area": 3,
          "size": 3
        }
      }
    }
  ],
  "distance_matrix_per_timestep": [
    [
      [
        0.0,
        5.1229170692125185,
        5.0348943696123944,
        5.122917069212162
      ],
      [
        5.1229170692125185,
        0.0,
        5.122917069212319,
        10.24583413842426
      ],
      [
        5.0348943696123944,
        5.122917069212319,
        0.0,
        5.122917069211942
      ],
      [
        5.122917069212162,
        10.24583413842426,
        5.122917069211942,
        0.0
      ]
    ]
  ],
  "edge_mi": {
    "0,1": 0.005958615823764904,
    "0,3": 0.005958615823767022,
    "0,2": 0.006506885405300896,
    "1,2": 0.0059586158237660905,
    "2,3": 0.0059586158237683335
  },
  "distance_matrix": [
    [
      0.0,
      5.1229170692125185,
      5.0348943696123944,
      5.122917069212162
    ],
    [
      5.1229170692125185,
      0.0,
      5.122917069212319,
      6.865667051942913
    ],
    [
      5.0348943696123944,
      5.122917069212319,
      0.0,
      5.122917069211942
    ],
    [
      5.122917069212162,
      6.865667051942913,
      5.122917069211942,
      0.0
    ]
  ],
  "shortest_paths": {
    "0": {
      "0": 0,
      "2": 5.0348943696123944,
      "3": 5.122917069212162,
      "1": 5.1229170692125185
    },
    "1": {
      "1": 0,
      "2": 5.122917069212319,
      "0": 5.1229170692125185,
      "3": 6.865667051942913
    },
    "2": {
      "2": 0,
      "0": 5.0348943696123944,
      "3": 5.122917069211942,
      "1": 5.122917069212319
    },
    "3": {
      "3": 0,
      "2": 5.122917069211942,
      "0": 5.122917069212162,
      "1": 6.865667051942913
    }
  },
  "gromov_delta": 3.4328335259716445,
  "mean_distance": 4.049028712300531,
  "angle_sums": [
    5.407440821206519,
    4.762076693742596,
    5.407440821209014,
    4.762076693741346
  ],
  "mean_angle_sum": 5.0847587574748685,
  "min_angle_sum": 4.762076693741346,
  "max_angle_sum": 5.407440821209014,
  "angle_sum_deviations": [
    2.265848167616726,
    1.6204840401528031,
    2.265848167619221,
    1.6204840401515526
  ],
  "triangle_inequality_violations": [],
  "embedding_coords": [
    [
      0.07700954641642178,
      0.3272932049036971
    ],
    [
      -0.03815269209577022,
      0.002702181060992359
    ],
    [
      -0.11755049096214536,
      -0.32247300068570384
    ],
    [
      0.0786936366414938,
      -0.007522385278985719
    ]
  ],
  "embedding_coords_3d": [
    [
      -0.22844113313224332,
      0.21848598838976538,
      -0.018772733622582166
    ],
    [
      0.12238759871778777,
      0.051224096135652465,
      0.1408769480750619
    ],
    [
      0.009372022443609662,
      -0.3223821208983424,
      -0.10363384119077565
    ],
    [
      0.0966815119708459,
      0.052672036372924544,
      -0.018470373261704084
    ]
  ],
  "edge_weight_variance": 0.0008107422222222224,
  "event_nodes": [
    [
      0,
      0
    ],
    [
      1,
      0
    ],
    [
      2,
      0
    ],
    [
      3,
      0
    ]
  ],
  "event_edges": [
    {
      "type": "spatial",
      "from": [
        0,
        0
      ],
      "to": [
        1,
        0
      ],
      "weight": 5.1229170692125185
    },
    {
      "type": "spatial",
      "from": [
        0,
        0
      ],
      "to": [
        2,
        0
      ],
      "weight": 5.0348943696123944
    },
    {
      "type": "spatial",
      "from": [
        0,
        0
      ],
      "to": [
        3,
        0
      ],
      "weight": 5.122917069212162
    },
    {
      "type": "spatial",
      "from": [
        1,
        0
      ],
      "to": [
        2,
        0
      ],
      "weight": 5.122917069212319
    },
    {
      "type": "spatial",
      "from": [
        1,
        0
      ],
      "to": [
        3,
        0
      ],
      "weight": 10.24583413842426
    },
    {
      "type": "spatial",
      "from": [
        2,
        0
      ],
      "to": [
        3,
        0
      ],
      "weight": 5.122917069211942
    }
  ],
  "lorentzian_dissimilarity": [
    [
      0.0,
      26.24427929802898,
      25.35016131315459,
      26.244279298025333
    ],
    [
      26.24427929802898,
      0.0,
      26.24427929802693,
      104.97711719210001
    ],
    [
      25.35016131315459,
      26.24427929802693,
      0.0,
      26.244279298023073
    ],
    [
      26.244279298025333,
      104.97711719210001,
      26.244279298023073,
      0.0
    ]
  ],
  "lorentzian_embedding": [
    [
      0.0,
      1.638089725047068,
      -1.5967256651439812
    ],
    [
      0.0,
      -3.8802733091375643,
      -1.7269489392418387
    ],
    [
      0.0,
      -0.3735076804054023,
      2.535902151056818
    ],
    [
      0.0,
      5.144857156232375,
      2.6661265989176792
    ]
  ],
  "edge_length_evolution": [],
  "angle_deficit_evolution": [],
  "regge_action_evolution": [],
  "gromov_delta_evolution": [],
  "mass_hinge": null,
  "mass_value": 0.0,
  "matter": {
    "(0, 1)": 0.0,
    "(1, 2)": 0.0,
    "(0, 3)": 0.0,
    "(2, 3)": 0.0,
    "(0, 2)": 0.0,
    "(1, 3)": 0.0
  },
  "stationary_solution": null,
  "einstein_analysis_per_timestep": [
    {
      "ricci_tensor": [
        [
          0.0019615209496668226,
          0.0
        ],
        [
          0.0,
          0.0019615209496668226
        ]
      ],
      "metric_tensor": [
        [
          1.0003923041899334,
          0.00019615209496668228
        ],
        [
          0.00019615209496668228,
          1.0003923041899334
        ]
      ],
      "stress_energy_tensor": [
        [
          0.0019615209496668226,
          3.9230418993336454e-05
        ],
        [
          3.9230418993336454e-05,
          0.0019615209496668226
        ]
      ],
      "einstein_solution": {
        "einstein_tensor": [
          [
            0.0,
            0.0
          ],
          [
            0.0,
            0.0
          ]
        ],
        "ricci_scalar": 0.003923041899333645,
        "metric_tensor": [
          [
            1.0,
            0.0
          ],
          [
            0.0,
            1.0
          ]
        ],
        "lhs": [
          [
            0.0,
            0.0
          ],
          [
            0.0,
            0.0
          ]
        ],
        "rhs": [
          [
            0.0019615209496668226,
            3.9230418993336454e-05
          ],
          [
            3.9230418993336454e-05,
            0.0019615209496668226
          ]
        ],
        "equations_satisfied": false,
        "residual": 0.002774564276334656,
        "conservation_violation": 0.0019615209496668226,
        "gravitational_constant": 0.039788735772973836,
        "cosmological_constant": 0.0
      },
      "entropy_first_derivative": 0.0,
      "entropy_second_derivative": 0.0,
      "entropy_curvature_correlation": 0.002774004529906786,
      "emergent_gravitational_constant": 0.00031218575511778366,
      "average_mutual_information": 0.003923041899333645,
      "ricci_scalar": 0.003923041899333645,
      "analysis_summary": {
        "einstein_equations_satisfied": false,
        "residual_magnitude": 0.002774564276334656,
        "conservation_violation": 0.0019615209496668226,
        "entropy_evolution_rate": 0.0,
        "entropy_acceleration": 0.0,
        "entanglement_curvature_coupling": 0.002774004529906786
      }
    }
  ],
  "bootstrap_analysis": {
    "gromov_delta": {
      "mean": 5.122917069212319,
      "lower_ci": 5.122917069212319,
      "upper_ci": 5.122917069212319,
      "all_values": [
        5.122917069212319
      ],
      "uncertainty": 0.0
    },
    "entropy": {
      "mean": null,
      "lower_ci": null,
      "upper_ci": null,
      "uncertainty": null
    },
    "distance_matrix": {
      "mean": [
        [
          0.0,
          5.1229170692125185,
          5.0348943696123944,
          5.122917069212162
        ],
        [
          5.1229170692125185,
          0.0,
          5.122917069212319,
          10.24583413842426
        ],
        [
          5.0348943696123944,
          5.122917069212319,
          0.0,
          5.122917069211942
        ],
        [
          5.122917069212162,
          10.24583413842426,
          5.122917069211942,
          0.0
        ]
      ],
      "lower_ci": [
        [
          0.0,
          5.1229170692125185,
          5.0348943696123944,
          5.122917069212162
        ],
        [
          5.1229170692125185,
          0.0,
          5.122917069212319,
          10.24583413842426
        ],
        [
          5.0348943696123944,
          5.122917069212319,
          0.0,
          5.122917069211942
        ],
        [
          5.122917069212162,
          10.24583413842426,
          5.122917069211942,
          0.0
        ]
      ],
      "upper_ci": [
        [
          0.0,
          5.1229170692125185,
          5.0348943696123944,
          5.122917069212162
        ],
        [
          5.1229170692125185,
          0.0,
          5.122917069212319,
          10.24583413842426
        ],
        [
          5.0348943696123944,
          5.122917069212319,
          0.0,
          5.122917069211942
        ],
        [
          5.122917069212162,
          10.24583413842426,
          5.122917069211942,
          0.0
        ]
      ]
    }
  },
  "topology_compatibility": {
    "current_topology": "triangulated",
    "explanation": "Triangulated topology is specifically designed for angle-sum curvature. Creates multiple triangles per vertex, enabling robust local curvature measurements. Each vertex has multiple incident triangles for well-defined angle sums.",
    "supports_local_curvature": true
  },
  "rt_surface_analysis": {
    "region_A": [
      0
    ],
    "region_B": [
      1,
      2,
      3
    ],
    "bulk_point": 2,
    "is_complementary": true,
    "rt_area_AB": 15.280728508037075,
    "rt_area_BA": 15.280728508037075,
    "area_consistent": true,
    "edges_consistent": true,
    "area_difference": 0.0,
    "rt_edges_AB": [
      [
        0,
        1
      ],
      [
        0,
        2
      ],
      [
        0,
        3
      ]
    ],
    "rt_edges_BA": [
      [
        0,
        1
      ],
      [
        0,
        2
      ],
      [
        0,
        3
      ]
    ],
    "edge_lengths": [
      5.1229170692125185,
      5.0348943696123944,
      5.122917069212162,
      5.122917069212319,
      10.24583413842426,
      5.122917069211942
    ],
    "all_edges": [
      [
        0,
        1
      ],
      [
        0,
        2
      ],
      [
        0,
        3
      ],
      [
        1,
        2
      ],
      [
        1,
        3
      ],
      [
        2,
        3
      ]
    ]
  },
  "bulk_excitation_analysis": {
    "ground_state_mi": [
      [
        0.0,
        0.005958615823764448,
        0.006506885405301784,
        0.005958615823766592
      ],
      [
        0.005958615823764448,
        0.0,
        0.005958615823766677,
        0.0010429864943010715
      ],
      [
        0.006506885405301784,
        0.005958615823766677,
        0.0,
        0.005958615823769286
      ],
      [
        0.005958615823766592,
        0.0010429864943010715,
        0.005958615823769286,
        0.0
      ]
    ],
    "excited_state_mi": [
      [
        0.0,
        0.005836568392007302,
        0.0074681089529921585,
        0.0058365683920079126
      ],
      [
        0.005836568392007302,
        0.0,
        0.4061301640061591,
        0.11615156886456302
      ],
      [
        0.0074681089529921585,
        0.4061301640061591,
        0.0,
        0.40613016400616164
      ],
      [
        0.0058365683920079126,
        0.11615156886456302,
        0.40613016400616164,
        0.0
      ]
    ],
    "mi_difference": [
      [
        0.0,
        -0.00012204743175714579,
        0.0009612235476903746,
        -0.00012204743175867928
      ],
      [
        -0.00012204743175714579,
        0.0,
        0.4001715481823924,
        0.11510858237026195
      ],
      [
        0.0009612235476903746,
        0.4001715481823924,
        0.0,
        0.40017154818239237
      ],
      [
        -0.00012204743175867928,
        0.11510858237026195,
        0.40017154818239237,
        0.0
      ]
    ],
    "avg_mi_change": 0.11458212464328163,
    "max_mi_change": 0.4001715481823924,
    "mi_change_boundary_A": NaN,
    "mi_change_boundary_B": 0.30515055957834897,
    "bulk_point": 2,
    "ground_state_counts": {
      "0010 0010": 10,
      "1000 1000": 12,
      "0110 0110": 3,
      "1101 1101": 2,
      "0100 0100": 17,
      "0001 0001": 8,
      "0000 0000": 34,
      "1001 1001": 1,
      "1100 1100": 6,
      "0011 0011": 3,
      "1011 1011": 1,
      "0101 0101": 2,
      "0111 0111": 1
    },
    "excited_state_counts": {
      "0000 0000": 1,
      "0111 0001": 1,
      "1001 0011": 3,
      "0011 0101": 2,
      "1110 0000": 12,
      "1010 0000": 17,
      "1010 1000": 1,
      "1110 0100": 6,
      "0001 1011": 1,
      "1000 0110": 4,
      "0110 1000": 4,
      "0000 1010": 1,
      "1000 0010": 8,
      "1101 0011": 1,
      "1100 0010": 6,
      "1010 0100": 5,
      "0010 1100": 1,
      "0110 1100": 2,
      "0111 1001": 1,
      "1011 0001": 6,
      "1000 0000": 1,
      "1100 0000": 2,
      "1010 0010": 1,
      "0110 0000": 1,
      "1111 0001": 1,
      "0010 0000": 2,
      "1011 0101": 1,
      "1001 0111": 1,
      "1111 0101": 1,
      "0001 1111": 1,
      "1001 0101": 1,
      "0110 0100": 1,
      "0111 1101": 1,
      "0010 1000": 2
    },
    "boundary_entropies": {
      "ground_state": {
        "entropy_A": 0.006389271737766349,
        "entropy_B": 0.006389271737764224,
        "mi_AB": 0.012778543475524571
      },
      "excited_state": {
        "entropy_A": 0.26360974895612854,
        "entropy_B": 0.26360974895612493,
        "mi_AB": 0.527219497912249
      },
      "rt_relation_test": {
        "entropy_ratio": 0.9999999999996674,
        "rt_area_ratio": 1.0,
        "rt_deviation": 3.326228181776969e-13,
        "excited_entropy_ratio": 0.9999999999999863,
        "rt_relation_change": 3.1896707497480747e-13
      }
    }
  },
  "page_curve_analysis": null,
  "deutsch_ctc_analysis": null,
  "ctc_recovery_analysis": null,
  "einstein_analysis": null,
  "dynamic_evidence": {
    "angle_sums_per_timestep": [
      [
        5.407440821206519,
        3.1415972740637104,
        5.407440821209014,
        0.0
      ]
    ],
    "gromov_delta_per_timestep": [
      5.122917069212319
    ],
    "edge_mi_per_timestep": [
      {
        "0,1": 0.005958615823764904,
        "0,3": 0.005958615823767022,
        "0,2": 0.006506885405300896,
        "1,2": 0.0059586158237660905,
        "2,3": 0.0059586158237683335
      }
    ],
    "shortest_paths_per_timestep": [
      {
        "0": {
          "0": 0,
          "2": 5.0348943696123944,
          "3": 5.122917069212162,
          "1": 5.1229170692125185
        },
        "1": {
          "1": 0,
          "2": 5.122917069212319,
          "0": 5.1229170692125185,
          "3": 10.24583413842426
        },
        "2": {
          "2": 0,
          "0": 5.0348943696123944,
          "3": 5.122917069211942,
          "1": 5.122917069212319
        },
        "3": {
          "3": 0,
          "2": 5.122917069211942,
          "0": 5.122917069212162,
          "1": 10.24583413842426
        }
      }
    ],
    "mean_distance_per_timestep": [
      4.4715495981107
    ],
    "triangle_violations_per_timestep": [
      0
    ],
    "embedding_coords_per_timestep": [
      [
        [
          0.0771133724388589,
          0.2936086106287161
        ],
        [
          0.09143038575260841,
          -0.011314392559260679
        ],
        [
          -0.1123170285162747,
          -0.3120674562694238
        ],
        [
          -0.05622672967519259,
          0.02977323819996829
        ]
      ]
    ],
    "regge_evolution_data": null,
    "evolution_summary": {
      "total_timesteps": 1,
      "gromov_delta_range": [
        5.122917069212319,
        5.122917069212319
      ],
      "mean_distance_range": [
        4.4715495981107,
        4.4715495981107
      ],
      "total_triangle_violations": 0,
      "hyperbolic_evolution": [
        false
      ],
      "regge_corrected": false
    }
  },
  "quantum_state_outputs": [
    {
      "timestep": 1,
      "statevector": [
        {
          "real": 0.5556450261364335,
          "imag": -0.14150132222830228
        },
        {
          "real": -0.018687002405545945,
          "imag": -0.3229634531690489
        },
        {
          "real": -0.03941368472013118,
          "imag": -0.32222288626421597
        },
        {
          "real": -0.18428193331163004,
          "imag": 0.003157732356055676
        },
        {
          "real": -0.018687002405545935,
          "imag": -0.3229634531690491
        },
        {
          "real": -0.18386727040368614,
          "imag": -0.008626016126141998
        },
        {
          "real": -0.18428193331163015,
          "imag": 0.0031577323560556727
        },
        {
          "real": -2.2668785671617927e-05,
          "imag": 0.1048875559850862
        },
        {
          "real": -0.03941368472013118,
          "imag": -0.32222288626421614
        },
        {
          "real": -0.18428193331163012,
          "imag": 0.0031577323560556753
        },
        {
          "real": -0.18396549534323203,
          "imag": -0.0011276528320703543
        },
        {
          "real": -0.002466151548548459,
          "imag": 0.10486706632344002
        },
        {
          "real": -0.18428193331163012,
          "imag": 0.003157732356055674
        },
        {
          "real": -2.2668785671617548e-05,
          "imag": 0.10488755598508624
        },
        {
          "real": -0.0024661515485484595,
          "imag": 0.10486706632344
        },
        {
          "real": 0.05951963450132293,
          "imag": -0.0027596276238507963
        }
      ],
      "mutual_information_matrix": [
        [
          0.0,
          0.005958615823764904,
          0.006506885405300896,
          0.005958615823767022
        ],
        [
          0.005958615823764904,
          0.0,
          0.0059586158237660905,
          0.0010429864943019163
        ],
        [
          0.006506885405300896,
          0.0059586158237660905,
          0.0,
          0.0059586158237683335
        ],
        [
          0.005958615823767022,
          0.0010429864943019163,
          0.0059586158237683335,
          0.0
        ]
      ],
      "circuit_depth": 42,
      "num_gates": 77
    }
  ],
  "emergent_geometry_teleportation": null,
  "superposition_gravity": null,
  "teleportation_geometry_correlation": null
}