{
  "flat": {
    "0": {
      "bridge_0.10": {
        "fidelity": 0.46289062499999994,
        "bridge_mi": 0.5204039558788263,
        "cross_bridge_mi": 8.771685575892363e-06,
        "mi_matrix": [
          [
            0.0,
            0.0005674722321651338,
            0.0003844404139932145,
            0.00019388190301627972,
            0.00030643175299838177
          ],
          [
            0.0005674722321651338,
            0.0,
            0.000489362169617813,
            0.0002391838334954155,
            8.771685575892363e-06
          ],
          [
            0.0003844404139932145,
            0.000489362169617813,
            0.0,
            0.5204039558788263,
            0.4192527795630967
          ],
          [
            0.00019388190301627972,
            0.0002391838334954155,
            0.5204039558788263,
            0.0,
            0.38076243747568506
          ],
          [
            0.00030643175299838177,
            8.771685575892363e-06,
            0.4192527795630967,
            0.38076243747568506,
            0.0
          ]
        ],
        "counts": {
          "11100": 186,
          "00000": 243,
          "00001": 209,
          "01100": 29,
          "10001": 20,
          "11101": 182,
          "10101": 19,
          "01101": 23,
          "10000": 20,
          "11001": 10,
          "01001": 13,
          "11000": 14,
          "10100": 19,
          "01000": 8,
          "00100": 7,
          "00101": 13,
          "01110": 2,
          "11110": 1,
          "11011": 1,
          "00010": 2,
          "10010": 1,
          "01011": 1,
          "10011": 1
        }
      },
      "bridge_0.33": {
        "fidelity": 0.5185546875000001,
        "bridge_mi": 0.3403421099564856,
        "cross_bridge_mi": 0.00014071341798227444,
        "mi_matrix": [
          [
            0.0,
            0.0002440682746329692,
            0.00035049575587442483,
            0.00021595479306268928,
            0.0011554941665725682
          ],
          [
            0.0002440682746329692,
            0.0,
            5.611625999857317e-05,
            2.3402044373455055e-05,
            0.00014071341798227444
          ],
          [
            0.00035049575587442483,
            5.611625999857317e-05,
            0.0,
            0.3403421099564856,
            0.47308837894717226
          ],
          [
            0.00021595479306268928,
            2.3402044373455055e-05,
            0.3403421099564856,
            0.0,
            0.431267530616557
          ],
          [
            0.0011554941665725682,
            0.00014071341798227444,
            0.47308837894717226,
            0.431267530616557,
            0.0
          ]
        ],
        "counts": {
          "00001": 180,
          "00000": 240,
          "11101": 173,
          "11100": 208,
          "01000": 24,
          "11000": 14,
          "00101": 22,
          "00100": 21,
          "10101": 28,
          "10100": 24,
          "10000": 8,
          "11001": 23,
          "01001": 17,
          "01100": 12,
          "01101": 11,
          "10001": 10,
          "11110": 1,
          "11111": 2,
          "10110": 1,
          "00011": 2,
          "01011": 1,
          "10010": 1,
          "00010": 1
        }
      },
      "bridge_0.55": {
        "fidelity": 0.525390625,
        "bridge_mi": 0.07830042838234741,
        "cross_bridge_mi": 2.5818223841955756e-05,
        "mi_matrix": [
          [
            0.0,
            8.537302049327344e-05,
            9.598756936024522e-05,
            0.0001663584063511525,
            0.0002403035957199151
          ],
          [
            8.537302049327344e-05,
            0.0,
            0.0008500342995312327,
            8.585841053454502e-06,
            2.5818223841955756e-05
          ],
          [
            9.598756936024522e-05,
            0.0008500342995312327,
            0.0,
            0.07830042838234741,
            0.14612110090564956
          ],
          [
            0.0001663584063511525,
            8.585841053454502e-06,
            0.07830042838234741,
            0.0,
            0.10905784571386579
          ],
          [
            0.0002403035957199151,
            2.5818223841955756e-05,
            0.14612110090564956,
            0.10905784571386579,
            0.0
          ]
        ],
        "counts": {
          "00001": 138,
          "10001": 24,
          "00000": 145,
          "11001": 37,
          "00100": 41,
          "11101": 121,
          "01100": 40,
          "11100": 138,
          "10000": 33,
          "11000": 33,
          "01000": 49,
          "10101": 42,
          "10100": 51,
          "00101": 46,
          "01001": 42,
          "01101": 30,
          "11110": 3,
          "00011": 3,
          "01010": 1,
          "11010": 1,
          "01011": 1,
          "11111": 1,
          "10111": 1,
          "00010": 2,
          "10010": 1
        }
      },
      "bridge_0.78": {
        "fidelity": 0.46484374999999994,
        "bridge_mi": 0.004494400915577845,
        "cross_bridge_mi": 0.004219205209153198,
        "mi_matrix": [
          [
            0.0,
            0.0006085777648825452,
            1.048189113017628e-05,
            8.365294348045005e-05,
            0.00041790621899262526
          ],
          [
            0.0006085777648825452,
            0.0,
            1.581749755263928e-05,
            0.0018757808461336012,
            0.004219205209153198
          ],
          [
            1.048189113017628e-05,
            1.581749755263928e-05,
            0.0,
            0.004494400915577845,
            0.05428639380603628
          ],
          [
            8.365294348045005e-05,
            0.0018757808461336012,
            0.004494400915577845,
            0.0,
            0.04497965584159891
          ],
          [
            0.00041790621899262526,
            0.004219205209153198,
            0.05428639380603628,
            0.04497965584159891,
            0.0
          ]
        ],
        "counts": {
          "11100": 94,
          "10101": 58,
          "10001": 32,
          "10100": 56,
          "01100": 34,
          "00000": 122,
          "00001": 110,
          "11101": 83,
          "01000": 70,
          "11000": 55,
          "01001": 55,
          "00101": 48,
          "00100": 75,
          "11001": 49,
          "01101": 33,
          "10000": 42,
          "10111": 1,
          "11110": 1,
          "11111": 2,
          "11010": 1,
          "11011": 1,
          "10010": 1,
          "01011": 1
        }
      },
      "bridge_1.00": {
        "fidelity": 0.46386718750000006,
        "bridge_mi": 0.5916885926715691,
        "cross_bridge_mi": 0.00011772650088270886,
        "mi_matrix": [
          [
            0.0,
            0.0013432834315634246,
            2.544394975156905e-05,
            0.00010354468990891874,
            0.0007922975883631889
          ],
          [
            0.0013432834315634246,
            0.0,
            2.961468668827294e-05,
            2.4466010516199788e-05,
            0.00011772650088270886
          ],
          [
            2.544394975156905e-05,
            2.961468668827294e-05,
            0.0,
            0.5916885926715691,
            0.381609571257725
          ],
          [
            0.00010354468990891874,
            2.4466010516199788e-05,
            0.5916885926715691,
            0.0,
            0.38436581391060765
          ],
          [
            0.0007922975883631889,
            0.00011772650088270886,
            0.381609571257725,
            0.38436581391060765,
            0.0
          ]
        ],
        "counts": {
          "11100": 189,
          "11101": 184,
          "00000": 210,
          "00001": 235,
          "11000": 10,
          "01101": 36,
          "10000": 29,
          "01000": 10,
          "10100": 9,
          "10001": 23,
          "01100": 25,
          "00100": 8,
          "00010": 4,
          "11110": 2,
          "11111": 2,
          "10101": 13,
          "01001": 9,
          "11001": 14,
          "00101": 10,
          "00011": 1,
          "01110": 1
        }
      }
    },
    "1": {
      "bridge_0.10": {
        "fidelity": 0.4697265625,
        "bridge_mi": 0.5679902454665788,
        "cross_bridge_mi": 0.0010501934613824648,
        "mi_matrix": [
          [
            0.0,
            0.0010250465253027752,
            0.0005387055612460223,
            0.0002172727289870835,
            0.00041811447838346893
          ],
          [
            0.0010250465253027752,
            0.0,
            0.000426628305800536,
            1.1142650343298754e-05,
            0.0010501934613824648
          ],
          [
            0.0005387055612460223,
            0.000426628305800536,
            0.0,
            0.5679902454665788,
            0.5975377770484867
          ],
          [
            0.0002172727289870835,
            1.1142650343298754e-05,
            0.5679902454665788,
            0.0,
            0.6005939164185263
          ],
          [
            0.00041811447838346893,
            0.0010501934613824648,
            0.5975377770484867,
            0.6005939164185263,
            0.0
          ]
        ],
        "counts": {
          "01011": 12,
          "10011": 203,
          "01111": 220,
          "01110": 219,
          "10010": 230,
          "00111": 17,
          "10110": 9,
          "11011": 8,
          "10001": 6,
          "00110": 14,
          "01100": 7,
          "01101": 6,
          "00010": 12,
          "10000": 3,
          "11101": 1,
          "10111": 9,
          "00011": 16,
          "11111": 5,
          "01010": 15,
          "11010": 5,
          "00000": 1,
          "11110": 2,
          "00001": 2,
          "00101": 2
        }
      },
      "bridge_0.33": {
        "fidelity": 0.49609374999999994,
        "bridge_mi": 0.2984499701151153,
        "cross_bridge_mi": 3.490066554245885e-05,
        "mi_matrix": [
          [
            0.0,
            7.581818862023582e-05,
            5.189911387759594e-06,
            0.0009131573951970395,
            0.0003130903605079727
          ],
          [
            7.581818862023582e-05,
            0.0,
            6.734149057274763e-06,
            5.9766350318124495e-05,
            3.490066554245885e-05
          ],
          [
            5.189911387759594e-06,
            6.734149057274763e-06,
            0.0,
            0.2984499701151153,
            0.40943750603061835
          ],
          [
            0.0009131573951970395,
            5.9766350318124495e-05,
            0.2984499701151153,
            0.0,
            0.47278780343121163
          ],
          [
            0.0003130903605079727,
            3.490066554245885e-05,
            0.40943750603061835,
            0.47278780343121163,
            0.0
          ]
        ],
        "counts": {
          "01111": 170,
          "00110": 30,
          "10011": 189,
          "10010": 224,
          "10110": 26,
          "01110": 191,
          "11011": 16,
          "01011": 26,
          "00011": 9,
          "01010": 34,
          "00100": 3,
          "00111": 18,
          "00010": 22,
          "11010": 12,
          "00101": 2,
          "10111": 18,
          "01101": 2,
          "11110": 3,
          "11000": 1,
          "11101": 1,
          "10000": 6,
          "01000": 2,
          "10001": 4,
          "01100": 5,
          "10101": 1,
          "11001": 3,
          "11111": 3,
          "11100": 1,
          "00000": 1,
          "01001": 1
        }
      },
      "bridge_0.55": {
        "fidelity": 0.5009765625,
        "bridge_mi": 0.10995413158073952,
        "cross_bridge_mi": 0.006989910201583349,
        "mi_matrix": [
          [
            0.0,
            0.0019798054193276293,
            0.0007263274808189113,
            0.000390173462161858,
            0.0011058572614901507
          ],
          [
            0.0019798054193276293,
            0.0,
            0.00030781548495406597,
            0.00028656286968131717,
            0.006989910201583349
          ],
          [
            0.0007263274808189113,
            0.00030781548495406597,
            0.0,
            0.10995413158073952,
            0.1701365169591711
          ],
          [
            0.000390173462161858,
            0.00028656286968131717,
            0.10995413158073952,
            0.0,
            0.20782812475029155
          ],
          [
            0.0011058572614901507,
            0.006989910201583349,
            0.1701365169591711,
            0.20782812475029155,
            0.0
          ]
        ],
        "counts": {
          "01010": 46,
          "10010": 162,
          "00011": 23,
          "01111": 140,
          "00110": 45,
          "11011": 41,
          "00111": 22,
          "10011": 154,
          "10111": 38,
          "01011": 47,
          "01110": 143,
          "11110": 21,
          "00010": 25,
          "11111": 22,
          "10110": 35,
          "11010": 35,
          "10001": 2,
          "01100": 8,
          "11001": 1,
          "01000": 3,
          "00001": 4,
          "00100": 1,
          "00000": 3,
          "10000": 1,
          "11100": 1,
          "01001": 1
        }
      },
      "bridge_0.78": {
        "fidelity": 0.5087890624999999,
        "bridge_mi": 0.004331225046024567,
        "cross_bridge_mi": 0.0056618319380348225,
        "mi_matrix": [
          [
            0.0,
            1.3077779854375748e-05,
            0.0016807581377824565,
            3.197925543729774e-05,
            3.9178298799624756e-05
          ],
          [
            1.3077779854375748e-05,
            0.0,
            0.0014175904173114873,
            0.0006863849765068597,
            0.0056618319380348225
          ],
          [
            0.0016807581377824565,
            0.0014175904173114873,
            0.0,
            0.004331225046024567,
            0.05564868735220685
          ],
          [
            3.197925543729774e-05,
            0.0006863849765068597,
            0.004331225046024567,
            0.0,
            0.05573339241380526
          ],
          [
            3.9178298799624756e-05,
            0.0056618319380348225,
            0.05564868735220685,
            0.05573339241380526,
            0.0
          ]
        ],
        "counts": {
          "10011": 118,
          "01111": 101,
          "10111": 46,
          "01011": 64,
          "11000": 3,
          "01110": 100,
          "10110": 63,
          "11011": 55,
          "00111": 61,
          "10010": 88,
          "00110": 61,
          "01010": 53,
          "11010": 54,
          "00011": 36,
          "11110": 28,
          "11111": 30,
          "00010": 38,
          "10000": 7,
          "10001": 2,
          "11100": 2,
          "01001": 4,
          "10101": 4,
          "11001": 1,
          "10100": 2,
          "01101": 1,
          "00001": 1,
          "00101": 1
        }
      },
      "bridge_1.00": {
        "fidelity": 0.5263671875000001,
        "bridge_mi": 0.6021211197181002,
        "cross_bridge_mi": 1.2111792070390592e-05,
        "mi_matrix": [
          [
            0.0,
            5.098772368339333e-05,
            0.0027737668789049597,
            0.001218203627433967,
            0.0016992218443001583
          ],
          [
            5.098772368339333e-05,
            0.0,
            0.00045795299843098825,
            8.560067286067508e-05,
            1.2111792070390592e-05
          ],
          [
            0.0027737668789049597,
            0.00045795299843098825,
            0.0,
            0.6021211197181002,
            0.5991058247238559
          ],
          [
            0.001218203627433967,
            8.560067286067508e-05,
            0.6021211197181002,
            0.0,
            0.6988043000672197
          ],
          [
            0.0016992218443001583,
            1.2111792070390592e-05,
            0.5991058247238559,
            0.6988043000672197,
            0.0
          ]
        ],
        "counts": {
          "01110": 202,
          "00010": 8,
          "01111": 199,
          "10010": 269,
          "10011": 224,
          "11111": 5,
          "10111": 10,
          "01010": 18,
          "11010": 5,
          "00001": 1,
          "00111": 9,
          "10000": 8,
          "10100": 2,
          "00110": 8,
          "00011": 8,
          "01101": 9,
          "11100": 2,
          "11101": 1,
          "01011": 17,
          "10001": 3,
          "10110": 5,
          "00000": 2,
          "01100": 2,
          "11000": 1,
          "11011": 2,
          "01000": 1,
          "00101": 1,
          "11110": 2
        }
      }
    },
    "+": {
      "bridge_0.10": {
        "fidelity": 0.9999532677745954,
        "bridge_mi": 0.567146793636897,
        "cross_bridge_mi": 0.0004772622914814839,
        "mi_matrix": [
          [
            0.0,
            0.0008830070473322404,
            0.0016922861245283194,
            0.0018432413754090327,
            0.0033637525134615487
          ],
          [
            0.0008830070473322404,
            0.0,
            0.0006880203908605775,
            0.0007435605520935695,
            0.0004772622914814839
          ],
          [
            0.0016922861245283194,
            0.0006880203908605775,
            0.0,
            0.567146793636897,
            0.00030190129976159774
          ],
          [
            0.0018432413754090327,
            0.0007435605520935695,
            0.567146793636897,
            0.0,
            2.9036864981124566e-05
          ],
          [
            0.0033637525134615487,
            0.0004772622914814839,
            0.00030190129976159774,
            2.9036864981124566e-05,
            0.0
          ]
        ],
        "counts": {
          "00001": 113,
          "10011": 108,
          "01111": 116,
          "10010": 128,
          "11100": 118,
          "11101": 103,
          "01110": 82,
          "11000": 11,
          "10001": 5,
          "00000": 118,
          "01101": 7,
          "01011": 12,
          "01100": 6,
          "00101": 7,
          "00011": 6,
          "10000": 8,
          "01000": 4,
          "10111": 5,
          "11111": 6,
          "00100": 5,
          "01010": 10,
          "10110": 6,
          "11010": 2,
          "10101": 4,
          "00111": 2,
          "11110": 3,
          "00010": 6,
          "10100": 3,
          "00110": 6,
          "11011": 2,
          "01001": 5,
          "11001": 7
        }
      },
      "bridge_0.33": {
        "fidelity": 0.9996183846431569,
        "bridge_mi": 0.25315664261959037,
        "cross_bridge_mi": 5.2155024410360795e-06,
        "mi_matrix": [
          [
            0.0,
            0.00011319786463048764,
            7.106251260413643e-05,
            0.000588146857382732,
            0.0013675192656121826
          ],
          [
            0.00011319786463048764,
            0.0,
            9.228444747710896e-05,
            0.00024051707704053626,
            5.2155024410360795e-06
          ],
          [
            7.106251260413643e-05,
            9.228444747710896e-05,
            0.0,
            0.25315664261959037,
            0.0007093383512883911
          ],
          [
            0.000588146857382732,
            0.00024051707704053626,
            0.25315664261959037,
            0.0,
            3.677639191357329e-05
          ],
          [
            0.0013675192656121826,
            5.2155024410360795e-06,
            0.0007093383512883911,
            3.677639191357329e-05,
            0.0
          ]
        ],
        "counts": {
          "10110": 13,
          "00001": 86,
          "01110": 86,
          "10001": 12,
          "11101": 87,
          "10010": 86,
          "01011": 17,
          "11100": 75,
          "00000": 108,
          "10101": 19,
          "10011": 94,
          "01010": 16,
          "01111": 71,
          "01101": 13,
          "10000": 15,
          "01100": 19,
          "01000": 16,
          "00111": 13,
          "11110": 12,
          "11001": 12,
          "00101": 14,
          "00011": 23,
          "00100": 11,
          "11000": 17,
          "10100": 16,
          "11010": 10,
          "00110": 18,
          "11111": 7,
          "00010": 13,
          "11011": 4,
          "01001": 8,
          "10111": 13
        }
      },
      "bridge_0.55": {
        "fidelity": 0.9988303809536888,
        "bridge_mi": 0.10165858743614087,
        "cross_bridge_mi": 5.108213407822859e-09,
        "mi_matrix": [
          [
            0.0,
            0.0011746862498107635,
            7.7985009758752e-05,
            6.204783153096471e-05,
            0.00022966131012047697
          ],
          [
            0.0011746862498107635,
            0.0,
            8.34416070660815e-06,
            0.00041502747823218833,
            5.108213407822859e-09
          ],
          [
            7.7985009758752e-05,
            8.34416070660815e-06,
            0.0,
            0.10165858743614087,
            0.0013237532978611632
          ],
          [
            6.204783153096471e-05,
            0.00041502747823218833,
            0.10165858743614087,
            0.0,
            7.839394271513811e-06
          ],
          [
            0.00022966131012047697,
            5.108213407822859e-09,
            0.0013237532978611632,
            7.839394271513811e-06,
            0.0
          ]
        ],
        "counts": {
          "10100": 17,
          "01010": 32,
          "11000": 33,
          "00100": 21,
          "01111": 74,
          "11111": 8,
          "00000": 93,
          "10011": 76,
          "00011": 15,
          "10001": 12,
          "10110": 14,
          "01110": 72,
          "00001": 72,
          "01100": 24,
          "11001": 27,
          "11100": 65,
          "10010": 72,
          "01101": 19,
          "01001": 12,
          "10101": 14,
          "01000": 16,
          "11011": 17,
          "01011": 29,
          "11010": 14,
          "00101": 24,
          "10000": 11,
          "00110": 19,
          "11101": 66,
          "10111": 17,
          "00111": 17,
          "11110": 14,
          "00010": 8
        }
      },
      "bridge_0.78": {
        "fidelity": 0.999785377215869,
        "bridge_mi": 0.012902501645360775,
        "cross_bridge_mi": 0.002668589183247194,
        "mi_matrix": [
          [
            0.0,
            0.0012014276888299147,
            2.5327023792653947e-05,
            0.0002616485753210718,
            0.00019633924387085777
          ],
          [
            0.0012014276888299147,
            0.0,
            0.0011880338683245562,
            0.0004224718319976173,
            0.002668589183247194
          ],
          [
            2.5327023792653947e-05,
            0.0011880338683245562,
            0.0,
            0.012902501645360775,
            0.0004695384060395824
          ],
          [
            0.0002616485753210718,
            0.0004224718319976173,
            0.012902501645360775,
            0.0,
            9.049083906065292e-05
          ],
          [
            0.00019633924387085777,
            0.002668589183247194,
            0.0004695384060395824,
            9.049083906065292e-05,
            0.0
          ]
        ],
        "counts": {
          "01010": 28,
          "01101": 22,
          "11011": 37,
          "10101": 27,
          "01110": 49,
          "00000": 54,
          "11010": 28,
          "11110": 18,
          "00001": 66,
          "10100": 30,
          "00110": 26,
          "10110": 28,
          "01111": 43,
          "00010": 32,
          "11101": 41,
          "01000": 27,
          "10010": 67,
          "00101": 31,
          "11100": 45,
          "11111": 15,
          "00011": 18,
          "11000": 22,
          "01001": 26,
          "10001": 20,
          "01011": 24,
          "00111": 30,
          "00100": 32,
          "10011": 52,
          "10000": 22,
          "11001": 24,
          "10111": 21,
          "01100": 19
        }
      },
      "bridge_1.00": {
        "fidelity": 0.9999532677745954,
        "bridge_mi": 0.6023920378185441,
        "cross_bridge_mi": 0.00020258118774818534,
        "mi_matrix": [
          [
            0.0,
            1.5562816519931744e-06,
            0.0004858318442855225,
            8.366057326236742e-05,
            0.0001247222361226985
          ],
          [
            1.5562816519931744e-06,
            0.0,
            0.0002773814697305532,
            4.0180483982465987e-05,
            0.00020258118774818534
          ],
          [
            0.0004858318442855225,
            0.0002773814697305532,
            0.0,
            0.6023920378185441,
            0.00020258118774818534
          ],
          [
            8.366057326236742e-05,
            4.0180483982465987e-05,
            0.6023920378185441,
            0.0,
            0.0005262255125244586
          ],
          [
            0.0001247222361226985,
            0.00020258118774818534,
            0.00020258118774818534,
            0.0005262255125244586,
            0.0
          ]
        ],
        "counts": {
          "11100": 108,
          "11001": 11,
          "01110": 91,
          "00001": 127,
          "10010": 110,
          "01111": 111,
          "01101": 8,
          "10011": 113,
          "00000": 117,
          "11000": 8,
          "11101": 116,
          "10110": 4,
          "01010": 11,
          "01100": 11,
          "00011": 4,
          "10000": 9,
          "11011": 2,
          "11010": 4,
          "00010": 7,
          "00101": 7,
          "00111": 4,
          "01011": 9,
          "10101": 4,
          "10001": 7,
          "00100": 5,
          "10111": 4,
          "11111": 2,
          "01000": 2,
          "00110": 2,
          "01001": 3,
          "10100": 1,
          "11110": 2
        }
      }
    },
    "-": {
      "bridge_0.10": {
        "fidelity": 0.9998845920887286,
        "bridge_mi": 0.5454735285101608,
        "cross_bridge_mi": 8.988412978361282e-06,
        "mi_matrix": [
          [
            0.0,
            0.0011710810524656612,
            0.0003748670053700387,
            0.00012347405430257474,
            2.9941310518699638e-05
          ],
          [
            0.0011710810524656612,
            0.0,
            6.4085989624596e-05,
            0.0001534670934275617,
            8.988412978361282e-06
          ],
          [
            0.0003748670053700387,
            6.4085989624596e-05,
            0.0,
            0.5454735285101608,
            7.489683216443943e-05
          ],
          [
            0.00012347405430257474,
            0.0001534670934275617,
            0.5454735285101608,
            0.0,
            6.704941242663409e-06
          ],
          [
            2.9941310518699638e-05,
            8.988412978361282e-06,
            7.489683216443943e-05,
            6.704941242663409e-06,
            0.0
          ]
        ],
        "counts": {
          "11101": 102,
          "11100": 108,
          "01110": 124,
          "10010": 119,
          "00111": 13,
          "00000": 116,
          "00001": 114,
          "10001": 4,
          "01111": 87,
          "00110": 9,
          "01101": 9,
          "10011": 105,
          "01001": 7,
          "01010": 5,
          "11000": 6,
          "10100": 10,
          "10101": 7,
          "00010": 9,
          "10000": 10,
          "01000": 4,
          "11001": 7,
          "11110": 4,
          "01100": 8,
          "00101": 4,
          "00100": 5,
          "00011": 4,
          "11010": 3,
          "11111": 3,
          "10111": 4,
          "11011": 4,
          "10110": 5,
          "01011": 5
        }
      },
      "bridge_0.33": {
        "fidelity": 0.9999656665458234,
        "bridge_mi": 0.33330808726257044,
        "cross_bridge_mi": 0.00010383419662618465,
        "mi_matrix": [
          [
            0.0,
            0.0009407968098145147,
            0.0008235276543155923,
            0.00033586806697294413,
            0.00010713400797035533
          ],
          [
            0.0009407968098145147,
            0.0,
            0.00048529107475170363,
            0.0014539855533539647,
            0.00010383419662618465
          ],
          [
            0.0008235276543155923,
            0.00048529107475170363,
            0.0,
            0.33330808726257044,
            0.0018149120594579404
          ],
          [
            0.00033586806697294413,
            0.0014539855533539647,
            0.33330808726257044,
            0.0,
            0.000794408970776761
          ],
          [
            0.00010713400797035533,
            0.00010383419662618465,
            0.0018149120594579404,
            0.000794408970776761,
            0.0
          ]
        ],
        "counts": {
          "00001": 94,
          "11100": 105,
          "01111": 93,
          "01101": 6,
          "00000": 100,
          "10010": 113,
          "01010": 16,
          "01110": 100,
          "10001": 8,
          "11101": 86,
          "10011": 109,
          "01000": 11,
          "11111": 3,
          "11000": 17,
          "10100": 12,
          "01011": 18,
          "11001": 19,
          "01001": 6,
          "00111": 9,
          "00100": 9,
          "00110": 15,
          "10101": 5,
          "11010": 9,
          "10111": 13,
          "00101": 7,
          "00010": 4,
          "11011": 9,
          "01100": 11,
          "00011": 7,
          "10000": 4,
          "10110": 4,
          "11110": 2
        }
      },
      "bridge_0.55": {
        "fidelity": 0.9994035978567296,
        "bridge_mi": 0.09480336155361369,
        "cross_bridge_mi": 0.0016602436380079855,
        "mi_matrix": [
          [
            0.0,
            0.001152635039090466,
            1.1585039172423706e-07,
            5.133609126950489e-05,
            0.0002950884680406052
          ],
          [
            0.001152635039090466,
            0.0,
            0.0008075995134948499,
            0.0029438180166441175,
            0.0016602436380079855
          ],
          [
            1.1585039172423706e-07,
            0.0008075995134948499,
            0.0,
            0.09480336155361369,
            0.004705910451532791
          ],
          [
            5.133609126950489e-05,
            0.0029438180166441175,
            0.09480336155361369,
            0.0,
            0.0014467904461739067
          ],
          [
            0.0002950884680406052,
            0.0016602436380079855,
            0.004705910451532791,
            0.0014467904461739067,
            0.0
          ]
        ],
        "counts": {
          "00101": 25,
          "01111": 66,
          "01000": 21,
          "11101": 78,
          "10011": 66,
          "00111": 17,
          "01010": 19,
          "00001": 106,
          "10010": 74,
          "10100": 21,
          "00100": 21,
          "00110": 18,
          "10110": 23,
          "01110": 77,
          "00000": 90,
          "10111": 22,
          "11100": 73,
          "01001": 18,
          "10001": 7,
          "00010": 13,
          "11010": 19,
          "11111": 8,
          "11110": 11,
          "11000": 22,
          "01011": 28,
          "10101": 21,
          "11001": 15,
          "11011": 18,
          "10000": 9,
          "01100": 8,
          "01101": 8,
          "00011": 2
        }
      },
      "bridge_0.78": {
        "fidelity": 0.9998130448817681,
        "bridge_mi": 0.012071414463479924,
        "cross_bridge_mi": 0.0011201219739451762,
        "mi_matrix": [
          [
            0.0,
            0.0006323721520948844,
            7.90344971783874e-05,
            0.0014645365021119794,
            0.00014909087637038354
          ],
          [
            0.0006323721520948844,
            0.0,
            0.0015653180505015296,
            0.00030770757873499477,
            0.0011201219739451762
          ],
          [
            7.90344971783874e-05,
            0.0015653180505015296,
            0.0,
            0.012071414463479924,
            0.0005701796084871535
          ],
          [
            0.0014645365021119794,
            0.00030770757873499477,
            0.012071414463479924,
            0.0,
            9.751877305963497e-05
          ],
          [
            0.00014909087637038354,
            0.0011201219739451762,
            0.0005701796084871535,
            9.751877305963497e-05,
            0.0
          ]
        ],
        "counts": {
          "11110": 19,
          "01110": 52,
          "01101": 16,
          "00010": 19,
          "11101": 48,
          "10011": 64,
          "11001": 34,
          "00001": 74,
          "00111": 30,
          "10100": 36,
          "11111": 18,
          "10010": 49,
          "01000": 29,
          "10101": 28,
          "00011": 13,
          "00000": 58,
          "10000": 21,
          "00101": 25,
          "01011": 17,
          "00100": 24,
          "01001": 17,
          "10001": 18,
          "01100": 19,
          "11010": 28,
          "01111": 47,
          "11011": 22,
          "00110": 22,
          "11100": 44,
          "10110": 42,
          "10111": 28,
          "01010": 36,
          "11000": 27
        }
      },
      "bridge_1.00": {
        "fidelity": 0.9994035978567296,
        "bridge_mi": 0.5843718464322085,
        "cross_bridge_mi": 1.2074154245311775e-06,
        "mi_matrix": [
          [
            0.0,
            0.0005417955214062076,
            0.0015856700217642405,
            0.001861078492058077,
            0.0002234338406525982
          ],
          [
            0.0005417955214062076,
            0.0,
            9.089261470385246e-05,
            0.00018885394979095693,
            1.2074154245311775e-06
          ],
          [
            0.0015856700217642405,
            9.089261470385246e-05,
            0.0,
            0.5843718464322085,
            0.0003457642818387452
          ],
          [
            0.001861078492058077,
            0.00018885394979095693,
            0.5843718464322085,
            0.0,
            0.00021385211920432745
          ],
          [
            0.0002234338406525982,
            1.2074154245311775e-06,
            0.0003457642818387452,
            0.00021385211920432745,
            0.0
          ]
        ],
        "counts": {
          "00000": 109,
          "01111": 99,
          "11100": 118,
          "00001": 112,
          "01110": 95,
          "10011": 110,
          "10001": 14,
          "10010": 82,
          "00111": 6,
          "11101": 91,
          "01100": 22,
          "01010": 5,
          "10110": 5,
          "00010": 18,
          "11110": 12,
          "01101": 24,
          "11000": 7,
          "10101": 8,
          "10100": 6,
          "00011": 11,
          "01001": 7,
          "00110": 10,
          "11111": 8,
          "01011": 7,
          "00101": 7,
          "11011": 2,
          "10000": 13,
          "01000": 3,
          "10111": 3,
          "11001": 3,
          "00100": 2,
          "11010": 5
        }
      }
    }
  },
  "curved": {
    "0": {
      "bridge_0.10": {
        "fidelity": 0.8798828125,
        "bridge_mi": 0.4595774167720401,
        "cross_bridge_mi": 0.000522595850764751,
        "mi_matrix": [
          [
            0.0,
            6.8412824465236e-05,
            4.103979005343206e-05,
            0.00013636926251292536,
            0.00010212697037825791
          ],
          [
            6.8412824465236e-05,
            0.0,
            0.0005822936156179015,
            0.0006833166303226168,
            0.000522595850764751
          ],
          [
            4.103979005343206e-05,
            0.0005822936156179015,
            0.0,
            0.4595774167720401,
            0.0028074019393360405
          ],
          [
            0.00013636926251292536,
            0.0006833166303226168,
            0.4595774167720401,
            0.0,
            0.00011489154272603663
          ],
          [
            0.00010212697037825791,
            0.000522595850764751,
            0.0028074019393360405,
            0.00011489154272603663,
            0.0
          ]
        ],
        "counts": {
          "01101": 197,
          "01100": 202,
          "00001": 207,
          "11000": 14,
          "01001": 15,
          "00000": 203,
          "10000": 22,
          "11100": 14,
          "00101": 22,
          "11001": 14,
          "11101": 21,
          "01000": 27,
          "10100": 8,
          "10101": 6,
          "00100": 21,
          "10001": 22,
          "10010": 2,
          "00010": 1,
          "00011": 3,
          "01111": 1,
          "01110": 2
        }
      },
      "bridge_0.33": {
        "fidelity": 0.9189453124999999,
        "bridge_mi": 0.13163080286852824,
        "cross_bridge_mi": 0.0002116510945363026,
        "mi_matrix": [
          [
            0.0,
            0.0007458321605948726,
            0.003607163765100063,
            0.00031489057314249,
            0.001129578387092156
          ],
          [
            0.0007458321605948726,
            0.0,
            0.0009670402426313895,
            0.0012469354000366195,
            0.0002116510945363026
          ],
          [
            0.003607163765100063,
            0.0009670402426313895,
            0.0,
            0.13163080286852824,
            0.0005181224621957359
          ],
          [
            0.00031489057314249,
            0.0012469354000366195,
            0.13163080286852824,
            0.0,
            0.0002803702721609902
          ],
          [
            0.001129578387092156,
            0.0002116510945363026,
            0.0005181224621957359,
            0.0002803702721609902,
            0.0
          ]
        ],
        "counts": {
          "00100": 82,
          "11101": 13,
          "00001": 181,
          "01100": 180,
          "10101": 11,
          "00000": 175,
          "01000": 57,
          "01001": 62,
          "10100": 12,
          "10000": 10,
          "01101": 139,
          "00101": 59,
          "11001": 6,
          "10001": 14,
          "11000": 8,
          "11111": 1,
          "11100": 8,
          "01110": 3,
          "00010": 2,
          "01111": 1
        }
      },
      "bridge_0.55": {
        "fidelity": 0.1259765625,
        "bridge_mi": 0.008799252700934845,
        "cross_bridge_mi": 0.0009703838000836296,
        "mi_matrix": [
          [
            0.0,
            0.0001534318684695002,
            0.0006090105983160843,
            0.000739162254907999,
            0.0027030416758915266
          ],
          [
            0.0001534318684695002,
            0.0,
            0.00026149492266513974,
            0.0005746165679529902,
            0.0009703838000836296
          ],
          [
            0.0006090105983160843,
            0.00026149492266513974,
            0.0,
            0.008799252700934845,
            0.0036167688415158494
          ],
          [
            0.000739162254907999,
            0.0005746165679529902,
            0.008799252700934845,
            0.0,
            0.0027830157768797825
          ],
          [
            0.0027030416758915266,
            0.0009703838000836296,
            0.0036167688415158494,
            0.0027830157768797825,
            0.0
          ]
        ],
        "counts": {
          "10100": 29,
          "01000": 122,
          "01100": 99,
          "01001": 120,
          "00101": 145,
          "00000": 121,
          "00100": 105,
