{
  "spec": {
    "num_qubits": 5,
    "topology": "triangulated",
    "custom_edges": "0-1:0.7406,0-2:0.5677,0-3:0.7818,0-4:1.0000,1-2:0.5415,1-3:0.5416,1-4:1.0000,2-3:0.8144,2-4:0.4774,3-4:0.7531",
    "alpha": 0.8,
    "weight": 0.6053324563496406,
    "gamma": 0.20893401295678884,
    "sigma": -1.8848285865172528e-08,
    "init_angle": 0.6561922498900719,
    "init_angles": null,
    "shots": 100,
    "device": "simulator",
    "geometry": "spherical",
    "curvature": 4.5,
    "timesteps": 3,
    "dimension": 2,
    "mass_hinge": null,
    "mass_value": 0.0,
    "solve_regge": false,
    "lorentzian": true,
    "excite": true,
    "fast": true,
    "fast_preset": "balanced",
    "strong_curvature": true,
    "charge_injection": true,
    "charge_strength": 2.5,
    "charge_location": null,
    "spin_injection": true,
    "spin_strength": 2.0,
    "spin_location": null,
    "edge_floor": 0.001,
    "compute_entropies": true,
    "hyperbolic_triangulation": true,
    "trotter_steps": 8,
    "dt": 0.05,
    "analyze_curvature": true,
    "einstein_solver": true,
    "page_curve": true,
    "radiation_ordering": null,
    "page_curve_timesteps": 15,
    "entropy_method": "hybrid",
    "num_shadows": 100,
    "shots_per_shadow": 1000,
    "num_bases": 20,
    "shots_per_basis": 1000,
    "enhanced_entanglement": false,
    "entanglement_strength": 0.6743611203032404,
    "interpolate_geometry": false,
    "smooth_charge_injection": false,
    "min_qubits_for_continuum": 10,
    "benchmark_against_classical_geometry": false,
    "geometry_fit_metric": "wasserstein,kl,euclidean",
    "verify_noise_robustness": false,
    "run_on_multiple_backends": false,
    "detect_and_flag_causal_loops": true,
    "restrict_information_flow_direction": "bidirectional",
    "filter_noncausal_edges": true,
    "use_ryu_takayanagi_test": true,
    "compare_MI_vs_subsystem_entropy": true,
    "embed_boundary_entropy_in_geometry": true,
    "entropy_engineering": true,
    "target_entropy_pattern": "quantum_gravity",
    "custom_target_entropies": null,
    "entropy_optimization_iterations": 200,
    "entropy_tolerance": 0.05,
    "continue_on_engineering_failure": true,
    "validate_engineered_geometry": true,
    "enhance_bell_violations": true,
    "bell_entanglement_strength": 4.0,
    "teleportation_circuits": true,
    "long_range_coupling": 3.0,
    "holographic_optimization": true,
    "rt_surface_encoding": true,
    "conformal_symmetry": true,
    "bulk_reconstruction": true,
    "scalable_entanglement": true,
    "parallel_execution": true,
    "memory_optimization": true,
    "circuit_compilation": "optimized",
    "real_hardware": false,
    "error_mitigation": true,
    "zero_noise_extrapolation": true,
    "zne_noise_factors": [
      1.0,
      2.0,
      3.0
    ],
    "zne_extrapolation_method": "polynomial",
    "hardware_calibration": true,
    "noise_characterization": true,
    "backend_name": "ibm_brisbane",
    "quantum_mode": true,
    "quantum_entanglement_strength": 5.0,
    "quantum_circuit_depth": 12
  },
  "uid": "F2Z4UG",
  "counts_per_timestep": [
    null,
    null,
    null
  ],
  "job_ids_per_timestep": [
    null,
    null,
    null
  ],
  "entropy_per_timestep": [
    null,
    null,
    null
  ],
  "mutual_information_per_timestep": [
    {
      "I_0,1": 0.2559583947333158,
      "I_0,2": 0.20383084107033367,
      "I_0,3": 0.06320672358195167,
      "I_0,4": 0.2038308410703351,
      "I_1,2": 0.2038308410703351,
      "I_1,3": 0.06320672358195101,
      "I_1,4": 0.20383084107033456,
      "I_2,3": 0.18593632342070643,
      "I_2,4": 0.2531223675789588,
      "I_3,4": 0.18593632342070743
    },
    {
      "I_0,1": 0.652920421504716,
      "I_0,2": 0.3894573529448795,
      "I_0,3": 0.24975822986587937,
      "I_0,4": 0.38945735294487993,
      "I_1,2": 0.38945735294487904,
      "I_1,3": 0.2497582298658807,
      "I_1,4": 0.38945735294487926,
      "I_2,3": 0.4008059993362747,
      "I_2,4": 0.5347685608041615,
      "I_3,4": 0.40080599933627514
    },
    {
      "I_0,1": 0.536086979585422,
      "I_0,2": 0.2953634263720075,
      "I_0,3": 0.2949333784749546,
      "I_0,4": 0.2953634263720082,
      "I_1,2": 0.2953634263720075,
      "I_1,3": 0.29493337847495393,
      "I_1,4": 0.2953634263720073,
      "I_2,3": 0.3629563261743691,
      "I_2,4": 0.5268511283601796,
      "I_3,4": 0.3629563261743687
    }
  ],
  "boundary_entropies_per_timestep": [
    {
      "entropy_A": 0.45039933717555697,
      "entropy_B": 0.45039933717555547,
      "mi_AB": 0.9007986743511033,
      "pure_state_check": true,
      "entropy_difference": 1.4988010832439613e-15,
      "multiple_regions": {
        "size_1_region_0": {
          "region": [
            0
          ],
          "entropy": 0.3287743108331,
          "rt_area": 4,
          "size": 1
        },
        "size_1_region_1": {
          "region": [
            1
          ],
          "entropy": 0.32877431083309916,
          "rt_area": 4,
          "size": 1
        },
        "size_1_region_2": {
          "region": [
            2
          ],
          "entropy": 0.3864695533318519,
          "rt_area": 4,
          "size": 1
        },
        "size_2_region_0": {
          "region": [
            0,
            1
          ],
          "entropy": 0.40159022693288343,
          "rt_area": 6,
          "size": 2
        },
        "size_2_region_1": {
          "region": [
            0,
            2
          ],
          "entropy": 0.5114130230946178,
          "rt_area": 6,
          "size": 2
        },
        "size_2_region_2": {
          "region": [
            0,
            3
          ],
          "entropy": 0.5154336945155594,
          "rt_area": 6,
          "size": 2
        },
        "size_3_region_0": {
          "region": [
            0,
            1,
            2
          ],
          "entropy": 0.45039933717555697,
          "rt_area": 6,
          "size": 3
        },
        "size_3_region_1": {
          "region": [
            0,
            1,
            3
          ],
          "entropy": 0.5198167390847441,
          "rt_area": 6,
          "size": 3
        },
        "size_3_region_2": {
          "region": [
            0,
            1,
            4
          ],
          "entropy": 0.45039933717555775,
          "rt_area": 6,
          "size": 3
        },
        "size_4_region_0": {
          "region": [
            0,
            1,
            2,
            3
          ],
          "entropy": 0.3864695533318575,
          "rt_area": 4,
          "size": 4
        },
        "size_4_region_1": {
          "region": [
            0,
            1,
            2,
            4
          ],
          "entropy": 0.24986610726441366,
          "rt_area": 4,
          "size": 4
        },
        "size_4_region_2": {
          "region": [
            0,
            1,
            3,
            4
          ],
          "entropy": 0.38646955333186034,
          "rt_area": 4,
          "size": 4
        }
      }
    },
    {
      "entropy_A": 1.2075608216954712,
      "entropy_B": 1.2075608216954694,
      "mi_AB": 2.4151216433909277,
      "pure_state_check": true,
      "entropy_difference": 1.7763568394002505e-15,
      "multiple_regions": {
        "size_1_region_0": {
          "region": [
            0
          ],
          "entropy": 0.859547269387717,
          "rt_area": 4,
          "size": 1
        },
        "size_1_region_1": {
          "region": [
            1
          ],
          "entropy": 0.8595472693877168,
          "rt_area": 4,
          "size": 1
        },
        "size_1_region_2": {
          "region": [
            2
          ],
          "entropy": 0.8643163463271497,
          "rt_area": 4,
          "size": 1
        },
        "size_2_region_0": {
          "region": [
            0,
            1
          ],
          "entropy": 1.0661741172707173,
          "rt_area": 6,
          "size": 2
        },
        "size_2_region_1": {
          "region": [
            0,
            2
          ],
          "entropy": 1.334406262769987,
          "rt_area": 6,
          "size": 2
        },
        "size_2_region_2": {
          "region": [
            0,
            3
          ],
          "entropy": 1.353839514226432,
          "rt_area": 6,
          "size": 2
        },
        "size_3_region_0": {
          "region": [
            0,
            1,
            2
          ],
          "entropy": 1.2075608216954712,
          "rt_area": 6,
          "size": 3
        },
        "size_3_region_1": {
          "region": [
            0,
            1,
            3
          ],
          "entropy": 1.1938641318501375,
          "rt_area": 6,
          "size": 3
        },
        "size_3_region_2": {
          "region": [
            0,
            1,
            4
          ],
          "entropy": 1.207560821695471,
          "rt_area": 6,
          "size": 3
        },
        "size_4_region_0": {
          "region": [
            0,
            1,
            2,
            3
          ],
          "entropy": 0.8643163463271534,
          "rt_area": 4,
          "size": 4
        },
        "size_4_region_1": {
          "region": [
            0,
            1,
            2,
            4
          ],
          "entropy": 0.7440504747045967,
          "rt_area": 4,
          "size": 4
        },
        "size_4_region_2": {
          "region": [
            0,
            1,
            3,
            4
          ],
          "entropy": 0.8643163463271548,
          "rt_area": 4,
          "size": 4
        }
      }
    },
    {
      "entropy_A": 1.3467520682778065,
      "entropy_B": 1.3467520682778062,
      "mi_AB": 2.693504136555593,
      "pure_state_check": true,
      "entropy_difference": 2.220446049250313e-16,
      "multiple_regions": {
        "size_1_region_0": {
          "region": [
            0
          ],
          "entropy": 0.8986644160060827,
          "rt_area": 4,
          "size": 1
        },
        "size_1_region_1": {
          "region": [
            1
          ],
          "entropy": 0.8986644160060826,
          "rt_area": 4,
          "size": 1
        },
        "size_1_region_2": {
          "region": [
            2
          ],
          "entropy": 0.8858749020321466,
          "rt_area": 4,
          "size": 1
        },
        "size_2_region_0": {
          "region": [
            0,
            1
          ],
          "entropy": 1.2612418524267432,
          "rt_area": 6,
          "size": 2
        },
        "size_2_region_1": {
          "region": [
            0,
            2
          ],
          "entropy": 1.4891758916662217,
          "rt_area": 6,
          "size": 2
        },
        "size_2_region_2": {
          "region": [
            0,
            3
          ],
          "entropy": 1.4275645299511568,
          "rt_area": 6,
          "size": 2
        },
        "size_3_region_0": {
          "region": [
            0,
            1,
            2
          ],
          "entropy": 1.3467520682778065,
          "rt_area": 6,
          "size": 3
        },
        "size_3_region_1": {
          "region": [
            0,
            1,
            3
          ],
          "entropy": 1.2448986757041156,
          "rt_area": 6,
          "size": 3
        },
        "size_3_region_2": {
          "region": [
            0,
            1,
            4
          ],
          "entropy": 1.346752068277807,
          "rt_area": 6,
          "size": 3
        },
        "size_4_region_0": {
          "region": [
            0,
            1,
            2,
            3
          ],
          "entropy": 0.88587490203215,
          "rt_area": 4,
          "size": 4
        },
        "size_4_region_1": {
          "region": [
            0,
            1,
            2,
            4
          ],
          "entropy": 0.8238334924200332,
          "rt_area": 4,
          "size": 4
        },
        "size_4_region_2": {
          "region": [
            0,
            1,
            3,
            4
          ],
          "entropy": 0.8858749020321505,
          "rt_area": 4,
          "size": 4
        }
      }
    }
  ],
  "distance_matrix_per_timestep": [
    [
      [
        0.0,
        1.3627403682834591,
        1.5904648395626086,
        3.272815850646216,
        1.5904648395626015
      ],
      [
        1.3627403682834591,
        0.0,
        1.5904648395626015,
        3.272815850646219,
        1.5904648395626042
      ],
      [
        1.5904648395626086,
        1.5904648395626015,
        0.0,
        1.6823510110836197,
        1.3738822408634745
      ],
      [
        3.272815850646216,
        3.272815850646219,
        1.6823510110836197,
        0.0,
        1.6823510110836144
      ],
      [
        1.5904648395626015,
        1.5904648395626042,
        1.3738822408634745,
        1.6823510110836144,
        0.0
      ]
    ],
    [
      [
        0.0,
        0.4263000231278106,
        0.9430009114634839,
        1.85727867238311,
        0.9430009114634826
      ],
      [
        0.4263000231278106,
        0.0,
        0.943000911463485,
        1.8572786723831118,
        0.9430009114634844
      ],
      [
        0.9430009114634839,
        0.943000911463485,
        0.0,
        0.9142777609196284,
        0.6259212223107814
      ],
      [
        1.85727867238311,
        1.8572786723831118,
        0.9142777609196284,
        0.0,
        0.9142777609196273
      ],
      [
        0.9430009114634826,
        0.9430009114634844,
        0.6259212223107814,
        0.9142777609196273,
        0.0
      ]
    ],
    [
      [
        0.0,
        0.6234588557306183,
        1.2195487270713146,
        2.2330214925960887,
        1.2195487270713121
      ],
      [
        0.6234588557306183,
        0.0,
        1.2195487270713146,
        2.23302149259609,
        1.2195487270713152
      ],
      [
        1.2195487270713146,
        1.2195487270713146,
        0.0,
        1.0134727655247753,
        0.6408372592283889
      ],
      [
        2.2330214925960887,
        2.23302149259609,
        1.0134727655247753,
        0.0,
        1.0134727655247766
      ],
      [
        1.2195487270713121,
        1.2195487270713152,
        0.6408372592283889,
        1.0134727655247766,
        0.0
      ]
    ]
  ],
  "edge_mi": {
    "0,1": 0.536086979585422,
    "0,4": 0.2953634263720082,
    "0,2": 0.2953634263720075,
    "1,2": 0.2953634263720075,
    "1,4": 0.2953634263720073,
    "2,3": 0.3629563261743691,
    "2,4": 0.5268511283601796,
    "3,4": 0.3629563261743687
  },
  "distance_matrix": [
    [
      0.0,
      0.6234588557306183,
      1.2195487270713146,
      1.221005783825154,
      1.2195487270713121
    ],
    [
      0.6234588557306183,
      0.0,
      1.2195487270713146,
      1.2210057838251562,
      1.2195487270713152
    ],
    [
      1.2195487270713146,
      1.2195487270713146,
      0.0,
      1.0134727655247753,
      0.6408372592283889
    ],
    [
      1.221005783825154,
      1.2210057838251562,
      1.0134727655247753,
      0.0,
      1.0134727655247766
    ],
    [
      1.2195487270713121,
      1.2195487270713152,
      0.6408372592283889,
      1.0134727655247766,
      0.0
    ]
  ],
  "shortest_paths": {
    "0": {
      "0": 0,
      "1": 0.6234588557306183,
      "4": 1.2195487270713121,
      "2": 1.2195487270713146,
      "3": 1.221005783825154
    },
    "1": {
      "1": 0,
      "0": 0.6234588557306183,
      "2": 1.2195487270713146,
      "4": 1.2195487270713152,
      "3": 1.2210057838251562
    },
    "2": {
      "2": 0,
      "4": 0.6408372592283889,
      "3": 1.0134727655247753,
      "0": 1.2195487270713146,
      "1": 1.2195487270713146
    },
    "3": {
      "3": 0,
      "2": 1.0134727655247753,
      "4": 1.0134727655247766,
      "0": 1.221005783825154,
      "1": 1.2210057838251562
    },
    "4": {
      "4": 0,
      "2": 0.6408372592283889,
      "3": 1.0134727655247766,
      "0": 1.2195487270713121,
      "1": 1.2195487270713152
    }
  },
  "gromov_delta": 0.909276355959846,
  "mean_distance": 0.84891584975553,
  "angle_sums": [
    9.42477796076938,
    9.42477796076938,
    9.42477796076938,
    9.42477796076938,
    9.42477796076938,
    9.42477796076938,
    9.42477796076938,
    9.42477796076938,
    9.42477796076938,
    5.9543758480641555
  ],
  "mean_angle_sum": 9.077737749498857,
  "min_angle_sum": 5.9543758480641555,
  "max_angle_sum": 9.42477796076938,
  "angle_sum_deviations": [
    6.283185307179586,
    6.283185307179586,
    6.283185307179586,
    6.283185307179586,
    6.283185307179586,
    6.283185307179586,
    6.283185307179586,
    6.283185307179586,
    6.283185307179586,
    2.8127831944743624
  ],
  "triangle_inequality_violations": [],
  "embedding_coords": null,
  "edge_weight_variance": 0.03167566690000001,
  "event_nodes": [
    [
      0,
      0
    ],
    [
      1,
      0
    ],
    [
      2,
      0
    ],
    [
      3,
      0
    ],
    [
      4,
      0
    ],
    [
      0,
      1
    ],
    [
      1,
      1
    ],
    [
      2,
      1
    ],
    [
      3,
      1
    ],
    [
      4,
      1
    ],
    [
      0,
      2
    ],
    [
      1,
      2
    ],
    [
      2,
      2
    ],
    [
      3,
      2
    ],
    [
      4,
      2
    ]
  ],
  "event_edges": [
    {
      "type": "spatial",
      "from": [
        0,
        0
      ],
      "to": [
        1,
        0
      ],
      "weight": 1.3627403682834591
    },
    {
      "type": "spatial",
      "from": [
        0,
        0
      ],
      "to": [
        2,
        0
      ],
      "weight": 1.5904648395626086
    },
    {
      "type": "spatial",
      "from": [
        0,
        0
      ],
      "to": [
        3,
        0
      ],
      "weight": 3.272815850646216
    },
    {
      "type": "spatial",
      "from": [
        0,
        0
      ],
      "to": [
        4,
        0
      ],
      "weight": 1.5904648395626015
    },
    {
      "type": "spatial",
      "from": [
        1,
        0
      ],
      "to": [
        2,
        0
      ],
      "weight": 1.5904648395626015
    },
    {
      "type": "spatial",
      "from": [
        1,
        0
      ],
      "to": [
        3,
        0
      ],
      "weight": 3.272815850646219
    },
    {
      "type": "spatial",
      "from": [
        1,
        0
      ],
      "to": [
        4,
        0
      ],
      "weight": 1.5904648395626042
    },
    {
      "type": "spatial",
      "from": [
        2,
        0
      ],
      "to": [
        3,
        0
      ],
      "weight": 1.6823510110836197
    },
    {
      "type": "spatial",
      "from": [
        2,
        0
      ],
      "to": [
        4,
        0
      ],
      "weight": 1.3738822408634745
    },
    {
      "type": "spatial",
      "from": [
        3,
        0
      ],
      "to": [
        4,
        0
      ],
      "weight": 1.6823510110836144
    },
    {
      "type": "temporal",
      "from": [
        0,
        0
      ],
      "to": [
        0,
        1
      ],
      "weight": 1.0
    },
    {
      "type": "temporal",
      "from": [
        1,
        0
      ],
      "to": [
        1,
        1
      ],
      "weight": 1.0
    },
    {
      "type": "temporal",
      "from": [
        2,
        0
      ],
      "to": [
        2,
        1
      ],
      "weight": 1.0
    },
    {
      "type": "temporal",
      "from": [
        3,
        0
      ],
      "to": [
        3,
        1
      ],
      "weight": 1.0
    },
    {
      "type": "temporal",
      "from": [
        4,
        0
      ],
      "to": [
        4,
        1
      ],
      "weight": 1.0
    },
    {
      "type": "spatial",
      "from": [
        0,
        1
      ],
      "to": [
        1,
        1
      ],
      "weight": 0.4263000231278106
    },
    {
      "type": "spatial",
      "from": [
        0,
        1
      ],
      "to": [
        2,
        1
      ],
      "weight": 0.9430009114634839
    },
    {
      "type": "spatial",
      "from": [
        0,
        1
      ],
      "to": [
        3,
        1
      ],
      "weight": 1.85727867238311
    },
    {
      "type": "spatial",
      "from": [
        0,
        1
      ],
      "to": [
        4,
        1
      ],
      "weight": 0.9430009114634826
    },
    {
      "type": "spatial",
      "from": [
        1,
        1
      ],
      "to": [
        2,
        1
      ],
      "weight": 0.943000911463485
    },
    {
      "type": "spatial",
      "from": [
        1,
        1
      ],
      "to": [
        3,
        1
      ],
      "weight": 1.8572786723831118
    },
    {
      "type": "spatial",
      "from": [
        1,
        1
      ],
      "to": [
        4,
        1
      ],
      "weight": 0.9430009114634844
    },
    {
      "type": "spatial",
      "from": [
        2,
        1
      ],
      "to": [
        3,
        1
      ],
      "weight": 0.9142777609196284
    },
    {
      "type": "spatial",
      "from": [
        2,
        1
      ],
      "to": [
        4,
        1
      ],
      "weight": 0.6259212223107814
    },
    {
      "type": "spatial",
      "from": [
        3,
        1
      ],
      "to": [
        4,
        1
      ],
      "weight": 0.9142777609196273
    },
    {
      "type": "temporal",
      "from": [
        0,
        1
      ],
      "to": [
        0,
        2
      ],
      "weight": 1.0
    },
    {
      "type": "temporal",
      "from": [
        1,
        1
      ],
      "to": [
        1,
        2
      ],
      "weight": 1.0
    },
    {
      "type": "temporal",
      "from": [
        2,
        1
      ],
      "to": [
        2,
        2
      ],
      "weight": 1.0
    },
    {
      "type": "temporal",
      "from": [
        3,
        1
      ],
      "to": [
        3,
        2
      ],
      "weight": 1.0
    },
    {
      "type": "temporal",
      "from": [
        4,
        1
      ],
      "to": [
        4,
        2
      ],
      "weight": 1.0
    },
    {
      "type": "spatial",
      "from": [
        0,
        2
      ],
      "to": [
        1,
        2
      ],
      "weight": 0.6234588557306183
    },
    {
      "type": "spatial",
      "from": [
        0,
        2
      ],
      "to": [
        2,
        2
      ],
      "weight": 1.2195487270713146
    },
    {
      "type": "spatial",
      "from": [
        0,
        2
      ],
      "to": [
        3,
        2
      ],
      "weight": 2.2330214925960887
    },
    {
      "type": "spatial",
      "from": [
        0,
        2
      ],
      "to": [
        4,
        2
      ],
      "weight": 1.2195487270713121
    },
    {
      "type": "spatial",
      "from": [
        1,
        2
      ],
      "to": [
        2,
        2
      ],
      "weight": 1.2195487270713146
    },
    {
      "type": "spatial",
      "from": [
        1,
        2
      ],
      "to": [
        3,
        2
      ],
      "weight": 2.23302149259609
    },
    {
      "type": "spatial",
      "from": [
        1,
        2
      ],
      "to": [
        4,
        2
      ],
      "weight": 1.2195487270713152
    },
    {
      "type": "spatial",
      "from": [
        2,
        2
      ],
      "to": [
        3,
        2
      ],
      "weight": 1.0134727655247753
    },
    {
      "type": "spatial",
      "from": [
        2,
        2
      ],
      "to": [
        4,
        2
      ],
      "weight": 0.6408372592283889
    },
    {
      "type": "spatial",
      "from": [
        3,
        2
      ],
      "to": [
        4,
        2
      ],
      "weight": 1.0134727655247766
    }
  ],
  "lorentzian_dissimilarity": [
    [
      0.0,
      1.8570613113493377,
      2.5295784058849144,
      10.711323592241115,
      2.529578405884892,
      -1.0,
      0.8570613113493377,
      1.5295784058849144,
      9.711323592241115,
      1.5295784058848918,
      -4.0,
      -2.1429386886506623,
      -1.4704215941150856,
      6.711323592241115,
      -1.4704215941151082
    ],
    [
      1.8570613113493377,
      0.0,
      2.529578405884892,
      10.711323592241133,
      2.5295784058849002,
      0.8570613113493377,
      -1.0,
      1.5295784058848918,
      9.711323592241133,
      1.5295784058849002,
      -2.1429386886506623,
      -4.0,
      -1.4704215941151082,
      6.711323592241133,
      -1.4704215941150998
    ],
    [
      2.5295784058849144,
      2.529578405884892,
      0.0,
      2.8303049244940777,
      1.8875524117600422,
      1.5295784058849144,
      1.5295784058848918,
      -1.0,
      1.8303049244940777,
      0.8875524117600422,
      -1.4704215941150856,
      -1.4704215941151082,
      -4.0,
      -1.1696950755059223,
      -2.1124475882399576
    ],
    [
      10.711323592241115,
      10.711323592241133,
      2.8303049244940777,
      0.0,
      2.8303049244940595,
      9.711323592241115,
      9.711323592241133,
      1.8303049244940777,
      -1.0,
      1.8303049244940595,
      6.711323592241115,
      6.711323592241133,
      -1.1696950755059223,
      -4.0,
      -1.1696950755059405
    ],
    [
      2.529578405884892,
      2.5295784058849002,
      1.8875524117600422,
      2.8303049244940595,
      0.0,
      1.5295784058848918,
      1.5295784058849002,
      0.8875524117600422,
      1.8303049244940595,
      -1.0,
      -1.4704215941151082,
      -1.4704215941150998,
      -2.1124475882399576,
      -1.1696950755059405,
      -4.0
    ],
    [
      -1.0,
      0.8570613113493377,
      1.5295784058849144,
      9.711323592241115,
      1.5295784058848918,
      0.0,
      0.18173170971877187,
      0.8892507190209613,
      3.449484066889168,
      0.889250719020959,
      -1.0,
      -0.8182682902812282,
      -0.11074928097903869,
      2.449484066889168,
      -0.11074928097904102
    ],
    [
      0.8570613113493377,
      -1.0,
      1.5295784058848918,
      9.711323592241133,
      1.5295784058849002,
      0.18173170971877187,
      0.0,
      0.8892507190209634,
      3.4494840668891746,
      0.8892507190209624,
      -0.8182682902812282,
      -1.0,
      -0.11074928097903658,
      2.4494840668891746,
      -0.11074928097903758
    ],
    [
      1.5295784058849144,
      1.5295784058848918,
      -1.0,
      1.8303049244940777,
      0.8875524117600422,
      0.8892507190209613,
      0.8892507190209634,
      0.0,
      0.8359038241122092,
      0.3917773765390226,
      -0.11074928097903869,
      -0.11074928097903658,
      -1.0,
      -0.1640961758877908,
      -0.6082226234609773
    ],
    [
      9.711323592241115,
      9.711323592241133,
      1.8303049244940777,
      -1.0,
      1.8303049244940595,
      3.449484066889168,
      3.4494840668891746,
      0.8359038241122092,
      0.0,
      0.8359038241122072,
      2.449484066889168,
      2.4494840668891746,
      -0.1640961758877908,
      -1.0,
      -0.1640961758877928
    ],
    [
      1.5295784058848918,
      1.5295784058849002,
      0.8875524117600422,
      1.8303049244940595,
      -1.0,
      0.889250719020959,
      0.8892507190209624,
      0.3917773765390226,
      0.8359038241122072,
      0.0,
      -0.11074928097904102,
      -0.11074928097903758,
      -0.6082226234609773,
      -0.1640961758877928,
      -1.0
    ],
    [
      -4.0,
      -2.1429386886506623,
      -1.4704215941150856,
      6.711323592241115,
      -1.4704215941151082,
      -1.0,
      -0.8182682902812282,
      -0.11074928097903869,
      2.449484066889168,
      -0.11074928097904102,
      0.0,
      0.38870094478893197,
      1.4872990977012637,
      4.986384986396064,
      1.4872990977012577
    ],
    [
      -2.1429386886506623,
      -4.0,
      -1.4704215941151082,
      6.711323592241133,
      -1.4704215941150998,
      -0.8182682902812282,
      -1.0,
      -0.11074928097903658,
      2.4494840668891746,
      -0.11074928097903758,
      0.38870094478893197,
      0.0,
      1.4872990977012637,
      4.98638498639607,
      1.4872990977012652
    ],
    [
      -1.4704215941150856,
      -1.4704215941151082,
      -4.0,
      -1.1696950755059223,
      -2.1124475882399576,
      -0.11074928097903869,
      -0.11074928097903658,
      -1.0,
      -0.1640961758877908,
      -0.6082226234609773,
      1.4872990977012637,
      1.4872990977012637,
      0.0,
      1.027127046460436,
      0.4106723928153533
    ],
    [
      6.711323592241115,
      6.711323592241133,
      -1.1696950755059223,
      -4.0,
      -1.1696950755059405,
      2.449484066889168,
      2.4494840668891746,
      -0.1640961758877908,
      -1.0,
      -0.1640961758877928,
      4.986384986396064,
      4.98638498639607,
      1.027127046460436,
      0.0,
      1.0271270464604387
    ],
    [
      -1.4704215941151082,
      -1.4704215941150998,
      -2.1124475882399576,
      -1.1696950755059405,
      -4.0,
      -0.11074928097904102,
      -0.11074928097903758,
      -0.6082226234609773,
      -0.1640961758877928,
      -1.0,
      1.4872990977012577,
      1.4872990977012652,
      0.4106723928153533,
      1.0271270464604387,
      0.0
    ]
  ],
  "lorentzian_embedding": [
    [
      0.0,
      0.0,
      0.0
    ],
    [
      0.0,
      0.0,
      0.0
    ],
    [
      0.0,
      0.0,
      0.0
    ],
    [
      0.0,
      0.0,
      0.0
    ],
    [
      0.0,
      0.0,
      0.0
    ],
    [
      0.0,
      0.0,
      0.0
    ],
    [
      0.0,
      0.0,
      0.0
    ],
    [
      0.0,
      0.0,
      0.0
    ],
    [
      0.0,
      0.0,
      0.0
    ],
    [
      0.0,
      0.0,
      0.0
    ],
    [
      0.0,
      0.0,
      0.0
    ],
    [
      0.0,
      0.0,
      0.0
    ],
    [
      0.0,
      0.0,
      0.0
    ],
    [
      0.0,
      0.0,
      0.0
    ],
    [
      0.0,
      0.0,
      0.0
    ]
  ],
  "edge_length_evolution": [],
  "angle_deficit_evolution": [],
  "regge_action_evolution": [],
  "gromov_delta_evolution": [],
  "mass_hinge": null,
  "mass_value": 0.0,
  "matter": [
    {
      "(0, 1)": 0.0,
      "(2, 4)": 0.0,
      "(1, 2)": 0.0,
      "(0, 4)": 0.0,
      "(3, 4)": 0.0,
      "(0, 3)": 0.0,
      "(1, 4)": 0.0,
      "(2, 3)": 0.0,
      "(0, 2)": 0.0,
      "(1, 3)": 0.0
    },
    {
      "(0, 1)": 0.0,
      "(2, 4)": 0.0,
      "(1, 2)": 0.0,
      "(0, 4)": 0.0,
      "(3, 4)": 0.0,
      "(0, 3)": 0.0,
      "(1, 4)": 0.0,
      "(2, 3)": 0.0,
      "(0, 2)": 0.0,
      "(1, 3)": 0.0
    },
    {
      "(0, 1)": 0.0,
      "(2, 4)": 0.0,
      "(1, 2)": 0.0,
      "(0, 4)": 0.0,
      "(3, 4)": 0.0,
      "(0, 3)": 0.0,
      "(1, 4)": 0.0,
      "(2, 3)": 0.0,
      "(0, 2)": 0.0,
      "(1, 3)": 0.0
    }
  ],
  "stationary_solution": null,
  "einstein_analysis_per_timestep": [
    {
      "ricci_tensor": [
        [
          0.07290760882395718,
          0.0
        ],
        [
          0.0,
          0.07290760882395718
        ]
      ],
      "metric_tensor": [
        [
          1.0145815217647913,
          0.007290760882395718
        ],
        [
          0.007290760882395718,
          1.0145815217647913
        ]
      ],
      "stress_energy_tensor": [
        [
          0.07290760882395718,
          0.0014581521764791437
        ],
        [
          0.0014581521764791437,
          0.07290760882395718
        ]
      ],
      "einstein_solution": {
        "einstein_tensor": [
          [
            0.0,
            0.0
          ],
          [
            0.0,
            0.0
          ]
        ],
        "ricci_scalar": 0.14581521764791436,
        "metric_tensor": [
          [
            1.0,
            0.0
          ],
          [
            0.0,
            1.0
          ]
        ],
        "lhs": [
          [
            0.0,
            0.0
          ],
          [
            0.0,
            0.0
          ]
        ],
        "rhs": [
          [
            0.07290760882395718,
            0.0014581521764791437
          ],
          [
            0.0014581521764791437,
            0.07290760882395718
          ]
        ],
        "equations_satisfied": false,
        "residual": 0.10312754852314612,
        "conservation_violation": 0.07290760882395718,
        "gravitational_constant": 0.039788735772973836,
        "cosmological_constant": 0.0
      },
      "entropy_first_derivative": 0.0,
      "entropy_second_derivative": 0.0,
      "entropy_curvature_correlation": 0.10310692419903282,
      "emergent_gravitational_constant": 0.01160360633334307,
      "average_mutual_information": 0.14581521764791436,
      "ricci_scalar": 0.14581521764791436,
      "analysis_summary": {
        "einstein_equations_satisfied": false,
        "residual_magnitude": 0.10312754852314612,
        "conservation_violation": 0.07290760882395718,
        "entropy_evolution_rate": 0.0,
        "entropy_acceleration": 0.0,
        "entanglement_curvature_coupling": 0.10310692419903282
      }
    },
    {
      "ricci_tensor": [
        [
          0.1618658740997082,
          0.0
        ],
        [
          0.0,
          0.1618658740997082
        ]
      ],
      "metric_tensor": [
        [
          1.0323731748199416,
          0.01618658740997082
        ],
        [
          0.01618658740997082,
          1.0323731748199416
        ]
      ],
      "stress_energy_tensor": [
        [
          0.1618658740997082,
          0.003237317481994164
        ],
        [
          0.003237317481994164,
          0.1618658740997082
        ]
      ],
      "einstein_solution": {
        "einstein_tensor": [
          [
            0.0,
            0.0
          ],
          [
            0.0,
            0.0
          ]
        ],
        "ricci_scalar": 0.3237317481994164,
        "metric_tensor": [
          [
            1.0,
            0.0
          ],
          [
            0.0,
            1.0
          ]
        ],
        "lhs": [
          [
            0.0,
            0.0
          ],
          [
            0.0,
            0.0
          ]
        ],
        "rhs": [
          [
            0.1618658740997082,
            0.003237317481994164
          ],
          [
            0.003237317481994164,
            0.1618658740997082
          ]
        ],
        "equations_satisfied": false,
        "residual": 0.22895869244272782,
        "conservation_violation": 0.1618658740997082,
        "gravitational_constant": 0.039788735772973836,
        "cosmological_constant": 0.0
      },
      "entropy_first_derivative": 0.0,
      "entropy_second_derivative": 0.0,
      "entropy_curvature_correlation": 0.22891290943718337,
      "emergent_gravitational_constant": 0.025761753980858955,
      "average_mutual_information": 0.3237317481994164,
      "ricci_scalar": 0.3237317481994164,
      "analysis_summary": {
        "einstein_equations_satisfied": false,
        "residual_magnitude": 0.22895869244272782,
        "conservation_violation": 0.1618658740997082,
        "entropy_evolution_rate": 0.0,
        "entropy_acceleration": 0.0,
        "entanglement_curvature_coupling": 0.22891290943718337
      }
    },
    {
      "ricci_tensor": [
        [
          0.14240684890929114,
          0.0
        ],
        [
          0.0,
          0.14240684890929114
        ]
      ],
      "metric_tensor": [
        [
          1.0284813697818582,
          0.014240684890929115
        ],
        [
          0.014240684890929115,
          1.0284813697818582
        ]
      ],
      "stress_energy_tensor": [
        [
          0.14240684890929114,
          0.002848136978185823
        ],
        [
          0.002848136978185823,
          0.14240684890929114
        ]
      ],
      "einstein_solution": {
        "einstein_tensor": [
          [
            0.0,
            0.0
          ],
          [
            0.0,
            0.0
          ]
        ],
        "ricci_scalar": 0.2848136978185823,
        "metric_tensor": [
          [
            1.0,
            0.0
          ],
          [
            0.0,
            1.0
          ]
        ],
        "lhs": [
          [
            0.0,
            0.0
          ],
          [
            0.0,
            0.0
          ]
        ],
        "rhs": [
          [
            0.14240684890929114,
            0.002848136978185823
          ],
          [
            0.002848136978185823,
            0.14240684890929114
          ]
        ],
        "equations_satisfied": false,
        "residual": 0.20143397181468764,
        "conservation_violation": 0.14240684890929114,
        "gravitational_constant": 0.039788735772973836,
        "cosmological_constant": 0.0
      },
      "entropy_first_derivative": 0.0,
      "entropy_second_derivative": 0.0,
      "entropy_curvature_correlation": 0.20139369210233588,
      "emergent_gravitational_constant": 0.02266475393405437,
      "average_mutual_information": 0.2848136978185823,
      "ricci_scalar": 0.2848136978185823,
      "analysis_summary": {
        "einstein_equations_satisfied": false,
        "residual_magnitude": 0.20143397181468764,
        "conservation_violation": 0.14240684890929114,
        "entropy_evolution_rate": 0.0,
        "entropy_acceleration": 0.0,
        "entanglement_curvature_coupling": 0.20139369210233588
      }
    }
  ],
  "bootstrap_analysis": {
    "gromov_delta": {
      "mean": 2.052288797351491,
      "lower_ci": 1.6441286608192056,
      "upper_ci": 2.591445666504488,
      "all_values": [
        2.591445666504488,
        1.6441286608192056,
        1.92129206473078
      ],
      "uncertainty": 0.5391568691529969
    },
    "entropy": {
      "mean": null,
      "lower_ci": null,
      "upper_ci": null,
      "uncertainty": null
    },
    "distance_matrix": {
      "mean": [
        [
          0.0,
          0.8041664157139627,
          1.251004826032469,
          2.4543720052084717,
          1.2510048260324653
        ],
        [
          0.8041664157139627,
          0.0,
          1.251004826032467,
          2.4543720052084734,
          1.251004826032468
        ],
        [
          1.251004826032469,
          1.251004826032467,
          0.0,
          1.2033671791760077,
          0.8802135741342149
        ],
        [
          2.4543720052084717,
          2.4543720052084734,
          1.2033671791760077,
          0.0,
          1.203367179176006
        ],
        [
          1.2510048260324653,
          1.251004826032468,
          0.8802135741342149,
          1.203367179176006,
          0.0
        ]
      ],
      "lower_ci": [
        [
          0.0,
          0.4263000231278106,
          0.9867876489347239,
          1.9825262791207698,
          0.9867876489347225
        ],
        [
          0.4263000231278106,
          0.0,
          0.9430009114634851,
          1.8572786723831118,
          0.9430009114634844
        ],
        [
          0.9867876489347239,
          0.9430009114634851,
          0.0,
          0.9473427624546774,
          0.6259212223107814
        ],
        [
          1.9167712855834989,
          1.8572786723831118,
          0.9473427624546774,
          0.0,
          0.9142777609196274
        ],
        [
          0.9867876489347225,
          1.0351835166660945,
          0.6259212223107814,
          0.9473427624546771,
          0.0
        ]
      ],
      "upper_ci": [
        [
          0.0,
          1.3627403682834591,
          1.5904648395626086,
          3.272815850646216,
          1.5904648395626015
        ],
        [
          1.3627403682834591,
          0.0,
          1.5904648395626015,
          3.2728158506462193,
          1.5904648395626042
        ],
        [
          1.5904648395626086,
          1.5904648395626015,
          0.0,
          1.6823510110836197,
          1.3738822408634743
