{
  "parameters": [
    {
      "phase": 0.0,
      "strength": 0.5
    },
    {
      "phase": 0.10748522010551204,
      "strength": 0.7099445507801323
    },
    {
      "phase": 0.2099445507801323,
      "strength": 0.8810810275638182
    },
    {
      "phase": 0.30258710759688257,
      "strength": 0.9817749962596114
    },
    {
      "phase": 0.38108102756381823,
      "strength": 0.9934132612707631
    },
    {
      "phase": 0.44175602222301147,
      "strength": 0.9138444990784453
    },
    {
      "phase": 0.48177499625961145,
      "strength": 0.757776928588511
    },
    {
      "phase": 0.4992667069255619,
      "strength": 0.554059509211971
    },
    {
      "phase": 0.49341326127076307,
      "strength": 0.34034923493201
    },
    {
      "phase": 0.4644883599083957,
      "strength": 0.15615027057328829
    },
    {
      "phase": 0.4138444990784453,
      "strength": 0.03551164009160429
    },
    {
      "phase": 0.34384972942671177,
      "strength": 0.000733293074438035
    },
    {
      "phase": 0.25777692858851103,
      "strength": 0.058243977776988365
    },
    {
      "phase": 0.1596507650679901,
      "strength": 0.1974128924031172
    },
    {
      "phase": 0.05405950921197096,
      "strength": 0.3925147798944878
    },
    {
      "phase": -0.05405950921197084,
      "strength": 0.607485220105512
    },
    {
      "phase": -0.15965076506798997,
      "strength": 0.8025871075968826
    },
    {
      "phase": -0.2577769285885107,
      "strength": 0.9417560222230112
    },
    {
      "phase": -0.3438497294267117,
      "strength": 0.999266706925562
    },
    {
      "phase": -0.4138444990784452,
      "strength": 0.9644883599083958
    },
    {
      "phase": -0.4644883599083957,
      "strength": 0.8438497294267118
    },
    {
      "phase": -0.49341326127076307,
      "strength": 0.65965076506799
    },
    {
      "phase": -0.49926670692556196,
      "strength": 0.44594049078802994
    },
    {
      "phase": -0.48177499625961145,
      "strength": 0.24222307141148902
    },
    {
      "phase": -0.44175602222301164,
      "strength": 0.0861555009215551
    },
    {
      "phase": -0.3810810275638184,
      "strength": 0.0065867387292370405
    },
    {
      "phase": -0.3025871075968828,
      "strength": 0.01822500374038838
    },
    {
      "phase": -0.20994455078013247,
      "strength": 0.11891897243618149
    },
    {
      "phase": -0.10748522010551219,
      "strength": 0.2900554492198674
    },
    {
      "phase": -1.2246467991473532e-16,
      "strength": 0.4999999999999998
    }
  ],
  "entropies": [
    2.728181028467186,
    3.533752698850159,
    4.027818414785373,
    4.200647830035141,
    4.144142006017079,
    4.070598655977427,
    3.756778935165714,
    2.925595342378592,
    2.0780395692696807,
    1.296022105013724,
    1.0100808791661708,
    0.999975234353679,
    1.0583127273909496,
    1.4170991770871986,
    2.1900330882167,
    3.214302831358073,
    3.7822113416577143,
    4.214851173077848,
    4.278503777628133,
    4.122985333239303,
    3.944111172169105,
    3.3153008799780315,
    2.4824531854733443,
    1.5653817397541805,
    1.0912297514236848,
    0.9999559719906115,
    1.0101910587804022,
    1.2488320685906389,
    1.8252403187027357,
    2.7506528194692716
  ],
  "curvatures": [
    0.0,
    -2.2204460492503132e-17,
    1.3322676295501878e-16,
    -2.2204460492503132e-17,
    4.4408920985006264e-17,
    6.661338147750939e-17,
    6.661338147750939e-17,
    1.3322676295501878e-16,
    1.3322676295501878e-16,
    2.2204460492503132e-17,
    8.881784197001253e-17,
    1.1102230246251565e-16,
    1.7763568394002506e-16,
    8.881784197001253e-17,
    6.661338147750939e-17,
    1.554312234475219e-16,
    6.661338147750939e-17,
    1.1102230246251565e-16,
    2.2204460492503132e-17,
    4.4408920985006264e-17,
    1.9984014443252818e-16,
    0.0,
    1.3322676295501878e-16,
    1.3322676295501878e-16,
    8.881784197001253e-17,
    4.4408920985006264e-17,
    8.881784197001253e-17,
    8.881784197001253e-17,
    0.0,
    1.1102230246251565e-16
  ],
  "distances": [
    0.9864737183330228,
    0.9991993344443024,
    0.9983947123561463,
    0.9949470102158784,
    0.994660802103384,
    0.996496757683321,
    0.9986750081214131,
    0.9892917189559128,
    0.9727935360783468,
    0.9607144402433647,
    0.9577342509764537,
    0.9578592368051059,
    0.9582102374027763,
    0.963702528359637,
    0.9776178023325434,
    0.9937015436954957,
    0.9993187573605565,
    0.9945603527284383,
    0.9929031094646622,
    0.9944610625502378,
    0.9993260830905046,
    0.996147621326534,
    0.9807835822613037,
    0.9674283544062107,
    0.9576340787051978,
    0.9578597092365132,
    0.9577293952262761,
    0.9615350840027025,
    0.9700658149969197,
    0.9865595154983073
  ],
  "mi_matrices": [
    [
      [
        0.0,
        0.21789529967261334,
        0.0023276401621197262,
        0.002741184938276131,
        0.0001830818813139956,
        -1.4428458428028534e-12
      ],
      [
        0.21789529967261334,
        0.0,
        3.509968337356284e-05,
        0.0008989370398744256,
        4.364572065118644e-05,
        -1.4428458428028534e-12
      ],
      [
        0.0023276401621197262,
        3.509968337356284e-05,
        0.0,
        5.300298709409734e-05,
        0.00030318543141549803,
        -1.4428458428028534e-12
      ],
      [
        0.002741184938276131,
        0.0008989370398744256,
        5.300298709409734e-05,
        0.0,
        0.0005251533889382154,
        -1.4428458428028534e-12
      ],
      [
        0.0001830818813139956,
        4.364572065118644e-05,
        0.00030318543141549803,
        0.0005251533889382154,
        0.0,
        -1.4428458428028534e-12
      ],
      [
        -1.4428458428028534e-12,
        -1.4428458428028534e-12,
        -1.4428458428028534e-12,
        -1.4428458428028534e-12,
        -1.4428458428028534e-12,
        0.0
      ]
    ],
    [
      [
        0.0,
        0.006107752624388896,
        2.5078848214343807e-05,
        0.0009780826154710542,
        0.0013295892248401664,
        -1.4428458428028534e-12
      ],
      [
        0.006107752624388896,
        0.0,
        0.0005431867543501667,
        0.0005574013184368454,
        0.0003201010262783299,
        -1.4428458428028534e-12
      ],
      [
        2.5078848214343807e-05,
        0.0005431867543501667,
        0.0,
        9.34626327442345e-08,
        0.001724997756927138,
        -1.4428458428028534e-12
      ],
      [
        0.0009780826154710542,
        0.0005574013184368454,
        9.34626327442345e-08,
        0.0,
        0.0004456163801160873,
        -1.4428458428028534e-12
      ],
      [
        0.0013295892248401664,
        0.0003201010262783299,
        0.001724997756927138,
        0.0004456163801160873,
        0.0,
        -1.4428458428028534e-12
      ],
      [
        -1.4428458428028534e-12,
        -1.4428458428028534e-12,
        -1.4428458428028534e-12,
        -1.4428458428028534e-12,
        -1.4428458428028534e-12,
        0.0
      ]
    ],
    [
      [
        0.0,
        0.022248790381935724,
        0.0007071855919351666,
        0.000471571572993712,
        0.00020746418668116107,
        -1.4428458428028534e-12
      ],
      [
        0.022248790381935724,
        0.0,
        0.0001726544062234936,
        0.00018841564244342912,
        3.75440471809263e-05,
        -1.4428458428028534e-12
      ],
      [
        0.0007071855919351666,
        0.0001726544062234936,
        0.0,
        2.380272192836763e-05,
        0.0002441703424864716,
        -1.4428458428028534e-12
      ],
      [
        0.000471571572993712,
        0.00018841564244342912,
        2.380272192836763e-05,
        0.0,
        2.3841135869506758e-05,
        -1.4428458428028534e-12
      ],
      [
        0.00020746418668116107,
        3.75440471809263e-05,
        0.0002441703424864716,
        2.3841135869506758e-05,
        0.0,
        -1.4428458428028534e-12
      ],
      [
        -1.4428458428028534e-12,
        -1.4428458428028534e-12,
        -1.4428458428028534e-12,
        -1.4428458428028534e-12,
        -1.4428458428028534e-12,
        0.0
      ]
    ],
    [
      [
        0.0,
        0.06892967678879791,
        0.0008655507847072919,
        2.3427585214230717e-05,
        0.0011801494654783973,
        -1.4428458428028534e-12
      ],
      [
        0.06892967678879791,
        0.0,
        0.0004441519923499282,
        0.0005424483519449463,
        0.00030304598949104644,
        -1.4428458428028534e-12
      ],
      [
        0.0008655507847072919,
        0.0004441519923499282,
        0.0,
        0.00041776529824644193,
        0.00015101833641506524,
        -1.4428458428028534e-12
      ],
      [
        2.3427585214230717e-05,
        0.0005424483519449463,
        0.00041776529824644193,
        0.0,
        0.005274955171661988,
        -1.4428458428028534e-12
      ],
      [
        0.0011801494654783973,
        0.00030304598949104644,
        0.00015101833641506524,
        0.005274955171661988,
        0.0,
        -1.4428458428028534e-12
      ],
      [
        -1.4428458428028534e-12,
        -1.4428458428028534e-12,
        -1.4428458428028534e-12,
        -1.4428458428028534e-12,
        -1.4428458428028534e-12,
        0.0
      ]
    ],
    [
      [
        0.0,
        0.07615363252620155,
        1.4275827026066779e-05,
        0.0009901759585531078,
        0.0010587130379073884,
        -1.4428458428028534e-12
      ],
      [
        0.07615363252620155,
        0.0,
        0.0004968613931350951,
        0.0001883855350832686,
        0.0006966350726735904,
        -1.4428458428028534e-12
      ],
      [
        1.4275827026066779e-05,
        0.0004968613931350951,
        0.0,
        0.0016305700883738616,
        0.0007206646632635927,
        -1.4428458428028534e-12
      ],
      [
        0.0009901759585531078,
        0.0001883855350832686,
        0.0016305700883738616,
        0.0,
        0.0009690070269512407,
        -1.4428458428028534e-12
      ],
      [
        0.0010587130379073884,
        0.0006966350726735904,
        0.0007206646632635927,
        0.0009690070269512407,
        0.0,
        -1.4428458428028534e-12
      ],
      [
        -1.4428458428028534e-12,
        -1.4428458428028534e-12,
        -1.4428458428028534e-12,
        -1.4428458428028534e-12,
        -1.4428458428028534e-12,
        0.0
      ]
    ],
    [
      [
        0.0,
        0.047859380592997214,
        8.170894890691116e-06,
        0.0011847279991081816,
        0.0004160300409947748,
        -1.4428458428028534e-12
      ],
      [
        0.047859380592997214,
        0.0,
        0.0006257944214587141,
        0.0024883747725956695,
        0.0006343369597316961,
        -1.4428458428028534e-12
      ],
      [
        8.170894890691116e-06,
        0.0006257944214587141,
        0.0,
        0.00010156215467471696,
        7.34955582306629e-05,
        -1.4428458428028534e-12
      ],
      [
        0.0011847279991081816,
        0.0024883747725956695,
        0.00010156215467471696,
        0.0,
        0.00028829540703179113,
        -1.4428458428028534e-12
      ],
      [
        0.0004160300409947748,
        0.0006343369597316961,
        7.34955582306629e-05,
        0.00028829540703179113,
        0.0,
        -1.4428458428028534e-12
      ],
      [
        -1.4428458428028534e-12,
        -1.4428458428028534e-12,
        -1.4428458428028534e-12,
        -1.4428458428028534e-12,
        -1.4428458428028534e-12,
        0.0
      ]
    ],
    [
      [
        0.0,
        0.013893184369122569,
        4.6622667948525987e-08,
        6.560413056799774e-05,
        0.00015556365633928593,
        -1.4428458428028534e-12
      ],
      [
        0.013893184369122569,
        0.0,
        0.002592188885558455,
        2.018880866927475e-07,
        0.0006515567700993152,
        -1.4428458428028534e-12
      ],
      [
        4.6622667948525987e-08,
        0.002592188885558455,
        0.0,
        0.00024775705150936744,
        0.002247306019955042,
        -1.4428458428028534e-12
      ],
      [
        6.560413056799774e-05,
        2.018880866927475e-07,
        0.00024775705150936744,
        0.0,
        0.0001236786086296071,
        -1.4428458428028534e-12
      ],
      [
        0.00015556365633928593,
        0.0006515567700993152,
        0.002247306019955042,
        0.0001236786086296071,
        0.0,
        -1.4428458428028534e-12
      ],
      [
        -1.4428458428028534e-12,
        -1.4428458428028534e-12,
        -1.4428458428028534e-12,
        -1.4428458428028534e-12,
        -1.4428458428028534e-12,
        0.0
      ]
    ],
    [
      [
        0.0,
        0.16915435987105898,
        3.078948678325588e-05,
        0.0003526364962589401,
        4.428982129800474e-05,
        -1.4428458428028534e-12
      ],
      [
        0.16915435987105898,
        0.0,
        0.00030136774584965664,
        8.612027708077008e-06,
        9.87623723596176e-05,
        -1.4428458428028534e-12
      ],
      [
        3.078948678325588e-05,
        0.00030136774584965664,
        0.0,
        0.003107117284457672,
        0.0010407837344124093,
        -1.4428458428028534e-12
      ],
      [
        0.0003526364962589401,
        8.612027708077008e-06,
        0.003107117284457672,
        0.0,
        2.3889611094674024e-05,
        -1.4428458428028534e-12
      ],
      [
        4.428982129800474e-05,
        9.87623723596176e-05,
        0.0010407837344124093,
        2.3889611094674024e-05,
        0.0,
        -1.4428458428028534e-12
      ],
      [
        -1.4428458428028534e-12,
        -1.4428458428028534e-12,
        -1.4428458428028534e-12,
        -1.4428458428028534e-12,
        -1.4428458428028534e-12,
        0.0
      ]
    ],
    [
      [
        0.0,
        0.5150066628620567,
        0.000898922260845092,
        0.0018988079574184802,
        8.306629994736525e-06,
        -1.4428458428028534e-12
      ],
      [
        0.5150066628620567,
        0.0,
        0.0018624945118843605,
        0.0003477586763802609,
        0.00012249251911455872,
        -1.4428458428028534e-12
      ],
      [
        0.000898922260845092,
        0.0018624945118843605,
        0.0,
        0.0004580440565704613,
        8.46058274606154e-07,
        -1.4428180872272378e-12
      ],
      [
        0.0018988079574184802,
        0.0003477586763802609,
        0.0004580440565704613,
        0.0,
        1.1484493078750546e-08,
        -1.4428180872272378e-12
      ],
      [
        8.306629994736525e-06,
        0.00012249251911455872,
        8.46058274606154e-07,
        1.1484493078750546e-08,
        0.0,
        -1.4428180872272378e-12
      ],
      [
        -1.4428458428028534e-12,
        -1.4428458428028534e-12,
        -1.4428180872272378e-12,
        -1.4428180872272378e-12,
        -1.4428180872272378e-12,
        0.0
      ]
    ],
    [
      [
        0.0,
        0.8534040376221221,
        0.007469597384083038,
        3.553368275088786e-05,
        7.16565564569116e-05,
        -1.4428458428028534e-12
      ],
      [
        0.8534040376221221,
        0.0,
        0.007449007922214479,
        3.7192331008295554e-05,
        7.363163635809578e-05,
        -1.4428458428028534e-12
      ],
      [
        0.007469597384083038,
        0.007449007922214479,
        0.0,
        6.788176554319014e-05,
        4.843925109639102e-05,
        -1.4428250261211417e-12
      ],
      [
        3.553368275088786e-05,
        3.7192331008295554e-05,
        6.788176554319014e-05,
        0.0,
        4.843925109639102e-05,
        -1.4428250261211417e-12
      ],
      [
        7.16565564569116e-05,
        7.363163635809578e-05,
        4.843925109639102e-05,
        4.843925109639102e-05,
        0.0,
        -1.4428250261211417e-12
      ],
      [
        -1.4428458428028534e-12,
        -1.4428458428028534e-12,
        -1.4428250261211417e-12,
        -1.4428250261211417e-12,
        -1.4428250261211417e-12,
        0.0
      ]
    ],
    [
      [
        0.0,
        0.9998651613979794,
        -1.4428458428028534e-12,
        -1.4428458428028534e-12,
        0.000958100950142704,
        -1.4428458428028534e-12
      ],
      [
        0.9998651613979794,
        0.0,
        -1.4428458428028534e-12,
        -1.4428458428028534e-12,
        0.000958100950142704,
        -1.4428458428028534e-12
      ],
      [
        -1.4428458428028534e-12,
        -1.4428458428028534e-12,
        0.0,
        -1.4428232973175175e-12,
        -1.4428232913976657e-12,
        -1.4428232973175175e-12
      ],
      [
        -1.4428458428028534e-12,
        -1.4428458428028534e-12,
        -1.4428232973175175e-12,
        0.0,
        -1.4428232913976657e-12,
        -1.4428232973175175e-12
      ],
      [
        0.000958100950142704,
        0.000958100950142704,
        -1.4428232913976657e-12,
        -1.4428232913976657e-12,
        0.0,
        -1.4428232913976657e-12
      ],
      [
        -1.4428458428028534e-12,
        -1.4428458428028534e-12,
        -1.4428232973175175e-12,
        -1.4428232973175175e-12,
        -1.4428232913976657e-12,
        0.0
      ]
    ],
    [
      [
        0.0,
        0.999975234353679,
        -1.4428458428028534e-12,
        -1.4428458428028534e-12,
        -1.4428458428028534e-12,
        -1.4428458428028534e-12
      ],
      [
        0.999975234353679,
        0.0,
        -1.4428458428028534e-12,
        -1.4428458428028534e-12,
        -1.4428458428028534e-12,
        -1.4428458428028534e-12
      ],
      [
        -1.4428458428028534e-12,
        -1.4428458428028534e-12,
        0.0,
        -1.4428232973175175e-12,
        -1.4428232973175175e-12,
        -1.4428232973175175e-12
      ],
      [
        -1.4428458428028534e-12,
        -1.4428458428028534e-12,
        -1.4428232973175175e-12,
        0.0,
        -1.4428232973175175e-12,
        -1.4428232973175175e-12
      ],
      [
        -1.4428458428028534e-12,
        -1.4428458428028534e-12,
        -1.4428232973175175e-12,
        -1.4428232973175175e-12,
        0.0,
        -1.4428232973175175e-12
      ],
      [
        -1.4428458428028534e-12,
        -1.4428458428028534e-12,
        -1.4428232973175175e-12,
        -1.4428232973175175e-12,
        -1.4428232973175175e-12,
        0.0
      ]
    ],
    [
      [
        0.0,
        0.9704248986448063,
        0.0009258658211361848,
        0.0009258658211361848,
        0.001030581700827371,
        -1.4428458428028534e-12
      ],
      [
        0.9704248986448063,
        0.0,
        0.0009285240904040037,
        0.0009285240904040037,
        0.001027723926299906,
        -1.4428458428028534e-12
      ],
      [
        0.0009258658211361848,
        0.0009285240904040037,
        0.0,
        1.3772049114353646e-06,
        1.3772049114353646e-06,
        -1.4428232913976657e-12
      ],
      [
        0.0009258658211361848,
        0.0009285240904040037,
        1.3772049114353646e-06,
        0.0,
        1.3772049114353646e-06,
        -1.4428232913976657e-12
      ],
      [
        0.001030581700827371,
        0.001027723926299906,
        1.3772049114353646e-06,
        1.3772049114353646e-06,
        0.0,
        -1.4428232913976657e-12
      ],
      [
        -1.4428458428028534e-12,
        -1.4428458428028534e-12,
        -1.4428232913976657e-12,
        -1.4428232913976657e-12,
        -1.4428232913976657e-12,
        0.0
      ]
    ],
    [
      [
        0.0,
        0.7798636516998847,
        0.0005044800862739063,
        0.0004356043627791184,
        4.604995741086526e-05,
        -1.4428458428028534e-12
      ],
      [
        0.7798636516998847,
        0.0,
        0.0004656697157281453,
        0.0003953470907003265,
        0.000798402717591129,
        -1.4428458428028534e-12
      ],
      [
        0.0005044800862739063,
        0.0004656697157281453,
        0.0,
        0.00011104634860858997,
        7.761741527254062e-05,
        -1.4428180872272378e-12
      ],
      [
        0.0004356043627791184,
        0.0003953470907003265,
        0.00011104634860858997,
        0.0,
        9.711759461919489e-05,
        -1.4428180872272378e-12
      ],
      [
        4.604995741086526e-05,
        0.000798402717591129,
        7.761741527254062e-05,
        9.711759461919489e-05,
        0.0,
        -1.4428250261211417e-12
      ],
      [
        -1.4428458428028534e-12,
        -1.4428458428028534e-12,
        -1.4428180872272378e-12,
        -1.4428180872272378e-12,
        -1.4428250261211417e-12,
        0.0
      ]
    ],
    [
      [
        0.0,
        0.40207178579736125,
        4.116915620100414e-05,
        0.00014747207665766204,
        0.001190625095201625,
        -1.4428458428028534e-12
      ],
      [
        0.40207178579736125,
        0.0,
        0.0017121201581469236,
        4.67997395550146e-05,
        0.0009109037828121114,
        -1.4428458428028534e-12
      ],
      [
        4.116915620100414e-05,
        0.0017121201581469236,
        0.0,
        0.0006046795289383344,
        3.3588844430831877e-06,
        -1.4428180872272378e-12
      ],
      [
        0.00014747207665766204,
        4.67997395550146e-05,
        0.0006046795289383344,
        0.0,
        1.1344464028117951e-05,
        -1.4428180872272378e-12
      ],
      [
        0.001190625095201625,
        0.0009109037828121114,
        3.3588844430831877e-06,
        1.1344464028117951e-05,
        0.0,
        -1.4428180872272378e-12
      ],
      [
        -1.4428458428028534e-12,
        -1.4428458428028534e-12,
        -1.4428180872272378e-12,
        -1.4428180872272378e-12,
        -1.4428180872272378e-12,
        0.0
      ]
    ],
    [
      [
        0.0,
        0.09185667155161292,
        0.00012718337465877916,
        7.0068422441949e-07,
        0.0017559544292236051,
        -1.4428458428028534e-12
      ],
      [
        0.09185667155161292,
        0.0,
        0.000547834998025909,
        0.000836452885894623,
        0.002675274016795459,
        -1.4428458428028534e-12
      ],
      [
        0.00012718337465877916,
        0.000547834998025909,
        0.0,
        8.993999877504599e-05,
        0.0005581315359206585,
        -1.4428458428028534e-12
      ],
      [
        7.0068422441949e-07,
        0.000836452885894623,
        8.993999877504599e-05,
        0.0,
        0.00012705401685364492,
        -1.4428458428028534e-12
      ],
      [
        0.0017559544292236051,
        0.002675274016795459,
        0.0005581315359206585,
        0.00012705401685364492,
        0.0,
        -1.4428458428028534e-12
      ],
      [
        -1.4428458428028534e-12,
        -1.4428458428028534e-12,
        -1.4428458428028534e-12,
        -1.4428458428028534e-12,
        -1.4428458428028534e-12,
        0.0
      ]
    ],
    [
      [
        0.0,
        0.0017649011201017473,
        1.2644845406306615e-05,
        0.0011801288812915978,
        0.004001479953594345,
        -1.4428458428028534e-12
      ],
      [
        0.0017649011201017473,
        0.0,
        0.0003698775024272294,
        0.0006473471840644507,
        1.8403252447507512e-05,
        -1.4428458428028534e-12
      ],
      [
        1.2644845406306615e-05,
        0.0003698775024272294,
        0.0,
        4.153402860529454e-05,
        2.9938980754540268e-06,
        -1.4428458428028534e-12
      ],
      [
        0.0011801288812915978,
        0.0006473471840644507,
        4.153402860529454e-05,
        0.0,
        0.002192257023228894,
        -1.4428458428028534e-12
      ],
      [
        0.004001479953594345,
        1.8403252447507512e-05,
        2.9938980754540268e-06,
        0.002192257023228894,
        0.0,
        -1.4428458428028534e-12
      ],
      [
        -1.4428458428028534e-12,
        -1.4428458428028534e-12,
        -1.4428458428028534e-12,
        -1.4428458428028534e-12,
        -1.4428458428028534e-12,
        0.0
      ]
    ],
    [
      [
        0.0,
        0.07901455323777173,
        2.8345378585648007e-05,
        2.271238738060788e-05,
        0.0008312810898094547,
        -1.4428458428028534e-12
      ],
      [
        0.07901455323777173,
        0.0,
        0.00014748661782260086,
        0.0003633503639173252,
        0.0018556368121853684,
        -1.4428458428028534e-12
      ],
      [
        2.8345378585648007e-05,
        0.00014748661782260086,
        0.0,
        2.5096511768296637e-05,
        0.0006812761472558826,
        -1.4428458428028534e-12
      ],
      [
        2.271238738060788e-05,
        0.0003633503639173252,
        2.5096511768296637e-05,
        0.0,
        0.0016697697498067043,
        -1.4428458428028534e-12
      ],
      [
        0.0008312810898094547,
        0.0018556368121853684,
        0.0006812761472558826,
        0.0016697697498067043,
        0.0,
        -1.4428458428028534e-12
      ],
      [
        -1.4428458428028534e-12,
        -1.4428458428028534e-12,
        -1.4428458428028534e-12,
        -1.4428458428028534e-12,
        -1.4428458428028534e-12,
        0.0
      ]
    ],
    [
      [
        0.0,
        0.10285214706041912,
        0.000723698085018043,
        0.0027976138529319794,
        0.000529823747518865,
        -1.4428458428028534e-12
      ],
      [
        0.10285214706041912,
        0.0,
        0.0012687659345282931,
        0.000596544412760025,
        0.0015506049827496149,
        -1.4428458428028534e-12
      ],
      [
        0.000723698085018043,
        0.0012687659345282931,
        0.0,
        6.674979960208383e-05,
        0.0006115536555755252,
        -1.4428458428028534e-12
      ],
      [
        0.0027976138529319794,
        0.000596544412760025,
        6.674979960208383e-05,
        0.0,
        0.0005752194497030683,
        -1.4428458428028534e-12
      ],
      [
        0.000529823747518865,
        0.0015506049827496149,
        0.0006115536555755252,
        0.0005752194497030683,
        0.0,
        -1.4428458428028534e-12
      ],
      [
        -1.4428458428028534e-12,
        -1.4428458428028534e-12,
        -1.4428458428028534e-12,
        -1.4428458428028534e-12,
        -1.4428458428028534e-12,
        0.0
      ]
    ],
    [
      [
        0.0,
        0.08060701129036518,
        0.00021599673890504434,
        0.00396992574198296,
        0.0007170749552531941,
        -1.4428458428028534e-12
      ],
      [
        0.08060701129036518,
        0.0,
        0.0003020655690892937,
        0.00015186213720363995,
        2.825705084030794e-05,
        -1.4428458428028534e-12
      ],
      [
        0.00021599673890504434,
        0.0003020655690892937,
        0.0,
        0.00025538425341498083,
        7.542258339654495e-06,
        -1.4428458428028534e-12
      ],
      [
        0.00396992574198296,
        0.00015186213720363995,
        0.00025538425341498083,
        0.0,
        3.677065274487745e-07,
        -1.4428458428028534e-12
      ],
      [
        0.0007170749552531941,
        2.825705084030794e-05,
        7.542258339654495e-06,
        3.677065274487745e-07,
        0.0,
        -1.4428458428028534e-12
      ],
      [
        -1.4428458428028534e-12,
        -1.4428458428028534e-12,
        -1.4428458428028534e-12,
        -1.4428458428028534e-12,
        -1.4428458428028534e-12,
        0.0
      ]
    ],
    [
      [
        0.0,
        0.0016194492162959762,
        0.004932562264293949,
        0.0005731607125338822,
        0.0003842214944789202,
        -1.4428458428028534e-12
      ],
      [
        0.0016194492162959762,
        0.0,
        0.00038915729300326163,
        0.000295831951830694,
        0.001172642264619661,
        -1.4428458428028534e-12
      ],
      [
        0.004932562264293949,
        0.00038915729300326163,
        0.0,
        0.00010528665255216119,
        0.00016403748803828222,
        -1.4428458428028534e-12
      ],
      [
        0.0005731607125338822,
        0.000295831951830694,
        0.00010528665255216119,
        0.0,
        0.000487042373204849,
        -1.4428458428028534e-12
      ],
      [
        0.0003842214944789202,
        0.001172642264619661,
        0.00016403748803828222,
        0.000487042373204849,
        0.0,
        -1.4428458428028534e-12
      ],
      [
        -1.4428458428028534e-12,
        -1.4428458428028534e-12,
        -1.4428458428028534e-12,
        -1.4428458428028534e-12,
        -1.4428458428028534e-12,
        0.0
      ]
    ],
    [
      [
        0.0,
        0.056801289105035346,
        1.3387098658501628e-06,
        4.272738268662479e-05,
        1.14197796827753e-05,
        -1.4428458428028534e-12
      ],
      [
        0.056801289105035346,
        0.0,
        0.0012045062040819676,
        0.0008376100466453984,
        6.898443008962474e-05,
        -1.4428458428028534e-12
      ],
      [
        1.3387098658501628e-06,
        0.0012045062040819676,
        0.0,
        0.00022466702124657179,
        0.00012350535860450318,
        -1.4428458428028534e-12
      ],
      [
        4.272738268662479e-05,
        0.0008376100466453984,
        0.00022466702124657179,
        0.0,
        5.3823818859433104e-05,
        -1.4428458428028534e-12
      ],
      [
        1.14197796827753e-05,
        6.898443008962474e-05,
        0.00012350535860450318,
        5.3823818859433104e-05,
        0.0,
        -1.4428458428028534e-12
      ],
      [
        -1.4428458428028534e-12,
        -1.4428458428028534e-12,
        -1.4428458428028534e-12,
        -1.4428458428028534e-12,
        -1.4428458428028534e-12,
        0.0
      ]
    ],
    [
      [
        0.0,
        0.333694903998182,
        0.0008615435250569625,
        0.0007723938419244014,
        0.00012148515638177315,
        -1.4428458428028534e-12
      ],
      [
        0.333694903998182,
        0.0,
        5.937405470612944e-06,
        0.0010026829328513287,
        0.0010566724476943623,
        -1.4428458428028534e-12
      ],
      [
        0.0008615435250569625,
        5.937405470612944e-06,
        0.0,
        4.899443101868961e-05,
        3.7069320770743985e-06,
        -1.4428458428028534e-12
      ],
      [
        0.0007723938419244014,
        0.0010026829328513287,
        4.899443101868961e-05,
        0.0,
        0.0006470778734187776,
        -1.4428458428028534e-12
      ],
      [
        0.00012148515638177315,
        0.0010566724476943623,
        3.7069320770743985e-06,
        0.0006470778734187776,
        0.0,
        -1.4428458428028534e-12
      ],
      [
        -1.4428458428028534e-12,
        -1.4428458428028534e-12,
        -1.4428458428028534e-12,
        -1.4428458428028534e-12,
        -1.4428458428028534e-12,
        0.0
      ]
    ],
    [
      [
        0.0,
        0.6553534959648335,
        0.0013981165956964414,
        0.0019802832604958187,
        0.0008815922978453461,
        -1.4428458428028534e-12
      ],
      [
        0.6553534959648335,
        0.0,
        0.0013134871903937029,
        0.0018738735982184451,
        8.357184515306315e-06,
        -1.4428458428028534e-12
      ],
      [
        0.0013981165956964414,
        0.0013134871903937029,
        0.0,
        9.989235078877723e-05,
        0.00013338751360883472,
        -1.4428180872272378e-12
      ],
      [
        0.0019802832604958187,
        0.0018738735982184451,
        9.989235078877723e-05,
        0.0,
        0.0001501351936244455,
        -1.4428180872272378e-12
      ],
      [
        0.0008815922978453461,
        8.357184515306315e-06,
        0.00013338751360883472,
        0.0001501351936244455,
        0.0,
        -1.4428180872272378e-12
      ],
      [
        -1.4428458428028534e-12,
        -1.4428458428028534e-12,
        -1.4428180872272378e-12,
        -1.4428180872272378e-12,
        -1.4428180872272378e-12,
        0.0
      ]
    ],
    [
      [
        0.0,
        0.9813787122496538,
        0.0019175445462449314,
        0.0029942542263676764,
        0.00022113410436097602,
        -1.4428458428028534e-12
      ],
      [
        0.9813787122496538,
        0.0,
        0.0019066860848739875,
        0.003011076768701715,
        0.00021587200522055205,
        -1.4428458428028534e-12
      ],
      [
        0.0019175445462449314,
        0.0019066860848739875,
        0.0,
        8.275377932291661e-06,
        8.275377932291661e-06,
        -1.4428250261211417e-12
      ],
      [
        0.0029942542263676764,
        0.003011076768701715,
        8.275377932291661e-06,
        0.0,
        1.2419151474499235e-05,
        -1.4428250261211417e-12
      ],
      [
        0.00022113410436097602,
        0.00021587200522055205,
        8.275377932291661e-06,
        1.2419151474499235e-05,
        0.0,
        -1.4428250261211417e-12
      ],
      [
        -1.4428458428028534e-12,
        -1.4428458428028534e-12,
        -1.4428250261211417e-12,
        -1.4428250261211417e-12,
        -1.4428250261211417e-12,
        0.0
      ]
    ],
    [
      [
        0.0,
        0.9999559719906115,
        -1.4428458428028534e-12,
        -1.4428458428028534e-12,
        -1.4428458428028534e-12,
        -1.4428458428028534e-12
      ],
      [
        0.9999559719906115,
        0.0,
        -1.4428458428028534e-12,
        -1.4428458428028534e-12,
        -1.4428458428028534e-12,
        -1.4428458428028534e-12
      ],
      [
        -1.4428458428028534e-12,
        -1.4428458428028534e-12,
        0.0,
        -1.4428232973175175e-12,
        -1.4428232973175175e-12,
        -1.4428232973175175e-12
      ],
      [
        -1.4428458428028534e-12,
        -1.4428458428028534e-12,
        -1.4428232973175175e-12,
        0.0,
        -1.4428232973175175e-12,
        -1.4428232973175175e-12
      ],
      [
        -1.4428458428028534e-12,
        -1.4428458428028534e-12,
        -1.4428232973175175e-12,
        -1.4428232973175175e-12,
        0.0,
        -1.4428232973175175e-12
      ],
      [
        -1.4428458428028534e-12,
        -1.4428458428028534e-12,
        -1.4428232973175175e-12,
        -1.4428232973175175e-12,
        -1.4428232973175175e-12,
        0.0
      ]
    ],
    [
      [
        0.0,
        0.9999889930794672,
        -1.4428458428028534e-12,
        0.0009717530173991573,
        -1.4428458428028534e-12,
        -1.4428458428028534e-12
      ],
      [
        0.9999889930794672,
        0.0,
        -1.4428458428028534e-12,
        0.0009717530173991573,
        -1.4428458428028534e-12,
        -1.4428458428028534e-12
      ],
      [
        -1.4428458428028534e-12,
        -1.4428458428028534e-12,
        0.0,
        -1.4428232913976657e-12,
        -1.4428232973175175e-12,
        -1.4428232973175175e-12
      ],
      [
        0.0009717530173991573,
        0.0009717530173991573,
        -1.4428232913976657e-12,
        0.0,
        -1.4428232913976657e-12,
        -1.4428232913976657e-12
      ],
      [
        -1.4428458428028534e-12,
        -1.4428458428028534e-12,
        -1.4428232973175175e-12,
        -1.4428232913976657e-12,
        0.0,
        -1.4428232973175175e-12
      ],
      [
        -1.4428458428028534e-12,
        -1.4428458428028534e-12,
        -1.4428232973175175e-12,
        -1.4428232913976657e-12,
        -1.4428232973175175e-12,
        0.0
      ]
    ],
    [
      [
        0.0,
        0.8503840108294582,
        9.712128790084762e-08,
        0.00015095142346077672,
        0.0019393878128350917,
        -1.4428458428028534e-12
      ],
      [
        0.8503840108294582,
        0.0,
        2.6978962264223583e-07,
        0.0001566983120648846,
        0.0019284450134782194,
        -1.4428458428028534e-12
      ],
      [
        9.712128790084762e-08,
        2.6978962264223583e-07,
        0.0,
        2.7638772607405104e-05,
        1.1039247359789783e-05,
        -1.4428250261211417e-12
      ],
      [
        0.00015095142346077672,
        0.0001566983120648846,
        2.7638772607405104e-05,
        0.0,
        1.3805830456042889e-05,
        -1.4428250261211417e-12
      ],
      [
        0.0019393878128350917,
        0.0019284450134782194,
        1.1039247359789783e-05,
        1.3805830456042889e-05,
        0.0,
        -1.4428250261211417e-12
      ],
      [
        -1.4428458428028534e-12,
        -1.4428458428028534e-12,
        -1.4428250261211417e-12,
        -1.4428250261211417e-12,
        -1.4428250261211417e-12,
        0.0
      ]
    ],
    [
      [
        0.0,
        0.5784812956909202,
        1.9694388941893237e-07,
        0.00415904451286897,
        0.0011273914067073676,
        -1.4428458428028534e-12
      ],
      [
        0.5784812956909202,
        0.0,
        7.091908042822226e-06,
        0.0016702307210108014,
        0.0008999199336812147,
        -1.4428458428028534e-12
      ],
      [
        1.9694388941893237e-07,
        7.091908042822226e-06,
        0.0,
        0.0006961902369418405,
        0.0006068617667031595,
        -1.4428180872272378e-12
      ],
      [
        0.00415904451286897,
        0.0016702307210108014,
        0.0006961902369418405,
        0.0,
        0.0006068617667031595,
        -1.4428180872272378e-12
      ],
      [
        0.0011273914067073676,
        0.0008999199336812147,
        0.0006068617667031595,
        0.0006068617667031595,
        0.0,
        -1.4428180872272378e-12
      ],
      [
        -1.4428458428028534e-12,
        -1.4428458428028534e-12,
        -1.4428180872272378e-12,
        -1.4428180872272378e-12,
        -1.4428180872272378e-12,
        0.0
      ]
    ],
    [
      [
        0.0,
        0.21832924894335037,
        3.463430938333012e-05,
        0.001951704339056004,
        0.00044562932076486206,
        -1.4428458428028534e-12
      ],
      [
        0.21832924894335037,
        0.0,
        8.035211112988883e-05,
        0.00017299363215350638,
        9.493722337605703e-06,
        -1.4428458428028534e-12
      ],
      [
        3.463430938333012e-05,
        8.035211112988883e-05,
        0.0,
        0.0002417212692693571,
        0.0020391493612978984,
        -1.4428458428028534e-12
      ],
      [
        0.001951704339056004,
        0.00017299363215350638,
        0.0002417212692693571,
        0.0,
        0.0004965688472592378,
        -1.4428458428028534e-12
      ],
      [
        0.00044562932076486206,
        9.493722337605703e-06,
        0.0020391493612978984,
        0.0004965688472592378,
        0.0,
        -1.4428458428028534e-12
      ],
      [
        -1.4428458428028534e-12,
        -1.4428458428028534e-12,
        -1.4428458428028534e-12,
        -1.4428458428028534e-12,
        -1.4428458428028534e-12,
        0.0
      ]
    ]
  ]
}