{
  "spec": {
    "num_qubits": 4,
    "topology": "triangulated",
    "custom_edges": "0-1:0.9426,0-2:0.7225,0-3:0.9949,1-2:1.0000,1-3:0.6892,2-3:0.6892",
    "alpha": 0.8,
    "weight": 0.7703981004596011,
    "gamma": 0.26935535075058,
    "sigma": 0.1855569573286319,
    "init_angle": 2.417871322624346,
    "init_angles": null,
    "shots": 100,
    "device": "simulator",
    "geometry": "spherical",
    "curvature": 4.5,
    "timesteps": 2,
    "dimension": 2,
    "mass_hinge": null,
    "mass_value": 0.0,
    "solve_regge": false,
    "lorentzian": true,
    "excite": true,
    "fast": false,
    "fast_preset": "balanced",
    "ctc_mode": false,
    "ctc_perturbation": null,
    "ctc_perturbation_strength": 1.0,
    "test_ctc_recovery": false,
    "strong_curvature": true,
    "charge_injection": true,
    "charge_strength": 2.5,
    "charge_location": null,
    "spin_injection": true,
    "spin_strength": 2.0,
    "spin_location": null,
    "edge_floor": 0.001,
    "compute_entropies": true,
    "hyperbolic_triangulation": true,
    "trotter_steps": 8,
    "dt": 0.05,
    "analyze_curvature": true,
    "einstein_solver": true,
    "page_curve": true,
    "radiation_ordering": null,
    "page_curve_timesteps": 15,
    "entropy_method": "hybrid",
    "num_shadows": 100,
    "shots_per_shadow": 1000,
    "num_bases": 20,
    "shots_per_basis": 1000,
    "enhanced_entanglement": false,
    "entanglement_strength": 0.9222810804432624,
    "interpolate_geometry": false,
    "smooth_charge_injection": false,
    "min_qubits_for_continuum": 10,
    "benchmark_against_classical_geometry": false,
    "geometry_fit_metric": "wasserstein,kl,euclidean",
    "verify_noise_robustness": false,
    "run_on_multiple_backends": false,
    "detect_and_flag_causal_loops": true,
    "restrict_information_flow_direction": "bidirectional",
    "filter_noncausal_edges": true,
    "use_ryu_takayanagi_test": true,
    "compare_MI_vs_subsystem_entropy": true,
    "embed_boundary_entropy_in_geometry": true,
    "entropy_engineering": true,
    "target_entropy_pattern": "quantum_gravity",
    "custom_target_entropies": null,
    "entropy_optimization_iterations": 200,
    "entropy_tolerance": 0.05,
    "continue_on_engineering_failure": true,
    "skip_entropy_engineering": false,
    "validate_engineered_geometry": true,
    "enhance_bell_violations": true,
    "bell_entanglement_strength": 4.0,
    "teleportation_circuits": true,
    "long_range_coupling": 3.0,
    "holographic_optimization": true,
    "rt_surface_encoding": true,
    "conformal_symmetry": true,
    "bulk_reconstruction": true,
    "scalable_entanglement": true,
    "parallel_execution": true,
    "memory_optimization": true,
    "circuit_compilation": "optimized",
    "real_hardware": false,
    "error_mitigation": true,
    "zero_noise_extrapolation": true,
    "zne_noise_factors": [
      1.0,
      2.0,
      3.0
    ],
    "zne_extrapolation_method": "polynomial",
    "hardware_calibration": true,
    "noise_characterization": true,
    "backend_name": "ibm_brisbane",
    "quantum_mode": true,
    "quantum_entanglement_strength": 5.0,
    "quantum_circuit_depth": 12,
    "geometric_teleportation": false,
    "teleportation_mode": "both",
    "bridge_strength": 1.0,
    "signal_state": "+",
    "emergent_geometry_teleportation": false,
    "teleportation_node_pairs": "auto",
    "teleportation_embedding_dim": 2,
    "teleportation_fidelity_threshold": 0.7,
    "superposition_gravity": true,
    "massive_bulk_mass_hinge": "2",
    "massive_bulk_mass_value": 1.0,
    "massless_bulk_mass_hinge": "None",
    "massless_bulk_mass_value": 0.0,
    "superposition_control_qubit": 0,
    "superposition_phase": 0.0,
    "interference_analysis": true,
    "classical_mixture_comparison": true,
    "coherence_preservation": true,
    "bulk_reconstruction_method": "mi_embedding"
  },
  "uid": "F108QX",
  "counts_per_timestep": [
    null,
    null
  ],
  "job_ids_per_timestep": [
    null,
    null
  ],
  "entropy_per_timestep": [
    null,
    null
  ],
  "mutual_information_per_timestep": [
    {
      "I_0,1": 0.04625152350405978,
      "I_0,2": 0.05427713890602509,
      "I_0,3": 0.046251523504059935,
      "I_1,2": 0.04625152350405988,
      "I_1,3": 0.015254057113721436,
      "I_2,3": 0.04625152350405899
    },
    {
      "I_0,1": 0.0806365197026632,
      "I_0,2": 0.18921734677420327,
      "I_0,3": 0.08063651970266325,
      "I_1,2": 0.08063651970266306,
      "I_1,3": 0.027366951611885598,
      "I_2,3": 0.0806365197026648
    }
  ],
  "boundary_entropies_per_timestep": [
    {
      "entropy_A": 0.053424777285336615,
      "entropy_B": 0.05342477728533704,
      "mi_AB": 0.10684955457066823,
      "pure_state_check": true,
      "entropy_difference": 4.2327252813834093e-16,
      "multiple_regions": {
        "size_1_region_0": {
          "region": [
            0
          ],
          "entropy": 0.07293631818148869,
          "rt_area": 3,
          "size": 1
        },
        "size_1_region_1": {
          "region": [
            1
          ],
          "entropy": 0.05342477728533641,
          "rt_area": 3,
          "size": 1
        },
        "size_1_region_2": {
          "region": [
            2
          ],
          "entropy": 0.07293631818148927,
          "rt_area": 3,
          "size": 1
        },
        "size_2_region_0": {
          "region": [
            0,
            1
          ],
          "entropy": 0.08010957196276547,
          "rt_area": 4,
          "size": 2
        },
        "size_2_region_1": {
          "region": [
            0,
            2
          ],
          "entropy": 0.09159549745695317,
          "rt_area": 4,
          "size": 2
        },
        "size_2_region_2": {
          "region": [
            0,
            3
          ],
          "entropy": 0.08010957196276554,
          "rt_area": 4,
          "size": 2
        },
        "size_3_region_0": {
          "region": [
            0,
            1,
            2
          ],
          "entropy": 0.053424777285336615,
          "rt_area": 3,
          "size": 3
        },
        "size_3_region_1": {
          "region": [
            0,
            1,
            3
          ],
          "entropy": 0.07293631818148893,
          "rt_area": 3,
          "size": 3
        },
        "size_3_region_2": {
          "region": [
            0,
            2,
            3
          ],
          "entropy": 0.05342477728533702,
          "rt_area": 3,
          "size": 3
        }
      }
    },
    {
      "entropy_A": 0.09213852960325541,
      "entropy_B": 0.09213852960325133,
      "mi_AB": 0.1842770592064963,
      "pure_state_check": true,
      "entropy_difference": 4.08006961549745e-15,
      "multiple_regions": {
        "size_1_region_0": {
          "region": [
            0
          ],
          "entropy": 0.17306372718441054,
          "rt_area": 3,
          "size": 1
        },
        "size_1_region_1": {
          "region": [
            1
          ],
          "entropy": 0.09213852960325118,
          "rt_area": 3,
          "size": 1
        },
        "size_1_region_2": {
          "region": [
            2
          ],
          "entropy": 0.1730637271844102,
          "rt_area": 3,
          "size": 1
        },
        "size_2_region_0": {
          "region": [
            0,
            1
          ],
          "entropy": 0.18456573708499865,
          "rt_area": 4,
          "size": 2
        },
        "size_2_region_1": {
          "region": [
            0,
            2
          ],
          "entropy": 0.15691010759461765,
          "rt_area": 4,
          "size": 2
        },
        "size_2_region_2": {
          "region": [
            0,
            3
          ],
          "entropy": 0.1845657370849986,
          "rt_area": 4,
          "size": 2
        },
        "size_3_region_0": {
          "region": [
            0,
            1,
            2
          ],
          "entropy": 0.09213852960325541,
          "rt_area": 3,
          "size": 3
        },
        "size_3_region_1": {
          "region": [
            0,
            1,
            3
          ],
          "entropy": 0.1730637271844129,
          "rt_area": 3,
          "size": 3
        },
        "size_3_region_2": {
          "region": [
            0,
            2,
            3
          ],
          "entropy": 0.09213852960325239,
          "rt_area": 3,
          "size": 3
        }
      }
    }
  ],
  "distance_matrix_per_timestep": [
    [
      [
        0.0,
        3.073660874937914,
        2.913652155315792,
        3.0736608749379104
      ],
      [
        3.073660874937914,
        0.0,
        3.0736608749379117,
        6.147321749875824
      ],
      [
        2.913652155315792,
        3.0736608749379117,
        0.0,
        3.073660874937931
      ],
      [
        3.0736608749379104,
        6.147321749875824,
        3.073660874937931,
        0.0
      ]
    ],
    [
      [
        0.0,
        2.517803634039548,
        1.6648589417140756,
        2.5178036340395478
      ],
      [
        2.517803634039548,
        0.0,
        2.51780363403955,
        5.035607268079078
      ],
      [
        1.6648589417140756,
        2.51780363403955,
        0.0,
        2.5178036340395282
      ],
      [
        2.5178036340395478,
        5.035607268079078,
        2.5178036340395282,
        0.0
      ]
    ]
  ],
  "edge_mi": {
    "0,1": 0.0806365197026632,
    "0,3": 0.08063651970266325,
    "0,2": 0.18921734677420327,
    "1,2": 0.08063651970266306,
    "2,3": 0.0806365197026648
  },
  "distance_matrix": [
    [
      0.0,
      2.517803634039548,
      1.6648589417140756,
      2.5178036340395478
    ],
    [
      2.517803634039548,
      0.0,
      2.51780363403955,
      3.5984191391187035
    ],
    [
      1.6648589417140756,
      2.51780363403955,
      0.0,
      2.5178036340395282
    ],
    [
      2.5178036340395478,
      3.5984191391187035,
      2.5178036340395282,
      0.0
    ]
  ],
  "shortest_paths": {
    "0": {
      "0": 0,
      "2": 1.6648589417140756,
      "3": 2.5178036340395478,
      "1": 2.517803634039548
    },
    "1": {
      "1": 0,
      "0": 2.517803634039548,
      "2": 2.51780363403955,
      "3": 3.5984191391187035
    },
    "2": {
      "2": 0,
      "0": 1.6648589417140756,
      "3": 2.5178036340395282,
      "1": 2.51780363403955
    },
    "3": {
      "3": 0,
      "2": 2.5178036340395282,
      "0": 2.5178036340395478,
      "1": 3.5984191391187035
    }
  },
  "gromov_delta": 1.7992095695593626,
  "mean_distance": 1.9168115771238692,
  "angle_sums": [
    3.141592653589793,
    6.150474538543078,
    3.141592653589793,
    6.150474538542989
  ],
  "mean_angle_sum": 4.646033596066413,
  "min_angle_sum": 3.141592653589793,
  "max_angle_sum": 6.150474538543078,
  "angle_sum_deviations": [
    0.0,
    3.0088818849532846,
    0.0,
    3.0088818849531958
  ],
  "triangle_inequality_violations": [],
  "embedding_coords": [
    [
      0.0427129001215024,
      0.22861642674863317
    ],
    [
      -0.07114692714742032,
      -0.029774042125347556
    ],
    [
      -0.08656116236357662,
      -0.21849747280344073
    ],
    [
      0.11499518938949455,
      0.01965508818015514
    ]
  ],
  "embedding_coords_3d": [
    [
      -0.18751290367251866,
      0.09362698790711016,
      -0.044940167646556645
    ],
    [
      0.038944393405281705,
      -0.010545708001753884,
      0.09834243227516891
    ],
    [
      -0.014954701327204922,
      -0.21641237646057382,
      -0.07964068548941335
    ],
    [
      0.16352321159444186,
      0.13333109655521755,
      0.026238420860801054
    ]
  ],
  "edge_weight_variance": 0.019901312222222217,
  "event_nodes": [
    [
      0,
      0
    ],
    [
      1,
      0
    ],
    [
      2,
      0
    ],
    [
      3,
      0
    ],
    [
      0,
      1
    ],
    [
      1,
      1
    ],
    [
      2,
      1
    ],
    [
      3,
      1
    ]
  ],
  "event_edges": [
    {
      "type": "spatial",
      "from": [
        0,
        0
      ],
      "to": [
        1,
        0
      ],
      "weight": 3.073660874937914
    },
    {
      "type": "spatial",
      "from": [
        0,
        0
      ],
      "to": [
        2,
        0
      ],
      "weight": 2.913652155315792
    },
    {
      "type": "spatial",
      "from": [
        0,
        0
      ],
      "to": [
        3,
        0
      ],
      "weight": 3.0736608749379104
    },
    {
      "type": "spatial",
      "from": [
        1,
        0
      ],
      "to": [
        2,
        0
      ],
      "weight": 3.0736608749379117
    },
    {
      "type": "spatial",
      "from": [
        1,
        0
      ],
      "to": [
        3,
        0
      ],
      "weight": 6.147321749875824
    },
    {
      "type": "spatial",
      "from": [
        2,
        0
      ],
      "to": [
        3,
        0
      ],
      "weight": 3.073660874937931
    },
    {
      "type": "temporal",
      "from": [
        0,
        0
      ],
      "to": [
        0,
        1
      ],
      "weight": 1.0
    },
    {
      "type": "temporal",
      "from": [
        1,
        0
      ],
      "to": [
        1,
        1
      ],
      "weight": 1.0
    },
    {
      "type": "temporal",
      "from": [
        2,
        0
      ],
      "to": [
        2,
        1
      ],
      "weight": 1.0
    },
    {
      "type": "temporal",
      "from": [
        3,
        0
      ],
      "to": [
        3,
        1
      ],
      "weight": 1.0
    },
    {
      "type": "spatial",
      "from": [
        0,
        1
      ],
      "to": [
        1,
        1
      ],
      "weight": 2.517803634039548
    },
    {
      "type": "spatial",
      "from": [
        0,
        1
      ],
      "to": [
        2,
        1
      ],
      "weight": 1.6648589417140756
    },
    {
      "type": "spatial",
      "from": [
        0,
        1
      ],
      "to": [
        3,
        1
      ],
      "weight": 2.5178036340395478
    },
    {
      "type": "spatial",
      "from": [
        1,
        1
      ],
      "to": [
        2,
        1
      ],
      "weight": 2.51780363403955
    },
    {
      "type": "spatial",
      "from": [
        1,
        1
      ],
      "to": [
        3,
        1
      ],
      "weight": 5.035607268079078
    },
    {
      "type": "spatial",
      "from": [
        2,
        1
      ],
      "to": [
        3,
        1
      ],
      "weight": 2.5178036340395282
    }
  ],
  "lorentzian_dissimilarity": [
    [
      0.0,
      9.447391174124103,
      8.489368882176361,
      9.44739117412408,
      -1.0,
      8.447391174124103,
      7.489368882176361,
      8.44739117412408
    ],
    [
      9.447391174124103,
      0.0,
      9.447391174124089,
      37.78956469649637,
      8.447391174124103,
      -1.0,
      8.447391174124089,
      36.78956469649637
    ],
    [
      8.489368882176361,
      9.447391174124089,
      0.0,
      9.447391174124206,
      7.489368882176361,
      8.447391174124089,
      -1.0,
      8.447391174124206
    ],
    [
      9.44739117412408,
      37.78956469649637,
      9.447391174124206,
      0.0,
      8.44739117412408,
      36.78956469649637,
      8.447391174124206,
      -1.0
    ],
    [
      -1.0,
      8.447391174124103,
      7.489368882176361,
      8.44739117412408,
      0.0,
      6.339335139582755,
      2.7717552958053115,
      6.339335139582753
    ],
    [
      8.447391174124103,
      -1.0,
      8.447391174124089,
      36.78956469649637,
      6.339335139582755,
      0.0,
      6.339335139582764,
      25.357340558330833
    ],
    [
      7.489368882176361,
      8.447391174124089,
      -1.0,
      8.447391174124206,
      2.7717552958053115,
      6.339335139582764,
      0.0,
      6.339335139582655
    ],
    [
      8.44739117412408,
      36.78956469649637,
      8.447391174124206,
      -1.0,
      6.339335139582753,
      25.357340558330833,
      6.339335139582655,
      0.0
    ]
  ],
  "lorentzian_embedding": [
    [
      0.2382985690141903,
      0.4873462655696566,
      0.7789428509270554
    ],
    [
      1.3907291893701368,
      -2.6068729040780294,
      -0.4696706659404967
    ],
    [
      -0.6591762877120013,
      0.6080695277773054,
      -2.3857745398759045
    ],
    [
      1.4964125766716714,
      3.7173264051861814,
      -0.19845725731544842
    ],
    [
      0.006241719976331611,
      0.5063145624690724,
      0.2462501378498405
    ],
    [
      1.0205738842103367,
      -2.124362457073227,
      -0.5562668434587323
    ],
    [
      -0.6032465527837926,
      0.5883003323258825,
      -1.9030569942517144
    ],
    [
      1.110162218287864,
      3.231394261868227,
      -0.3265579136087097
    ]
  ],
  "edge_length_evolution": [],
  "angle_deficit_evolution": [],
  "regge_action_evolution": [],
  "gromov_delta_evolution": [],
  "mass_hinge": null,
  "mass_value": 0.0,
  "matter": [
    {
      "(0, 1)": 0.0,
      "(1, 2)": 0.0,
      "(0, 3)": 0.0,
      "(2, 3)": 0.0,
      "(0, 2)": 0.0,
      "(1, 3)": 0.0
    },
    {
      "(0, 1)": 0.0,
      "(1, 2)": 0.0,
      "(0, 3)": 0.0,
      "(2, 3)": 0.0,
      "(0, 2)": 0.0,
      "(1, 3)": 0.0
    }
  ],
  "stationary_solution": null,
  "einstein_analysis_per_timestep": [
    {
      "ricci_tensor": [
        [
          0.01590858062724907,
          0.0
        ],
        [
          0.0,
          0.01590858062724907
        ]
      ],
      "metric_tensor": [
        [
          1.0031817161254497,
          0.0015908580627249072
        ],
        [
          0.0015908580627249072,
          1.0031817161254497
        ]
      ],
      "stress_energy_tensor": [
        [
          0.01590858062724907,
          0.00031817161254498144
        ],
        [
          0.00031817161254498144,
          0.01590858062724907
        ]
      ],
      "einstein_solution": {
        "einstein_tensor": [
          [
            0.0,
            0.0
          ],
          [
            0.0,
            0.0
          ]
        ],
        "ricci_scalar": 0.03181716125449814,
        "metric_tensor": [
          [
            1.0,
            0.0
          ],
          [
            0.0,
            1.0
          ]
        ],
        "lhs": [
          [
            0.0,
            0.0
          ],
          [
            0.0,
            0.0
          ]
        ],
        "rhs": [
          [
            0.01590858062724907,
            0.00031817161254498144
          ],
          [
            0.00031817161254498144,
            0.01590858062724907
          ]
        ],
        "equations_satisfied": false,
        "residual": 0.022502629657385108,
        "conservation_violation": 0.01590858062724907,
        "gravitational_constant": 0.039788735772973836,
        "cosmological_constant": 0.0
      },
      "entropy_first_derivative": 0.0,
      "entropy_second_derivative": 0.0,
      "entropy_curvature_correlation": 0.022498125481162628,
      "emergent_gravitational_constant": 0.0025319292444026544,
      "average_mutual_information": 0.03181716125449814,
      "ricci_scalar": 0.03181716125449814,
      "analysis_summary": {
        "einstein_equations_satisfied": false,
        "residual_magnitude": 0.022502629657385108,
        "conservation_violation": 0.01590858062724907,
        "entropy_evolution_rate": 0.0,
        "entropy_acceleration": 0.0,
        "entanglement_curvature_coupling": 0.022498125481162628
      }
    },
    {
      "ricci_tensor": [
        [
          0.03369564857479645,
          0.0
        ],
        [
          0.0,
          0.03369564857479645
        ]
      ],
      "metric_tensor": [
        [
          1.0067391297149593,
          0.003369564857479645
        ],
        [
          0.003369564857479645,
          1.0067391297149593
        ]
      ],
      "stress_energy_tensor": [
        [
          0.03369564857479645,
          0.000673912971495929
        ],
        [
          0.000673912971495929,
          0.03369564857479645
        ]
      ],
      "einstein_solution": {
        "einstein_tensor": [
          [
            0.0,
            0.0
          ],
          [
            0.0,
            0.0
          ]
        ],
        "ricci_scalar": 0.0673912971495929,
        "metric_tensor": [
          [
            1.0,
            0.0
          ],
          [
            0.0,
            1.0
          ]
        ],
        "lhs": [
          [
            0.0,
            0.0
          ],
          [
            0.0,
            0.0
          ]
        ],
        "rhs": [
          [
            0.03369564857479645,
            0.000673912971495929
          ],
          [
            0.000673912971495929,
            0.03369564857479645
          ]
        ],
        "equations_satisfied": false,
        "residual": 0.047662372823209974,
        "conservation_violation": 0.03369564857479645,
        "gravitational_constant": 0.039788735772973836,
        "cosmological_constant": 0.0
      },
      "entropy_first_derivative": 0.0,
      "entropy_second_derivative": 0.0,
      "entropy_curvature_correlation": 0.047652838207435315,
      "emergent_gravitational_constant": 0.005362829031366233,
      "average_mutual_information": 0.0673912971495929,
      "ricci_scalar": 0.0673912971495929,
      "analysis_summary": {
        "einstein_equations_satisfied": false,
        "residual_magnitude": 0.047662372823209974,
        "conservation_violation": 0.03369564857479645,
        "entropy_evolution_rate": 0.0,
        "entropy_acceleration": 0.0,
        "entanglement_curvature_coupling": 0.047652838207435315
      }
    }
  ],
  "bootstrap_analysis": {
    "gromov_delta": {
      "mean": 2.795732254488736,
      "lower_ci": 2.51780363403955,
      "upper_ci": 3.073660874937922,
      "all_values": [
        3.073660874937922,
        2.51780363403955
      ],
      "uncertainty": 0.277928620449186
    },
    "entropy": {
      "mean": null,
      "lower_ci": null,
      "upper_ci": null,
      "uncertainty": null
    },
    "distance_matrix": {
      "mean": [
        [
          0.0,
          2.795732254488731,
          2.2892555485149337,
          2.795732254488729
        ],
        [
          2.795732254488731,
          0.0,
          2.7957322544887306,
          5.591464508977451
        ],
        [
          2.2892555485149337,
          2.7957322544887306,
          0.0,
          2.7957322544887298
        ],
        [
          2.795732254488729,
          5.591464508977451,
          2.7957322544887298,
          0.0
        ]
      ],
      "lower_ci": [
        [
          0.0,
          2.517803634039548,
          1.6648589417140756,
          2.5178036340395478
        ],
        [
          2.517803634039548,
          0.0,
          2.51780363403955,
          5.035607268079078
        ],
        [
          1.6648589417140756,
          2.51780363403955,
          0.0,
          2.5178036340395282
        ],
        [
          2.5178036340395478,
          5.035607268079078,
          2.5178036340395282,
          0.0
        ]
      ],
      "upper_ci": [
        [
          0.0,
          3.073660874937914,
          2.913652155315792,
          3.0736608749379104
        ],
        [
          3.073660874937914,
          0.0,
          3.0736608749379117,
          6.147321749875824
        ],
        [
          2.913652155315792,
          3.0736608749379117,
          0.0,
          3.073660874937931
        ],
        [
          3.0736608749379104,
          6.147321749875824,
          3.073660874937931,
          0.0
        ]
      ]
    }
  },
  "topology_compatibility": {
    "current_topology": "triangulated",
    "explanation": "Triangulated topology is specifically designed for angle-sum curvature. Creates multiple triangles per vertex, enabling robust local curvature measurements. Each vertex has multiple incident triangles for well-defined angle sums.",
    "supports_local_curvature": true
  },
  "rt_surface_analysis": {
    "region_A": [
      0
    ],
    "region_B": [
      1,
      2,
      3
    ],
    "bulk_point": 2,
    "is_complementary": true,
    "rt_area_AB": 6.700466209793172,
    "rt_area_BA": 6.700466209793172,
    "area_consistent": true,
    "edges_consistent": true,
    "area_difference": 0.0,
    "rt_edges_AB": [
      [
        0,
        1
      ],
      [
        0,
        2
      ],
      [
        0,
        3
      ]
    ],
    "rt_edges_BA": [
      [
        0,
        1
      ],
      [
        0,
        2
      ],
      [
        0,
        3
      ]
    ],
    "edge_lengths": [
      2.517803634039548,
      1.6648589417140756,
      2.5178036340395478,
      2.51780363403955,
      5.035607268079078,
      2.5178036340395282
    ],
    "all_edges": [
      [
        0,
        1
      ],
      [
        0,
        2
      ],
      [
        0,
        3
      ],
      [
        1,
        2
      ],
      [
        1,
        3
      ],
      [
        2,
        3
      ]
    ]
  },
  "bulk_excitation_analysis": {
    "ground_state_mi": [
      [
        0.0,
        0.08063651970266308,
        0.1892173467742031,
        0.08063651970266325
      ],
      [
        0.08063651970266308,
        0.0,
        0.08063651970266306,
        0.027366951611885598
      ],
      [
        0.1892173467742031,
        0.08063651970266306,
        0.0,
        0.08063651970266386
      ],
      [
        0.08063651970266325,
        0.027366951611885598,
        0.08063651970266386,
        0.0
      ]
    ],
    "excited_state_mi": [
      [
        0.0,
        0.08539201940513996,
        0.1684075419079668,
        0.08539201940514021
      ],
      [
        0.08539201940513996,
        0.0,
        0.13426755399218904,
        0.05504159711289583
      ],
      [
        0.1684075419079668,
        0.13426755399218904,
        0.0,
        0.13426755399218865
      ],
      [
        0.08539201940514021,
        0.05504159711289583,
        0.13426755399218865,
        0.0
      ]
    ],
    "mi_difference": [
      [
        0.0,
        0.004755499702476879,
        -0.020809804866236292,
        0.004755499702476962
      ],
      [
        0.004755499702476879,
        0.0,
        0.05363103428952598,
        0.02767464550101023
      ],
      [
        -0.020809804866236292,
        0.05363103428952598,
        0.0,
        0.05363103428952479
      ],
      [
        0.004755499702476962,
        0.02767464550101023,
        0.05363103428952479,
        0.0
      ]
    ],
    "avg_mi_change": 0.02065718979390639,
    "max_mi_change": 0.05363103428952598,
    "mi_change_boundary_A": NaN,
    "mi_change_boundary_B": 0.044978904693353666,
    "bulk_point": 2,
    "ground_state_counts": {
      "1011 1011": 16,
      "1000 1000": 2,
      "1111 1111": 33,
      "0110 0110": 5,
      "1101 1101": 8,
      "1110 1110": 10,
      "1010 1010": 5,
      "1001 1001": 2,
      "1100 1100": 2,
      "0011 0011": 7,
      "0010 0010": 2,
      "0101 0101": 1,
      "0111 0111": 5,
      "0001 0001": 2
    },
    "excited_state_counts": {
      "0011 1111": 3,
      "1100 0110": 2,
      "1101 0111": 3,
      "0000 1010": 1,
      "0011 1101": 2,
      "0100 1110": 1,
      "0101 1111": 14,
      "1011 0101": 4,
      "0001 1111": 12,
      "1111 0011": 1,
      "0110 1100": 4,
      "1011 0111": 1,
      "0101 1011": 2,
      "0010 1010": 1,
      "0111 1011": 1,
      "0011 1011": 1,
      "0000 1110": 8,
      "1111 1001": 1,
      "1111 0101": 2,
      "1001 0011": 1,
      "0000 0100": 1,
      "1111 0001": 2,
      "1011 1101": 1,
      "1001 1111": 1,
      "0111 1101": 4,
      "1001 0111": 5,
      "0010 1100": 1,
      "1110 0110": 1,
      "1101 1111": 1,
      "1000 0110": 2,
      "0000 0110": 1,
      "1111 0111": 2,
      "0100 1010": 3,
      "0001 1011": 4,
      "0011 1001": 2,
      "0101 1001": 1,
      "0101 1101": 1,
      "1001 0001": 1,
      "1000 1010": 1
    },
    "boundary_entropies": {
      "ground_state": {
        "entropy_A": 0.09213852960325541,
        "entropy_B": 0.09213852960325133,
        "mi_AB": 0.1842770592064963
      },
      "excited_state": {
        "entropy_A": 0.1408185220804027,
        "entropy_B": 0.14081852208040188,
        "mi_AB": 0.28163704416079244
      },
      "rt_relation_test": {
        "entropy_ratio": 0.9999999999999557,
        "rt_area_ratio": 1.0,
        "rt_deviation": 4.4297898682543746e-14,
        "excited_entropy_ratio": 0.9999999999999941,
        "rt_relation_change": 3.8413716652030416e-14
      }
    }
  },
  "page_curve_analysis": null,
  "deutsch_ctc_analysis": null,
  "ctc_recovery_analysis": null,
  "einstein_analysis": null,
  "dynamic_evidence": {
    "angle_sums_per_timestep": [
      [
        4.008472466273944,
        0.0,
        4.008472466273882,
        3.1415926775990903
      ],
      [
        3.141592653589793,
        3.141592653589793,
        3.141592653589793,
        0.0
      ]
    ],
    "gromov_delta_per_timestep": [
      3.073660874937922,
      2.51780363403955
    ],
    "edge_mi_per_timestep": [
      {
        "0,1": 0.04625152350405978,
        "0,3": 0.046251523504059935,
        "0,2": 0.05427713890602509,
        "1,2": 0.04625152350405988,
        "2,3": 0.04625152350405899
      },
      {
        "0,1": 0.0806365197026632,
        "0,3": 0.08063651970266325,
        "0,2": 0.18921734677420327,
        "1,2": 0.08063651970266306,
        "2,3": 0.0806365197026648
      }
    ],
    "shortest_paths_per_timestep": [
      {
        "0": {
          "0": 0,
          "2": 2.913652155315792,
          "3": 3.0736608749379104,
          "1": 3.073660874937914
        },
        "1": {
          "1": 0,
          "2": 3.0736608749379117,
          "0": 3.073660874937914,
          "3": 6.147321749875824
        },
        "2": {
          "2": 0,
          "0": 2.913652155315792,
          "1": 3.0736608749379117,
          "3": 3.073660874937931
        },
        "3": {
          "3": 0,
          "0": 3.0736608749379104,
          "2": 3.073660874937931,
          "1": 6.147321749875824
        }
      },
      {
        "0": {
          "0": 0,
          "2": 1.6648589417140756,
          "3": 2.5178036340395478,
          "1": 2.517803634039548
        },
        "1": {
          "1": 0,
          "0": 2.517803634039548,
          "2": 2.51780363403955,
          "3": 5.035607268079078
        },
        "2": {
          "2": 0,
          "0": 1.6648589417140756,
          "3": 2.5178036340395282,
          "1": 2.51780363403955
        },
        "3": {
          "3": 0,
          "2": 2.5178036340395282,
          "0": 2.5178036340395478,
          "1": 5.035607268079078
        }
      }
    ],
    "mean_distance_per_timestep": [
      2.66945217561791,
      2.096460093243916
    ],
    "triangle_violations_per_timestep": [
      0,
      0
    ],
    "embedding_coords_per_timestep": [
      [
        [
          -0.007312417136103271,
          -0.02097898825222716
        ],
        [
          0.10518999662986642,
          -0.02693918949806069
        ],
        [
          -0.0004025654448387826,
          9.300113125725044e-05
        ],
        [
          -0.09747501404892436,
          0.047825176619030595
        ]
      ],
      [
        [
          -0.017921013055826007,
          0.20549961472259132
        ],
        [
          0.06946642291592799,
          -0.06729054073165942
        ],
        [
          0.18928703043699754,
          -0.13209760841651672
        ],
        [
          -0.24083244029709952,
          -0.006111465574415188
        ]
      ]
    ],
    "regge_evolution_data": null,
    "evolution_summary": {
      "total_timesteps": 2,
      "gromov_delta_range": [
        2.51780363403955,
        3.073660874937922
      ],
      "mean_distance_range": [
        2.096460093243916,
        2.66945217561791
      ],
      "total_triangle_violations": 0,
      "hyperbolic_evolution": [
        false,
        false
      ],
      "regge_corrected": false
    }
  },
  "quantum_state_outputs": [
    {
      "timestep": 1,
      "statevector": [
        {
          "real": -0.00505371157631766,
          "imag": 0.003125388734889444
        },
        {
          "real": -0.003300553850476233,
          "imag": -0.006990779404752648
        },
        {
          "real": -0.006793972126102941,
          "imag": -0.002045592099077731
        },
        {
          "real": 0.011314362586224785,
          "imag": 0.03369199404921008
        },
        {
          "real": -0.0033005538504762393,
          "imag": -0.006990779404752611
        },
        {
          "real": 0.04010142339416485,
          "imag": -0.014042274336560214
        },
        {
          "real": 0.011314362586224699,
          "imag": 0.03369199404921007
        },
        {
          "real": -0.12016528582624504,
          "imag": 0.1520923993595407
        },
        {
          "real": -0.006793972126102945,
          "imag": -0.0020455920990777045
        },
        {
          "real": 0.011314362586224758,
          "imag": 0.03369199404921008
        },
        {
          "real": 0.018104057564443325,
          "imag": 0.03610007076462075
        },
        {
          "real": -0.24667415444744414,
          "imag": 0.11640991044109045
        },
        {
          "real": 0.011314362586224666,
          "imag": 0.033691994049210076
        },
        {
          "real": -0.12016528582624507,
          "imag": 0.15209239935954064
        },
        {
          "real": -0.2466741544474441,
          "imag": 0.1164099104410902
        },
        {
          "real": 0.21879845917717541,
          "imag": -0.8481983082026165
        }
      ],
      "mutual_information_matrix": [
        [
          0.0,
          0.04625152350405978,
          0.05427713890602509,
          0.046251523504059935
        ],
        [
          0.04625152350405978,
          0.0,
          0.04625152350405988,
          0.015254057113721436
        ],
        [
          0.05427713890602509,
          0.04625152350405988,
          0.0,
          0.04625152350405899
        ],
        [
          0.046251523504059935,
          0.015254057113721436,
          0.04625152350405899,
          0.0
        ]
      ],
      "circuit_depth": 42,
      "num_gates": 77
    },
    {
      "timestep": 2,
      "statevector": [
        {
          "real": -0.027157812390786913,
          "imag": -0.02414423317512902
        },
        {
          "real": 0.09080498980012176,
          "imag": -0.04056284746950153
        },
        {
          "real": 0.09923296491920362,
          "imag": -0.027485199368323037
        },
        {
          "real": 0.056929374708904745,
          "imag": 0.17981388181449642
        },
        {
          "real": 0.09080498980012172,
          "imag": -0.040562847469501465
        },
        {
          "real": 0.09608767975743929,
          "imag": 0.1362733613269677
        },
        {
          "real": 0.056929374708904655,
          "imag": 0.17981388181449637
        },
        {
          "real": -0.15063108673566045,
          "imag": 0.2604420933271115
        },
        {
          "real": 0.09923296491920368,
          "imag": -0.027485199368322975
        },
        {
          "real": 0.05692937470890469,
          "imag": 0.17981388181449645
        },
        {
          "real": -0.049864153614239924,
          "imag": 0.22070682268675992
        },
        {
          "real": -0.33913645786578667,
          "imag": 0.09808256597041357
        },
        {
          "real": 0.056929374708904565,
          "imag": 0.17981388181449648
        },
        {
          "real": -0.15063108673566036,
          "imag": 0.2604420933271113
        },
        {
          "real": -0.33913645786578683,
          "imag": 0.09808256597041348
        },
        {
          "real": -0.5427927295545583,
          "imag": -0.10707159045351379
        }
      ],
      "mutual_information_matrix": [
        [
          0.0,
          0.0806365197026632,
          0.18921734677420327,
          0.08063651970266325
        ],
        [
          0.0806365197026632,
          0.0,
          0.08063651970266306,
          0.027366951611885598
        ],
        [
          0.18921734677420327,
          0.08063651970266306,
          0.0,
          0.0806365197026648
        ],
        [
          0.08063651970266325,
          0.027366951611885598,
          0.0806365197026648,
          0.0
        ]
      ],
      "circuit_depth": 82,
      "num_gates": 149
    }
  ],
  "emergent_geometry_teleportation": null,
  "superposition_gravity": null,
  "teleportation_geometry_correlation": null
}