[
  {
    "phi": 0.0,
    "alpha": 0.0,
    "subsystem": [
      0,
      1
    ],
    "mi_matrix": [
      [
        0.0,
        -1.4425127758954659e-12,
        0.9999999999971148,
        0.9999999999971148
      ],
      [
        -1.4425127758954659e-12,
        0.0,
        -1.4425127758954659e-12,
        -1.4425127758954659e-12
      ],
      [
        0.9999999999971148,
        -1.4425127758954659e-12,
        0.0,
        0.9999999999971148
      ],
      [
        0.9999999999971148,
        -1.4425127758954659e-12,
        0.9999999999971148,
        0.0
      ]
    ],
    "mds_coords": [
      [
        0.23286504482758427,
        0.17065665072680303
      ],
      [
        -0.7142376779982091,
        0.17784021590761437
      ],
      [
        0.12641355664329013,
        -0.2606664622365807
      ],
      [
        0.35495907652733466,
        -0.08783040439783672
      ]
    ]
  },
  {
    "phi": 0.0,
    "alpha": 1.2566370614359172,
    "subsystem": [
      0,
      1
    ],
    "mi_matrix": [
      [
        0.0,
        -1.4425127758954659e-12,
        0.9999999999971148,
        0.9999999999971148
      ],
      [
        -1.4425127758954659e-12,
        0.0,
        -1.4425127758954659e-12,
        -1.4425127758954659e-12
      ],
      [
        0.9999999999971148,
        -1.4425127758954659e-12,
        0.0,
        0.9999999999971148
      ],
      [
        0.9999999999971148,
        -1.4425127758954659e-12,
        0.9999999999971148,
        0.0
      ]
    ],
    "mds_coords": [
      [
        0.23286504482758427,
        0.17065665072680303
      ],
      [
        -0.7142376779982091,
        0.17784021590761437
      ],
      [
        0.12641355664329013,
        -0.2606664622365807
      ],
      [
        0.35495907652733466,
        -0.08783040439783672
      ]
    ]
  },
  {
    "phi": 0.0,
    "alpha": 2.5132741228718345,
    "subsystem": [
      0,
      1
    ],
    "mi_matrix": [
      [
        0.0,
        -1.4421797089880783e-12,
        0.9999999999971146,
        0.9999999999971146
      ],
      [
        -1.4421797089880783e-12,
        0.0,
        -1.4421797089880783e-12,
        -1.4421797089880783e-12
      ],
      [
        0.9999999999971146,
        -1.4421797089880783e-12,
        0.0,
        0.9999999999971146
      ],
      [
        0.9999999999971146,
        -1.4421797089880783e-12,
        0.9999999999971146,
        0.0
      ]
    ],
    "mds_coords": [
      [
        0.23286504482758416,
        0.1706566507268031
      ],
      [
        -0.714237677998209,
        0.1778402159076141
      ],
      [
        0.12641355664329015,
        -0.2606664622365807
      ],
      [
        0.35495907652733466,
        -0.08783040439783654
      ]
    ]
  },
  {
    "phi": 0.0,
    "alpha": 3.7699111843077517,
    "subsystem": [
      0,
      1
    ],
    "mi_matrix": [
      [
        0.0,
        -1.4425127758954659e-12,
        0.9999999999971148,
        0.9999999999971148
      ],
      [
        -1.4425127758954659e-12,
        0.0,
        -1.4425127758954659e-12,
        -1.4425127758954659e-12
      ],
      [
        0.9999999999971148,
        -1.4425127758954659e-12,
        0.0,
        0.9999999999971148
      ],
      [
        0.9999999999971148,
        -1.4425127758954659e-12,
        0.9999999999971148,
        0.0
      ]
    ],
    "mds_coords": [
      [
        0.23286504482758427,
        0.17065665072680303
      ],
      [
        -0.7142376779982091,
        0.17784021590761437
      ],
      [
        0.12641355664329013,
        -0.2606664622365807
      ],
      [
        0.35495907652733466,
        -0.08783040439783672
      ]
    ]
  },
  {
    "phi": 0.0,
    "alpha": 5.026548245743669,
    "subsystem": [
      0,
      1
    ],
    "mi_matrix": [
      [
        0.0,
        -1.4425127758954659e-12,
        0.9999999999971148,
        0.9999999999971148
      ],
      [
        -1.4425127758954659e-12,
        0.0,
        -1.4425127758954659e-12,
        -1.4425127758954659e-12
      ],
      [
        0.9999999999971148,
        -1.4425127758954659e-12,
        0.0,
        0.9999999999971148
      ],
      [
        0.9999999999971148,
        -1.4425127758954659e-12,
        0.9999999999971148,
        0.0
      ]
    ],
    "mds_coords": [
      [
        0.23286504482758427,
        0.17065665072680303
      ],
      [
        -0.7142376779982091,
        0.17784021590761437
      ],
      [
        0.12641355664329013,
        -0.2606664622365807
      ],
      [
        0.35495907652733466,
        -0.08783040439783672
      ]
    ]
  },
  {
    "phi": 0.0,
    "alpha": 6.283185307179586,
    "subsystem": [
      0,
      1
    ],
    "mi_matrix": [
      [
        0.0,
        -1.4421797089880783e-12,
        0.9999999999971146,
        0.9999999999971146
      ],
      [
        -1.4421797089880783e-12,
        0.0,
        -1.4421797089880783e-12,
        -1.4421797089880783e-12
      ],
      [
        0.9999999999971146,
        -1.4421797089880783e-12,
        0.0,
        0.9999999999971146
      ],
      [
        0.9999999999971146,
        -1.4421797089880783e-12,
        0.9999999999971146,
        0.0
      ]
    ],
    "mds_coords": [
      [
        0.23286504482758416,
        0.1706566507268031
      ],
      [
        -0.714237677998209,
        0.1778402159076141
      ],
      [
        0.12641355664329015,
        -0.2606664622365807
      ],
      [
        0.35495907652733466,
        -0.08783040439783654
      ]
    ]
  },
  {
    "phi": 1.2566370614359172,
    "alpha": 0.0,
    "subsystem": [
      0,
      1
    ],
    "mi_matrix": [
      [
        0.0,
        -1.4425127758954659e-12,
        1.3386149570102903,
        2.2252883180916254
      ],
      [
        -1.4425127758954659e-12,
        0.0,
        -1.4425127758954659e-12,
        -1.4425127758954659e-12
      ],
      [
        1.3386149570102903,
        -1.4425127758954659e-12,
        0.0,
        2.2252883180916254
      ],
      [
        2.2252883180916254,
        -1.4425127758954659e-12,
        2.2252883180916254,
        0.0
      ]
    ],
    "mds_coords": [
      [
        -0.21934906108051092,
        0.16667988304786743
      ],
      [
        0.7333691475233735,
        -0.1376842424002846
      ],
      [
        -0.26499907951633633,
        -0.07575024294694069
      ],
      [
        -0.24902100692652615,
        0.04675460229935786
      ]
    ]
  },
  {
    "phi": 1.2566370614359172,
    "alpha": 1.2566370614359172,
    "subsystem": [
      0,
      1
    ],
    "mi_matrix": [
      [
        0.0,
        -1.4450662888521038e-12,
        1.3386149570102894,
        2.2252883180916276
      ],
      [
        -1.4450662888521038e-12,
        0.0,
        -1.4450662888521038e-12,
        -1.4450662888521038e-12
      ],
      [
        1.3386149570102894,
        -1.4450662888521038e-12,
        0.0,
        2.2252883180916276
      ],
      [
        2.2252883180916276,
        -1.4450662888521038e-12,
        2.2252883180916276,
        0.0
      ]
    ],
    "mds_coords": [
      [
        -0.2193490610805117,
        0.16667988304786757
      ],
      [
        0.7333691475233752,
        -0.13768424240028496
      ],
      [
        -0.2649990795163369,
        -0.07575024294694052
      ],
      [
        -0.2490210069265267,
        0.04675460229935794
      ]
    ]
  },
  {
    "phi": 1.2566370614359172,
    "alpha": 2.5132741228718345,
    "subsystem": [
      0,
      1
    ],
    "mi_matrix": [
      [
        0.0,
        -1.4479528687161292e-12,
        1.3386149570102779,
        2.2252883180916423
      ],
      [
        -1.4479528687161292e-12,
        0.0,
        -1.4479528687161292e-12,
        -1.4479528687161292e-12
      ],
      [
        1.3386149570102779,
        -1.4479528687161292e-12,
        0.0,
        2.225288318091615
      ],
      [
        2.2252883180916423,
        -1.4479528687161292e-12,
        2.225288318091615,
        0.0
      ]
    ],
    "mds_coords": [
      [
        -0.21934906108051244,
        0.16667988304786815
      ],
      [
        0.7333691475233775,
        -0.13768424240028526
      ],
      [
        -0.26499907951633783,
        -0.07575024294694185
      ],
      [
        -0.2490210069265272,
        0.046754602299358974
      ]
    ]
  },
  {
    "phi": 1.2566370614359172,
    "alpha": 3.7699111843077517,
    "subsystem": [
      0,
      1
    ],
    "mi_matrix": [
      [
        0.0,
        -1.4444001550373287e-12,
        1.338614957010288,
        2.2252883180916285
      ],
      [
        -1.4444001550373287e-12,
        0.0,
        -1.4444001550373287e-12,
        -1.4444001550373287e-12
      ],
      [
        1.338614957010288,
        -1.4444001550373287e-12,
        0.0,
        2.225288318091624
      ],
      [
        2.2252883180916285,
        -1.4444001550373287e-12,
        2.225288318091624,
        0.0
      ]
    ],
    "mds_coords": [
      [
        -0.21934906108051147,
        0.16667988304786763
      ],
      [
        0.7333691475233749,
        -0.13768424240028496
      ],
      [
        -0.2649990795163368,
        -0.0757502429469408
      ],
      [
        -0.2490210069265265,
        0.04675460229935812
      ]
    ]
  },
  {
    "phi": 1.2566370614359172,
    "alpha": 5.026548245743669,
    "subsystem": [
      0,
      1
    ],
    "mi_matrix": [
      [
        0.0,
        -1.4530598946294049e-12,
        1.3386149570102757,
        2.2252883180916467
      ],
      [
        -1.4530598946294049e-12,
        0.0,
        -1.4530598946294049e-12,
        -1.4530598946294049e-12
      ],
      [
        1.3386149570102757,
        -1.4530598946294049e-12,
        0.0,
        2.225288318091617
      ],
      [
        2.2252883180916467,
        -1.4530598946294049e-12,
        2.225288318091617,
        0.0
      ]
    ],
    "mds_coords": [
      [
        -0.21934906108051372,
        0.1666798830478685
      ],
      [
        0.7333691475233811,
        -0.137684242400286
      ],
      [
        -0.26499907951633905,
        -0.07575024294694177
      ],
      [
        -0.2490210069265284,
        0.04675460229935933
      ]
    ]
  },
  {
    "phi": 1.2566370614359172,
    "alpha": 6.283185307179586,
    "subsystem": [
      0,
      1
    ],
    "mi_matrix": [
      [
        0.0,
        -1.4588330543574557e-12,
        1.3386149570102908,
        2.2252883180916303
      ],
      [
        -1.4588330543574557e-12,
        0.0,
        -1.4588330543574557e-12,
        -1.4588330543574557e-12
      ],
      [
        1.3386149570102908,
        -1.4588330543574557e-12,
        0.0,
        2.2252883180916356
      ],
      [
        2.2252883180916303,
        -1.4588330543574557e-12,
        2.2252883180916356,
        0.0
      ]
    ],
    "mds_coords": [
      [
        -0.21934906108051525,
        0.16667988304786796
      ],
      [
        0.7333691475233856,
        -0.13768424240028676
      ],
      [
        -0.2649990795163402,
        -0.07575024294693959
      ],
      [
        -0.24902100692653006,
        0.04675460229935834
      ]
    ]
  },
  {
    "phi": 2.5132741228718345,
    "alpha": 0.0,
    "subsystem": [
      0,
      1
    ],
    "mi_matrix": [
      [
        0.0,
        -1.4425127758954659e-12,
        2.491317807042942,
        1.8774883732448449
      ],
      [
        -1.4425127758954659e-12,
        0.0,
        -1.4425127758954659e-12,
        -1.4425127758954659e-12
      ],
      [
        2.491317807042942,
        -1.4425127758954659e-12,
        0.0,
        1.8774883732448449
      ],
      [
        1.8774883732448449,
        -1.4425127758954659e-12,
        1.8774883732448449,
        0.0
      ]
    ],
    "mds_coords": [
      [
        0.21169016581525602,
        -0.12806556679283765
      ],
      [
        -0.49589571648039255,
        0.559889938722586
      ],
      [
        0.20028547782669825,
        -0.18518480428935857
      ],
      [
        0.0839200728384383,
        -0.24663956764038972
      ]
    ]
  },
  {
    "phi": 2.5132741228718345,
    "alpha": 1.2566370614359172,
    "subsystem": [
      0,
      1
    ],
    "mi_matrix": [
      [
        0.0,
        -1.4406253967536031e-12,
        2.4913178070429347,
        1.8774883732448515
      ],
      [
        -1.4406253967536031e-12,
        0.0,
        -1.4406253967536031e-12,
        -1.4406253967536031e-12
      ],
      [
        2.4913178070429347,
        -1.4406253967536031e-12,
        0.0,
        1.8774883732448386
      ],
      [
        1.8774883732448515,
        -1.4406253967536031e-12,
        1.8774883732448386,
        0.0
      ]
    ],
    "mds_coords": [
      [
        0.21169016581525485,
        -0.1280655667928373
      ],
      [
        -0.4958957164803916,
        0.5598899387225851
      ],
      [
        0.20028547782669892,
        -0.1851848042893587
      ],
      [
        0.08392007283843786,
        -0.24663956764038916
      ]
    ]
  },
  {
    "phi": 2.5132741228718345,
    "alpha": 2.5132741228718345,
    "subsystem": [
      0,
      1
    ],
    "mi_matrix": [
      [
        0.0,
        -1.4386269953092778e-12,
        2.491317807042938,
        1.8774883732448442
      ],
      [
        -1.4386269953092778e-12,
        0.0,
        -1.4386269953092778e-12,
        -1.4386269953092778e-12
      ],
      [
        2.491317807042938,
        -1.4386269953092778e-12,
        0.0,
        1.8774883732448435
      ],
      [
        1.8774883732448442,
        -1.4386269953092778e-12,
        1.8774883732448435,
        0.0
      ]
    ],
    "mds_coords": [
      [
        0.2116901658152553,
        -0.1280655667928368
      ],
      [
        -0.4958957164803907,
        0.559889938722584
      ],
      [
        0.20028547782669778,
        -0.1851848042893581
      ],
      [
        0.08392007283843754,
        -0.246639567640389
      ]
    ]
  },
  {
    "phi": 2.5132741228718345,
    "alpha": 3.7699111843077517,
    "subsystem": [
      0,
      1
    ],
    "mi_matrix": [
      [
        0.0,
        -1.4382939284018903e-12,
        2.4913178070429156,
        1.8774883732448695
      ],
      [
        -1.4382939284018903e-12,
        0.0,
        -1.4382939284018903e-12,
        -1.4382939284018903e-12
      ],
      [
        2.4913178070429156,
        -1.4382939284018903e-12,
        0.0,
        1.8774883732448195
      ],
      [
        1.8774883732448695,
        -1.4382939284018903e-12,
        1.8774883732448195,
        0.0
      ]
    ],
    "mds_coords": [
      [
        0.21169016581525216,
        -0.12806556679283676
      ],
      [
        -0.4958957164803904,
        0.559889938722584
      ],
      [
        0.2002854778267011,
        -0.18518480428935907
      ],
      [
        0.08392007283843717,
        -0.24663956764038814
      ]
    ]
  },
  {
    "phi": 2.5132741228718345,
    "alpha": 5.026548245743669,
    "subsystem": [
      0,
      1
    ],
    "mi_matrix": [
      [
        0.0,
        -1.4341861032107772e-12,
        2.49131780704293,
        1.8774883732448486
      ],
      [
        -1.4341861032107772e-12,
        0.0,
        -1.4341861032107772e-12,
        -1.4341861032107772e-12
      ],
      [
        2.49131780704293,
        -1.4341861032107772e-12,
        0.0,
        1.8774883732448364
      ],
      [
        1.8774883732448486,
        -1.4341861032107772e-12,
        1.8774883732448364,
        0.0
      ]
    ],
    "mds_coords": [
      [
        0.21169016581525388,
        -0.12806556679283584
      ],
      [
        -0.4958957164803883,
        0.5598899387225815
      ],
      [
        0.20028547782669795,
        -0.18518480428935766
      ],
      [
        0.08392007283843654,
        -0.246639567640388
      ]
    ]
  },
  {
    "phi": 2.5132741228718345,
    "alpha": 6.283185307179586,
    "subsystem": [
      0,
      1
    ],
    "mi_matrix": [
      [
        0.0,
        -1.4453993557594913e-12,
        2.4913178070429423,
        1.8774883732448489
      ],
      [
        -1.4453993557594913e-12,
        0.0,
        -1.4453993557594913e-12,
        -1.4453993557594913e-12
      ],
      [
        2.4913178070429423,
        -1.4453993557594913e-12,
        0.0,
        1.8774883732448444
      ],
      [
        1.8774883732448489,
        -1.4453993557594913e-12,
        1.8774883732448444,
        0.0
      ]
    ],
    "mds_coords": [
      [
        0.2116901658152562,
        -0.1280655667928384
      ],
      [
        -0.495895716480394,
        0.5598899387225879
      ],
      [
        0.20028547782669898,
        -0.1851848042893593
      ],
      [
        0.0839200728384389,
        -0.24663956764039016
      ]
    ]
  },
  {
    "phi": 3.7699111843077517,
    "alpha": 0.0,
    "subsystem": [
      0,
      1
    ],
    "mi_matrix": [
      [
        0.0,
        -1.4425127758954659e-12,
        2.4913178070429423,
        1.8774883732448453
      ],
      [
        -1.4425127758954659e-12,
        0.0,
        -1.4425127758954659e-12,
        -1.4425127758954659e-12
      ],
      [
        2.4913178070429423,
        -1.4425127758954659e-12,
        0.0,
        1.8774883732448453
      ],
      [
        1.8774883732448453,
        -1.4425127758954659e-12,
        1.8774883732448453,
        0.0
      ]
    ],
    "mds_coords": [
      [
        0.211690165815256,
        -0.1280655667928376
      ],
      [
        -0.49589571648039255,
        0.5598899387225861
      ],
      [
        0.20028547782669825,
        -0.18518480428935877
      ],
      [
        0.08392007283843829,
        -0.24663956764038972
      ]
    ]
  },
  {
    "phi": 3.7699111843077517,
    "alpha": 1.2566370614359172,
    "subsystem": [
      0,
      1
    ],
    "mi_matrix": [
      [
        0.0,
        -1.443178909710241e-12,
        2.4913178070429405,
        1.8774883732448449
      ],
      [
        -1.443178909710241e-12,
        0.0,
        -1.443178909710241e-12,
        -1.443178909710241e-12
      ],
      [
        2.4913178070429405,
        -1.443178909710241e-12,
        0.0,
        1.8774883732448444
      ],
      [
        1.8774883732448449,
        -1.443178909710241e-12,
        1.8774883732448444,
        0.0
      ]
    ],
    "mds_coords": [
      [
        0.21169016581525607,
        -0.1280655667928377
      ],
      [
        -0.49589571648039293,
        0.5598899387225866
      ],
      [
        0.2002854778266985,
        -0.18518480428935905
      ],
      [
        0.08392007283843837,
        -0.24663956764038988
      ]
    ]
  },
  {
    "phi": 3.7699111843077517,
    "alpha": 2.5132741228718345,
    "subsystem": [
      0,
      1
    ],
    "mi_matrix": [
      [
        0.0,
        -1.4435119766176285e-12,
        2.491317807042946,
        1.8774883732448422
      ],
      [
        -1.4435119766176285e-12,
        0.0,
        -1.4435119766176285e-12,
        -1.4435119766176285e-12
      ],
      [
        2.491317807042946,
        -1.4435119766176285e-12,
        0.0,
        1.8774883732448484
      ],
      [
        1.8774883732448422,
        -1.4435119766176285e-12,
        1.8774883732448484,
        0.0
      ]
    ],
    "mds_coords": [
      [
        0.21169016581525657,
        -0.12806556679283787
      ],
      [
        -0.49589571648039316,
        0.5598899387225866
      ],
      [
        0.200285477826698,
        -0.1851848042893588
      ],
      [
        0.08392007283843855,
        -0.24663956764039
      ]
    ]
  },
  {
    "phi": 3.7699111843077517,
    "alpha": 3.7699111843077517,
    "subsystem": [
      0,
      1
    ],
    "mi_matrix": [
      [
        0.0,
        -1.4377388168895777e-12,
        2.4913178070429436,
        1.8774883732448384
      ],
      [
        -1.4377388168895777e-12,
        0.0,
        -1.4377388168895777e-12,
        -1.4377388168895777e-12
      ],
      [
        2.4913178070429436,
        -1.4377388168895777e-12,
        0.0,
        1.8774883732448486
      ],
      [
        1.8774883732448384,
        -1.4377388168895777e-12,
        1.8774883732448486,
        0.0
      ]
    ],
    "mds_coords": [
      [
        0.21169016581525585,
        -0.1280655667928367
      ],
      [
        -0.4958957164803902,
        0.5598899387225834
      ],
      [
        0.2002854778266969,
        -0.1851848042893577
      ],
      [
        0.08392007283843743,
        -0.24663956764038902
      ]
    ]
  },
  {
    "phi": 3.7699111843077517,
    "alpha": 5.026548245743669,
    "subsystem": [
      0,
      1
    ],
    "mi_matrix": [
      [
        0.0,
        -1.4440670881299411e-12,
        2.491317807042951,
        1.8774883732448369
      ],
      [
        -1.4440670881299411e-12,
        0.0,
        -1.4440670881299411e-12,
        -1.4440670881299411e-12
      ],
      [
        2.491317807042951,
        -1.4440670881299411e-12,
        0.0,
        1.8774883732448537
      ],
      [
        1.8774883732448369,
        -1.4440670881299411e-12,
        1.8774883732448537,
        0.0
      ]
    ],
    "mds_coords": [
      [
        0.2116901658152573,
        -0.12806556679283818
      ],
      [
        -0.4958957164803934,
        0.5598899387225872
      ],
      [
        0.2002854778266974,
        -0.18518480428935866
      ],
      [
        0.08392007283843866,
        -0.24663956764039033
      ]
    ]
  },
  {
    "phi": 3.7699111843077517,
    "alpha": 6.283185307179586,
    "subsystem": [
      0,
      1
    ],
    "mi_matrix": [
      [
        0.0,
        -1.4306333895319767e-12,
        2.4913178070429316,
        1.8774883732448442
      ],
      [
        -1.4306333895319767e-12,
        0.0,
        -1.4306333895319767e-12,
        -1.4306333895319767e-12
      ],
      [
        2.4913178070429316,
        -1.4306333895319767e-12,
        0.0,
        1.8774883732448395
      ],
      [
        1.8774883732448442,
        -1.4306333895319767e-12,
        1.8774883732448395,
        0.0
      ]
    ],
    "mds_coords": [
      [
        0.21169016581525382,
        -0.12806556679283512
      ],
      [
        -0.4958957164803867,
        0.5598899387225794
      ],
      [
        0.20028547782669687,
        -0.18518480428935674
      ],
      [
        0.08392007283843603,
        -0.2466395676403875
      ]
    ]
  },
  {
    "phi": 5.026548245743669,
    "alpha": 0.0,
    "subsystem": [
      0,
      1
    ],
    "mi_matrix": [
      [
        0.0,
        -1.4421797089880783e-12,
        1.3386149570102899,
        2.2252883180916254
      ],
      [
        -1.4421797089880783e-12,
        0.0,
        -1.4421797089880783e-12,
        -1.4421797089880783e-12
      ],
      [
        1.3386149570102899,
        -1.4421797089880783e-12,
        0.0,
        2.2252883180916254
      ],
      [
        2.2252883180916254,
        -1.4421797089880783e-12,
        2.2252883180916254,
        0.0
      ]
    ],
    "mds_coords": [
      [
        -0.2193490610805109,
        0.1666798830478675
      ],
      [
        0.7333691475233732,
        -0.1376842424002847
      ],
      [
        -0.26499907951633617,
        -0.07575024294694066
      ],
      [
        -0.2490210069265261,
        0.04675460229935785
      ]
    ]
  },
  {
    "phi": 5.026548245743669,
    "alpha": 1.2566370614359172,
    "subsystem": [
      0,
      1
    ],
    "mi_matrix": [
      [
        0.0,
        -1.4437340212225536e-12,
        1.3386149570102925,
        2.225288318091619
      ],
      [
        -1.4437340212225536e-12,
        0.0,
        -1.4437340212225536e-12,
        -1.4437340212225536e-12
      ],
      [
        1.3386149570102925,
        -1.4437340212225536e-12,
        0.0,
        2.2252883180916294
      ],
      [
        2.225288318091619,
        -1.4437340212225536e-12,
        2.2252883180916294,
        0.0
      ]
    ],
    "mds_coords": [
      [
        -0.21934906108051122,
        0.16667988304786746
      ],
      [
        0.7333691475233743,
        -0.13768424240028468
      ],
      [
        -0.26499907951633656,
        -0.07575024294694031
      ],
      [
        -0.24902100692652662,
        0.04675460229935753
      ]
    ]
  },
  {
    "phi": 5.026548245743669,
    "alpha": 2.5132741228718345,
    "subsystem": [
      0,
      1
    ],
    "mi_matrix": [
      [
        0.0,
        -1.4450662888521038e-12,
        1.3386149570102952,
        2.2252883180916196
      ],
      [
        -1.4450662888521038e-12,
        0.0,
        -1.4450662888521038e-12,
        -1.4450662888521038e-12
      ],
      [
        1.3386149570102952,
        -1.4450662888521038e-12,
        0.0,
        2.225288318091633
      ],
      [
        2.2252883180916196,
        -1.4450662888521038e-12,
        2.225288318091633,
        0.0
      ]
    ],
    "mds_coords": [
      [
        -0.21934906108051153,
        0.16667988304786735
      ],
      [
        0.7333691475233752,
        -0.1376842424002851
      ],
      [
        -0.26499907951633683,
        -0.0757502429469398
      ],
      [
        -0.2490210069265269,
        0.04675460229935754
      ]
    ]
  },
  {
    "phi": 5.026548245743669,
    "alpha": 3.7699111843077517,
    "subsystem": [
      0,
      1
    ],
    "mi_matrix": [
      [
        0.0,
        -1.4377388168895777e-12,
        1.3386149570103094,
        2.225288318091603
      ],
      [
        -1.4377388168895777e-12,
        0.0,
        -1.4377388168895777e-12,
        -1.4377388168895777e-12
      ],
      [
        1.3386149570103094,
        -1.4377388168895777e-12,
        0.0,
        2.2252883180916414
      ],
      [
        2.225288318091603,
        -1.4377388168895777e-12,
        2.2252883180916414,
        0.0
      ]
    ],
    "mds_coords": [
      [
        -0.21934906108050964,
        0.16667988304786632
      ],
      [
        0.7333691475233698,
        -0.1376842424002841
      ],
      [
        -0.2649990795163349,
        -0.07575024294693856
      ],
      [
        -0.24902100692652535,
        0.046754602299356345
      ]
    ]
  },
  {
    "phi": 5.026548245743669,
    "alpha": 5.026548245743669,
    "subsystem": [
      0,
      1
    ],
    "mi_matrix": [
      [
        0.0,
        -1.4479528687161292e-12,
        1.3386149570102974,
        2.2252883180916174
      ],
      [
        -1.4479528687161292e-12,
        0.0,
        -1.4479528687161292e-12,
        -1.4479528687161292e-12
      ],
      [
        1.3386149570102974,
        -1.4479528687161292e-12,
        0.0,
        2.2252883180916383
      ],
      [
        2.2252883180916174,
        -1.4479528687161292e-12,
        2.2252883180916383,
        0.0
      ]
    ],
    "mds_coords": [
      [
        -0.21934906108051236,
        0.1666798830478674
      ],
      [
        0.7333691475233775,
        -0.13768424240028546
      ],
      [
        -0.26499907951633755,
        -0.07575024294693933
      ],
      [
        -0.24902100692652765,
        0.0467546022993574
      ]
    ]
  },
  {
    "phi": 5.026548245743669,
    "alpha": 6.283185307179586,
    "subsystem": [
      0,
      1
    ],
    "mi_matrix": [
      [
        0.0,
        -1.4492851363456793e-12,
        1.3386149570102845,
        2.2252883180916383
      ],
      [
        -1.4492851363456793e-12,
        0.0,
        -1.4492851363456793e-12,
        -1.4492851363456793e-12
      ],
      [
        1.3386149570102845,
        -1.4492851363456793e-12,
        0.0,
        2.225288318091623
      ],
      [
        2.2252883180916383,
        -1.4492851363456793e-12,
        2.225288318091623,
        0.0
      ]
    ],
    "mds_coords": [
      [
        -0.21934906108051277,
        0.16667988304786782
      ],
      [
        0.7333691475233783,
        -0.13768424240028543
      ],
      [
        -0.264999079516338,
        -0.07575024294694101
      ],
      [
        -0.24902100692652762,
        0.046754602299358614
      ]
    ]
  },
  {
    "phi": 6.283185307179586,
    "alpha": 0.0,
    "subsystem": [
      0,
      1
    ],
    "mi_matrix": [
      [
        0.0,
        -1.4425127758954659e-12,
        0.9999999999971148,
        0.9999999999971148
      ],
      [
        -1.4425127758954659e-12,
        0.0,
        -1.4425127758954659e-12,
        -1.4425127758954659e-12
      ],
      [
        0.9999999999971148,
        -1.4425127758954659e-12,
        0.0,
        0.9999999999971148
      ],
      [
        0.9999999999971148,
        -1.4425127758954659e-12,
        0.9999999999971148,
        0.0
      ]
    ],
    "mds_coords": [
      [
        0.23286504482758427,
        0.17065665072680303
      ],
      [
        -0.7142376779982091,
        0.17784021590761437
      ],
      [
        0.12641355664329013,
        -0.2606664622365807
      ],
      [
        0.35495907652733466,
        -0.08783040439783672
      ]
    ]
  },
  {
    "phi": 6.283185307179586,
    "alpha": 1.2566370614359172,
    "subsystem": [
      0,
      1
    ],
    "mi_matrix": [
      [
        0.0,
        -1.439959262938828e-12,
        0.9999999999971155,
        0.9999999999971155
      ],
      [
        -1.439959262938828e-12,
        0.0,
        -1.439959262938828e-12,
        -1.439959262938828e-12
      ],
      [
        0.9999999999971155,
        -1.439959262938828e-12,
        0.0,
        0.9999999999971155
      ],
      [
        0.9999999999971155,
        -1.439959262938828e-12,
        0.9999999999971155,
        0.0
      ]
    ],
    "mds_coords": [
      [
        0.23286504482758358,
        0.1706566507268031
      ],
      [
        -0.7142376779982075,
        0.17784021590761354
      ],
      [
        0.1264135566432897,
        -0.2606664622365803
      ],
      [
        0.3549590765273341,
        -0.08783040439783635
      ]
    ]
  },
  {
    "phi": 6.283185307179586,
    "alpha": 2.5132741228718345,
    "subsystem": [
      0,
      1
    ],
    "mi_matrix": [
      [
        0.0,
        -1.4374057499821902e-12,
        0.9999999999971162,
        0.9999999999971162
      ],
      [
        -1.4374057499821902e-12,
        0.0,
        -1.4374057499821902e-12,
        -1.4374057499821902e-12
      ],
      [
        0.9999999999971162,
        -1.4374057499821902e-12,
        0.0,
        0.9999999999971162
      ],
      [
        0.9999999999971162,
        -1.4374057499821902e-12,
        0.9999999999971162,
        0.0
      ]
    ],
    "mds_coords": [
      [
        0.232865044827583,
        0.17065665072680306
      ],
      [
        -0.7142376779982056,
        0.17784021590761304
      ],
      [
        0.12641355664328915,
        -0.26066646223657997
      ],
      [
        0.35495907652733344,
        -0.08783040439783618
      ]
    ]
  },
  {
    "phi": 6.283185307179586,
    "alpha": 3.7699111843077517,
    "subsystem": [
      0,
      1
    ],
    "mi_matrix": [
      [
        0.0,
        -1.4382939284018903e-12,
        0.9999999999971159,
        0.9999999999971159
      ],
      [
        -1.4382939284018903e-12,
        0.0,
        -1.4382939284018903e-12,
        -1.4382939284018903e-12
      ],
      [
        0.9999999999971159,
        -1.4382939284018903e-12,
        0.0,
        0.9999999999971159
      ],
      [
        0.9999999999971159,
        -1.4382939284018903e-12,
        0.9999999999971159,
        0.0
      ]
    ],
    "mds_coords": [
      [
        0.23286504482758325,
        0.17065665072680303
      ],
      [
        -0.714237677998206,
        0.17784021590761348
      ],
      [
        0.12641355664328927,
        -0.26066646223658013
      ],
      [
        0.35495907652733366,
        -0.08783040439783639
      ]
    ]
  },
  {
    "phi": 6.283185307179586,
    "alpha": 5.026548245743669,
    "subsystem": [
      0,
      1
    ],
    "mi_matrix": [
      [
        0.0,
        -1.4322987240689145e-12,
        0.9999999999971176,
        0.9999999999971176
      ],
      [
        -1.4322987240689145e-12,
        0.0,
        -1.4322987240689145e-12,
        -1.4322987240689145e-12
      ],
      [
        0.9999999999971176,
        -1.4322987240689145e-12,
        0.0,
        0.9999999999971176
      ],
      [
        0.9999999999971176,
        -1.4322987240689145e-12,
        0.9999999999971176,
        0.0
      ]
    ],
    "mds_coords": [
      [
        0.23286504482758158,
        0.1706566507268032
      ],
      [
        -0.7142376779982017,
        0.17784021590761187
      ],
      [
        0.12641355664328813,
        -0.26066646223657935
      ],
      [
        0.354959076527332,
        -0.08783040439783568
      ]
    ]
  },
  {
    "phi": 6.283185307179586,
    "alpha": 6.283185307179586,
    "subsystem": [
      0,
      1
    ],
    "mi_matrix": [
      [
        0.0,
        -1.4447332219447162e-12,
        0.9999999999971141,
        0.9999999999971141
      ],
      [
        -1.4447332219447162e-12,
        0.0,
        -1.4447332219447162e-12,
        -1.4447332219447162e-12
      ],
      [
        0.9999999999971141,
        -1.4447332219447162e-12,
        0.0,
        0.9999999999971141
      ],
      [
        0.9999999999971141,
        -1.4447332219447162e-12,
        0.9999999999971141,
        0.0
      ]
    ],
    "mds_coords": [
      [
        0.23286504482758474,
        0.170656650726803
      ],
      [
        -0.7142376779982107,
        0.17784021590761478
      ],
      [
        0.1264135566432906,
        -0.2606664622365809
      ],
      [
        0.3549590765273353,
        -0.08783040439783686
      ]
    ]
  }
]