{
  "spec": {
    "num_qubits": 6,
    "topology": "triangulated",
    "custom_edges": "0-1:1.0000,0-2:1.0000,0-3:1.0000,0-4:1.0000,0-5:1.0000,1-2:1.0000,1-3:1.0000,1-4:1.0000,1-5:1.0000,2-3:1.0000,2-4:1.0000,2-5:1.0000,3-4:1.0000,3-5:1.0000,4-5:1.0000",
    "alpha": 0.8,
    "weight": 1.4196448047617127,
    "gamma": 0.01,
    "sigma": 0.01,
    "init_angle": 0.0,
    "init_angles": null,
    "shots": 100,
    "device": "simulator",
    "geometry": "spherical",
    "curvature": 1.0,
    "timesteps": 3,
    "dimension": 2,
    "mass_hinge": null,
    "mass_value": 0.0,
    "solve_regge": false,
    "lorentzian": false,
    "excite": false,
    "fast": true,
    "strong_curvature": false,
    "charge_injection": false,
    "charge_strength": 1.0,
    "charge_location": 3,
    "spin_injection": false,
    "spin_strength": 1.0,
    "spin_location": 3,
    "edge_floor": 0.001,
    "compute_entropies": false,
    "hyperbolic_triangulation": false,
    "trotter_steps": 4,
    "dt": 0.1,
    "analyze_curvature": false,
    "einstein_solver": false,
    "page_curve": false,
    "radiation_ordering": "0,1",
    "page_curve_timesteps": 10,
    "entropy_method": "basic",
    "num_shadows": 50,
    "shots_per_shadow": 500,
    "num_bases": 10,
    "shots_per_basis": 500,
    "enhanced_entanglement": false,
    "entanglement_strength": 2.4504768215624257,
    "interpolate_geometry": false,
    "smooth_charge_injection": false,
    "min_qubits_for_continuum": 10,
    "benchmark_against_classical_geometry": false,
    "geometry_fit_metric": "wasserstein,kl,euclidean",
    "verify_noise_robustness": false,
    "run_on_multiple_backends": false,
    "detect_and_flag_causal_loops": false,
    "restrict_information_flow_direction": "forward",
    "filter_noncausal_edges": false,
    "use_ryu_takayanagi_test": false,
    "compare_MI_vs_subsystem_entropy": false,
    "embed_boundary_entropy_in_geometry": false,
    "entropy_engineering": true,
    "target_entropy_pattern": "spacetime",
    "custom_target_entropies": null,
    "entropy_optimization_iterations": 100,
    "entropy_tolerance": 0.1,
    "continue_on_engineering_failure": false,
    "validate_engineered_geometry": true
  },
  "uid": "W5Z4SI",
  "counts_per_timestep": [
    null,
    null,
    null
  ],
  "job_ids_per_timestep": [
    null,
    null,
    null
  ],
  "entropy_per_timestep": [
    null,
    null,
    null
  ],
  "mutual_information_per_timestep": [
    {
      "I_0,1": 0.707992640965371,
      "I_0,2": 0.06173668186403081,
      "I_0,3": 0.10527298957299602,
      "I_0,4": 0.02842909696511753,
      "I_0,5": 0.014428388375676393,
      "I_1,2": 0.1380988749223866,
      "I_1,3": 0.0257075225544674,
      "I_1,4": 0.018480583241554882,
      "I_1,5": 0.022943980717637036,
      "I_2,3": 0.1636342553454766,
      "I_2,4": 0.3199112290096646,
      "I_2,5": 0.18811396187087714,
      "I_3,4": 0.18665966004995904,
      "I_3,5": 0.29258722390514236,
      "I_4,5": 0.5454716088176492
    },
    {
      "I_0,1": 0.16849124419147832,
      "I_0,2": 0.19790477923917105,
      "I_0,3": 0.05441866249431815,
      "I_0,4": 0.04702140897756757,
      "I_0,5": 0.07231770974303231,
      "I_1,2": 0.07055566824072756,
      "I_1,3": 0.19375161826774878,
      "I_1,4": 0.0514376546913875,
      "I_1,5": 0.0131438729551272,
      "I_2,3": 0.04068197316906641,
      "I_2,4": 0.17481168554236004,
      "I_2,5": 0.10675590324328454,
      "I_3,4": 0.10618907840463598,
      "I_3,5": 0.17652526324445317,
      "I_4,5": 0.09085851802017797
    },
    {
      "I_0,1": 0.16021702929569281,
      "I_0,2": 0.15516649059412946,
      "I_0,3": 0.012228979944173712,
      "I_0,4": 0.04702309188412612,
      "I_0,5": 0.03450857003789842,
      "I_1,2": 0.02962838459386563,
      "I_1,3": 0.049627124620436724,
      "I_1,4": 0.13965828440048833,
      "I_1,5": 0.18580605177370502,
      "I_2,3": 0.1496585346140471,
      "I_2,4": 0.11743698445281847,
      "I_2,5": 0.07206105378947125,
      "I_3,4": 0.17582148055403946,
      "I_3,5": 0.1685899527176209,
      "I_4,5": 0.13412254877899743
    }
  ],
  "boundary_entropies_per_timestep": [
    {
      "entropy_A": 1.547969152700908,
      "entropy_B": 1.5479691527009076,
      "mi_AB": 3.0959383054018095,
      "pure_state_check": true,
      "entropy_difference": 4.440892098500626e-16,
      "multiple_regions": {
        "size_1_region_0": {
          "region": [
            0
          ],
          "entropy": 0.9962846648602568,
          "rt_area": 5,
          "size": 1
        },
        "size_1_region_1": {
          "region": [
            1
          ],
          "entropy": 0.9906207294943805,
          "rt_area": 5,
          "size": 1
        },
        "size_1_region_2": {
          "region": [
            2
          ],
          "entropy": 0.9604592823240627,
          "rt_area": 5,
          "size": 1
        },
        "size_2_region_0": {
          "region": [
            0,
            1
          ],
          "entropy": 1.2789127533892666,
          "rt_area": 8,
          "size": 2
        },
        "size_2_region_1": {
          "region": [
            0,
            2
          ],
          "entropy": 1.895007265320289,
          "rt_area": 8,
          "size": 2
        },
        "size_2_region_2": {
          "region": [
            0,
            3
          ],
          "entropy": 1.8812883345071558,
          "rt_area": 8,
          "size": 2
        },
        "size_3_region_0": {
          "region": [
            0,
            1,
            2
          ],
          "entropy": 1.547969152700908,
          "rt_area": 9,
          "size": 3
        },
        "size_3_region_1": {
          "region": [
            0,
            1,
            3
          ],
          "entropy": 1.6110955651367163,
          "rt_area": 9,
          "size": 3
        },
        "size_3_region_2": {
          "region": [
            0,
            1,
            4
          ],
          "entropy": 2.08378344534978,
          "rt_area": 9,
          "size": 3
        },
        "size_4_region_0": {
          "region": [
            0,
            1,
            2,
            3
          ],
          "entropy": 1.4246158653838568,
          "rt_area": 8,
          "size": 4
        },
        "size_4_region_1": {
          "region": [
            0,
            1,
            2,
            4
          ],
          "entropy": 1.6781846508491676,
          "rt_area": 8,
          "size": 4
        },
        "size_4_region_2": {
          "region": [
            0,
            1,
            2,
            5
          ],
          "entropy": 1.7932092578370278,
          "rt_area": 8,
          "size": 4
        },
        "size_5_region_0": {
          "region": [
            0,
            1,
            2,
            3,
            4
          ],
          "entropy": 0.9804952155344204,
          "rt_area": 5,
          "size": 5
        },
        "size_5_region_1": {
          "region": [
            0,
            1,
            2,
            3,
            5
          ],
          "entropy": 0.9895922586670953,
          "rt_area": 5,
          "size": 5
        },
        "size_5_region_2": {
          "region": [
            0,
            1,
            2,
            4,
            5
          ],
          "entropy": 0.9902766592198996,
          "rt_area": 5,
          "size": 5
        }
      }
    },
    {
      "entropy_A": 2.2155985889316123,
      "entropy_B": 2.2155985889316114,
      "mi_AB": 4.431197177863218,
      "pure_state_check": true,
      "entropy_difference": 8.881784197001252e-16,
      "multiple_regions": {
        "size_1_region_0": {
          "region": [
            0
          ],
          "entropy": 0.9872697289669908,
          "rt_area": 5,
          "size": 1
        },
        "size_1_region_1": {
          "region": [
            1
          ],
          "entropy": 0.9311933993236623,
          "rt_area": 5,
          "size": 1
        },
        "size_1_region_2": {
          "region": [
            2
          ],
          "entropy": 0.9888399742328697,
          "rt_area": 5,
          "size": 1
        },
        "size_2_region_0": {
          "region": [
            0,
            1
          ],
          "entropy": 1.7499718840991756,
          "rt_area": 8,
          "size": 2
        },
        "size_2_region_1": {
          "region": [
            0,
            2
          ],
          "entropy": 1.7782049239606896,
          "rt_area": 8,
          "size": 2
        },
        "size_2_region_2": {
          "region": [
            0,
            3
          ],
          "entropy": 1.9270456309330197,
          "rt_area": 8,
          "size": 2
        },
        "size_3_region_0": {
          "region": [
            0,
            1,
            2
          ],
          "entropy": 2.2155985889316123,
          "rt_area": 9,
          "size": 3
        },
        "size_3_region_1": {
          "region": [
            0,
            1,
            3
          ],
          "entropy": 2.358856772371696,
          "rt_area": 9,
          "size": 3
        },
        "size_3_region_2": {
          "region": [
            0,
            1,
            4
          ],
          "entropy": 2.3564402171394763,
          "rt_area": 9,
          "size": 3
        },
        "size_4_region_0": {
          "region": [
            0,
            1,
            2,
            3
          ],
          "entropy": 1.8953494266446567,
          "rt_area": 8,
          "size": 4
        },
        "size_4_region_1": {
          "region": [
            0,
            1,
            2,
            4
          ],
          "entropy": 1.816280602599032,
          "rt_area": 8,
          "size": 4
        },
        "size_4_region_2": {
          "region": [
            0,
            1,
            2,
            5
          ],
          "entropy": 1.8756021293374117,
          "rt_area": 8,
          "size": 4
        },
        "size_5_region_0": {
          "region": [
            0,
            1,
            2,
            3,
            4
          ],
          "entropy": 0.9986113013831406,
          "rt_area": 5,
          "size": 5
        },
        "size_5_region_1": {
          "region": [
            0,
            1,
            2,
            3,
            5
          ],
          "entropy": 0.9875966432817022,
          "rt_area": 5,
          "size": 5
        },
        "size_5_region_2": {
          "region": [
            0,
            1,
            2,
            4,
            5
          ],
          "entropy": 0.9941945644603525,
          "rt_area": 5,
          "size": 5
        }
      }
    },
    {
      "entropy_A": 2.112020317395687,
      "entropy_B": 2.112020317395687,
      "mi_AB": 4.224040634791368,
      "pure_state_check": true,
      "entropy_difference": 0.0,
      "multiple_regions": {
        "size_1_region_0": {
          "region": [
            0
          ],
          "entropy": 0.9999176250824163,
          "rt_area": 5,
          "size": 1
        },
        "size_1_region_1": {
          "region": [
            1
          ],
          "entropy": 0.9837891969229423,
          "rt_area": 5,
          "size": 1
        },
        "size_1_region_2": {
          "region": [
            2
          ],
          "entropy": 0.9454794423120656,
          "rt_area": 5,
          "size": 1
        },
        "size_2_region_0": {
          "region": [
            0,
            1
          ],
          "entropy": 1.8234897927096658,
          "rt_area": 8,
          "size": 2
        },
        "size_2_region_1": {
          "region": [
            0,
            2
          ],
          "entropy": 1.7902305768003528,
          "rt_area": 8,
          "size": 2
        },
        "size_2_region_2": {
          "region": [
            0,
            3
          ],
          "entropy": 1.9284940153781838,
          "rt_area": 8,
          "size": 2
        },
        "size_3_region_0": {
          "region": [
            0,
            1,
            2
          ],
          "entropy": 2.112020317395687,
          "rt_area": 9,
          "size": 3
        },
        "size_3_region_1": {
          "region": [
            0,
            1,
            3
          ],
          "entropy": 2.3437615261111895,
          "rt_area": 9,
          "size": 3
        },
        "size_3_region_2": {
          "region": [
            0,
            1,
            4
          ],
          "entropy": 2.2320927594873274,
          "rt_area": 9,
          "size": 3
        },
        "size_4_region_0": {
          "region": [
            0,
            1,
            2,
            3
          ],
          "entropy": 1.8579654291332046,
          "rt_area": 8,
          "size": 4
        },
        "size_4_region_1": {
          "region": [
            0,
            1,
            2,
            4
          ],
          "entropy": 1.7678583209819059,
          "rt_area": 8,
          "size": 4
        },
        "size_4_region_2": {
          "region": [
            0,
            1,
            2,
            5
          ],
          "entropy": 1.761428964138522,
          "rt_area": 8,
          "size": 4
        },
        "size_5_region_0": {
          "region": [
            0,
            1,
            2,
            3,
            4
          ],
          "entropy": 0.9956429034595883,
          "rt_area": 5,
          "size": 5
        },
        "size_5_region_1": {
          "region": [
            0,
            1,
            2,
            3,
            5
          ],
          "entropy": 0.9964450744526233,
          "rt_area": 5,
          "size": 5
        },
        "size_5_region_2": {
          "region": [
            0,
            1,
            2,
            4,
            5
          ],
          "entropy": 0.9408053702399477,
          "rt_area": 5,
          "size": 5
        }
      }
    }
  ],
  "distance_matrix_per_timestep": [
    [
      [
        0.0,
        0.3453215794591442,
        2.325106944892047,
        2.2511984020246296,
        3.4648186759103,
        3.9958142645329766
      ],
      [
        0.3453215794591442,
        0.0,
        1.9797853654329032,
        2.596519981483774,
        3.119497096451156,
        3.6504926850738326
      ],
      [
        2.325106944892047,
        1.9797853654329032,
        0.0,
        1.8101214919791162,
        1.1397117310182527,
        1.6707073196409294
      ],
      [
        2.2511984020246296,
        2.596519981483774,
        1.8101214919791162,
        0.0,
        1.6784683200721724,
        2.2845728412994286
      ],
      [
        3.4648186759103003,
        3.119497096451156,
        1.1397117310182527,
        1.6784683200721724,
        0.0,
        0.6061045212272562
      ],
      [
        3.995814264532977,
        3.6504926850738326,
        1.6707073196409294,
        2.2845728412994286,
        0.6061045212272562,
        0.0
      ]
    ],
    [
      [
        0.0,
        1.7808714937951788,
        1.6199692768967944,
        2.9110481233947394,
        3.057152270824326,
        2.6266862317758823
      ],
      [
        1.7808714937951788,
        0.0,
        2.651353260314266,
        4.691919617189918,
        2.9673847931833923,
        4.407557725571062
      ],
      [
        1.6199692768967944,
        2.651353260314266,
        0.0,
        3.20197020433044,
        1.7440459670662924,
        2.237210328699476
      ],
      [
        2.9110481233947394,
        4.691919617189918,
        3.20197020433044,
        0.0,
        2.242534015343699,
        4.6409857447133565
      ],
      [
        3.057152270824326,
        2.9673847931833923,
        1.7440459670662924,
        2.242534015343699,
        0.0,
        2.3984517293696577
      ],
      [
        2.6266862317758823,
        4.407557725571062,
        2.237210328699476,
        4.6409857447133565,
        2.3984517293696577,
        0.0
      ]
    ],
    [
      [
        0.0,
        1.831225949774545,
        1.86325660566548,
        3.7626556214769433,
        3.057116481245067,
        3.366547578897101
      ],
      [
        1.831225949774545,
        0.0,
        3.5190224381584367,
        3.70684277949824,
        1.9685566657547753,
        3.9775580195989235
      ],
      [
        1.86325660566548,
        3.5190224381584367,
        0.0,
        1.899399015811463,
        2.141853391788767,
        2.63024154999072
      ],
      [
        3.7626556214769433,
        3.70684277949824,
        1.899399015811463,
        0.0,
        1.738286113743465,
        3.747287467587613
      ],
      [
        3.057116481245067,
        1.9685566657547753,
        2.141853391788767,
        1.738286113743465,
        0.0,
        2.0090013538441482
      ],
      [
        3.366547578897101,
        3.9775580195989235,
        2.63024154999072,
        3.747287467587613,
        2.0090013538441482,
        0.0
      ]
    ]
  ],
  "edge_mi": {
    "0,1": 0.16021702929569281,
    "0,5": 0.03450857003789842,
    "0,2": 0.15516649059412946,
    "0,4": 0.04702309188412612,
    "0,3": 0.012228979944173712,
    "1,2": 0.02962838459386563,
    "1,4": 0.13965828440048833,
    "2,3": 0.1496585346140471,
    "2,4": 0.11743698445281847,
    "2,5": 0.07206105378947125,
    "3,4": 0.17582148055403946,
    "4,5": 0.13412254877899743
  },
  "distance_matrix": [
    [
      0.0,
      1.831225949774545,
      1.86325660566548,
      3.7626556214769433,
      3.057116481245067,
      3.366547578897101
    ],
    [
      1.831225949774545,
      0.0,
      3.5190224381584367,
      3.0032177273811946,
      1.9685566657547753,
      1.6830518816920133
    ],
    [
      1.86325660566548,
      3.5190224381584367,
      0.0,
      1.899399015811463,
      2.141853391788767,
      2.63024154999072
    ],
    [
      3.7626556214769433,
      3.0032177273811946,
      1.899399015811463,
      0.0,
      1.738286113743465,
      1.7802858276122582
    ],
    [
      3.057116481245067,
      1.9685566657547753,
      2.141853391788767,
      1.738286113743465,
      0.0,
      2.0090013538441482
    ],
    [
      3.366547578897101,
      1.6830518816920133,
      2.63024154999072,
      1.7802858276122582,
      2.0090013538441482,
      0.0
    ]
  ],
  "shortest_paths": {
    "0": {
      "0": 0,
      "1": 1.831225949774545,
      "2": 1.86325660566548,
      "4": 3.057116481245067,
      "5": 3.366547578897101,
      "3": 3.7626556214769433
    },
    "1": {
      "1": 0,
      "5": 1.6830518816920133,
      "0": 1.831225949774545,
      "4": 1.9685566657547753,
      "3": 3.0032177273811946,
      "2": 3.5190224381584367
    },
    "2": {
      "2": 0,
      "0": 1.86325660566548,
      "3": 1.899399015811463,
      "4": 2.141853391788767,
      "5": 2.63024154999072,
      "1": 3.5190224381584367
    },
    "3": {
      "3": 0,
      "4": 1.738286113743465,
      "5": 1.7802858276122582,
      "2": 1.899399015811463,
      "1": 3.0032177273811946,
      "0": 3.7626556214769433
    },
    "4": {
      "4": 0,
      "3": 1.738286113743465,
      "1": 1.9685566657547753,
      "5": 2.0090013538441482,
      "2": 2.141853391788767,
      "0": 3.057116481245067
    },
    "5": {
      "5": 0,
      "1": 1.6830518816920133,
      "3": 1.7802858276122582,
      "4": 2.0090013538441482,
      "2": 2.63024154999072,
      "0": 3.366547578897101
    }
  },
  "gromov_delta": 2.6744586863808935,
  "mean_distance": 2.0140954557131323,
  "angle_sums": [
    3.141592653589793,
    3.141592653589793,
    9.42477796076938,
    3.141592653589793,
    0.0,
    9.42477796076938,
    3.141592653589793,
    3.141592653589793,
    3.141592653589793,
    3.141592653589793,
    3.141592653589793,
    3.141592653589793,
    3.141592653589793,
    9.42477796076938,
    9.42477796076938,
    6.090043021771525,
    6.366385839639854,
    9.42477796076938,
    9.42477796076938,
    5.817803829084983
  ],
  "mean_angle_sum": 5.311941349550528,
  "min_angle_sum": 0.0,
  "max_angle_sum": 9.42477796076938,
  "angle_sum_deviations": [
    0.0,
    0.0,
    6.283185307179586,
    0.0,
    -3.141592653589793,
    6.283185307179586,
    0.0,
    0.0,
    0.0,
    0.0,
    0.0,
    0.0,
    0.0,
    6.283185307179586,
    6.283185307179586,
    2.9484503681817316,
    3.2247931860500607,
    6.283185307179586,
    6.283185307179586,
    2.6762111754951903
  ],
  "triangle_inequality_violations": [],
  "embedding_coords": null,
  "edge_weight_variance": 0.0,
  "event_nodes": [
    [
      0,
      0
    ],
    [
      1,
      0
    ],
    [
      2,
      0
    ],
    [
      3,
      0
    ],
    [
      4,
      0
    ],
    [
      5,
      0
    ],
    [
      0,
      1
    ],
    [
      1,
      1
    ],
    [
      2,
      1
    ],
    [
      3,
      1
    ],
    [
      4,
      1
    ],
    [
      5,
      1
    ],
    [
      0,
      2
    ],
    [
      1,
      2
    ],
    [
      2,
      2
    ],
    [
      3,
      2
    ],
    [
      4,
      2
    ],
    [
      5,
      2
    ]
  ],
  "event_edges": [
    {
      "type": "spatial",
      "from": [
        0,
        0
      ],
      "to": [
        1,
        0
      ],
      "weight": 0.3453215794591442
    },
    {
      "type": "spatial",
      "from": [
        0,
        0
      ],
      "to": [
        2,
        0
      ],
      "weight": 2.325106944892047
    },
    {
      "type": "spatial",
      "from": [
        0,
        0
      ],
      "to": [
        3,
        0
      ],
      "weight": 2.2511984020246296
    },
    {
      "type": "spatial",
      "from": [
        0,
        0
      ],
      "to": [
        4,
        0
      ],
      "weight": 3.4648186759103
    },
    {
      "type": "spatial",
      "from": [
        0,
        0
      ],
      "to": [
        5,
        0
      ],
      "weight": 3.9958142645329766
    },
    {
      "type": "spatial",
      "from": [
        1,
        0
      ],
      "to": [
        2,
        0
      ],
      "weight": 1.9797853654329032
    },
    {
      "type": "spatial",
      "from": [
        1,
        0
      ],
      "to": [
        3,
        0
      ],
      "weight": 2.596519981483774
    },
    {
      "type": "spatial",
      "from": [
        1,
        0
      ],
      "to": [
        4,
        0
      ],
      "weight": 3.119497096451156
    },
    {
      "type": "spatial",
      "from": [
        1,
        0
      ],
      "to": [
        5,
        0
      ],
      "weight": 3.6504926850738326
    },
    {
      "type": "spatial",
      "from": [
        2,
        0
      ],
      "to": [
        3,
        0
      ],
      "weight": 1.8101214919791162
    },
    {
      "type": "spatial",
      "from": [
        2,
        0
      ],
      "to": [
        4,
        0
      ],
      "weight": 1.1397117310182527
    },
    {
      "type": "spatial",
      "from": [
        2,
        0
      ],
      "to": [
        5,
        0
      ],
      "weight": 1.6707073196409294
    },
    {
      "type": "spatial",
      "from": [
        3,
        0
      ],
      "to": [
        4,
        0
      ],
      "weight": 1.6784683200721724
    },
    {
      "type": "spatial",
      "from": [
        3,
        0
      ],
      "to": [
        5,
        0
      ],
      "weight": 2.2845728412994286
    },
    {
      "type": "spatial",
      "from": [
        4,
        0
      ],
      "to": [
        5,
        0
      ],
      "weight": 0.6061045212272562
    },
    {
      "type": "temporal",
      "from": [
        0,
        0
      ],
      "to": [
        0,
        1
      ],
      "weight": 1.0
    },
    {
      "type": "temporal",
      "from": [
        1,
        0
      ],
      "to": [
        1,
        1
      ],
      "weight": 1.0
    },
    {
      "type": "temporal",
      "from": [
        2,
        0
      ],
      "to": [
        2,
        1
      ],
      "weight": 1.0
    },
    {
      "type": "temporal",
      "from": [
        3,
        0
      ],
      "to": [
        3,
        1
      ],
      "weight": 1.0
    },
    {
      "type": "temporal",
      "from": [
        4,
        0
      ],
      "to": [
        4,
        1
      ],
      "weight": 1.0
    },
    {
      "type": "temporal",
      "from": [
        5,
        0
      ],
      "to": [
        5,
        1
      ],
      "weight": 1.0
    },
    {
      "type": "spatial",
      "from": [
        0,
        1
      ],
      "to": [
        1,
        1
      ],
      "weight": 1.7808714937951788
    },
    {
      "type": "spatial",
      "from": [
        0,
        1
      ],
      "to": [
        2,
        1
      ],
      "weight": 1.6199692768967944
    },
    {
      "type": "spatial",
      "from": [
        0,
        1
      ],
      "to": [
        3,
        1
      ],
      "weight": 2.9110481233947394
    },
    {
      "type": "spatial",
      "from": [
        0,
        1
      ],
      "to": [
        4,
        1
      ],
      "weight": 3.057152270824326
    },
    {
      "type": "spatial",
      "from": [
        0,
        1
      ],
      "to": [
        5,
        1
      ],
      "weight": 2.6266862317758823
    },
    {
      "type": "spatial",
      "from": [
        1,
        1
      ],
      "to": [
        2,
        1
      ],
      "weight": 2.651353260314266
    },
    {
      "type": "spatial",
      "from": [
        1,
        1
      ],
      "to": [
        3,
        1
      ],
      "weight": 4.691919617189918
    },
    {
      "type": "spatial",
      "from": [
        1,
        1
      ],
      "to": [
        4,
        1
      ],
      "weight": 2.9673847931833923
    },
    {
      "type": "spatial",
      "from": [
        1,
        1
      ],
      "to": [
        5,
        1
      ],
      "weight": 4.407557725571062
    },
    {
      "type": "spatial",
      "from": [
        2,
        1
      ],
      "to": [
        3,
        1
      ],
      "weight": 3.20197020433044
    },
    {
      "type": "spatial",
      "from": [
        2,
        1
      ],
      "to": [
        4,
        1
      ],
      "weight": 1.7440459670662924
    },
    {
      "type": "spatial",
      "from": [
        2,
        1
      ],
      "to": [
        5,
        1
      ],
      "weight": 2.237210328699476
    },
    {
      "type": "spatial",
      "from": [
        3,
        1
      ],
      "to": [
        4,
        1
      ],
      "weight": 2.242534015343699
    },
    {
      "type": "spatial",
      "from": [
        3,
        1
      ],
      "to": [
        5,
        1
      ],
      "weight": 4.6409857447133565
    },
    {
      "type": "spatial",
      "from": [
        4,
        1
      ],
      "to": [
        5,
        1
      ],
      "weight": 2.3984517293696577
    },
    {
      "type": "temporal",
      "from": [
        0,
        1
      ],
      "to": [
        0,
        2
      ],
      "weight": 1.0
    },
    {
      "type": "temporal",
      "from": [
        1,
        1
      ],
      "to": [
        1,
        2
      ],
      "weight": 1.0
    },
    {
      "type": "temporal",
      "from": [
        2,
        1
      ],
      "to": [
        2,
        2
      ],
      "weight": 1.0
    },
    {
      "type": "temporal",
      "from": [
        3,
        1
      ],
      "to": [
        3,
        2
      ],
      "weight": 1.0
    },
    {
      "type": "temporal",
      "from": [
        4,
        1
      ],
      "to": [
        4,
        2
      ],
      "weight": 1.0
    },
    {
      "type": "temporal",
      "from": [
        5,
        1
      ],
      "to": [
        5,
        2
      ],
      "weight": 1.0
    },
    {
      "type": "spatial",
      "from": [
        0,
        2
      ],
      "to": [
        1,
        2
      ],
      "weight": 1.831225949774545
    },
    {
      "type": "spatial",
      "from": [
        0,
        2
      ],
      "to": [
        2,
        2
      ],
      "weight": 1.86325660566548
    },
    {
      "type": "spatial",
      "from": [
        0,
        2
      ],
      "to": [
        3,
        2
      ],
      "weight": 3.7626556214769433
    },
    {
      "type": "spatial",
      "from": [
        0,
        2
      ],
      "to": [
        4,
        2
      ],
      "weight": 3.057116481245067
    },
    {
      "type": "spatial",
      "from": [
        0,
        2
      ],
      "to": [
        5,
        2
      ],
      "weight": 3.366547578897101
    },
    {
      "type": "spatial",
      "from": [
        1,
        2
      ],
      "to": [
        2,
        2
      ],
      "weight": 3.5190224381584367
    },
    {
      "type": "spatial",
      "from": [
        1,
        2
      ],
      "to": [
        3,
        2
      ],
      "weight": 3.70684277949824
    },
    {
      "type": "spatial",
      "from": [
        1,
        2
      ],
      "to": [
        4,
        2
      ],
      "weight": 1.9685566657547753
    },
    {
      "type": "spatial",
      "from": [
        1,
        2
      ],
      "to": [
        5,
        2
      ],
      "weight": 3.9775580195989235
    },
    {
      "type": "spatial",
      "from": [
        2,
        2
      ],
      "to": [
        3,
        2
      ],
      "weight": 1.899399015811463
    },
    {
      "type": "spatial",
      "from": [
        2,
        2
      ],
      "to": [
        4,
        2
      ],
      "weight": 2.141853391788767
    },
    {
      "type": "spatial",
      "from": [
        2,
        2
      ],
      "to": [
        5,
        2
      ],
      "weight": 2.63024154999072
    },
    {
      "type": "spatial",
      "from": [
        3,
        2
      ],
      "to": [
        4,
        2
      ],
      "weight": 1.738286113743465
    },
    {
      "type": "spatial",
      "from": [
        3,
        2
      ],
      "to": [
        5,
        2
      ],
      "weight": 3.747287467587613
    },
    {
      "type": "spatial",
      "from": [
        4,
        2
      ],
      "to": [
        5,
        2
      ],
      "weight": 2.0090013538441482
    }
  ],
  "lorentzian_dissimilarity": [
    [
      0.0,
      0.11924699324015806,
      5.406122305185229,
      5.067894245278246,
      12.004968456936805,
      15.966531636645213,
      -1.0,
      -0.8807530067598419,
      4.406122305185229,
      4.067894245278246,
      11.004968456936805,
      14.966531636645213,
      -4.0,
      -3.880753006759842,
      1.406122305185229,
      1.0678942452782456,
      8.004968456936805,
      11.966531636645213
    ],
    [
      0.11924699324015806,
      0.0,
      3.919550093182294,
      6.741916014244499,
      9.731262134767192,
      13.32609684377756,
      -0.8807530067598419,
      -1.0,
      2.919550093182294,
      5.741916014244499,
      8.731262134767192,
      12.32609684377756,
      -3.880753006759842,
      -4.0,
      -0.08044990681770603,
      2.7419160142444987,
      5.731262134767192,
      9.32609684377756
    ],
    [
      5.406122305185229,
      3.919550093182294,
      0.0,
      3.2765398157247017,
      1.298942829820622,
      2.791262947901779,
      4.406122305185229,
      2.919550093182294,
      -1.0,
      2.2765398157247017,
      0.29894282982062204,
      1.791262947901779,
      1.406122305185229,
      -0.08044990681770603,
      -4.0,
      -0.7234601842752983,
      -2.7010571701793777,
      -1.208737052098221
    ],
    [
      5.067894245278246,
      6.741916014244499,
      3.2765398157247017,
      0.0,
      2.8172559014859004,
      5.219273067202944,
      4.067894245278246,
      5.741916014244499,
      2.2765398157247017,
      -1.0,
      1.8172559014859004,
      4.219273067202944,
      1.0678942452782456,
      2.7419160142444987,
      -0.7234601842752983,
      -4.0,
      -1.1827440985140996,
      1.219273067202944
    ],
    [
      12.004968456936806,
      9.731262134767192,
      1.298942829820622,
      2.8172559014859004,
      0.0,
      0.36736269065212146,
      11.004968456936806,
      8.731262134767192,
      0.29894282982062204,
      1.8172559014859004,
      -1.0,
      -0.6326373093478785,
      8.004968456936806,
      5.731262134767192,
      -2.7010571701793777,
      -1.1827440985140996,
      -4.0,
      -3.6326373093478788
    ],
    [
      15.966531636645216,
      13.32609684377756,
      2.791262947901779,
      5.219273067202944,
      0.36736269065212146,
      0.0,
      14.966531636645216,
      12.32609684377756,
      1.791262947901779,
      4.219273067202944,
      -0.6326373093478785,
      -1.0,
      11.966531636645216,
      9.32609684377756,
      -1.208737052098221,
      1.219273067202944,
      -3.6326373093478788,
      -4.0
    ],
    [
      -1.0,
      -0.8807530067598419,
      4.406122305185229,
      4.067894245278246,
      11.004968456936805,
      14.966531636645213,
      0.0,
      3.171503277412272,
      2.624300458089523,
      8.474201176720033,
      9.346180007006332,
      6.899480560200984,
      -1.0,
      2.171503277412272,
      1.624300458089523,
      7.474201176720033,
      8.346180007006332,
      5.899480560200984
    ],
    [
      -0.8807530067598419,
      -1.0,
      2.919550093182294,
      5.741916014244499,
      8.731262134767192,
      12.32609684377756,
      3.171503277412272,
      0.0,
      7.029674110979088,
      22.014109694171587,
      8.805372510816044,
      19.42656510424115,
      2.171503277412272,
      -1.0,
      6.029674110979088,
      21.014109694171587,
      7.805372510816044,
      18.42656510424115
    ],
    [
      4.406122305185229,
      2.919550093182294,
      -1.0,
      2.2765398157247017,
      0.29894282982062204,
      1.791262947901779,
      2.624300458089523,
      7.029674110979088,
      0.0,
      10.252613189419918,
      3.041696335240199,
      5.005110054839617,
      1.624300458089523,
      6.029674110979088,
      -1.0,
      9.252613189419918,
      2.041696335240199,
      4.005110054839617
    ],
    [
      4.067894245278246,
      5.741916014244499,
      2.2765398157247017,
      -1.0,
      1.8172559014859004,
      4.219273067202944,
      8.474201176720033,
      22.014109694171587,
      10.252613189419918,
      0.0,
      5.028958809973533,
      21.538748682632587,
      7.474201176720033,
      21.014109694171587,
      9.252613189419918,
      -1.0,
      4.028958809973533,
      20.538748682632587
    ],
    [
      11.004968456936806,
      8.731262134767192,
      0.29894282982062204,
      1.8172559014859004,
      -1.0,
      -0.6326373093478785,
      9.346180007006332,
      8.805372510816044,
      3.041696335240199,
      5.028958809973533,
      0.0,
      5.752570698116301,
      8.346180007006332,
      7.805372510816044,
      2.041696335240199,
      4.028958809973533,
      -1.0,
      4.752570698116301
    ],
    [
      14.966531636645216,
      12.32609684377756,
      1.791262947901779,
      4.219273067202944,
      -0.6326373093478785,
      -1.0,
      6.899480560200984,
      19.42656510424115,
      5.005110054839617,
      21.538748682632587,
      5.752570698116301,
      0.0,
      5.899480560200984,
      18.42656510424115,
      4.005110054839617,
      20.538748682632587,
      4.752570698116301,
      -1.0
    ],
    [
      -4.0,
      -3.880753006759842,
      1.406122305185229,
      1.0678942452782456,
      8.004968456936805,
      11.966531636645213,
      -1.0,
      2.171503277412272,
      1.624300458089523,
      7.474201176720033,
      8.346180007006332,
      5.899480560200984,
      0.0,
      3.353388479127684,
      3.471725178556046,
      14.157577325832042,
      9.34596117990022,
      11.333642600977933
    ],
    [
      -3.880753006759842,
      -4.0,
      -0.08044990681770603,
      2.7419160142444987,
      5.731262134767192,
      9.32609684377756,
      2.171503277412272,
      -1.0,
      6.029674110979088,
      21.014109694171587,
      7.805372510816044,
      18.42656510424115,
      3.353388479127684,
      0.0,
      12.38351892026255,
      13.740683391918239,
      3.875215346287558,
      15.82096779927571
    ],
    [
      1.406122305185229,
      -0.08044990681770603,
      -4.0,
      -0.7234601842752983,
      -2.7010571701793777,
      -1.208737052098221,
      1.624300458089523,
      6.029674110979088,
      -1.0,
      9.252613189419918,
      2.041696335240199,
      4.005110054839617,
      3.471725178556046,
      12.38351892026255,
      0.0,
      3.6077166212655545,
      4.5875359519170456,
      6.918170611297585
    ],
    [
      1.0678942452782456,
      2.7419160142444987,
      -0.7234601842752983,
      -4.0,
      -1.1827440985140996,
      1.219273067202944,
      7.474201176720033,
      21.014109694171587,
      9.252613189419918,
      -1.0,
      4.028958809973533,
      20.538748682632587,
      14.157577325832042,
      13.740683391918239,
      3.6077166212655545,
      0.0,
      3.021638613233359,
      14.042163364739187
    ],
    [
      8.004968456936806,
      5.731262134767192,
      -2.7010571701793777,
      -1.1827440985140996,
      -4.0,
      -3.6326373093478788,
      8.346180007006332,
      7.805372510816044,
      2.041696335240199,
      4.028958809973533,
      -1.0,
      4.752570698116301,
      9.34596117990022,
      3.875215346287558,
      4.5875359519170456,
      3.021638613233359,
      0.0,
      4.036086439747621
    ],
    [
      11.966531636645216,
      9.32609684377756,
      -1.208737052098221,
      1.219273067202944,
      -3.6326373093478788,
      -4.0,
      5.899480560200984,
      18.42656510424115,
      4.005110054839617,
      20.538748682632587,
      4.752570698116301,
      -1.0,
      11.333642600977933,
      15.82096779927571,
      6.918170611297585,
      14.042163364739187,
      4.036086439747621,
      0.0
    ]
  ],
  "lorentzian_embedding": [
    [
      0.0,
      0.0,
      0.0
    ],
    [
      0.0,
      0.0,
      0.0
    ],
    [
      0.0,
      0.0,
      0.0
    ],
    [
      0.0,
      0.0,
      0.0
    ],
    [
      0.0,
      0.0,
      0.0
    ],
    [
      0.0,
      0.0,
      0.0
    ],
    [
      0.0,
      0.0,
      0.0
    ],
    [
      0.0,
      0.0,
      0.0
    ],
    [
      0.0,
      0.0,
      0.0
    ],
    [
      0.0,
      0.0,
      0.0
    ],
    [
      0.0,
      0.0,
      0.0
    ],
    [
      0.0,
      0.0,
      0.0
    ],
    [
      0.0,
      0.0,
      0.0
    ],
    [
      0.0,
      0.0,
      0.0
    ],
    [
      0.0,
      0.0,
      0.0
    ],
    [
      0.0,
      0.0,
      0.0
    ],
    [
      0.0,
      0.0,
      0.0
    ],
    [
      0.0,
      0.0,
      0.0
    ]
  ],
  "edge_length_evolution": [],
  "angle_deficit_evolution": [],
  "regge_action_evolution": [],
  "gromov_delta_evolution": [],
  "mass_hinge": null,
  "mass_value": 0.0,
  "matter": {
    "(0, 1)": 0.0,
    "(2, 4)": 0.0,
    "(1, 2)": 0.0,
    "(0, 4)": 0.0,
    "(3, 4)": 0.0,
    "(1, 5)": 0.0,
    "(0, 3)": 0.0,
    "(1, 4)": 0.0,
    "(2, 3)": 0.0,
    "(0, 2)": 0.0,
    "(4, 5)": 0.0,
    "(0, 5)": 0.0,
    "(2, 5)": 0.0,
    "(1, 3)": 0.0,
    "(3, 5)": 0.0
  },
  "stationary_solution": null,
  "einstein_analysis_per_timestep": [
    null,
    null,
    null
  ],
  "bootstrap_analysis": {
    "gromov_delta": {
      "mean": 3.126892344689631,
      "lower_ci": 2.819136225600319,
      "upper_ci": 3.6504926850738326,
      "all_values": [
        3.6504926850738326,
        2.91104812339474,
        2.819136225600319
      ],
      "uncertainty": 0.5236003403842018
    },
    "entropy": {
      "mean": null,
      "lower_ci": null,
      "upper_ci": null,
      "uncertainty": null
    },
    "distance_matrix": {
      "mean": [
        [
