{
  "spec": {
    "num_qubits": 10,
    "topology": "triangulated",
    "custom_edges": "0-1:1.0000,0-2:1.0000,0-3:1.0000,0-4:1.0000,0-5:1.0000,0-6:1.0000,0-7:1.0000,0-8:1.0000,0-9:1.0000,1-2:1.0000,1-3:1.0000,1-4:1.0000,1-5:1.0000,1-6:0.0500,1-7:0.0500,1-8:0.8754,1-9:0.0500,2-3:1.0000,2-4:0.1840,2-5:0.0500,2-6:1.0000,2-7:1.0000,2-8:1.0000,2-9:0.0500,3-4:0.9112,3-5:1.0000,3-6:0.0500,3-7:1.0000,3-8:0.7987,3-9:1.0000,4-5:0.7966,4-6:1.0000,4-7:1.0000,4-8:0.0500,4-9:1.0000,5-6:0.0500,5-7:1.0000,5-8:0.0500,5-9:0.0500,6-7:1.0000,6-8:1.0000,6-9:1.0000,7-8:1.0000,7-9:1.0000,8-9:0.0500",
    "alpha": 0.8,
    "weight": 2.0,
    "gamma": 1.0,
    "sigma": null,
    "init_angle": 0.0,
    "init_angles": null,
    "shots": 10000,
    "device": "ibm_brisbane",
    "geometry": "spherical",
    "curvature": 10.0,
    "timesteps": 4,
    "dimension": 2,
    "mass_hinge": null,
    "mass_value": 0.0,
    "solve_regge": false,
    "lorentzian": false,
    "excite": false,
    "fast": true,
    "strong_curvature": false,
    "charge_injection": false,
    "charge_strength": 1.0,
    "charge_location": 3,
    "spin_injection": false,
    "spin_strength": 1.0,
    "spin_location": 3,
    "edge_floor": 0.001,
    "compute_entropies": false,
    "hyperbolic_triangulation": false,
    "trotter_steps": 4,
    "dt": 0.1,
    "analyze_curvature": false,
    "einstein_solver": false,
    "page_curve": false,
    "radiation_ordering": "0,1",
    "page_curve_timesteps": 10,
    "entropy_method": "basic",
    "num_shadows": 50,
    "shots_per_shadow": 500,
    "num_bases": 10,
    "shots_per_basis": 500,
    "enhanced_entanglement": false,
    "entanglement_strength": 1.5,
    "interpolate_geometry": false,
    "smooth_charge_injection": false,
    "min_qubits_for_continuum": 10,
    "benchmark_against_classical_geometry": false,
    "geometry_fit_metric": "wasserstein,kl,euclidean",
    "verify_noise_robustness": false,
    "run_on_multiple_backends": false,
    "detect_and_flag_causal_loops": false,
    "restrict_information_flow_direction": "forward",
    "filter_noncausal_edges": false,
    "use_ryu_takayanagi_test": false,
    "compare_MI_vs_subsystem_entropy": false,
    "embed_boundary_entropy_in_geometry": false,
    "entropy_engineering": false,
    "target_entropy_pattern": "page_curve",
    "custom_target_entropies": null,
    "entropy_optimization_iterations": 100,
    "entropy_tolerance": 0.1,
    "continue_on_engineering_failure": false,
    "validate_engineered_geometry": false,
    "enhance_bell_violations": false,
    "bell_entanglement_strength": 2.0,
    "teleportation_circuits": false,
    "long_range_coupling": 1.5,
    "holographic_optimization": false,
    "rt_surface_encoding": false,
    "conformal_symmetry": false,
    "bulk_reconstruction": false,
    "scalable_entanglement": false,
    "parallel_execution": false,
    "memory_optimization": false,
    "circuit_compilation": "auto",
    "real_hardware": false,
    "error_mitigation": false,
    "zero_noise_extrapolation": false,
    "hardware_calibration": false,
    "noise_characterization": false,
    "backend_name": "ibm_brisbane",
    "quantum_mode": true,
    "quantum_entanglement_strength": 5.0,
    "quantum_circuit_depth": 10
  },
  "uid": "6EM17G",
  "counts_per_timestep": [
    {
      "0011111010": 13,
      "1111001011": 13,
      "1101110110": 13,
      "1010001010": 8,
      "0011000011": 11,
      "1000011010": 10,
      "0101010100": 6,
      "0010110100": 10,
      "1110110000": 14,
      "0110001010": 14,
      "0111001110": 9,
      "0011001111": 13,
      "0000010011": 9,
      "0101111000": 10,
      "0110110101": 12,
      "1000001111": 11,
      "0000101110": 9,
      "1010101011": 10,
      "1000111111": 9,
      "1010010000": 9,
      "1000101011": 10,
      "1001011011": 20,
      "1101000010": 10,
      "0000111001": 12,
      "1110010111": 11,
      "1010111100": 8,
      "1111111101": 13,
      "0001010101": 10,
      "0001111010": 12,
      "1101100111": 13,
      "1011110111": 10,
      "1111011001": 12,
      "1001101000": 14,
      "0101010111": 12,
      "0000001010": 8,
      "1111100111": 9,
      "1001010010": 9,
      "1000011111": 9,
      "0001110101": 7,
      "1010110001": 12,
      "1101001110": 11,
      "1100100111": 10,
      "0000100000": 7,
      "0010010001": 12,
      "1101011110": 10,
      "0010100000": 8,
      "0010111101": 8,
      "1110001010": 16,
      "1100110011": 15,
      "1101010010": 10,
      "0111000011": 8,
      "1111110100": 10,
      "0010101110": 11,
      "1100101010": 7,
      "1110001001": 12,
      "0010001011": 9,
      "0000010110": 7,
      "0111001001": 12,
      "1110100100": 10,
      "0000100011": 11,
      "0110101100": 7,
      "1000110001": 13,
      "0011101010": 10,
      "0100111010": 7,
      "0000101101": 8,
      "0001110010": 7,
      "0000110110": 4,
      "1110011010": 11,
      "1110001000": 9,
      "0100001100": 7,
      "0011001110": 4,
      "1100000111": 16,
      "0111110100": 10,
      "1001011110": 10,
      "1011000000": 12,
      "0110010100": 11,
      "1110100010": 9,
      "1110010001": 8,
      "1011001001": 14,
      "1101011000": 11,
      "1111001001": 6,
      "0111110010": 9,
      "0101011011": 9,
      "0011010110": 12,
      "1111101001": 5,
      "0111011001": 11,
      "1110001101": 12,
      "0010001001": 16,
      "1110001100": 11,
      "0100011101": 7,
      "0100101100": 10,
      "1100001111": 12,
      "0010011101": 18,
      "1111100101": 13,
      "1100011000": 8,
      "0110000000": 14,
      "1111110000": 8,
      "0110111111": 11,
      "1001110110": 10,
      "1101101100": 9,
      "0000101011": 12,
      "1001100000": 8,
      "0011000010": 6,
      "1010110101": 10,
      "1011111100": 9,
      "1111000000": 9,
      "1010011100": 10,
      "0001101010": 5,
      "1111011111": 10,
      "1000010011": 16,
      "1010000000": 17,
      "0100000101": 8,
      "0010010110": 10,
      "0110100001": 12,
      "0110001001": 15,
      "1110110010": 11,
      "1001101101": 11,
      "0110011010": 9,
      "0001000010": 9,
      "0010111001": 12,
      "1011111111": 11,
      "1000000111": 7,
      "0000110000": 6,
      "1101100001": 14,
      "1000000010": 10,
      "0110010111": 6,
      "1010100100": 7,
      "0101100000": 18,
      "1011001101": 9,
      "1101001000": 11,
      "1110011001": 20,
      "1000011000": 10,
      "0100000110": 12,
      "1010111010": 8,
      "0010001010": 13,
      "0110000010": 10,
      "0001001011": 12,
      "1000100110": 9,
      "0010110110": 10,
      "1110110111": 12,
      "1011111001": 13,
      "0001101001": 11,
      "1011110101": 5,
      "1111000011": 9,
      "0010101001": 12,
      "0101010011": 9,
      "0001001000": 7,
      "0100000011": 11,
      "0110101001": 13,
      "1011001000": 9,
      "0111010011": 13,
      "0010010000": 7,
      "1011100110": 12,
      "0000001011": 6,
      "1001110001": 7,
      "1100111010": 9,
      "0111000111": 9,
      "1010001110": 18,
      "1011101010": 9,
      "1011011111": 20,
      "1101000001": 14,
      "1000000011": 18,
      "1011101000": 11,
      "1010110000": 13,
      "0011111001": 6,
      "1001001011": 9,
      "0110111010": 7,
      "0111010101": 15,
      "0001100000": 8,
      "1110001111": 15,
      "0000001101": 7,
      "0101010010": 7,
      "0010000010": 16,
      "0010010011": 10,
      "0010101100": 13,
      "1111111100": 10,
      "0111001100": 11,
      "1010110110": 5,
      "1111010000": 16,
      "1110110011": 5,
      "0100100100": 7,
      "1001000000": 12,
      "1000101100": 10,
      "1111010111": 11,
      "0100001101": 6,
      "1000111011": 15,
      "0111110001": 16,
      "1000101010": 13,
      "1001100010": 14,
      "0011011101": 13,
      "0010100010": 7,
      "1001010100": 8,
      "0110100101": 5,
      "0011001100": 12,
      "1010001111": 15,
      "1011011100": 19,
      "1000011101": 15,
      "0100011110": 6,
      "1011100101": 13,
      "0010101101": 12,
      "0110011011": 7,
      "1111001111": 15,
      "0010000011": 10,
      "1011011000": 17,
      "1010101111": 19,
      "1001010000": 14,
      "0001001001": 16,
      "0011101000": 7,
      "0100000010": 9,
      "0111011101": 8,
      "1010111011": 11,
      "1011010010": 9,
      "0000011001": 10,
      "1101111111": 10,
      "0110110001": 8,
      "1000100010": 7,
      "0101100100": 10,
      "0000101100": 13,
      "1100011010": 11,
      "0111100110": 7,
      "1111000101": 12,
      "1011001110": 14,
      "1111010101": 9,
      "1101010000": 9,
      "1110110001": 10,
      "1010100001": 11,
      "0101010001": 6,
      "0001101110": 14,
      "1111111010": 6,
      "1100010000": 11,
      "1010011001": 14,
      "0010011000": 10,
      "0101101000": 14,
      "0111000000": 8,
      "1010101100": 16,
      "0000110010": 13,
      "1111000110": 16,
      "0101000101": 13,
      "1011100111": 7,
      "1100000100": 11,
      "0101011001": 4,
      "0100101010": 7,
      "1001001010": 10,
      "0101011010": 8,
      "0001101111": 9,
      "1011110100": 6,
      "0000101000": 8,
      "1110011101": 14,
      "1000001110": 4,
      "1101001111": 15,
      "0010110101": 8,
      "1000110000": 9,
      "0100000000": 10,
      "0010001100": 7,
      "1100000001": 9,
      "1110111010": 12,
      "0110101000": 9,
      "0101101101": 9,
      "1101110011": 12,
      "1111001110": 11,
      "0011110001": 12,
      "0011110010": 10,
      "1001101010": 7,
      "0111011111": 12,
      "1011101101": 5,
      "1100100101": 10,
      "0111101011": 11,
      "0011001011": 14,
      "0001100011": 11,
      "0101011101": 13,
      "0001110111": 9,
      "0110001100": 18,
      "0101000100": 9,
      "1001010001": 14,
      "1100001010": 10,
      "1101011111": 14,
      "1100111101": 11,
      "0100001111": 10,
      "0011100010": 8,
      "0100011011": 11,
      "1100001110": 9,
      "1111011101": 18,
      "0101011110": 11,
      "1110100111": 10,
      "0001101101": 8,
      "0010011110": 12,
      "0001101100": 8,
      "0011011100": 12,
      "0110001011": 13,
      "1111001100": 8,
      "0000001000": 11,
      "1111010110": 11,
      "1100011111": 9,
      "0011100110": 8,
      "1101101101": 8,
      "1000000001": 13,
      "0010101111": 15,
      "1000000101": 15,
      "0011100000": 7,
      "0001011101": 10,
      "0001110110": 11,
      "1001101001": 21,
      "1010100011": 9,
      "0011000101": 9,
      "1111101100": 12,
      "1100110111": 13,
      "0010100001": 7,
      "0010001110": 11,
      "0010011010": 6,
      "1110000011": 8,
      "0111000101": 13,
      "0010100110": 8,
      "1111000001": 13,
      "0001100110": 12,
      "0000010111": 9,
      "1000011100": 9,
      "0010101010": 10,
      "0110100110": 8,
      "0011100001": 8,
      "1000101101": 7,
      "1111000111": 13,
      "1011111000": 12,
      "1110000010": 8,
      "0011100011": 6,
      "1101011100": 11,
      "0000111000": 12,
      "0000100101": 11,
      "0100011000": 5,
      "1010000101": 16,
      "1101111010": 12,
      "1111011011": 7,
      "1100010001": 10,
      "0111001111": 9,
      "0001111000": 9,
      "0001011110": 11,
      "0110111011": 7,
      "1001000111": 12,
      "1100010111": 16,
      "1000111001": 15,
      "0101011111": 18,
      "0100100110": 15,
      "1100011110": 6,
      "1010001000": 12,
      "1001000101": 7,
      "1101110111": 7,
      "1011011011": 13,
      "1001100111": 12,
      "0101010110": 7,
      "0101111111": 7,
      "1110110110": 10,
      "0101001100": 13,
      "1111000010": 12,
      "0100011111": 6,
      "0000000011": 10,
      "1011000001": 12,
      "1011101011": 14,
      "1110100001": 8,
      "1110100011": 7,
      "1100110110": 10,
      "0101110001": 7,
      "0010001111": 15,
      "1101110010": 9,
      "0100010111": 9,
      "1101000101": 19,
      "1000101001": 10,
      "1010000001": 12,
      "1011110010": 12,
      "0110100100": 9,
      "0000001100": 11,
      "0111110111": 7,
      "0001001010": 12,
      "1010010101": 8,
      "1001010011": 11,
      "0010011001": 10,
      "1001111000": 10,
      "0011101011": 9,
      "1010101010": 10,
      "1010001100": 17,
      "1110101101": 17,
      "1100111001": 10,
      "1101010100": 9,
      "0010111111": 14,
      "0101100110": 8,
      "0100010011": 10,
      "1001100011": 8,
      "0101000111": 9,
      "0001000000": 7,
      "1010111001": 12,
      "1100010010": 10,
      "0010111100": 8,
      "1100110100": 10,
      "0111100001": 7,
      "1011101100": 12,
      "0111110101": 10,
      "1001011100": 10,
      "0111010110": 8,
      "0100010000": 8,
      "0000111100": 7,
      "0111001010": 13,
      "0100100000": 10,
      "0100110000": 7,
      "0100011010": 6,
      "0001100001": 8,
      "1110101001": 7,
      "1110101110": 11,
      "0010111000": 9,
      "1111100001": 7,
      "0000011100": 8,
      "1000110100": 10,
      "1000001001": 16,
      "1110111011": 11,
      "0110101101": 11,
      "1100100110": 15,
      "0100001000": 16,
      "1100000010": 4,
      "0010111011": 5,
      "1110001110": 8,
      "1101111110": 15,
      "0110000011": 15,
      "0000010010": 5,
      "1111101111": 6,
      "1110101111": 11,
      "1010110011": 6,
      "1111110111": 10,
      "1100001000": 13,
      "1001111100": 12,
      "1100001011": 7,
      "1000110010": 12,
      "0101100010": 7,
      "0111100111": 8,
      "1110000101": 15,
      "0000100110": 8,
      "0010000111": 13,
      "0111000100": 13,
      "0111101010": 9,
      "0110000001": 13,
      "1110101011": 13,
      "0000000101": 15,
      "1101100011": 11,
      "0010101000": 8,
      "1100100010": 16,
      "0111100010": 10,
      "1010100101": 15,
      "0100001011": 9,
      "0110010000": 9,
      "0110111101": 14,
      "1011101111": 13,
      "0011000100": 9,
      "0101000010": 8,
      "0010110111": 14,
      "0010000001": 15,
      "0011010100": 10,
      "1110100101": 9,
      "1000100001": 8,
      "1101011101": 11,
      "1100001001": 12,
      "1011011101": 11,
      "1111101011": 13,
      "0100000001": 10,
      "1011000011": 15,
      "1001001111": 13,
      "0110110111": 7,
      "1111010001": 15,
      "1011111010": 14,
      "1101101011": 15,
      "0100101011": 11,
      "1001110101": 3,
      "1010001101": 20,
      "0100111100": 12,
      "1011010110": 9,
      "1010010001": 8,
      "1010011000": 12,
      "0100001010": 12,
      "1000100111": 9,
      "1011111101": 9,
      "1101000100": 5,
      "0100000100": 4,
      "1101111101": 7,
      "1101011001": 11,
      "1100111011": 16,
      "1100110001": 10,
      "0110111000": 8,
      "1110101010": 12,
      "1101010011": 14,
      "0011010101": 11,
      "1100100011": 10,
      "1001100101": 7,
      "1111111111": 9,
      "0111111001": 8,
      "1101010101": 11,
      "1111011010": 13,
      "0110111001": 8,
      "0100100010": 12,
      "0000111011": 12,
      "0110011111": 10,
      "0111101110": 9,
      "0001010110": 8,
      "0101100001": 11,
      "1011001010": 13,
      "0000000100": 9,
      "1010111110": 10,
      "0100111000": 11,
      "0100101101": 6,
      "0111011000": 11,
      "0100100001": 7,
      "1011110011": 9,
      "0101010000": 8,
      "0111110011": 9,
      "1010001001": 16,
      "1000011001": 15,
      "0000110100": 10,
      "0101010101": 10,
      "0011000000": 12,
      "0101110101": 8,
      "1110000001": 11,
      "1001000100": 9,
      "1011100100": 15,
      "1001011000": 9,
      "0101101111": 19,
      "1111010010": 10,
      "0001110100": 7,
      "1111000100": 13,
      "1010111111": 13,
      "0011110011": 17,
      "1111001010": 10,
      "0110101011": 12,
      "1111101110": 14,
      "0100111001": 9,
      "1101100110": 12,
      "0111100101": 9,
      "1000001101": 10,
      "1110110101": 8,
      "0110011101": 18,
      "1001110000": 12,
      "1101001010": 14,
      "1000010000": 5,
      "0101001011": 9,
      "0110101010": 8,
      "1000011011": 13,
      "1001100110": 7,
      "1101110100": 8,
      "0000100010": 9,
      "1111001000": 12,
      "1011000010": 12,
      "0001110000": 4,
      "0110001111": 20,
      "1011100011": 9,
      "0001011011": 10,
      "0110001101": 16,
      "0000011111": 13,
      "1000001011": 9,
      "0100110101": 6,
      "1011101001": 15,
      "1001000110": 8,
      "0000110001": 4,
      "1110111111": 11,
      "1000010010": 13,
      "0011010000": 5,
      "0010101011": 14,
      "1111011000": 14,
      "1100010110": 11,
      "0001010010": 17,
      "0001111100": 12,
      "1101011011": 11,
      "1000011110": 8,
      "1101101001": 15,
      "1101110000": 8,
      "0011001000": 13,
      "1001111101": 9,
      "1101111100": 9,
      "1010101101": 9,
      "1000010100": 8,
      "1001000001": 11,
      "0001001100": 5,
      "0111011011": 13,
      "1001101111": 8,
      "0100111101": 7,
      "1100101100": 13,
      "0011110111": 8,
      "0110001000": 7,
      "1100001101": 11,
      "1110000000": 11,
      "1111110110": 10,
      "0011001010": 14,
      "0110100000": 8,
      "0011011010": 10,
      "1011111110": 16,
      "1110111100": 16,
      "0111011100": 8,
      "1001100100": 9,
      "1000100011": 9,
      "1101000000": 10,
      "1000110011": 17,
      "0110111100": 8,
      "0000000110": 5,
      "1100011101": 11,
      "0010011111": 17,
      "0001110011": 10,
      "0010100011": 11,
      "1100010101": 8,
      "0001010100": 3,
      "0101100011": 8,
      "0101001110": 5,
      "1011010001": 12,
      "1001011111": 10,
      "0000001111": 7,
      "0011001101": 17,
      "0011100101": 8,
      "0101101100": 9,
      "0010001000": 9,
      "0010110010": 10,
      "1100010011": 13,
      "0111001011": 9,
      "0011010011": 8,
      "0000100100": 6,
      "1101000011": 13,
      "1110000110": 8,
      "0000111111": 7,
      "0101001010": 7,
      "1011000111": 9,
      "1010001011": 15,
      "1010110010": 11,
      "0101000011": 10,
      "1001010111": 10,
      "0011010111": 8,
      "0011011001": 10,
      "0111111101": 6,
      "1011011010": 10,
      "0111111011": 11,
      "1011010111": 13,
      "0101101011": 8,
      "1111010011": 11,
      "1110000100": 18,
      "0101110010": 8,
      "1110011011": 12,
      "0110110000": 6,
      "1100000000": 8,
      "0000011010": 6,
      "1110010011": 14,
      "0110101111": 7,
      "0011111110": 4,
      "1101101111": 8,
      "0001111101": 9,
      "1011000100": 8,
      "1010000100": 14,
      "1010101110": 12,
      "1010111101": 8,
      "1111100011": 9,
      "0010011100": 9,
      "1001001001": 7,
      "1111101101": 5,
      "1011001111": 10,
      "0001000100": 6,
      "1101000111": 10,
      "0111101000": 8,
      "0110010010": 7,
      "1010010110": 7,
      "1000100000": 11,
      "0001000110": 10,
      "0001111111": 9,
      "0010000000": 18,
      "1111001101": 7,
      "1100101110": 8,
      "0101001101": 15,
      "0110101110": 4,
      "0101111100": 8,
      "0100011001": 16,
      "0010010101": 13,
      "0000110011": 5,
      "1001110011": 8,
      "1010010010": 8,
      "0110010001": 14,
      "0110110100": 5,
      "1010101000": 15,
      "0110010110": 11,
      "1011101110": 11,
      "1110011111": 10,
      "1110011000": 8,
      "0111110110": 9,
      "1001001000": 14,
      "1100000011": 10,
      "1101001100": 18,
      "0111010100": 8,
      "0101100101": 10,
      "1010010011": 14,
      "1101001011": 10,
      "1101111001": 10,
      "0111011010": 9,
      "1100110000": 8,
      "0110000111": 10,
      "0101011000": 9,
      "0001001111": 10,
      "1011001100": 11,
      "0000000111": 8,
      "0100111111": 8,
      "0001001101": 7,
      "0011101001": 9,
      "0111100000": 9,
      "1000101110": 9,
      "1110101100": 12,
      "0001011100": 5,
      "0010111010": 3,
      "1100100100": 7,
      "0101110100": 12,
      "1011000101": 12,
      "0010000101": 7,
      "0001111001": 6,
      "0111011110": 9,
      "0001000011": 7,
      "1111111011": 9,
      "1110010010": 14,
      "1101000110": 11,
      "0101110000": 13,
      "0111100100": 9,
      "0011010010": 12,
      "1110010000": 15,
      "0011000110": 9,
      "0111001000": 16,
      "1101100000": 9,
      "1010011010": 12,
      "1010101001": 9,
      "0111010000": 12,
      "0101111110": 6,
      "1010100000": 7,
      "1101111000": 9,
      "1101101010": 6,
      "0110001110": 10,
      "1110100000": 14,
      "1100101101": 14,
      "1011110110": 10,
      "0101101010": 6,
      "0001001110": 6,
      "1001001101": 6,
      "0011000111": 9,
      "1001000010": 7,
      "0100010101": 9,
      "0011011111": 7,
      "1111010100": 13,
      "1100101000": 6,
      "1010010111": 10,
      "0110010101": 8,
      "1000010110": 7,
      "1010011101": 9,
      "0100110110": 8,
      "0010100101": 11,
      "1001101110": 8,
      "0000010000": 7,
      "1001111001": 6,
      "1001110010": 9,
      "1101101110": 14,
      "0001010000": 5,
      "0010110000": 11,
      "0101111011": 4,
      "1111111110": 10,
      "1001101011": 12,
      "0001100111": 7,
      "0100110001": 11,
      "1000110101": 12,
      "0000000000": 8,
      "0011001001": 10,
      "1110111110": 7,
      "1010111000": 9,
      "0001011111": 5,
      "0111000001": 8,
      "0110110011": 11,
      "1010000111": 13,
      "1100010100": 13,
      "0000000001": 13,
      "0110000101": 9,
      "0010011011": 14,
      "1100011001": 9,
      "1010100111": 9,
      "1101011010": 13,
      "1100101001": 10,
      "0110011100": 12,
      "0000001110": 8,
      "0010111110": 5,
      "1111100000": 13,
      "0011111000": 8,
      "0011111111": 9,
      "1010011110": 16,
      "1000111000": 8,
      "0001110001": 9,
      "0100010001": 9,
      "0011011110": 8,
      "0000000010": 8,
      "0011101101": 9,
      "0100101000": 8,
      "0011011011": 8,
      "0011111100": 12,
      "1011010100": 8,
      "0111111010": 6,
      "0110010011": 15,
      "0011100100": 10,
      "1101100100": 11,
      "0001011010": 9,
      "1100100001": 6,
      "1001011001": 11,
      "0001100101": 10,
      "0111000010": 8,
      "0101000110": 13,
      "1001111010": 8,
      "1011100001": 8,
      "1001111110": 9,
      "1000111100": 8,
      "0000011011": 10,
      "1111101010": 6,
      "0001011000": 10,
      "1101101000": 9,
      "0101001001": 12,
      "1111110010": 14,
      "0101111101": 5,
      "0100010110": 7,
      "1100111111": 7,
      "0000101001": 7,
      "0100101001": 9,
      "0000101111": 6,
      "1101001001": 7,
      "0011110000": 7,
      "1100011011": 18,
      "1100001100": 9,
      "1010010100": 9,
      "0000010100": 8,
      "0000001001": 6,
      "1111111001": 13,
      "1111100110": 5,
      "1110011110": 15,
      "1101110101": 11,
      "0010100100": 10,
      "1110011100": 15,
      "1101010001": 10,
      "0111101001": 12,
      "1001110100": 5,
      "0001000111": 10,
      "0111100011": 7,
      "0000010101": 10,
      "1100111000": 8,
      "0000010001": 13,
      "0010000100": 10,
      "1011100010": 8,
      "0100101111": 6,
      "0101100111": 8,
      "0110011000": 9,
      "0110110110": 6,
      "0101110011": 10,
      "1000001100": 9,
      "0101001000": 10,
      "0101111001": 6,
      "0011010001": 8,
      "1000010001": 7,
      "0111101100": 9,
      "1111110001": 6,
      "0010010100": 9,
      "1011110000": 9,
      "0011100111": 10,
      "0100110010": 6,
      "0011101100": 3,
      "1000111010": 7,
      "0111000110": 9,
      "1001101100": 7,
      "0010010010": 3,
      "1000100101": 8,
      "1110010100": 9,
      "1011011001": 10,
      "1111101000": 4,
      "0101011100": 6,
      "1010011011": 11,
      "0010001101": 10,
      "1001000011": 12,
      "1000110110": 14,
      "0110011001": 6,
      "1110010101": 13,
      "1100000101": 10,
      "1100100000": 4,
      "1011000110": 11,
      "1000010111": 10,
      "0111101111": 9,
      "1111110011": 5,
      "0110011110": 6,
      "0010000110": 9,
      "1101010110": 10,
      "0010010111": 6,
      "1111011100": 8,
      "0011101111": 5,
      "0100001110": 11,
      "1100101111": 8,
      "1100101011": 3,
      "1100111100": 11,
      "1110101000": 5,
      "0111010111": 9,
      "0110100011": 6,
      "0000011101": 4,
      "1011010000": 10,
      "0111001101": 9,
      "0101111010": 8,
      "0100100101": 8,
      "1010000011": 8,
      "1100000110": 11,
      "0100110100": 8,
      "0011000001": 15,
      "1011011110": 10,
      "0000111010": 7,
      "0001111110": 10,
      "0101001111": 5,
      "0111010010": 11,
      "1000000000": 7,
      "0001010011": 9,
      "1010100010": 7,
      "0001000101": 9,
      "1101111011": 14,
      "1000001000": 6,
      "1100111110": 4,
      "1011010011": 17,
      "1011111011": 7,
      "1110100110": 9,
      "1100011100": 13,
      "0011110110": 7,
      "1101010111": 7,
      "0101101110": 5,
      "0100010100": 10,
      "0001101011": 6,
      "0101000000": 6,
      "0111111111": 9,
      "1111111000": 8,
      "0001111011": 10,
      "1100110101": 8,
      "0011011000": 6,
      "1001001100": 8,
      "0100110111": 6,
      "0001101000": 6,
      "1111100100": 7,
      "0110000100": 12,
      "0011111011": 8,
      "1001111111": 5,
      "1001010101": 6,
      "0000110101": 9,
      "0110100010": 8,
      "0111111110": 10,
      "1100110010": 6,
      "1101110001": 9,
      "1001011101": 8,
      "0001100100": 7,
      "0000011110": 7,
      "1000000100": 7,
      "1011100000": 15,
      "0101110111": 6,
      "1000110111": 10,
      "0111010001": 10,
      "0100111110": 8,
      "1001001110": 9,
      "0011111101": 9,
      "0100100011": 6,
      "0001010111": 9,
      "0000101010": 11,
      "1000111101": 8,
      "1110111001": 9,
      "1011010101": 12,
      "0011110100": 7,
      "0000100111": 5,
      "1111110101": 5,
      "1101100010": 7,
      "1001011010": 7,
      "1000101111": 10,
      "1011001011": 5,
      "1000101000": 6,
      "0010110011": 11,
      "1110111101": 5,
      "1010000110": 12,
      "0110000110": 5,
      "1001110111": 15,
      "0000111101": 4,
      "1101100101": 10,
      "0001011001": 9,
      "0001100010": 9,
      "1111011110": 8,
      "1001111011": 3,
      "0110100111": 10,
      "1110111000": 10,
      "0101101001": 12,
      "1010100110": 7,
      "1010011111": 6,
      "0001000001": 6,
      "1010110100": 4,
      "1000010101": 9,
      "1110110100": 4,
      "1010110111": 13,
      "0100001001": 7,
      "0100110011": 4,
      "0000111110": 9,
      "1000001010": 8,
      "0010110001": 6,
      "0011101110": 6,
      "1110001011": 12,
      "1111100010": 6,
      "1110000111": 9,
      "0111111000": 3,
      "0100101110": 5,
      "0111110000": 2,
      "1101001101": 8,
      "0100000111": 4,
      "0101000001": 5,
      "0100010010": 4,
      "1000100100": 5,
      "0110111110": 4,
      "0010100111": 6,
      "0101110110": 5,
      "0011110101": 6,
      "0100011100": 7,
      "1000111110": 3,
      "0000110111": 6,
      "0001010001": 5,
      "0100111011": 4,
      "1010000010": 6,
      "0110110010": 4,
      "0111101101": 7,
      "0100100111": 8,
      "1001010110": 7,
      "1110010110": 5,
      "1000000110": 5,
      "0000011000": 4,
      "1001100001": 6,
      "1011110001": 3,
      "0000100001": 6,
      "0111111100": 4
    }
  ],
  "job_ids_per_timestep": [
    "d25g2ctc17vc73dtpptg"
  ],
  "entropy_per_timestep": [
    9.919788065406776
  ],
  "mutual_information_per_timestep": [
    {
      "I_0,1": 6.9665420333943e-05,
      "I_0,2": 7.805175679121042e-06,
      "I_0,3": 6.343093902514037e-06,
      "I_0,4": 4.2060246748203915e-05,
      "I_0,5": 0.00021037680615872394,
      "I_0,6": 0.00023364090035183673,
      "I_0,7": 1.0674668716076667e-06,
      "I_0,8": 2.7845922398659056e-05,
      "I_0,9": 2.2245418573351274e-05,
      "I_1,2": 3.0109196743018964e-06,
      "I_1,3": 2.3657240158108522e-05,
      "I_1,4": 0.000110862127651685,
      "I_1,5": 4.91781791968327e-05,
      "I_1,6": 0.00012445216738266388,
      "I_1,7": 0.00011851757995590129,
      "I_1,8": 6.490643500988704e-05,
      "I_1,9": 5.7655142011266234e-05,
      "I_2,3": 1.619506631374886e-05,
      "I_2,4": 4.296504884651869e-05,
      "I_2,5": 6.01316939585067e-07,
      "I_2,6": 4.670278921620739e-06,
      "I_2,7": 9.426849808222932e-05,
      "I_2,8": 0.00011275396266283502,
      "I_2,9": 1.1829232822588233e-06,
      "I_3,4": 3.3477146125680205e-06,
      "I_3,5": 9.613030210244792e-06,
      "I_3,6": 2.5016976430622655e-05,
      "I_3,7": 0.0001191164016874041,
      "I_3,8": 5.875115406333642e-05,
      "I_3,9": 4.247910205759263e-06,
      "I_4,5": 6.070937110663754e-07,
      "I_4,6": 2.5085298539335174e-05,
      "I_4,7": 3.133006526461965e-05,
      "I_4,8": 7.609718817534468e-07,
      "I_4,9": 0.00018836602165476363,
      "I_5,6": 2.1823281977597546e-06,
      "I_5,7": 0.0006412641525319722,
      "I_5,8": 0.00010282551815427379,
      "I_5,9": 3.7914611456888055e-07,
      "I_6,7": 0.000269022781581682,
      "I_6,8": 4.2386169785872153e-05,
      "I_6,9": 4.324640521979797e-07,
      "I_7,8": 0.0002483990256643741,
      "I_7,9": 7.512203672226797e-05,
      "I_8,9": 4.246986470141643e-06
    }
  ],
  "boundary_entropies_per_timestep": [
    {
      "entropy_A": -0.0,
      "entropy_B": -0.0,
      "mi_AB": 0.0,
      "pure_state_check": true,
      "entropy_difference": 0.0,
      "multiple_regions": {
        "size_1_region_0": {
          "region": [
            0
          ],
          "entropy": 0.6909939546550798,
          "rt_area": 9,
          "size": 1
        },
        "size_1_region_1": {
          "region": [
            1
          ],
          "entropy": 0.6931462005596252,
          "rt_area": 9,
          "size": 1
        },
        "size_2_region_0": {
          "region": [
            0,
            1
          ],
          "entropy": 0.544064595967142,
          "rt_area": 16,
          "size": 2
        },
        "size_2_region_1": {
          "region": [
            0,
            2
          ],
          "entropy": 0.5266547115812281,
          "rt_area": 16,
          "size": 2
        },
        "size_3_region_0": {
          "region": [
            0,
            1,
            2
          ],
          "entropy": 0.34399906959004556,
          "rt_area": 21,
          "size": 3
        },
        "size_3_region_1": {
          "region": [
            0,
            1,
            3
          ],
          "entropy": 0.36592759105535727,
          "rt_area": 21,
          "size": 3
        },
        "size_4_region_0": {
          "region": [
            0,
            1,
            2,
            3
          ],
          "entropy": 0.20840717904840977,
          "rt_area": 24,
          "size": 4
        },
        "size_4_region_1": {
          "region": [
            0,
            1,
            2,
            4
          ],
          "entropy": 0.21127241113807588,
          "rt_area": 24,
          "size": 4
        },
        "size_5_region_0": {
          "region": [
            0,
            1,
            2,
            3,
            4
          ],
          "entropy": 0.12415397163303728,
          "rt_area": 25,
          "size": 5
        },
        "size_5_region_1": {
          "region": [
            0,
            1,
            2,
            3,
            5
          ],
          "entropy": 0.12665390616826383,
          "rt_area": 25,
          "size": 5
        },
        "size_6_region_0": {
          "region": [
            0,
            1,
            2,
            3,
            4,
            5
          ],
          "entropy": 0.07366331072932493,
          "rt_area": 24,
          "size": 6
        },
        "size_6_region_1": {
          "region": [
            0,
            1,
            2,
            3,
            4,
            6
          ],
          "entropy": 0.0753594085641228,
          "rt_area": 24,
          "size": 6
        },
        "size_7_region_0": {
          "region": [
            0,
            1,
            2,
            3,
            4,
            5,
            6
          ],
          "entropy": 0.0446560599988839,
          "rt_area": 21,
          "size": 7
        },
        "size_7_region_1": {
          "region": [
            0,
            1,
            2,
            3,
            4,
            5,
            7
          ],
          "entropy": 0.04170835854189348,
          "rt_area": 21,
          "size": 7
        },
        "size_8_region_0": {
          "region": [
            0,
            1,
            2,
            3,
            4,
            5,
            6,
            7
          ],
          "entropy": 0.0255248221249776,
          "rt_area": 16,
          "size": 8
        },
        "size_8_region_1": {
          "region": [
            0,
            1,
            2,
            3,
            4,
            5,
            6,
            8
          ],
          "entropy": 0.028806410248161912,
          "rt_area": 16,
          "size": 8
        },
        "size_9_region_0": {
          "region": [
            0,
            1,
            2,
            3,
            4,
            5,
            6,
            7,
            8
          ],
          "entropy": 0.015046011116808068,
          "rt_area": 9,
          "size": 9
        },
        "size_9_region_1": {
          "region": [
            0,
            1,
            2,
            3,
            4,
            5,
            6,
            7,
            9
          ],
          "entropy": 0.011899121956364963,
          "rt_area": 9,
          "size": 9
        }
      }
    }
  ],
  "distance_matrix_per_timestep": [
    [
      [
        0.0,
        9.571806484771,
        11.760723495714505,
        11.96814391130511,
        18.67902970668816,
        19.671301019959692,
        20.557512448516448,
        13.750222125947978,
        10.488824015284948,
        10.713374477369417
      ],
      [
        9.571806484771,
        0.0,
        12.713264986236037,
        21.539950396076108,
        9.107223221917158,
        18.82504079114956,
        19.7004518209064,
        17.943037916833617,
        9.642563786474817,
        20.285180962140416
      ],
      [
        11.760723495714505,
        12.713264986236037,
        0.0,
        11.030803910644279,
        10.055123590308806,
        14.324143687694395,
        20.64835218929805,
        20.426055960176146,
        22.249547510999452,
        13.64752182523249
      ],
      [
        11.96814391130511,
        21.539950396076108,
        11.030803910644279,
        0.0,
        12.607232650138732,
        23.631074176751326,
        10.595955906326202,
        18.816670398379895,
        20.6646443395577,
        22.681518388674526
      ],
      [
        18.67902970668816,
        9.107223221917158,
        10.055123590308806,
        12.607232650138732,
        0.0,
        14.314582673838515,
        10.593228598989242,
        10.37093236986734,
        18.67140650022614,
        23.702645415541298
      ],
      [
        19.671301019959692,
        18.82504079114956,
        14.324143687694395,
        23.631074176751326,
        14.314582673838515,
        0.0,
        13.035118270425126,
        17.482951135033545,
        9.182477004674743,
        21.551777897057804
      ],
      [
        20.557512448516448,
        19.7004518209064,
        20.64835218929805,
        10.595955906326202,
        10.593228598989242,
        13.035118270425126,
        0.0,
        8.220714492053693,
        10.068688433231499,
        14.653766630334077
      ],
      [
        13.750222125947978,
        17.943037916833617,
        20.426055960176146,
        18.816670398379895,
        10.37093236986734,
        17.482951135033545,
        8.220714492053693,
        0.0,
        8.300474130358802,
        20.66977502274186
      ],
      [
        10.488824015284948,
        9.642563786474817,
        22.249547510999452,
        20.6646443395577,
        18.67140650022614,
        9.182477004674743,
        10.068688433231499,
        8.300474130358802,
        0.0,
        12.369300892383059
      ],
      [
        10.713374477369417,
        20.285180962140416,
        13.64752182523249,
        22.681518388674526,
        23.702645415541298,
        21.551777897057804,
        14.653766630334077,
        20.66977502274186,
        12.369300892383059,
        0.0
      ]
    ]
  ],
  "edge_mi": {
    "0,1": 6.9665420333943e-05,
    "0,9": 2.2245418573351274e-05,
    "0,2": 7.805175679121042e-06,
    "0,8": 2.7845922398659056e-05,
    "0,3": 6.343093902514037e-06,
    "0,7": 1.0674668716076667e-06,
    "1,2": 3.0109196743018964e-06,
    "1,4": 0.000110862127651685,
    "1,8": 6.490643500988704e-05,
    "2,3": 1.619506631374886e-05,
    "2,4": 4.296504884651869e-05,
    "2,5": 6.01316939585067e-07,
    "2,9": 1.1829232822588233e-06,
    "3,4": 3.3477146125680205e-06,
    "3,6": 2.5016976430622655e-05,
    "4,5": 6.070937110663754e-07,
    "4,6": 2.5085298539335174e-05,
    "4,7": 3.133006526461965e-05,
    "5,6": 2.1823281977597546e-06,
    "5,8": 0.00010282551815427379,
    "6,7": 0.000269022781581682,
    "6,8": 4.2386169785872153e-05,
    "6,9": 4.324640521979797e-07,
    "7,8": 0.0002483990256643741,
    "8,9": 4.246986470141643e-06
  },
  "distance_matrix": [
    [
      0.0,
      9.571806484771,
      11.760723495714505,
      11.96814391130511,
      10.076407521130516,
      8.466610320065445,
      8.361725235213575,
      13.750222125947978,
      10.488824015284948,
      10.713374477369417
    ],
    [
      9.571806484771,
      0.0,
      12.713264986236037,
      10.651841352113362,
      9.107223221917158,
      9.920060545106162,
      8.991589113611976,
      9.040449254334225,
      9.642563786474817,
      9.761031121622795
    ],
    [
      11.760723495714505,
      12.713264986236037,
      0.0,
      11.030803910644279,
      10.055123590308806,
      14.324143687694395,
      12.274291761809893,
      9.26936348476938,
      9.090302434630695,
      13.64752182523249
    ],
    [
      11.96814391130511,
      10.651841352113362,
      11.030803910644279,
      0.0,
      12.607232650138732,
      11.552391066240698,
      10.595955906326202,
      9.035409377504445,
      9.74219976150168,
      12.369083412251987
    ],
    [
      10.076407521130516,
      9.107223221917158,
      10.055123590308806,
      12.607232650138732,
      0.0,
      14.314582673838515,
      10.593228598989242,
      10.37093236986734,
      14.088669428842987,
      8.577123564238352
    ],
    [
      8.466610320065445,
      9.920060545106162,
      14.324143687694395,
      11.552391066240698,
      14.314582673838515,
      0.0,
      13.035118270425126,
      7.352069091497541,
      9.182477004674743,
      14.78534417959329
    ],
    [
      8.361725235213575,
      8.991589113611976,
      12.274291761809893,
      10.595955906326202,
      10.593228598989242,
      13.035118270425126,
      0.0,
      8.220714492053693,
      10.068688433231499,
      14.653766630334077
    ],
    [
      13.750222125947978,
      9.040449254334225,
      9.26936348476938,
      9.035409377504445,
      10.37093236986734,
      7.352069091497541,
      8.220714492053693,
      0.0,
      8.300474130358802,
      9.496396610515575
    ],
    [
      10.488824015284948,
      9.642563786474817,
      9.090302434630695,
      9.74219976150168,
      14.088669428842987,
      9.182477004674743,
      10.068688433231499,
      8.300474130358802,
      0.0,
      12.369300892383059
    ],
    [
      10.713374477369417,
      9.761031121622795,
      13.64752182523249,
      12.369083412251987,
      8.577123564238352,
      14.78534417959329,
      14.653766630334077,
      9.496396610515575,
      12.369300892383059,
      0.0
    ]
  ],
  "shortest_paths": {
    "0": {
      "0": 0,
