[
  {
    "pattern": "linear",
    "strength": 0.2,
    "mi_matrix": [
      [
        0.0,
        0.0004739984803077135,
        0.00016969716992742967,
        0.00010827464245766194,
        0.0011696448214284505,
        9.289414963919995e-07
      ],
      [
        0.0004739984803077135,
        0.0,
        0.00046427552707206665,
        0.000897859963669978,
        0.00022514240977278277,
        7.001511835769136e-05
      ],
      [
        0.00016969716992742967,
        0.00046427552707206665,
        0.0,
        0.00100299326568698,
        0.0003922314584920983,
        1.0314025182367459e-05
      ],
      [
        0.00010827464245766194,
        0.000897859963669978,
        0.00100299326568698,
        0.0,
        0.0005953450134283944,
        0.0037135887987527205
      ],
      [
        0.0011696448214284505,
        0.00022514240977278277,
        0.0003922314584920983,
        0.0005953450134283944,
        0.0,
        1.3774607826588792e-05
      ],
      [
        9.289414963919995e-07,
        7.001511835769136e-05,
        1.0314025182367459e-05,
        0.0037135887987527205,
        1.3774607826588792e-05,
        0.0
      ]
    ],
    "coords_2d": [
      [
        -80950.98159653379,
        37933.422192489634
      ],
      [
        -981.8889732490447,
        464.64926921007054
      ],
      [
        -13298.874483846246,
        6268.5192591249925
      ],
      [
        1911.9427419108483,
        -895.4372723344547
      ],
      [
        -10636.497678266715,
        4948.776321080554
      ],
      [
        103956.29998998492,
        -48719.929769570794
      ]
    ],
    "coords_3d": [
      [
        -18735.01040371256,
        -65256.28992043567,
        -58160.312094413865
      ],
      [
        -221.61015724947566,
        -794.000807835364,
        -707.4653285773575
      ],
      [
        -3046.7739177837925,
        -10749.982380781428,
        -9555.24753833345
      ],
      [
        442.64529760032576,
        1540.6674071932298,
        1373.9447667011366
      ],
      [
        -2495.496715598653,
        -8548.277012319264,
        -7637.459449698135
      ],
      [
        24056.245896744156,
        83807.8827141785,
        74686.53964432169
      ]
    ],
    "curvature": -3.9523939676655574e-15
  },
  {
    "pattern": "linear",
    "strength": 0.4,
    "mi_matrix": [
      [
        0.0,
        0.003080355630568521,
        0.0012545548194493605,
        0.0006462415819352696,
        0.004250498374750666,
        0.0002906202526171686
      ],
      [
        0.003080355630568521,
        0.0,
        0.0010844914078678158,
        0.0016775187628816912,
        3.780877322334675e-08,
        3.406534743177758e-07
      ],
      [
        0.0012545548194493605,
        0.0010844914078678158,
        0.0,
        0.0022761770383183944,
        0.0005468665021342023,
        0.0002603087794921244
      ],
      [
        0.0006462415819352696,
        0.0016775187628816912,
        0.0022761770383183944,
        0.0,
        7.447822189066144e-05,
        3.570002188180155e-05
      ],
      [
        0.004250498374750666,
        3.780877322334675e-08,
        0.0005468665021342023,
        7.447822189066144e-05,
        0.0,
        0.0005565569683612104
      ],
      [
        0.0002906202526171686,
        3.406534743177758e-07,
        0.0002603087794921244,
        3.570002188180155e-05,
        0.0005565569683612104,
        0.0
      ]
    ],
    "coords_2d": [
      [
        -88.10261968481532,
        -141.14643209912407
      ],
      [
        -151348.31982991545,
        -241751.2365409343
      ],
      [
        -449.73258532706495,
        -718.9641221448534
      ],
      [
        -3700.882720301616,
        -5919.113855297853
      ],
      [
        86770.22051975108,
        138510.92636558344
      ],
      [
        68816.81723547788,
        110019.53458489271
      ]
    ],
    "coords_3d": [
      [
        76.39773098208119,
        -127.9828316832778,
        -74.1993329191191
      ],
      [
        133587.3055313854,
        -221166.01332454363,
        -120789.04553739532
      ],
      [
        398.706502839279,
        -658.8591336431717,
        -355.002117760575
      ],
      [
        3270.356716995404,
        -5415.6312339144415,
        -2950.949565750763
      ],
      [
        -76545.07393443095,
        126711.70237893061,
        69277.27865503608
      ],
      [
        -60787.692547771214,
        100656.7841448539,
        54891.91789878972
      ]
    ],
    "curvature": 1.8048229577516394e-12
  },
  {
    "pattern": "linear",
    "strength": 0.6000000000000001,
    "mi_matrix": [
      [
        0.0,
        0.006919882486577045,
        0.0013098163072253755,
        0.0018582251183589804,
        0.00010334703710057624,
        0.0006949458642049322
      ],
      [
        0.006919882486577045,
        0.0,
        1.6167144860634863e-06,
        2.4050680935028268e-05,
        0.0004762765541366232,
        0.0022981186878046067
      ],
      [
        0.0013098163072253755,
        1.6167144860634863e-06,
        0.0,
        0.0002757550114358409,
        9.811182871133362e-05,
        2.362128714850087e-09
      ],
      [
        0.0018582251183589804,
        2.4050680935028268e-05,
        0.0002757550114358409,
        0.0,
        0.0021594152945296763,
        0.0002755229378919033
      ],
      [
        0.00010334703710057624,
        0.0004762765541366232,
        9.811182871133362e-05,
        0.0021594152945296763,
        0.0,
        0.00027424165562761615
      ],
      [
        0.0006949458642049322,
        0.0022981186878046067,
        2.362128714850087e-09,
        0.0002755229378919033,
        0.00027424165562761615,
        0.0
      ]
    ],
    "coords_2d": [
      [
        -1518.8533047935448,
        630.0790799330787
      ],
      [
        62198.9640909517,
        -33500.69505839398
      ],
      [
        -204657.67648974634,
        110067.05001318757
      ],
      [
        -5998.460053220916,
        3245.9001721144814
      ],
      [
        2185.663814525792,
        -988.7049175724592
      ],
      [
        147790.36194228329,
        -79453.62928926866
      ]
    ],
    "coords_3d": [
      [
        -481.81504883073086,
        1116.7974834509864,
        1106.5986952969274
      ],
      [
        32419.652452756556,
        -44778.40543419462,
        -43987.10185860317
      ],
      [
        -106868.4978339723,
        147169.15560811854,
        144637.03551782283
      ],
      [
        -3113.561332626756,
        4331.663187797689,
        4249.489681034363
      ],
      [
        826.7883563773983,
        -1597.6084370755343,
        -1578.7298661733987
      ],
      [
        77217.43340629584,
        -106241.60240809707,
        -104427.29216937753
      ]
    ],
    "curvature": -2.766009643551115e-13
  },
  {
    "pattern": "linear",
    "strength": 0.8,
    "mi_matrix": [
      [
        0.0,
        0.0004297140151747758,
        0.00013353068996790896,
        0.00012823916097959298,
        0.0018033243100266105,
        6.978768127874346e-05
      ],
      [
        0.0004297140151747758,
        0.0,
        4.162947270769379e-05,
        0.0011709850102701314,
        0.003684525048143872,
        0.000389923955374627
      ],
      [
        0.00013353068996790896,
        4.162947270769379e-05,
        0.0,
        0.0015913806514629147,
        2.245908117259887e-06,
        0.0007052659500939029
      ],
      [
        0.00012823916097959298,
        0.0011709850102701314,
        0.0015913806514629147,
        0.0,
        0.0005811496307808195,
        1.0585353068748304e-05
      ],
      [
        0.0018033243100266105,
        0.003684525048143872,
        2.245908117259887e-06,
        0.0005811496307808195,
        0.0,
        3.3233892171580237e-06
      ],
      [
        6.978768127874346e-05,
        0.000389923955374627,
        0.0007052659500939029,
        1.0585353068748304e-05,
        3.3233892171580237e-06,
        0.0
      ]
    ],
    "coords_2d": [
      [
        1239.5940443150632,
        1338.6459845662666
      ],
      [
        3066.747494029358,
        3341.5639066397835
      ],
      [
        -38446.20384946898,
        -41822.25788670691
      ],
      [
        10724.402067366012,
        11378.777748297176
      ],
      [
        61405.24423873085,
        66235.65218304077
      ],
      [
        -37989.7839949723,
        -40472.3819358371
      ]
    ],
    "coords_3d": [
      [
        -1629.3690089101267,
        -603.0663652557957,
        -556.8277997095188
      ],
      [
        -4050.386110117668,
        -1484.617546505767,
        -1400.4566823773214
      ],
      [
        50729.39122150493,
        18629.472766593488,
        17500.58879331524
      ],
      [
        -13963.602687915687,
        -5268.7150306354,
        -4663.454127890773
      ],
      [
        -80661.43042331784,
        -29895.100544845693,
        -27527.729990080894
      ],
      [
        49575.397008756394,
        18622.02672064917,
        16647.879806743265
      ]
    ],
    "curvature": 2.8399504969911506e-14
  },
  {
    "pattern": "linear",
    "strength": 1.0,
    "mi_matrix": [
      [
        0.0,
        0.00377223875635857,
        0.0006281593855699263,
        0.0028186731340889004,
        0.00017638226248806177,
        0.0014561566979400808
      ],
      [
        0.00377223875635857,
        0.0,
        0.0032527563216682154,
        2.438250631975336e-05,
        0.0007976668207825277,
        1.100758950611791e-05
      ],
      [
        0.0006281593855699263,
        0.0032527563216682154,
        0.0,
        0.00045236570761808537,
        1.7218469974267236e-06,
        0.0018702307902243032
      ],
      [
        0.0028186731340889004,
        2.438250631975336e-05,
        0.00045236570761808537,
        0.0,
        0.0007030554486822105,
        0.0007954212956238216
      ],
      [
        0.00017638226248806177,
        0.0007976668207825277,
        1.7218469974267236e-06,
        0.0007030554486822105,
        0.0,
        0.00013484322933110526
      ],
      [
        0.0014561566979400808,
        1.100758950611791e-05,
        0.0018702307902243032,
        0.0007954212956238216,
        0.00013484322933110526,
        0.0
      ]
    ],
    "coords_2d": [
      [
        -552.3551840816854,
        -27.744657683301416
      ],
      [
        19360.075602834135,
        -6268.208315895612
      ],
      [
        -61990.94510970592,
        1322.809678602272
      ],
      [
        -5954.626845985436,
        2049.7331796523495
      ],
      [
        63825.44835593057,
        -1422.2334790123944
      ],
      [
        -14687.596818991655,
        4345.643594336685
      ]
    ],
    "coords_3d": [
      [
        432.1257599452732,
        -302.9246618859755,
        165.4014802892898
      ],
      [
        -16082.101738456908,
        5746.803913585486,
        -11065.362999999506
      ],
      [
        49071.194113591424,
        -31012.86525401292,
        21790.991697791003
      ],
      [
        4962.171630774362,
        -1685.6264699372991,
        3492.0305031252356
      ],
      [
        -50531.14752228382,
        31890.079888500728,
        -22479.705930591095
      ],
      [
        12147.757756429675,
        -4635.467416250015,
        8096.645249385068
      ]
    ],
    "curvature": -4.6007642140466485e-14
  },
  {
    "pattern": "star",
    "strength": 0.2,
    "mi_matrix": [
      [
        0.0,
        0.0004777440438616942,
        0.005850908438278735,
        8.242969333771555e-05,
        0.0005083456909154016,
        0.0006168842922174012
      ],
      [
        0.0004777440438616942,
        0.0,
        0.003769040164363746,
        2.222731302792269e-06,
        0.00010279248301103827,
        0.0020380482639525965
      ],
      [
        0.005850908438278735,
        0.003769040164363746,
        0.0,
        0.0015832424135178158,
        2.5238137992822374e-05,
        0.0007020222323439462
      ],
      [
        8.242969333771555e-05,
        2.222731302792269e-06,
        0.0015832424135178158,
        0.0,
        5.944230662580097e-05,
        0.0011694082392230687
      ],
      [
        0.0005083456909154016,
        0.00010279248301103827,
        2.5238137992822374e-05,
        5.944230662580097e-05,
        0.0,
        3.633849837569869e-05
      ],
      [
        0.0006168842922174012,
        0.0020380482639525965,
        0.0007020222323439462,
        0.0011694082392230687,
        3.633849837569869e-05,
        0.0
      ]
    ],
    "coords_2d": [
      [
        1371.3579801679662,
        912.4274548295637
      ],
      [
        45716.38129849954,
        28331.450235837503
      ],
      [
        -6526.486216615147,
        -713.6635603771492
      ],
      [
        -48424.813882653725,
        -29514.341815721353
      ],
      [
        12272.557565687435,
        1526.8114960850526
      ],
      [
        -4408.996745086071,
        -542.6838106536188
      ]
    ],
    "coords_3d": [
      [
        -1239.8186659785356,
        251.14740938537207,
        -1055.1767551327637
      ],
      [
        -39495.074878149186,
        7532.864115050954,
        -35721.79586417592
      ],
      [
        2707.8285553287524,
        265.41206392634746,
        5975.13248122609
      ],
      [
        41399.34036597399,
        -7779.737862717601,
        37968.72192515473
      ],
      [
        -5254.907521321641,
        -424.59605455054054,
        -11187.552816746824
      ],
      [
        1882.6321441466137,
        154.91032890547035,
        4020.671029674688
      ]
    ],
    "curvature": -3.4194869158454822e-15
  },
  {
    "pattern": "star",
    "strength": 0.4,
    "mi_matrix": [
      [
        0.0,
        1.2184815400662075e-05,
        0.000279424185794408,
        2.6455769821520647e-06,
        0.0024780071353927013,
        0.003004302261683689
      ],
      [
        1.2184815400662075e-05,
        0.0,
        3.2573985135897487e-06,
        6.215036409917829e-05,
        1.1035375322432373e-05,
        0.0008313385493616821
      ],
      [
        0.000279424185794408,
        3.2573985135897487e-06,
        0.0,
        0.0019834763578940873,
        0.0002755303925046082,
        2.0898822814308105e-05
      ],
      [
        2.6455769821520647e-06,
        6.215036409917829e-05,
        0.0019834763578940873,
        0.0,
        0.0006192852437874041,
        1.027024084021555e-05
      ],
      [
        0.0024780071353927013,
        1.1035375322432373e-05,
        0.0002755303925046082,
        0.0006192852437874041,
        0.0,
        0.0017208328578479648
      ],
      [
        0.003004302261683689,
        0.0008313385493616821,
        2.0898822814308105e-05,
        1.027024084021555e-05,
        0.0017208328578479648,
        0.0
      ]
    ],
    "coords_2d": [
      [
        57402.15288479718,
        4517.214281223489
      ],
      [
        -44486.5501847227,
        -49261.3745934771
      ],
      [
        26691.083434827586,
        38759.03693461507
      ],
      [
        -61182.987631578624,
        6910.760495725285
      ],
      [
        9175.358833670614,
        9858.459505547307
      ],
      [
        12400.942663005942,
        -10784.096623634037
      ]
    ],
    "coords_3d": [
      [
        32450.012695271453,
        -24004.8663867278,
        -41063.35859036035
      ],
      [
        -42053.38762757382,
        -21202.555916227244,
        46772.969012673515
      ],
      [
        28631.275892384427,
        20726.877551904014,
        -31069.636792532623
      ],
      [
        -30255.988884327868,
        35786.116828525744,
        39937.87332966714
      ],
      [
        8562.055762665881,
        4110.52483216261,
        -9548.370490383058
      ],
      [
        2666.032161579933,
        -15416.096909637317,
        -5029.4764690646325
      ]
    ],
    "curvature": 1.1102230246251565e-16
  },
  {
    "pattern": "star",
    "strength": 0.6000000000000001,
    "mi_matrix": [
      [
        0.0,
        0.0015921005713330771,
        0.0004027492644929076,
        6.214412932092905e-05,
        0.00027266917500212706,
        4.5428567702954226e-05
      ],
      [
        0.0015921005713330771,
        0.0,
        0.00017009580050153517,
        0.00012086841355452016,
        0.0021481648324201963,
        0.0013441535542570993
      ],
      [
        0.0004027492644929076,
        0.00017009580050153517,
        0.0,
        0.0005245817059507107,
        0.0001700958005017572,
        0.0009111598835400692
      ],
      [
        6.214412932092905e-05,
        0.00012086841355452016,
        0.0005245817059507107,
        0.0,
        1.887314003523599e-05,
        0.002093740224085483
      ],
      [
        0.00027266917500212706,
        0.0021481648324201963,
        0.0001700958005017572,
        1.887314003523599e-05,
        0.0,
        0.0007131154130801676
      ],
      [
        4.5428567702954226e-05,
        0.0013441535542570993,
        0.0009111598835400692,
        0.002093740224085483,
        0.0007131154130801676,
        0.0
      ]
    ],
    "coords_2d": [
      [
        -1077.512866500822,
        6101.135764644527
      ],
      [
        43.01031243699658,
        2286.593794934247
      ],
      [
        -82.93126512475786,
        -1869.4355725432588
      ],
      [
        47.22136700671625,
        -12784.567162045329
      ],
      [
        337.5274517684942,
        10245.870884183476
      ],
      [
        732.6850004133728,
        -3979.5977091736627
      ]
    ],
    "coords_3d": [
      [
        5548.997405136301,
        397.3829587937115,
        2727.529180288234
      ],
      [
        1928.2132537994544,
        -229.61334955179,
        1208.18982527542
      ],
      [
        -1560.267088779441,
        228.1885782899422,
        -1007.6612116024808
      ],
      [
        -10878.284884966075,
        1040.0565313772734,
        -6635.340767601376
      ],
      [
        8590.709824151092,
        -1151.4617393917792,
        5473.795452558269
      ],
      [
        -3629.368509341334,
        -284.5529795173578,
        -1766.5124789180663
      ]
    ],
    "curvature": -2.6423307986078726e-15
  },
  {
    "pattern": "star",
    "strength": 0.8,
    "mi_matrix": [
      [
        0.0,
        0.00013668887560669418,
        0.0006030937610497222,
        1.8163347141220143e-05,
        0.0008121474322317912,
        0.0005543993866534702
      ],
      [
        0.00013668887560669418,
        0.0,
        1.5976767464565e-08,
        0.0004523657076176413,
        0.00039223145849232033,
        0.0006137888812094427
      ],
      [
        0.0006030937610497222,
        1.5976767464565e-08,
        0.0,
        9.679008364527064e-05,
        8.156368817902049e-06,
        0.00014700982238147198
      ],
      [
        1.8163347141220143e-05,
        0.0004523657076176413,
        9.679008364527064e-05,
        0.0,
        0.0009192422964672264,
        0.0003253931160140944
      ],
      [
        0.0008121474322317912,
        0.00039223145849232033,
        8.156368817902049e-06,
        0.0009192422964672264,
        0.0,
        0.00044726976434072974
      ],
      [
        0.0005543993866534702,
        0.0006137888812094427,
        0.00014700982238147198,
        0.0003253931160140944,
        0.00044726976434072974,
        0.0
      ]
    ],
    "coords_2d": [
      [
        -3366.51096478668,
        9554.279255921361
      ],
      [
        73647.07344664674,
        -149124.1835386666
      ],
      [
        -82075.34708469608,
        166192.15187659414
      ],
      [
        3412.2501580177404,
        -9784.40085055543
      ],
      [
        8228.3746995912,
        -16606.750877331575
      ],
      [
        154.15974522705926,
        -231.09586596190604
      ]
    ],
    "coords_3d": [
      [
        6315.758175684922,
        -2063.971897670104,
        7646.224471274385
      ],
      [
        -106402.0047719449,
        51939.41893957913,
        -116802.4965345844
      ],
      [
        118579.85420064218,
        -57883.2104752094,
        130171.21609024596
      ],
      [
        -6454.848059089034,
        2080.7091387516166,
        -7834.711088089383
      ],
      [
        -11859.017020990865,
        5809.146360929979,
        -13004.032752071887
      ],
      [
        -179.74252430227867,
        117.90793361877105,
        -176.20018677469469
      ]
    ],
    "curvature": -6.925571227611726e-14
  },
  {
    "pattern": "star",
    "strength": 1.0,
    "mi_matrix": [
      [
        0.0,
        2.362706947178772e-05,
        1.93366560796715e-05,
        0.00416854318111981,
        3.3642790919774512e-06,
        0.0008265841518313444
      ],
      [
        2.362706947178772e-05,
        0.0,
        1.2814290951457252e-05,
        0.0006519355425067541,
        0.0005431330305691873,
        9.459725608684799e-05
      ],
      [
        1.93366560796715e-05,
        1.2814290951457252e-05,
        0.0,
        0.00044632665596955334,
        0.00018690111283237165,
        0.00014692045498132522
      ],
      [
        0.00416854318111981,
        0.0006519355425067541,
        0.00044632665596955334,
        0.0,
        0.00036684264303832315,
        0.0005048193089236541
      ],
      [
        3.3642790919774512e-06,
        0.0005431330305691873,
        0.00018690111283237165,
        0.00036684264303832315,
        0.0,
        1.3469661833021007e-05
      ],
      [
        0.0008265841518313444,
        9.459725608684799e-05,
        0.00014692045498132522,
        0.0005048193089236541,
        1.3469661833021007e-05,
        0.0
      ]
    ],
    "coords_2d": [
      [
        52894.84828111769,
        -2455.28681660888
      ],
      [
        -7618.807614244952,
        -14721.307303783939
      ],
      [
        -8413.827633183639,
        15623.856799439303
      ],
      [
        387.84660073882196,
        -120.36605903901894
      ],
      [
        -51258.75937105117,
        1567.3346488464827
      ],
      [
        14008.69973662325,
        105.7687311460543
      ]
    ],
    "coords_3d": [
      [
        -5825.340509552644,
        -51874.984970251506,
        -8884.829524766608
      ],
      [
        5401.4577287387965,
        8704.561133612544,
        -13034.8986203729
      ],
      [
        -3684.0184877679976,
        7005.957910376161,
        15879.3159563669
      ],
      [
        -11.69926933719217,
        -371.99585962948095,
        -162.4597018237219
      ],
      [
        5891.066873635236,
        50336.603012645806,
        7838.314331613405
      ],
      [
        -1771.4663357161976,
        -13800.141226753536,
        -1635.4424410170736
      ]
    ],
    "curvature": -3.9968028886505636e-16
  },
  {
    "pattern": "ring",
    "strength": 0.2,
    "mi_matrix": [
      [
        0.0,
        5.279965336368875e-05,
        4.863190071757728e-06,
        1.2801964612174643e-05,
        0.001145497769134085,
        0.0005187052845587736
      ],
      [
        5.279965336368875e-05,
        0.0,
        1.0877875567860684e-05,
        0.000848045536873121,
        0.003035429673844181,
        2.7506587908510127e-05
      ],
      [
        4.863190071757728e-06,
        1.0877875567860684e-05,
        0.0,
        0.00015141828532927448,
        9.996540225776229e-05,
        0.00016526900165581004
      ],
      [
        1.2801964612174643e-05,
        0.000848045536873121,
        0.00015141828532927448,
        0.0,
        0.0025628701748514615,
        0.0005134693647188548
      ],
      [
        0.001145497769134085,
        0.003035429673844181,
        9.996540225776229e-05,
        0.0025628701748514615,
        0.0,
        0.00023149346767237233
      ],
      [
        0.0005187052845587736,
        2.7506587908510127e-05,
        0.00016526900165581004,
        0.0005134693647188548,
        0.00023149346767237233,
        0.0
      ]
    ],
    "coords_2d": [
      [
        109.43320095162825,
        -44065.08224405156
      ],
      [
        -228.57456941087986,
        -17030.656406099668
      ],
      [
        53.56178397242375,
        46204.02793057547
      ],
      [
        -57.79419376304011,
        11567.044897750626
      ],
      [
        -19.305046172209654,
        -2232.1441690963584
      ],
      [
        142.67882442207764,
        5556.809990921498
      ]
    ],
    "coords_3d": [
      [
        -15107.102791932757,
        11235.591951396527,
        39840.71357797379
      ],
      [
        -6049.942651107679,
        4198.390807323864,
        15357.908610530689
      ],
      [
        15971.631118531035,
        -11691.460080797917,
        -41749.64920582819
      ],
      [
        3942.9422014210986,
        -2964.7970750322347,
        -10462.475335197913
      ],
      [
        -784.6395379246005,
        555.9346316981782,
        2014.48820586496
      ],
      [
        2027.1116610129015,
        -1333.6602345884166,
        -5000.985853343331
      ]
    ],
    "curvature": -1.0673684158746255e-13
  },
  {
    "pattern": "ring",
    "strength": 0.4,
    "mi_matrix": [
      [
        0.0,
        0.0001749804651343112,
        0.00017485169883224572,
        0.0008908619209169188,
        2.4701660880976917e-05,
        0.000991484776197149
      ],
      [
        0.0001749804651343112,
        0.0,
        0.0010488113406130761,
        0.0031588856156019585,
        0.00046970586466077435,
        0.0015110712151951144
      ],
      [
        0.00017485169883224572,
        0.0010488113406130761,
        0.0,
        0.0008764026459964214,
        0.0023286921988376896,
        0.0012706167132834345
      ],
      [
        0.0008908619209169188,
        0.0031588856156019585,
        0.0008764026459964214,
        0.0,
        0.0017233963032960986,
        0.001474789195022641
      ],
      [
        2.4701660880976917e-05,
        0.00046970586466077435,
        0.0023286921988376896,
        0.0017233963032960986,
        0.0,
        4.286499106953556e-05
      ],
      [
        0.000991484776197149,
        0.0015110712151951144,
        0.0012706167132834345,
        0.001474789195022641,
        4.286499106953556e-05,
        0.0
      ]
    ],
    "coords_2d": [
      [
        -7802.028007826417,
        -3926.3875034465354
      ],
      [
        529.3029379764541,
        276.9058150098347
      ],
      [
        1214.9090439554216,
        602.1195970861872
      ],
      [
        -35.42037350026873,
        -17.535009119214074
      ],
      [
        9655.798689357553,
        4852.358499321117
      ],
      [
        -3562.5622899627438,
        -1787.461398851391
      ]
    ],
    "coords_3d": [
      [
        6034.79872635684,
        -3732.197488813591,
        -5093.139844045099
      ],
      [
        -411.96586929286934,
        249.05159436276887,
        353.6360237492045
      ],
      [
        -938.6939509659757,
        584.3230390377119,
        784.8633209139687
      ],
      [
        28.09629860293463,
        -16.74069651873696,
        -22.22438815323693
      ],
      [
        -7464.17560420714,
        4622.814857103171,
        6300.436569991076
      ],
      [
        2751.940399506211,
        -1707.2513051713245,
        -2323.571682455913
      ]
    ],
    "curvature": -1.142419492339286e-13
  },
  {
    "pattern": "ring",
    "strength": 0.6000000000000001,
    "mi_matrix": [
      [
        0.0,
        2.6244985642520646e-06,
        0.00027238763427739343,
        2.3448089927491367e-05,
        9.447642668192202e-11,
        0.0015742077256024611
      ],
      [
        2.6244985642520646e-06,
        0.0,
        0.0019972138265453854,
        0.002498149153217888,
        0.0001345464679787245,
        0.0002166213199417122
      ],
      [
        0.00027238763427739343,
        0.0019972138265453854,
        0.0,
        1.5656623386650637e-06,
        0.0013347950366355832,
        7.974692652457094e-06
      ],
      [
        2.3448089927491367e-05,
        0.002498149153217888,
        1.5656623386650637e-06,
        0.0,
        6.809489314019146e-05,
        0.00011774043534984457
      ],
      [
        9.447642668192202e-11,
        0.0001345464679787245,
        0.0013347950366355832,
        6.809489314019146e-05,
        0.0,
        9.807928326210913e-05
      ],
      [
        0.0015742077256024611,
        0.0002166213199417122,
        7.974692652457094e-06,
        0.00011774043534984457,
        9.807928326210913e-05,
        0.0
      ]
    ],
    "coords_2d": [
      [
        198191.98030087276,
        95582.67010327178
      ],
      [
        -41163.9179442216,
        -19472.707577289562
      ],
      [
        31513.99276653385,
        77235.29356948967
      ],
      [
        -29206.237810886465,
        -64872.33887566854
      ],
      [
        -155667.0482115785,
        -72968.19513400675
      ],
      [
        -3668.769100720049,
        -15504.722085796624
      ]
    ],
    "coords_3d": [
      [
        131823.43909763865,
        138611.55387409113,
        108744.81459219365
      ],
      [
        -27039.986898961262,
        -28726.218848147662,
        -22744.169867256063
      ],
      [
        76422.17791644434,
        32316.24084794463,
        -8590.897865222916
      ],
      [
        -64830.77781716097,
        -28839.843351217503,
        5162.773169194363
      ],
      [
        -101655.50572298557,
        -108520.74936414594,
        -86289.81069507173
      ],
      [
        -14719.346574975232,
        -4840.983158524631,
        3717.290666162668
      ]
    ],
    "curvature": -8.881784197001253e-17
  },
  {
    "pattern": "ring",
    "strength": 0.8,
    "mi_matrix": [
      [
        0.0,
        0.0004610975851564447,
        6.204783153096471e-05,
        0.001769239819127355,
        0.003363564508544359,
        0.00015982467330788452
      ],
      [
        0.0004610975851564447,
        0.0,
        4.575197758804883e-05,
        0.0002700401144901665,
        0.0035729237293049554,
        9.1125642809331e-08
      ],
      [
        6.204783153096471e-05,
        4.575197758804883e-05,
        0.0,
        0.00036892111730590926,
        1.186937239361363e-05,
        2.14681584991272e-05
      ],
      [
        0.001769239819127355,
        0.0002700401144901665,
        0.00036892111730590926,
        0.0,
        0.00010249774367854236,
        2.605251128606767e-06
      ],
      [
        0.003363564508544359,
        0.0035729237293049554,
        1.186937239361363e-05,
        0.00010249774367854236,
        0.0,
        0.00040989513838618485
      ],
      [
        0.00015982467330788452,
        9.1125642809331e-08,
        2.14681584991272e-05,
        2.605251128606767e-06,
        0.00040989513838618485,
        0.0
      ]
    ],
    "coords_2d": [
      [
        199.9165215829154,
        2005.8780956664405
      ],
      [
        3080.836923684321,
        -157304.15649789307
      ],
      [
        -1151.0422431602788,
        -18960.92323825573
      ],
      [
        897.1389543270584,
        -47759.47883534836
      ],
      [
        917.7043067268,
        14220.157901903543
      ],
      [
        -3944.554463160816,
        207798.52257392718
      ]
    ],
    "coords_3d": [
      [
        -614.657379652677,
        1509.9028747515645,
        -1185.8276931274313
      ],
      [
        30372.434859345758,
        -118099.70216251306,
        99418.62495668099
      ],
      [
        5108.058362694129,
        -14260.565271852141,
        11462.324721944355
      ],
      [
        9257.799954456663,
        -35857.16590273386,
        30171.630916095488
      ],
      [
        -3882.650081865101,
        10695.869077129866,
        -8577.727364262408
      ],
      [
        -40240.98571497878,
        156011.66138521765,
        -131289.025537331
      ]
    ],
    "curvature": -8.881784197001253e-17
  },
  {
    "pattern": "ring",
    "strength": 1.0,
    "mi_matrix": [
      [
        0.0,
        0.00012162220891509534,
        0.0004489586874210083,
        0.000907875497770938,
        0.00010435697581323566,
        0.005865333611750456
      ],
      [
        0.00012162220891509534,
        0.0,
        1.9730031949327653e-05,
        0.0003070700460683362,
        0.0030886313204352422,
        7.92188478846434e-05
      ],
      [
        0.0004489586874210083,
        1.9730031949327653e-05,
        0.0,
        0.00031586848408848844,
        7.718859125160904e-05,
        6.256438033758194e-05
      ],
      [
        0.000907875497770938,
        0.0003070700460683362,
        0.00031586848408848844,
        0.0,
        0.0001849648559821837,
        0.00016940966519407574
      ],
      [
        0.00010435697581323566,
        0.0030886313204352422,
        7.718859125160904e-05,
        0.0001849648559821837,
        0.0,
        0.0002668215836745258
      ],
      [
        0.005865333611750456,
        7.92188478846434e-05,
        6.256438033758194e-05,
        0.00016940966519407574,
        0.0002668215836745258,
        0.0
      ]
    ],
    "coords_2d": [
      [
        -2223.171031288225,
        1601.1859827959345
      ],
      [
        9135.328423697218,
        -7823.639539946249
      ],
      [
        -9621.062432949897,
        9686.788415111801
      ],
      [
        -75.79747979762253,
        1701.8459665118592
      ],
      [
        3885.584763067185,
        -3304.870964232514
      ],
      [
        -1100.8822427286582,
        -1861.309860240831
      ]
    ],
    "coords_3d": [
      [
        2535.585591395563,
        -966.7709266608742,
        -375.04521747270564
      ],
      [
        -10763.22349824822,
        5133.853019663217,
        1575.761467156058
      ],
      [
        11734.01921954971,
        -6787.362154235207,
        -1632.7825965946097
      ],
      [
        534.7550410964102,
        -1620.5878279199146,
        34.266513032062946
      ],
      [
        -4570.763553642546,
        2175.4321356073615,
        641.041260010378
      ],
      [
        529.627199849088,
        2065.435753545416,
        -243.2414261311838
      ]
    ],
    "curvature": -1.554312234475219e-16
  },
  {
    "pattern": "random",
    "strength": 0.2,
    "mi_matrix": [
      [
        0.0,
        0.0041163954667498,
        0.000236574791703692,
        0.0005277547755546674,
        0.0017187833446423717,
        0.0002735429267253231
      ],
      [
        0.0041163954667498,
        0.0,
        0.00034453640350484704,
        0.0001999183246748082,
        0.0002785499572106609,
        0.001447269756561731
      ],
      [
        0.000236574791703692,
        0.00034453640350484704,
        0.0,
        0.0001481556883331514,
        0.0002773276862582108,
        0.00033739539652266615
      ],
      [
        0.0005277547755546674,
        0.0001999183246748082,
        0.0001481556883331514,
        0.0,
        0.00661426156059286,
        0.0002774546574646486
      ],
      [
        0.0017187833446423717,
        0.0002785499572106609,
        0.0002773276862582108,
        0.00661426156059286,
        0.0,
        6.89030095610832e-05
      ],
      [
        0.0002735429267253231,
        0.001447269756561731,
        0.00033739539652266615,
        0.0002774546574646486,
        6.89030095610832e-05,
        0.0
      ]
    ],
    "coords_2d": [
      [
        153.63379269339433,
        836.9753737061615
      ],
      [
        948.7239711035445,
        -969.3657643746457
      ],
      [
        -1375.6114572317847,
        -2465.1235893416674
      ],
      [
        -341.49113323722224,
        2726.498000677522
      ],
      [
        -1573.563702300749,
        3278.1001310041597
      ],
      [
        2188.308528972817,
        -3407.08415167153
      ]
    ],
    "coords_3d": [
      [
        -506.39266575577545,
        -301.5004193956677,
        616.7356910350709
      ],
      [
        -100.31131347696483,
        1229.1740339100177,
        -561.0475705981169
      ],
      [
        2054.293622735312,
        175.61656370076417,
        -1925.495086238814
      ],
      [
        -1136.5597545905518,
        -1647.150494375062,
        1884.0939389552434
      ],
      [
        -663.682684266853,
        -2875.328505672671,
        2126.2143529980376
      ],
      [
        352.652795354833,
        3419.188821832619,
        -2140.5013261514205
      ]
    ],
    "curvature": -2.220446049250313e-16
  },
  {
    "pattern": "random",
    "strength": 0.4,
    "mi_matrix": [
      [
        0.0,
        0.0015515997162147688,
        3.937975993961729e-06,
        0.0002268656603414687,
        0.00022389452284943268,
        0.0018491266873432721
      ],
      [
        0.0015515997162147688,
        0.0,
        1.2307532526456555e-07,
        3.353996604671394e-05,
        0.0006115142163758414,
        8.203573578224876e-07
      ],
      [
        3.937975993961729e-06,
        1.2307532526456555e-07,
        0.0,
        0.0005164934799783971,
        0.00039174282987475273,
        0.0017725989801149478
      ],
      [
        0.0002268656603414687,
        3.353996604671394e-05,
        0.0005164934799783971,
        0.0,
        1.0668401898783486e-05,
        0.001439167152860188
      ],
      [
        0.00022389452284943268,
        0.0006115142163758414,
        0.00039174282987475273,
        1.0668401898783486e-05,
        0.0,
        2.5624749004915515e-06
      ],
      [
        0.0018491266873432721,
        8.203573578224876e-07,
        0.0017725989801149478,
        0.001439167152860188,
        2.5624749004915515e-06,
        0.0
      ]
    ],
    "coords_2d": [
      [
