{
  "spec": {
    "num_qubits": 4,
    "topology": "triangulated",
    "custom_edges": "0-1:0.7376,0-2:0.5653,0-3:0.7785,1-2:1.0000,1-3:0.5393,2-3:0.5393",
    "alpha": 0.8,
    "weight": 0.6028237055502312,
    "gamma": 0.09040007154304977,
    "sigma": 9.275554161057408e-10,
    "init_angle": 0.5868786141555202,
    "init_angles": null,
    "shots": 100,
    "device": "ibm_brisbane",
    "geometry": "spherical",
    "curvature": 4.5,
    "timesteps": 3,
    "dimension": 2,
    "mass_hinge": null,
    "mass_value": 0.0,
    "solve_regge": false,
    "lorentzian": true,
    "excite": true,
    "fast": false,
    "fast_preset": "balanced",
    "ctc_mode": false,
    "ctc_perturbation": null,
    "ctc_perturbation_strength": 1.0,
    "test_ctc_recovery": false,
    "strong_curvature": true,
    "charge_injection": true,
    "charge_strength": 2.5,
    "charge_location": null,
    "spin_injection": true,
    "spin_strength": 2.0,
    "spin_location": null,
    "edge_floor": 0.001,
    "compute_entropies": true,
    "hyperbolic_triangulation": true,
    "trotter_steps": 8,
    "dt": 0.05,
    "analyze_curvature": true,
    "einstein_solver": true,
    "page_curve": true,
    "radiation_ordering": null,
    "page_curve_timesteps": 15,
    "entropy_method": "hybrid",
    "num_shadows": 100,
    "shots_per_shadow": 1000,
    "num_bases": 20,
    "shots_per_basis": 1000,
    "enhanced_entanglement": false,
    "entanglement_strength": 0.6009036089641723,
    "interpolate_geometry": false,
    "smooth_charge_injection": false,
    "min_qubits_for_continuum": 10,
    "benchmark_against_classical_geometry": false,
    "geometry_fit_metric": "wasserstein,kl,euclidean",
    "verify_noise_robustness": false,
    "run_on_multiple_backends": false,
    "detect_and_flag_causal_loops": true,
    "restrict_information_flow_direction": "bidirectional",
    "filter_noncausal_edges": true,
    "use_ryu_takayanagi_test": true,
    "compare_MI_vs_subsystem_entropy": true,
    "embed_boundary_entropy_in_geometry": true,
    "entropy_engineering": true,
    "target_entropy_pattern": "quantum_gravity",
    "custom_target_entropies": null,
    "entropy_optimization_iterations": 200,
    "entropy_tolerance": 0.05,
    "continue_on_engineering_failure": true,
    "skip_entropy_engineering": false,
    "validate_engineered_geometry": true,
    "enhance_bell_violations": true,
    "bell_entanglement_strength": 4.0,
    "teleportation_circuits": true,
    "long_range_coupling": 3.0,
    "holographic_optimization": true,
    "rt_surface_encoding": true,
    "conformal_symmetry": true,
    "bulk_reconstruction": true,
    "scalable_entanglement": true,
    "parallel_execution": true,
    "memory_optimization": true,
    "circuit_compilation": "optimized",
    "real_hardware": false,
    "error_mitigation": true,
    "zero_noise_extrapolation": true,
    "zne_noise_factors": [
      1.0,
      2.0,
      3.0
    ],
    "zne_extrapolation_method": "polynomial",
    "hardware_calibration": true,
    "noise_characterization": true,
    "backend_name": "ibm_brisbane",
    "quantum_mode": true,
    "quantum_entanglement_strength": 5.0,
    "quantum_circuit_depth": 12,
    "geometric_teleportation": false,
    "teleportation_mode": "both",
    "bridge_strength": 1.0,
    "signal_state": "+",
    "emergent_geometry_teleportation": false,
    "teleportation_node_pairs": "auto",
    "teleportation_embedding_dim": 2,
    "teleportation_fidelity_threshold": 0.7,
    "superposition_gravity": true,
    "massive_bulk_mass_hinge": "0,1,2",
    "massive_bulk_mass_value": 2.0,
    "massless_bulk_mass_hinge": null,
    "massless_bulk_mass_value": 0.0,
    "superposition_control_qubit": 0,
    "superposition_phase": 0.0,
    "interference_analysis": true,
    "classical_mixture_comparison": true,
    "coherence_preservation": true,
    "bulk_reconstruction_method": "mi_embedding"
  },
  "uid": "CGO7NT",
  "counts_per_timestep": [
    {
      "0001": 7,
      "1101": 8,
      "1110": 6,
      "1011": 4,
      "1000": 8,
      "1001": 4,
      "0000": 8,
      "0010": 8,
      "0110": 4,
      "0101": 4,
      "0011": 8,
      "0100": 10,
      "1010": 7,
      "1111": 3,
      "1100": 2,
      "0111": 9
    },
    {
      "0000": 5,
      "1111": 9,
      "0010": 7,
      "0100": 8,
      "1000": 7,
      "0110": 9,
      "0111": 7,
      "0001": 5,
      "1011": 7,
      "1110": 7,
      "1101": 10,
      "1010": 4,
      "0101": 3,
      "1100": 5,
      "0011": 5,
      "1001": 2
    },
    {
      "0101": 8,
      "1110": 9,
      "0100": 8,
      "0000": 8,
      "0001": 4,
      "0110": 6,
      "1001": 11,
      "1011": 4,
      "0111": 5,
      "0010": 6,
      "1101": 8,
      "1100": 8,
      "1010": 5,
      "1111": 4,
      "1000": 3,
      "0011": 3
    }
  ],
  "job_ids_per_timestep": [
    "d27ulf929u8s73f8m3b0",
    "d27ulgg56fsc73e6d5dg",
    "d27uli3octts738jn950"
  ],
  "entropy_per_timestep": [
    3.890693816003211,
    3.906568163307103,
    3.9005394019762694
  ],
  "mutual_information_per_timestep": [
    {
      "I_0,1": 0.0007558882514448039,
      "I_0,2": 0.004581633548483503,
      "I_0,3": 0.0004514662588332406,
      "I_1,2": 0.0002349063594603868,
      "I_1,3": 0.00027635727032290953,
      "I_2,3": 8.463557935394547e-05
    },
    {
      "I_0,1": 0.0007558882514448039,
      "I_0,2": 0.004581633548483503,
      "I_0,3": 0.0004514662588332406,
      "I_1,2": 0.0002349063594603868,
      "I_1,3": 0.00027635727032290953,
      "I_2,3": 8.463557935394547e-05
    },
    {
      "I_0,1": 0.0007558882514448039,
      "I_0,2": 0.004581633548483503,
      "I_0,3": 0.0004514662588332406,
      "I_1,2": 0.0002349063594603868,
      "I_1,3": 0.00027635727032290953,
      "I_2,3": 8.463557935394547e-05
    }
  ],
  "boundary_entropies_per_timestep": [
    {
      "entropy_A": -0.0,
      "entropy_B": -0.0,
      "mi_AB": 0.0,
      "pure_state_check": true,
      "entropy_difference": 0.0,
      "multiple_regions": {
        "size_1_region_0": {
          "region": [
            0
          ],
          "entropy": 0.6802920001921535,
          "rt_area": 3,
          "size": 1
        },
        "size_1_region_1": {
          "region": [
            1
          ],
          "entropy": 0.6899437584583995,
          "rt_area": 3,
          "size": 1
        },
        "size_2_region_0": {
          "region": [
            0,
            1
          ],
          "entropy": 0.6191006644255871,
          "rt_area": 4,
          "size": 2
        },
        "size_2_region_1": {
          "region": [
            0,
            2
          ],
          "entropy": 0.60215168259268,
          "rt_area": 4,
          "size": 2
        },
        "size_3_region_0": {
          "region": [
            0,
            1,
            2
          ],
          "entropy": 0.42270908780599087,
          "rt_area": 3,
          "size": 3
        },
        "size_3_region_1": {
          "region": [
            0,
            1,
            3
          ],
          "entropy": 0.439669879401343,
          "rt_area": 3,
          "size": 3
        }
      }
    },
    {
      "entropy_A": -0.0,
      "entropy_B": -0.0,
      "mi_AB": 0.0,
      "pure_state_check": true,
      "entropy_difference": 0.0,
      "multiple_regions": {
        "size_1_region_0": {
          "region": [
            0
          ],
          "entropy": 0.6929471672244782,
          "rt_area": 3,
          "size": 1
        },
        "size_1_region_1": {
          "region": [
            1
          ],
          "entropy": 0.6802920001921535,
          "rt_area": 3,
          "size": 1
        },
        "size_2_region_0": {
          "region": [
            0,
            1
          ],
          "entropy": 0.5269079614313803,
          "rt_area": 4,
          "size": 2
        },
        "size_2_region_1": {
          "region": [
            0,
            2
          ],
          "entropy": 0.5139566706172256,
          "rt_area": 4,
          "size": 2
        },
        "size_3_region_0": {
          "region": [
            0,
            1,
            2
          ],
          "entropy": 0.3250829733914482,
          "rt_area": 3,
          "size": 3
        },
        "size_3_region_1": {
          "region": [
            0,
            1,
            3
          ],
          "entropy": 0.3669249912727096,
          "rt_area": 3,
          "size": 3
        }
      }
    },
    {
      "entropy_A": -0.0,
      "entropy_B": -0.0,
      "mi_AB": 0.0,
      "pure_state_check": true,
      "entropy_difference": 0.0,
      "multiple_regions": {
        "size_1_region_0": {
          "region": [
            0
          ],
          "entropy": 0.6923469670899615,
          "rt_area": 3,
          "size": 1
        },
        "size_1_region_1": {
          "region": [
            1
          ],
          "entropy": 0.6859298002523728,
          "rt_area": 3,
          "size": 1
        },
        "size_2_region_0": {
          "region": [
            0,
            1
          ],
          "entropy": 0.5139566706172256,
          "rt_area": 4,
          "size": 2
        },
        "size_2_region_1": {
          "region": [
            0,
            2
          ],
          "entropy": 0.5929533174474745,
          "rt_area": 4,
          "size": 2
        },
        "size_3_region_0": {
          "region": [
            0,
            1,
            2
          ],
          "entropy": 0.3669249912727096,
          "rt_area": 3,
          "size": 3
        },
        "size_3_region_1": {
          "region": [
            0,
            1,
            3
          ],
          "entropy": 0.40496348506393853,
          "rt_area": 3,
          "size": 3
        }
      }
    }
  ],
  "distance_matrix_per_timestep": [
    [
      [
        0.0,
        7.187617008259737,
        5.385699674473094,
        7.703009919166109
      ],
      [
        7.187617008259737,
        0.0,
        8.356323593611867,
        14.890626927425846
      ],
      [
        5.385699674473094,
        8.356323593611867,
        0.0,
        9.377155820023248
      ],
      [
        7.703009919166109,
        14.890626927425846,
        9.377155820023248,
        0.0
      ]
    ],
    [
      [
        0.0,
        7.187617008259737,
        5.385699674473094,
        7.703009919166109
      ],
      [
        7.187617008259737,
        0.0,
        8.356323593611867,
        14.890626927425846
      ],
      [
        5.385699674473094,
        8.356323593611867,
        0.0,
        9.377155820023248
      ],
      [
        7.703009919166109,
        14.890626927425846,
        9.377155820023248,
        0.0
      ]
    ],
    [
      [
        0.0,
        7.187617008259737,
        5.385699674473094,
        7.703009919166109
      ],
      [
        7.187617008259737,
        0.0,
        8.356323593611867,
        14.890626927425846
      ],
      [
        5.385699674473094,
        8.356323593611867,
        0.0,
        9.377155820023248
      ],
      [
        7.703009919166109,
        14.890626927425846,
        9.377155820023248,
        0.0
      ]
    ]
  ],
  "edge_mi": {
    "0,1": 0.0007558882514448039,
    "0,3": 0.0004514662588332406,
    "0,2": 0.004581633548483503,
    "1,2": 0.0002349063594603868,
    "2,3": 8.463557935394547e-05
  },
  "distance_matrix": [
    [
      0.0,
      7.187617008259737,
      5.385699674473094,
      7.703009919166109
    ],
    [
      7.187617008259737,
      0.0,
      8.356323593611867,
      8.193816071643475
    ],
    [
      5.385699674473094,
      8.356323593611867,
      0.0,
      9.377155820023248
    ],
    [
      7.703009919166109,
      8.193816071643475,
      9.377155820023248,
      0.0
    ]
  ],
  "shortest_paths": {
    "0": {
      "0": 0,
      "2": 5.385699674473094,
      "1": 7.187617008259737,
      "3": 7.703009919166109
    },
    "1": {
      "1": 0,
      "0": 7.187617008259737,
      "3": 8.193816071643475,
      "2": 8.356323593611867
    },
    "2": {
      "2": 0,
      "0": 5.385699674473094,
      "1": 8.356323593611867,
      "3": 9.377155820023248
    },
    "3": {
      "3": 0,
      "0": 7.703009919166109,
      "1": 8.193816071643475,
      "2": 9.377155820023248
    }
  },
  "gromov_delta": 5.847233032358131,
  "mean_distance": 5.775452760897192,
  "angle_sums": [
    9.42477796076938,
    3.141592653589793,
    3.141592653589793,
    4.484876106959831
  ],
  "mean_angle_sum": 5.048209843727199,
  "min_angle_sum": 3.141592653589793,
  "max_angle_sum": 9.42477796076938,
  "angle_sum_deviations": [
    6.283185307179586,
    0.0,
    0.0,
    1.343283453370038
  ],
  "triangle_inequality_violations": [],
  "embedding_coords": [
    [
      -0.022803499092795127,
      0.12205070961971458
    ],
    [
      -0.05346783065087642,
      0.25564941592959567
    ],
    [
      -0.007504737694603761,
      -0.1701815578998165
    ],
    [
      0.08377606743827531,
      -0.20751856764949375
    ]
  ],
  "embedding_coords_3d": [
    [
      0.1113658231212319,
      -0.015336970491689255,
      -0.05364682357159972
    ],
    [
      0.13516346719954733,
      -0.0022916306899465424,
      0.10102867870460885
    ],
    [
      -0.14871389792580395,
      0.008655896895159566,
      -0.048813369654632434
    ],
    [
      -0.0978153923949753,
      0.008972704286476235,
      0.0014315145216232713
    ]
  ],
  "edge_weight_variance": 0.027850402222222223,
  "event_nodes": [
    [
      0,
      0
    ],
    [
      1,
      0
    ],
    [
      2,
      0
    ],
    [
      3,
      0
    ],
    [
      0,
      1
    ],
    [
      1,
      1
    ],
    [
      2,
      1
    ],
    [
      3,
      1
    ],
    [
      0,
      2
    ],
    [
      1,
      2
    ],
    [
      2,
      2
    ],
    [
      3,
      2
    ]
  ],
  "event_edges": [
    {
      "type": "spatial",
      "from": [
        0,
        0
      ],
      "to": [
        1,
        0
      ],
      "weight": 7.187617008259737
    },
    {
      "type": "spatial",
      "from": [
        0,
        0
      ],
      "to": [
        2,
        0
      ],
      "weight": 5.385699674473094
    },
    {
      "type": "spatial",
      "from": [
        0,
        0
      ],
      "to": [
        3,
        0
      ],
      "weight": 7.703009919166109
    },
    {
      "type": "spatial",
      "from": [
        1,
        0
      ],
      "to": [
        2,
        0
      ],
      "weight": 8.356323593611867
    },
    {
      "type": "spatial",
      "from": [
        1,
        0
      ],
      "to": [
        3,
        0
      ],
      "weight": 14.890626927425846
    },
    {
      "type": "spatial",
      "from": [
        2,
        0
      ],
      "to": [
        3,
        0
      ],
      "weight": 9.377155820023248
    },
    {
      "type": "temporal",
      "from": [
        0,
        0
      ],
      "to": [
        0,
        1
      ],
      "weight": 1.0
    },
    {
      "type": "temporal",
      "from": [
        1,
        0
      ],
      "to": [
        1,
        1
      ],
      "weight": 1.0
    },
    {
      "type": "temporal",
      "from": [
        2,
        0
      ],
      "to": [
        2,
        1
      ],
      "weight": 1.0
    },
    {
      "type": "temporal",
      "from": [
        3,
        0
      ],
      "to": [
        3,
        1
      ],
      "weight": 1.0
    },
    {
      "type": "spatial",
      "from": [
        0,
        1
      ],
      "to": [
        1,
        1
      ],
      "weight": 7.187617008259737
    },
    {
      "type": "spatial",
      "from": [
        0,
        1
      ],
      "to": [
        2,
        1
      ],
      "weight": 5.385699674473094
    },
    {
      "type": "spatial",
      "from": [
        0,
        1
      ],
      "to": [
        3,
        1
      ],
      "weight": 7.703009919166109
    },
    {
      "type": "spatial",
      "from": [
        1,
        1
      ],
      "to": [
        2,
        1
      ],
      "weight": 8.356323593611867
    },
    {
      "type": "spatial",
      "from": [
        1,
        1
      ],
      "to": [
        3,
        1
      ],
      "weight": 14.890626927425846
    },
    {
      "type": "spatial",
      "from": [
        2,
        1
      ],
      "to": [
        3,
        1
      ],
      "weight": 9.377155820023248
    },
    {
      "type": "temporal",
      "from": [
        0,
        1
      ],
      "to": [
        0,
        2
      ],
      "weight": 1.0
    },
    {
      "type": "temporal",
      "from": [
        1,
        1
      ],
      "to": [
        1,
        2
      ],
      "weight": 1.0
    },
    {
      "type": "temporal",
      "from": [
        2,
        1
      ],
      "to": [
        2,
        2
      ],
      "weight": 1.0
    },
    {
      "type": "temporal",
      "from": [
        3,
        1
      ],
      "to": [
        3,
        2
      ],
      "weight": 1.0
    },
    {
      "type": "spatial",
      "from": [
        0,
        2
      ],
      "to": [
        1,
        2
      ],
      "weight": 7.187617008259737
    },
    {
      "type": "spatial",
      "from": [
        0,
        2
      ],
      "to": [
        2,
        2
      ],
      "weight": 5.385699674473094
    },
    {
      "type": "spatial",
      "from": [
        0,
        2
      ],
      "to": [
        3,
        2
      ],
      "weight": 7.703009919166109
    },
    {
      "type": "spatial",
      "from": [
        1,
        2
      ],
      "to": [
        2,
        2
      ],
      "weight": 8.356323593611867
    },
    {
      "type": "spatial",
      "from": [
        1,
        2
      ],
      "to": [
        3,
        2
      ],
      "weight": 14.890626927425846
    },
    {
      "type": "spatial",
      "from": [
        2,
        2
      ],
      "to": [
        3,
        2
      ],
      "weight": 9.377155820023248
    }
  ],
  "lorentzian_dissimilarity": [
    [
      0.0,
      51.661838257424655,
      29.00576098361959,
      59.33636181477147,
      -1.0,
      50.661838257424655,
      28.00576098361959,
      58.33636181477147,
      -4.0,
      47.661838257424655,
      25.00576098361959,
      55.33636181477147
    ],
    [
      51.661838257424655,
      0.0,
      69.82814400115434,
      221.7307702917797,
      50.661838257424655,
      -1.0,
      68.82814400115434,
      220.7307702917797,
      47.661838257424655,
      -4.0,
      65.82814400115434,
      217.7307702917797
    ],
    [
      29.00576098361959,
      69.82814400115434,
      0.0,
      87.93105127299587,
      28.00576098361959,
      68.82814400115434,
      -1.0,
      86.93105127299587,
      25.00576098361959,
      65.82814400115434,
      -4.0,
      83.93105127299587
    ],
    [
      59.33636181477147,
      221.7307702917797,
      87.93105127299587,
      0.0,
      58.33636181477147,
      220.7307702917797,
      86.93105127299587,
      -1.0,
      55.33636181477147,
      217.7307702917797,
      83.93105127299587,
      -4.0
    ],
    [
      -1.0,
      50.661838257424655,
      28.00576098361959,
      58.33636181477147,
      0.0,
      51.661838257424655,
      29.00576098361959,
      59.33636181477147,
      -1.0,
      50.661838257424655,
      28.00576098361959,
      58.33636181477147
    ],
    [
      50.661838257424655,
      -1.0,
      68.82814400115434,
      220.7307702917797,
      51.661838257424655,
      0.0,
      69.82814400115434,
      221.7307702917797,
      50.661838257424655,
      -1.0,
      68.82814400115434,
      220.7307702917797
    ],
    [
      28.00576098361959,
      68.82814400115434,
      -1.0,
      86.93105127299587,
      29.00576098361959,
      69.82814400115434,
      0.0,
      87.93105127299587,
      28.00576098361959,
      68.82814400115434,
      -1.0,
      86.93105127299587
    ],
    [
      58.33636181477147,
      220.7307702917797,
      86.93105127299587,
      -1.0,
      59.33636181477147,
      221.7307702917797,
      87.93105127299587,
      0.0,
      58.33636181477147,
      220.7307702917797,
      86.93105127299587,
      -1.0
    ],
    [
      -4.0,
      47.661838257424655,
      25.00576098361959,
      55.33636181477147,
      -1.0,
      50.661838257424655,
      28.00576098361959,
      58.33636181477147,
      0.0,
      51.661838257424655,
      29.00576098361959,
      59.33636181477147
    ],
    [
      47.661838257424655,
      -4.0,
      65.82814400115434,
      217.7307702917797,
      50.661838257424655,
      -1.0,
      68.82814400115434,
      220.7307702917797,
      51.661838257424655,
      0.0,
      69.82814400115434,
      221.7307702917797
    ],
    [
      25.00576098361959,
      65.82814400115434,
      -4.0,
      83.93105127299587,
      28.00576098361959,
      68.82814400115434,
      -1.0,
      86.93105127299587,
      29.00576098361959,
      69.82814400115434,
      0.0,
      87.93105127299587
    ],
    [
      55.33636181477147,
      217.7307702917797,
      83.93105127299587,
      -4.0,
      58.33636181477147,
      220.7307702917797,
      86.93105127299587,
      -1.0,
      59.33636181477147,
      221.7307702917797,
      87.93105127299587,
      0.0
    ]
  ],
  "lorentzian_embedding": [
    [
      1.5648801914510144,
      -0.6082690418067287,
      -1.6302616596886803
    ],
    [
      0.007074460445965962,
      -5.407266101360191,
      3.970105922807797
    ],
    [
      3.238302278102266,
      3.4034888497370437,
      2.3354504305435846
    ],
    [
      3.563388117571334,
      5.444916686200218,
      -6.823979115483927
    ],
    [
      0.4468806678842391,
      -1.024871006622325,
      -1.680771621437516
    ],
    [
      -1.0835614647196279,
      -5.81816205322243,
      3.915534867030775
    ],
    [
      2.1641783501850504,
      2.998756945194226,
      2.2826475262580996
    ],
    [
      2.4748827666516537,
      5.033814965956874,
      -6.8777159688924225
    ],
    [
      -0.6768299883379846,
      -1.4547443703815353,
      -1.7422715589522562
    ],
    [
      -2.174909879145138,
      -6.231192246303511,
      3.8610767010935465
    ],
    [
      1.0891775616531623,
      2.5919771385990407,
      2.228070452467334
    ],
    [
      1.386454992086099,
      4.622914471968667,
      -6.932746071193726
    ]
  ],
  "edge_length_evolution": [],
  "angle_deficit_evolution": [],
  "regge_action_evolution": [],
  "gromov_delta_evolution": [],
  "mass_hinge": null,
  "mass_value": 0.0,
  "matter": [
    {
      "(0, 1)": 0.0,
      "(1, 2)": 0.0,
      "(0, 3)": 0.0,
      "(2, 3)": 0.0,
      "(0, 2)": 0.0,
      "(1, 3)": 0.0
    },
    {
      "(0, 1)": 0.0,
      "(1, 2)": 0.0,
      "(0, 3)": 0.0,
      "(2, 3)": 0.0,
      "(0, 2)": 0.0,
      "(1, 3)": 0.0
    },
    {
      "(0, 1)": 0.0,
      "(1, 2)": 0.0,
      "(0, 3)": 0.0,
      "(2, 3)": 0.0,
      "(0, 2)": 0.0,
      "(1, 3)": 0.0
    }
  ],
  "stationary_solution": null,
  "einstein_analysis_per_timestep": [
    {
      "ricci_tensor": [
        [
          0.0003990554542436744,
          0.0
        ],
        [
          0.0,
          0.0003990554542436744
        ]
      ],
      "metric_tensor": [
        [
          1.0000798110908486,
          3.9905545424367446e-05
        ],
        [
          3.9905545424367446e-05,
          1.0000798110908486
        ]
      ],
      "stress_energy_tensor": [
        [
          0.0003990554542436744,
          7.981109084873488e-06
        ],
        [
          7.981109084873488e-06,
          0.0003990554542436744
        ]
      ],
      "einstein_solution": {
        "einstein_tensor": [
          [
            0.0,
            0.0
          ],
          [
            0.0,
            0.0
          ]
        ],
        "ricci_scalar": 0.0007981109084873488,
        "metric_tensor": [
          [
            1.0,
            0.0
          ],
          [
            0.0,
            1.0
          ]
        ],
        "lhs": [
          [
            0.0,
            0.0
          ],
          [
            0.0,
            0.0
          ]
        ],
        "rhs": [
          [
            0.0003990554542436744,
            7.981109084873488e-06
          ],
          [
            7.981109084873488e-06,
            0.0003990554542436744
          ]
        ],
        "equations_satisfied": false,
        "residual": 0.0005644624941727306,
        "conservation_violation": 0.0003990554542436744,
        "gravitational_constant": 0.039788735772973836,
        "cosmological_constant": 0.0
      },
      "entropy_first_derivative": 0.0,
      "entropy_second_derivative": 0.0,
      "entropy_curvature_correlation": 0.0005643446355746588,
      "emergent_gravitational_constant": 6.351164811066245e-05,
      "average_mutual_information": 0.0007981109084873488,
      "ricci_scalar": 0.0007981109084873488,
      "analysis_summary": {
        "einstein_equations_satisfied": false,
        "residual_magnitude": 0.0005644624941727306,
        "conservation_violation": 0.0003990554542436744,
        "entropy_evolution_rate": 0.0,
        "entropy_acceleration": 0.0,
        "entanglement_curvature_coupling": 0.0005643446355746588
      }
    },
    {
      "ricci_tensor": [
        [
          0.0003990554542436744,
          0.0
        ],
        [
          0.0,
          0.0003990554542436744
        ]
      ],
      "metric_tensor": [
        [
          1.0000798110908486,
          3.9905545424367446e-05
        ],
        [
          3.9905545424367446e-05,
          1.0000798110908486
        ]
      ],
      "stress_energy_tensor": [
        [
          0.0003990554542436744,
          7.981109084873488e-06
        ],
        [
          7.981109084873488e-06,
          0.0003990554542436744
        ]
      ],
      "einstein_solution": {
        "einstein_tensor": [
          [
            0.0,
            0.0
          ],
          [
            0.0,
            0.0
          ]
        ],
        "ricci_scalar": 0.0007981109084873488,
        "metric_tensor": [
          [
            1.0,
            0.0
          ],
          [
            0.0,
            1.0
          ]
        ],
        "lhs": [
          [
            0.0,
            0.0
          ],
          [
            0.0,
            0.0
          ]
        ],
        "rhs": [
          [
            0.0003990554542436744,
            7.981109084873488e-06
          ],
          [
            7.981109084873488e-06,
            0.0003990554542436744
          ]
        ],
        "equations_satisfied": false,
        "residual": 0.0005644624941727306,
        "conservation_violation": 0.0003990554542436744,
        "gravitational_constant": 0.039788735772973836,
        "cosmological_constant": 0.0
      },
      "entropy_first_derivative": 0.0,
      "entropy_second_derivative": 0.0,
      "entropy_curvature_correlation": 0.0005643446355746588,
      "emergent_gravitational_constant": 6.351164811066245e-05,
      "average_mutual_information": 0.0007981109084873488,
      "ricci_scalar": 0.0007981109084873488,
      "analysis_summary": {
        "einstein_equations_satisfied": false,
        "residual_magnitude": 0.0005644624941727306,
        "conservation_violation": 0.0003990554542436744,
        "entropy_evolution_rate": 0.0,
        "entropy_acceleration": 0.0,
        "entanglement_curvature_coupling": 0.0005643446355746588
      }
    },
    {
      "ricci_tensor": [
        [
          0.0003990554542436744,
          0.0
        ],
        [
          0.0,
          0.0003990554542436744
        ]
      ],
      "metric_tensor": [
        [
          1.0000798110908486,
          3.9905545424367446e-05
        ],
        [
          3.9905545424367446e-05,
          1.0000798110908486
        ]
      ],
      "stress_energy_tensor": [
        [
          0.0003990554542436744,
          7.981109084873488e-06
        ],
        [
          7.981109084873488e-06,
          0.0003990554542436744
        ]
      ],
      "einstein_solution": {
        "einstein_tensor": [
          [
            0.0,
            0.0
          ],
          [
            0.0,
            0.0
          ]
        ],
        "ricci_scalar": 0.0007981109084873488,
        "metric_tensor": [
          [
            1.0,
            0.0
          ],
          [
            0.0,
            1.0
          ]
        ],
        "lhs": [
          [
            0.0,
            0.0
          ],
          [
            0.0,
            0.0
          ]
        ],
        "rhs": [
          [
            0.0003990554542436744,
            7.981109084873488e-06
          ],
          [
            7.981109084873488e-06,
            0.0003990554542436744
          ]
        ],
        "equations_satisfied": false,
        "residual": 0.0005644624941727306,
        "conservation_violation": 0.0003990554542436744,
        "gravitational_constant": 0.039788735772973836,
        "cosmological_constant": 0.0
      },
      "entropy_first_derivative": 0.004922792986529201,
      "entropy_second_derivative": -0.021903108634725665,
      "entropy_curvature_correlation": 0.0005643446355746588,
      "emergent_gravitational_constant": 6.351164811066245e-05,
      "average_mutual_information": 0.0007981109084873488,
      "ricci_scalar": 0.0007981109084873488,
      "analysis_summary": {
        "einstein_equations_satisfied": false,
        "residual_magnitude": 0.0005644624941727306,
        "conservation_violation": 0.0003990554542436744,
        "entropy_evolution_rate": 0.004922792986529201,
        "entropy_acceleration": 0.021903108634725665,
        "entanglement_curvature_coupling": 0.0005643446355746588
      }
    }
  ],
  "bootstrap_analysis": {
    "gromov_delta": {
      "mean": 7.955729576918613,
      "lower_ci": 7.955729576918613,
      "upper_ci": 7.955729576918613,
      "all_values": [
        7.955729576918613,
        7.955729576918613,
        7.955729576918613
      ],
      "uncertainty": 0.0
    },
    "entropy": {
      "mean": 3.8992671270955275,
      "lower_ci": 3.890693816003211,
      "upper_ci": 3.906568163307103,
      "uncertainty": 0.007301036211575518
    },
    "distance_matrix": {
      "mean": [
        [
          0.0,
          7.187617008259738,
          5.385699674473094,
          7.703009919166109
        ],
        [
          7.187617008259738,
          0.0,
          8.356323593611867,
          14.890626927425847
        ],
        [
          5.385699674473094,
          8.356323593611867,
          0.0,
          9.377155820023248
        ],
        [
          7.703009919166109,
          14.890626927425847,
          9.377155820023248,
          0.0
        ]
      ],
      "lower_ci": [
        [
          0.0,
          7.187617008259738,
          5.385699674473094,
          7.703009919166109
        ],
        [
          7.187617008259738,
          0.0,
          8.356323593611867,
          14.890626927425847
        ],
        [
          5.385699674473094,
          8.356323593611867,
          0.0,
          9.377155820023248
        ],
        [
          7.703009919166109,
          14.890626927425847,
          9.377155820023248,
          0.0
        ]
      ],
      "upper_ci": [
        [
          0.0,
          7.187617008259738,
          5.385699674473094,
          7.703009919166109
        ],
        [
          7.187617008259738,
          0.0,
          8.356323593611867,
          14.890626927425847
        ],
        [
          5.385699674473094,
          8.356323593611867,
          0.0,
          9.377155820023248
        ],
        [
          7.703009919166109,
          14.890626927425847,
          9.377155820023248,
          0.0
        ]
      ]
    }
  },
  "topology_compatibility": {
    "current_topology": "triangulated",
    "explanation": "Triangulated topology is specifically designed for angle-sum curvature. Creates multiple triangles per vertex, enabling robust local curvature measurements. Each vertex has multiple incident triangles for well-defined angle sums.",
    "supports_local_curvature": true
  },
  "rt_surface_analysis": {
    "region_A": [
      0
    ],
    "region_B": [
      1,
      2,
      3
    ],
    "bulk_point": 2,
    "is_complementary": true,
    "rt_area_AB": 20.27632660189894,
    "rt_area_BA": 20.27632660189894,
    "area_consistent": true,
    "edges_consistent": true,
    "area_difference": 0.0,
    "rt_edges_AB": [
      [
        0,
        1
      ],
      [
        0,
        2
      ],
      [
        0,
        3
      ]
    ],
    "rt_edges_BA": [
      [
        0,
        1
      ],
      [
        0,
        2
      ],
      [
        0,
        3
      ]
    ],
    "edge_lengths": [
      7.187617008259737,
      5.385699674473094,
      7.703009919166109,
      8.356323593611867,
      14.890626927425846,
      9.377155820023248
    ],
    "all_edges": [
      [
        0,
        1
      ],
      [
        0,
        2
      ],
      [
        0,
        3
      ],
      [
        1,
        2
      ],
      [
        1,
        3
      ],
      [
        2,
        3
      ]
    ]
  },
  "bulk_excitation_analysis": {
    "ground_state_mi": [
      [
        0.0,
        0.5200407219208498,
        0.7316500287151575,
        0.5200407219208507
      ],
      [
        0.5200407219208498,
        0.0,
        0.5200407219208494,
        0.6353518157397509
      ],
      [
        0.7316500287151575,
        0.5200407219208494,
        0.0,
        0.52004072192085
      ],
      [
        0.5200407219208507,
        0.6353518157397509,
        0.52004072192085,
        0.0
      ]
    ],
    "excited_state_mi": [
      [
        0.0,
        0.7291598414719584,
        0.6937137408075871,
        0.7291598414719582
      ],
      [
        0.7291598414719584,
        0.0,
        0.5557537237956907,
        0.7792028503154909
      ],
      [
        0.6937137408075871,
        0.5557537237956907,
        0.0,
        0.5557537237956911
      ],
      [
        0.7291598414719582,
        0.7792028503154909,
        0.5557537237956911,
        0.0
      ]
    ],
    "mi_difference": [
      [
        0.0,
        0.20911911955110862,
        -0.03793628790757042,
        0.2091191195511075
      ],
      [
        0.20911911955110862,
        0.0,
        0.03571300187484128,
        0.14385103457574
      ],
      [
        -0.03793628790757042,
        0.03571300187484128,
        0.0,
        0.035713001874841055
      ],
      [
        0.2091191195511075,
        0.14385103457574,
        0.035713001874841055,
        0.0
      ]
    ],
    "avg_mi_change": 0.08393144566690111,
    "max_mi_change": 0.20911911955110862,
    "mi_change_boundary_A": NaN,
    "mi_change_boundary_B": 0.07175901277514078,
    "bulk_point": 2,
    "ground_state_counts": {
      "counts": {
        "0110": 8,
        "0010": 7,
        "1010": 5,
        "0001": 1,
        "1110": 10,
        "1011": 9,
        "1001": 7,
        "1111": 7,
        "0011": 10,
        "0000": 5,
        "1000": 7,
        "0100": 5,
        "1101": 6,
        "1100": 6,
        "0101": 4,
        "0111": 3
      },
      "job_id": "d27uloo56fsc73e6d5r0",
      "mutual_information": {
        "I_0,1": 0.0019332849731194118,
        "I_0,2": 0.010667573867507087,
        "I_0,3": 0.005784850438357084,
        "I_1,2": 0.0009882328929818572,
        "I_1,3": 0.008467466616041225,
        "I_2,3": 0.0013490247907154522
      }
    },
    "excited_state_counts": {
      "counts": {
        "0010": 4,
        "0000": 7,
        "0001": 5,
        "1101": 13,
        "1000": 9,
        "1001": 4,
        "1111": 14,
        "1110": 4,
        "0100": 9,
        "0101": 7,
        "0111": 4,
        "1010": 2,
        "0110": 2,
        "0011": 4,
        "1011": 4,
        "1100": 8
      },
      "job_id": "d27ulrg56fsc73e6d5u0",
      "mutual_information": {
        "I_0,1": 0.03273466121789116,
        "I_0,2": 0.024293156832609387,
        "I_0,3": 0.011501040148266105,
        "I_1,2": 0.0008678629441965218,
        "I_1,3": 0.004857160947614798,
        "I_2,3": 0.01627092175225188
      }
    },
    "boundary_entropies": {
      "ground_state": {
        "entropy_A": 0.8914876692343338,
        "entropy_B": 0.8914876692343308,
        "mi_AB": 1.7829753384686324
      },
      "excited_state": {
        "entropy_A": 0.8956782716378565,
        "entropy_B": 0.8956782716378535,
        "mi_AB": 1.791356543275679
      },
      "rt_relation_test": {
        "entropy_ratio": 0.9999999999999967,
        "rt_area_ratio": 1.0,
        "rt_deviation": 3.3306690738754696e-15,
        "excited_entropy_ratio": 0.9999999999999967,
        "rt_relation_change": 0.0
      }
    }
  },
  "page_curve_analysis": null,
  "deutsch_ctc_analysis": null,
  "ctc_recovery_analysis": null,
  "einstein_analysis": null,
  "dynamic_evidence": {
    "angle_sums_per_timestep": [
      [
        9.42477796076938,
        0.0,
        3.141592653589793,
        7.086223246076205
      ],
      [
        9.42477796076938,
        0.0,
        3.141592653589793,
        7.086223246076205
      ],
      [
        9.42477796076938,
        0.0,
        3.141592653589793,
        7.086223246076205
      ]
    ],
    "gromov_delta_per_timestep": [
      7.955729576918613,
      7.955729576918613,
      7.955729576918613
    ],
    "edge_mi_per_timestep": [
      {
        "0,1": 0.0007558882514448039,
        "0,3": 0.0004514662588332406,
        "0,2": 0.004581633548483503,
        "1,2": 0.0002349063594603868,
        "2,3": 8.463557935394547e-05
      },
      {
        "0,1": 0.0007558882514448039,
        "0,3": 0.0004514662588332406,
        "0,2": 0.004581633548483503,
        "1,2": 0.0002349063594603868,
        "2,3": 8.463557935394547e-05
      },
      {
        "0,1": 0.0007558882514448039,
        "0,3": 0.0004514662588332406,
        "0,2": 0.004581633548483503,
        "1,2": 0.0002349063594603868,
        "2,3": 8.463557935394547e-05
      }
    ],
    "shortest_paths_per_timestep": [
      {
        "0": {
          "0": 0,
          "2": 5.385699674473094,
          "1": 7.187617008259737,
          "3": 7.703009919166109
        },
        "1": {
          "1": 0,
          "0": 7.187617008259737,
          "2": 8.356323593611867,
          "3": 14.890626927425846
        },
        "2": {
          "2": 0,
          "0": 5.385699674473094,
          "1": 8.356323593611867,
          "3": 9.377155820023248
        },
        "3": {
          "3": 0,
          "0": 7.703009919166109,
          "2": 9.377155820023248,
          "1": 14.890626927425846
        }
      },
      {
        "0": {
          "0": 0,
          "2": 5.385699674473094,
          "1": 7.187617008259737,
          "3": 7.703009919166109
        },
        "1": {
          "1": 0,
          "0": 7.187617008259737,
          "2": 8.356323593611867,
          "3": 14.890626927425846
        },
        "2": {
          "2": 0,
          "0": 5.385699674473094,
          "1": 8.356323593611867,
          "3": 9.377155820023248
        },
        "3": {
          "3": 0,
          "0": 7.703009919166109,
          "2": 9.377155820023248,
          "1": 14.890626927425846
        }
      },
      {
        "0": {
          "0": 0,
          "2": 5.385699674473094,
          "1": 7.187617008259737,
          "3": 7.703009919166109
        },
        "1": {
          "1": 0,
          "0": 7.187617008259737,
          "2": 8.356323593611867,
          "3": 14.890626927425846
        },
        "2": {
          "2": 0,
          "0": 5.385699674473094,
          "1": 8.356323593611867,
          "3": 9.377155820023248
        },
        "3": {
          "3": 0,
          "0": 7.703009919166109,
          "2": 9.377155820023248,
