{
  "variant": [
    "original",
    "original",
    "original",
    "original",
    "original",
    "original",
    "original",
    "original",
    "original",
    "original",
    "original",
    "original",
    "nonlocal",
    "nonlocal",
    "nonlocal",
    "nonlocal",
    "nonlocal",
    "nonlocal",
    "nonlocal",
    "nonlocal",
    "nonlocal",
    "nonlocal",
    "nonlocal",
    "nonlocal",
    "ring",
    "ring",
    "ring",
    "ring",
    "ring",
    "ring",
    "ring",
    "ring",
    "ring",
    "ring",
    "ring",
    "ring",
    "star",
    "star",
    "star",
    "star",
    "star",
    "star",
    "star",
    "star",
    "star",
    "star",
    "star",
    "star",
    "alternating",
    "alternating",
    "alternating",
    "alternating",
    "alternating",
    "alternating",
    "alternating",
    "alternating",
    "alternating",
    "alternating",
    "alternating",
    "alternating"
  ],
  "phi": [
    0.0,
    0.5711986642890533,
    1.1423973285781066,
    1.7135959928671598,
    2.284794657156213,
    2.8559933214452666,
    3.4271919857343196,
    3.998390650023373,
    4.569589314312426,
    5.140787978601479,
    5.711986642890533,
    6.283185307179586,
    0.0,
    0.5711986642890533,
    1.1423973285781066,
    1.7135959928671598,
    2.284794657156213,
    2.8559933214452666,
    3.4271919857343196,
    3.998390650023373,
    4.569589314312426,
    5.140787978601479,
    5.711986642890533,
    6.283185307179586,
    0.0,
    0.5711986642890533,
    1.1423973285781066,
    1.7135959928671598,
    2.284794657156213,
    2.8559933214452666,
    3.4271919857343196,
    3.998390650023373,
    4.569589314312426,
    5.140787978601479,
    5.711986642890533,
    6.283185307179586,
    0.0,
    0.5711986642890533,
    1.1423973285781066,
    1.7135959928671598,
    2.284794657156213,
    2.8559933214452666,
    3.4271919857343196,
    3.998390650023373,
    4.569589314312426,
    5.140787978601479,
    5.711986642890533,
    6.283185307179586,
    0.0,
    0.5711986642890533,
    1.1423973285781066,
    1.7135959928671598,
    2.284794657156213,
    2.8559933214452666,
    3.4271919857343196,
    3.998390650023373,
    4.569589314312426,
    5.140787978601479,
    5.711986642890533,
    6.283185307179586
  ],
  "entropy": [
    0.9992046060352292,
    1.355360829423805,
    1.8923829839392683,
    1.9852911207455473,
    1.6667716697684267,
    1.1347271490756996,
    1.1321432850049593,
    1.6186739962807646,
    1.9822926088275987,
    1.8662134152259056,
    1.4405084024087098,
    0.9999009357227437,
    -1.4428232973175175e-12,
    0.4058845882008765,
    0.8774373110867477,
    0.9827576999955585,
    0.6393320525574665,
    0.1042539625709866,
    0.14428234944792404,
    0.6485085460329465,
    0.9827576999955585,
    0.8869456102186999,
    0.4293895297251469,
    -1.4428232973175175e-12,
    0.9999009357227437,
    1.6101284654956358,
    1.9832658993432535,
    1.9968017372564526,
    1.8794378692351774,
    1.2389018369134308,
    1.271466484053048,
    1.8591095142951803,
    1.998704415453894,
    1.9726209756324322,
    1.5508516435004283,
    0.9999999999971146,
    0.9999972482729513,
    1.6291222542645003,
    1.9714591188248312,
    1.9991228862889754,
    1.8707218617598478,
    1.2623737591274626,
    1.208431831608694,
    1.8680128175853339,
    1.9959895751117536,
    1.963890787433213,
    1.5323205227840322,
    0.999975234353679,
    -1.4428232973175175e-12,
    0.7717292685664341,
    1.7423012194244147,
    1.9725231085509896,
    1.3932364464907092,
    0.29360935914156344,
    0.30402733968185436,
    1.332013226871335,
    1.9660989012041392,
    1.7445374820632211,
    0.7369313086136119,
    -1.4428232973175175e-12
  ],
  "distance": [
    0.31574479876353245,
    0.48742741577315907,
    0.8601725857851165,
    0.9533382488711201,
    0.6819858907582032,
    0.3800405731769906,
    0.3796081119891995,
    0.6406867006128766,
    0.9324244350685252,
    0.8408552197136336,
    0.5332871430809621,
    0.3070725223240434,
    0.9838608121025173,
    1.0146460820599121,
    0.8519139650148919,
    1.1341460377167534,
    1.0748770787189728,
    0.9753996948776185,
    0.975919794298558,
    0.8998578157846584,
    1.136864861170162,
    1.1282365727251176,
    1.0199778307857497,
    0.9859564461914522,
    0.33527435350527807,
    0.5964432609090778,
    0.8969362680825527,
    0.9033222290535083,
    1.1285364101216315,
    0.4217118486176794,
    0.4293492113876382,
    0.7668709173817873,
    0.9027886671987636,
    0.8880114242999628,
    0.5803487413931053,
    0.4689911934628264,
    0.33172593950101387,
    0.6272318237081859,
    0.8889385853271254,
    0.9055983622080104,
    1.121198310346322,
    0.43358892453568326,
    0.4093142230207231,
    0.7941089236808567,
    0.8957191482329192,
    0.8757352880283931,
    0.5621803087610241,
    0.3299578561785155,
    1.1385329569498288,
    0.8841896993856585,
    1.018739469313559,
    0.85228824145206,
    0.9028140691446909,
    0.8600565287469256,
    1.1006731251299728,
    0.8991006682330932,
    0.8586810015731141,
    0.8675274335214366,
    0.8854263149395488,
    1.141046986383433
  ],
  "curvature": [
    -2.2204460492503132e-17,
    1.7763568394002506e-16,
    1.9984014443252818e-16,
    8.881784197001253e-17,
    1.1102230246251565e-16,
    6.661338147750939e-17,
    1.1102230246251565e-16,
    8.881784197001253e-17,
    2.4424906541753446e-16,
    6.661338147750939e-17,
    1.3322676295501878e-16,
    1.3322676295501878e-16,
    4.4408920985006264e-17,
    8.881784197001253e-17,
    1.7763568394002506e-16,
    1.9984014443252818e-16,
    8.881784197001253e-17,
    1.1102230246251565e-16,
    1.1102230246251565e-16,
    1.3322676295501878e-16,
    8.881784197001253e-17,
    1.9984014443252818e-16,
    1.3322676295501878e-16,
    1.1102230246251565e-16,
    4.4408920985006264e-17,
    -2.2204460492503132e-17,
    1.1102230246251565e-16,
    0.0,
    2.2204460492503132e-17,
    1.1102230246251565e-16,
    4.4408920985006264e-17,
    4.4408920985006264e-17,
    8.881784197001253e-17,
    8.881784197001253e-17,
    -2.2204460492503132e-17,
    1.9984014443252818e-16,
    4.4408920985006264e-17,
    1.3322676295501878e-16,
    1.3322676295501878e-16,
    8.881784197001253e-17,
    4.4408920985006264e-17,
    8.881784197001253e-17,
    2.2204460492503132e-17,
    4.4408920985006264e-17,
    2.2204460492503132e-17,
    1.3322676295501878e-16,
    2.2204460492503132e-17,
    1.554312234475219e-16,
    6.661338147750939e-17,
    2.2204460492503132e-17,
    1.3322676295501878e-16,
    6.661338147750939e-17,
    8.881784197001253e-17,
    1.1102230246251565e-16,
    6.661338147750939e-17,
    8.881784197001253e-17,
    6.661338147750939e-17,
    1.554312234475219e-16,
    1.3322676295501878e-16,
    4.4408920985006264e-17
  ],
  "mi_matrix": [
    [
      [
        0.0,
        -1.4428458428028534e-12,
        0.9992046060352292,
        0.9992046060352292,
        0.9992046060352292,
        0.9992046060352292
      ],
      [
        -1.4428458428028534e-12,
        0.0,
        -1.4428458428028534e-12,
        -1.4428458428028534e-12,
        -1.4428458428028534e-12,
        -1.4428458428028534e-12
      ],
      [
        0.9992046060352292,
        -1.4428458428028534e-12,
        0.0,
        0.9992046060352292,
        0.9992046060352292,
        0.9992046060352292
      ],
      [
        0.9992046060352292,
        -1.4428458428028534e-12,
        0.9992046060352292,
        0.0,
        0.9992046060352292,
        0.9992046060352292
      ],
      [
        0.9992046060352292,
        -1.4428458428028534e-12,
        0.9992046060352292,
        0.9992046060352292,
        0.0,
        0.9992046060352292
      ],
      [
        0.9992046060352292,
        -1.4428458428028534e-12,
        0.9992046060352292,
        0.9992046060352292,
        0.9992046060352292,
        0.0
      ]
    ],
    [
      [
        0.0,
        -1.4428458428028534e-12,
        0.3895876212377467,
        0.6100067383768153,
        0.4410918549626044,
        0.4410918549626044
      ],
      [
        -1.4428458428028534e-12,
        0.0,
        -1.4428458428028534e-12,
        -1.4428458428028534e-12,
        -1.4428458428028534e-12,
        -1.4428458428028534e-12
      ],
      [
        0.3895876212377467,
        -1.4428458428028534e-12,
        0.0,
        0.5938359924189522,
        0.42930247051843295,
        0.42930247051843295
      ],
      [
        0.6100067383768153,
        -1.4428458428028534e-12,
        0.5938359924189522,
        0.0,
        0.6433153887907153,
        0.6433153887907153
      ],
      [
        0.4410918549626044,
        -1.4428458428028534e-12,
        0.42930247051843295,
        0.6433153887907153,
        0.0,
        0.999380773855251
      ],
      [
        0.4410918549626044,
        -1.4428458428028534e-12,
        0.42930247051843295,
        0.6433153887907153,
        0.999380773855251,
        0.0
      ]
    ],
    [
      [
        0.0,
        -1.4428458428028534e-12,
        0.010362427356735093,
        0.1238184964209299,
        0.008135873720605202,
        0.008135873720605202
      ],
      [
        -1.4428458428028534e-12,
        0.0,
        -1.4428458428028534e-12,
        -1.4428458428028534e-12,
        -1.4428458428028534e-12,
        -1.4428458428028534e-12
      ],
      [
        0.010362427356735093,
        -1.4428458428028534e-12,
        0.0,
        0.13771530316721714,
        0.029341703278603637,
        0.029341703278603637
      ],
      [
        0.1238184964209299,
        -1.4428458428028534e-12,
        0.13771530316721714,
        0.0,
        0.10741613301039821,
        0.10741613301039821
      ],
      [
        0.008135873720605202,
        -1.4428458428028534e-12,
        0.029341703278603637,
        0.10741613301039821,
        0.0,
        0.9998238825959875
      ],
      [
        0.008135873720605202,
        -1.4428458428028534e-12,
        0.029341703278603637,
        0.10741613301039821,
        0.9998238825959875,
        0.0
      ]
    ],
    [
      [
        0.0,
        -1.4428458428028534e-12,
        0.0006315984582552225,
        0.012786828661094152,
        1.1093416795393551e-05,
        1.1093416795393551e-05
      ],
      [
        -1.4428458428028534e-12,
        0.0,
        -1.4428458428028534e-12,
        -1.4428458428028534e-12,
        -1.4428458428028534e-12,
        -1.4428458428028534e-12
      ],
      [
        0.0006315984582552225,
        -1.4428458428028534e-12,
        0.0,
        0.012916708729916904,
        2.6904409821559838e-05,
        2.6904409821559838e-05
      ],
      [
        0.012786828661094152,
        -1.4428458428028534e-12,
        0.012916708729916904,
        0.0,
        0.014301588017882727,
        0.014301588017882727
      ],
      [
        1.1093416795393551e-05,
        -1.4428458428028534e-12,
        2.6904409821559838e-05,
        0.014301588017882727,
        0.0,
        0.9999889930794672
      ],
      [
        1.1093416795393551e-05,
        -1.4428458428028534e-12,
        2.6904409821559838e-05,
        0.014301588017882727,
        0.9999889930794672,
        0.0
      ]
    ],
    [
      [
        0.0,
        -1.4428458428028534e-12,
        0.1326832808681826,
        0.38260904771268756,
        0.16182364670452154,
        0.16182364670452154
      ],
      [
        -1.4428458428028534e-12,
        0.0,
        -1.4428458428028534e-12,
        -1.4428458428028534e-12,
        -1.4428458428028534e-12,
        -1.4428458428028534e-12
      ],
      [
        0.1326832808681826,
        -1.4428458428028534e-12,
        0.0,
        0.3141686224524429,
        0.13032569756404433,
        0.13032569756404433
      ],
      [
        0.38260904771268756,
        -1.4428458428028534e-12,
        0.3141686224524429,
        0.0,
        0.33251003980956817,
        0.33251003980956817
      ],
      [
        0.16182364670452154,
        -1.4428458428028534e-12,
        0.13032569756404433,
        0.33251003980956817,
        0.0,
        0.999380773855251
      ],
      [
        0.16182364670452154,
        -1.4428458428028534e-12,
        0.13032569756404433,
        0.33251003980956817,
        0.999380773855251,
        0.0
      ]
    ],
    [
      [
        0.0,
        -1.4428458428028534e-12,
        0.7853718253017032,
        0.8607710313059662,
        0.772239119452339,
        0.772239119452339
      ],
      [
        -1.4428458428028534e-12,
        0.0,
        -1.4428458428028534e-12,
        -1.4428458428028534e-12,
        -1.4428458428028534e-12,
        -1.4428458428028534e-12
      ],
      [
        0.7853718253017032,
        -1.4428458428028534e-12,
        0.0,
        0.889432597139586,
        0.7832227427475207,
        0.7832227427475207
      ],
      [
        0.8607710313059662,
        -1.4428458428028534e-12,
        0.889432597139586,
        0.0,
        0.8617435633334316,
        0.8617435633334316
      ],
      [
        0.772239119452339,
        -1.4428458428028534e-12,
        0.7832227427475207,
        0.8617435633334316,
        0.0,
        0.9976845624697851
      ],
      [
        0.772239119452339,
        -1.4428458428028534e-12,
        0.7832227427475207,
        0.8617435633334316,
        0.9976845624697851,
        0.0
      ]
    ],
    [
      [
        0.0,
        -1.4428458428028534e-12,
        0.7173015803867702,
        0.8392684165990973,
        0.7480534886939383,
        0.7480534886939383
      ],
      [
        -1.4428458428028534e-12,
        0.0,
        -1.4428458428028534e-12,
        -1.4428458428028534e-12,
        -1.4428458428028534e-12,
        -1.4428458428028534e-12
      ],
      [
        0.7173015803867702,
        -1.4428458428028534e-12,
        0.0,
        0.828199712852639,
        0.7389273862496695,
        0.7389273862496695
      ],
      [
        0.8392684165990973,
        -1.4428458428028534e-12,
        0.828199712852639,
        0.0,
        0.8657621460196852,
        0.8657621460196852
      ],
      [
        0.7480534886939383,
        -1.4428458428028534e-12,
        0.7389273862496695,
        0.8657621460196852,
        0.0,
        0.9990064000837202
      ],
      [
        0.7480534886939383,
        -1.4428458428028534e-12,
        0.7389273862496695,
        0.8657621460196852,
        0.9990064000837202,
        0.0
      ]
    ],
    [
      [
        0.0,
        -1.4428458428028534e-12,
        0.19177171894774703,
        0.39667221262909824,
        0.18394845173790464,
        0.18394845173790464
      ],
      [
        -1.4428458428028534e-12,
        0.0,
        -1.4428458428028534e-12,
        -1.4428458428028534e-12,
        -1.4428458428028534e-12,
        -1.4428458428028534e-12
      ],
      [
        0.19177171894774703,
        -1.4428458428028534e-12,
        0.0,
        0.34769250764674875,
        0.15759502735886244,
        0.15759502735886244
      ],
      [
        0.39667221262909824,
        -1.4428458428028534e-12,
        0.34769250764674875,
        0.0,
        0.37946524091188105,
        0.37946524091188105
      ],
      [
        0.18394845173790464,
        -1.4428458428028534e-12,
        0.15759502735886244,
        0.37946524091188105,
        0.0,
        0.9997248102580842
      ],
      [
        0.18394845173790464,
        -1.4428458428028534e-12,
        0.15759502735886244,
        0.37946524091188105,
        0.9997248102580842,
        0.0
      ]
    ],
    [
      [
        0.0,
        -1.4428458428028534e-12,
        0.0002448109182178193,
        0.006313414208123813,
        4.162947270813788e-05,
        4.162947270813788e-05
      ],
      [
        -1.4428458428028534e-12,
        0.0,
        -1.4428458428028534e-12,
        -1.4428458428028534e-12,
        -1.4428458428028534e-12,
        -1.4428458428028534e-12
      ],
      [
        0.0002448109182178193,
        -1.4428458428028534e-12,
        0.0,
        0.01650457333905364,
        0.0002774546574646486,
        0.0002774546574646486
      ],
      [
        0.006313414208123813,
        -1.4428458428028534e-12,
        0.01650457333905364,
        0.0,
        0.01723129318074812,
        0.01723129318074812
      ],
      [
        4.162947270813788e-05,
        -1.4428458428028534e-12,
        0.0002774546574646486,
        0.01723129318074812,
        0.0,
        0.9999889930794672
      ],
      [
        4.162947270813788e-05,
        -1.4428458428028534e-12,
        0.0002774546574646486,
        0.01723129318074812,
        0.9999889930794672,
        0.0
      ]
    ],
    [
      [
        0.0,
        -1.4428458428028534e-12,
        0.006833930474410943,
        0.11776392243800382,
        0.016392261425228538,
        0.016392261425228538
      ],
      [
        -1.4428458428028534e-12,
        0.0,
        -1.4428458428028534e-12,
        -1.4428458428028534e-12,
        -1.4428458428028534e-12,
        -1.4428458428028534e-12
      ],
      [
        0.006833930474410943,
        -1.4428458428028534e-12,
        0.0,
        0.10382998255160492,
        0.016000041033615187,
        0.016000041033615187
      ],
      [
        0.11776392243800382,
        -1.4428458428028534e-12,
        0.10382998255160492,
        0.0,
        0.13377282612651298,
        0.13377282612651298
      ],
      [
        0.016392261425228538,
        -1.4428458428028534e-12,
        0.016000041033615187,
        0.13377282612651298,
        0.0,
        0.9999889930794672
      ],
      [
        0.016392261425228538,
        -1.4428458428028534e-12,
        0.016000041033615187,
        0.13377282612651298,
        0.9999889930794672,
        0.0
      ]
    ],
    [
      [
        0.0,
        -1.4428458428028534e-12,
        0.3817567153256667,
        0.5805202677221855,
        0.35043185006427247,
        0.35043185006427247
      ],
      [
        -1.4428458428028534e-12,
        0.0,
        -1.4428458428028534e-12,
        -1.4428458428028534e-12,
        -1.4428458428028534e-12,
        -1.4428458428028534e-12
      ],
      [
        0.3817567153256667,
        -1.4428458428028534e-12,
        0.0,
        0.5791962428304696,
        0.3595730831313766,
        0.3595730831313766
      ],
      [
        0.5805202677221855,
        -1.4428458428028534e-12,
        0.5791962428304696,
        0.0,
        0.5591338579909908,
        0.5591338579909908
      ],
      [
        0.35043185006427247,
        -1.4428458428028534e-12,
        0.3595730831313766,
        0.5591338579909908,
        0.0,
        0.9997770990017212
      ],
      [
        0.35043185006427247,
        -1.4428458428028534e-12,
        0.3595730831313766,
        0.5591338579909908,
        0.9997770990017212,
        0.0
      ]
    ],
    [
      [
        0.0,
        -1.4428458428028534e-12,
        0.9999009357227437,
        0.9999009357227437,
        0.9999009357227437,
        0.9999009357227437
      ],
      [
        -1.4428458428028534e-12,
        0.0,
        -1.4428458428028534e-12,
        -1.4428458428028534e-12,
        -1.4428458428028534e-12,
        -1.4428458428028534e-12
      ],
      [
        0.9999009357227437,
        -1.4428458428028534e-12,
        0.0,
        0.9999009357227437,
        0.9999009357227437,
        0.9999009357227437
      ],
      [
        0.9999009357227437,
        -1.4428458428028534e-12,
        0.9999009357227437,
        0.0,
        0.9999009357227437,
        0.9999009357227437
      ],
      [
        0.9999009357227437,
        -1.4428458428028534e-12,
        0.9999009357227437,
        0.9999009357227437,
        0.0,
        0.9999009357227437
      ],
      [
        0.9999009357227437,
        -1.4428458428028534e-12,
        0.9999009357227437,
        0.9999009357227437,
        0.9999009357227437,
        0.0
      ]
    ],
    [
      [
        0.0,
        -1.4428458428028534e-12,
        0.9998651613979794,
        -1.4428458428028534e-12,
        -1.4428458428028534e-12,
        0.9998651613979794
      ],
      [
        -1.4428458428028534e-12,
        0.0,
        -1.4428458428028534e-12,
        -1.4428232973175175e-12,
        -1.4428232973175175e-12,
        -1.4428458428028534e-12
      ],
      [
        0.9998651613979794,
        -1.4428458428028534e-12,
        0.0,
        -1.4428458428028534e-12,
        -1.4428458428028534e-12,
        0.9998651613979794
      ],
      [
        -1.4428458428028534e-12,
        -1.4428232973175175e-12,
        -1.4428458428028534e-12,
        0.0,
        -1.4428232973175175e-12,
        -1.4428458428028534e-12
      ],
      [
        -1.4428458428028534e-12,
        -1.4428232973175175e-12,
        -1.4428458428028534e-12,
        -1.4428232973175175e-12,
        0.0,
        -1.4428458428028534e-12
      ],
      [
        0.9998651613979794,
        -1.4428458428028534e-12,
        0.9998651613979794,
        -1.4428458428028534e-12,
        -1.4428458428028534e-12,
        0.0
      ]
    ],
    [
      [
        0.0,
        0.00102565675617039,
        0.43182277845297534,
        5.6165225681859e-05,
        -1.4428458428028534e-12,
        0.9978415729967705
      ],
      [
        0.00102565675617039,
        0.0,
        5.679195535890358e-05,
        0.0005089709991515923,
        -1.4428458428028534e-12,
        0.00102565675617039
      ],
      [
        0.43182277845297534,
        5.679195535890358e-05,
        0.0,
        0.0005103407994977438,
        -1.4428458428028534e-12,
        0.43182277845297534
      ],
      [
        5.6165225681859e-05,
        0.0005089709991515923,
        0.0005103407994977438,
        0.0,
        -1.4428458428028534e-12,
        5.6165225682081044e-05
      ],
      [
        -1.4428458428028534e-12,
        -1.4428458428028534e-12,
        -1.4428458428028534e-12,
        -1.4428458428028534e-12,
        0.0,
        -1.4428458428028534e-12
      ],
      [
        0.9978415729967705,
        0.00102565675617039,
        0.43182277845297534,
        5.6165225682081044e-05,
        -1.4428458428028534e-12,
        0.0
      ]
    ],
    [
      [
        0.0,
        8.865444052430504e-05,
        0.02125017367111992,
        0.00011621668185335388,
        -1.4428458428028534e-12,
        0.9997248102580842
      ],
      [
        8.865444052430504e-05,
        0.0,
        0.0002216888121198135,
        0.0002843477070750833,
        -1.4428458428028534e-12,
        8.865444052430504e-05
      ],
      [
        0.02125017367111992,
        0.0002216888121198135,
        0.0,
        0.002416969451725315,
        -1.4428458428028534e-12,
        0.02125017367111992
      ],
      [
        0.00011621668185335388,
        0.0002843477070750833,
        0.002416969451725315,
        0.0,
        -1.4428458428028534e-12,
        0.00011621668185335388
      ],
      [
        -1.4428458428028534e-12,
        -1.4428458428028534e-12,
        -1.4428458428028534e-12,
        -1.4428458428028534e-12,
        0.0,
        -1.4428458428028534e-12
      ],
      [
        0.9997248102580842,
        8.865444052430504e-05,
        0.02125017367111992,
        0.00011621668185335388,
        -1.4428458428028534e-12,
        0.0
      ]
    ],
    [
      [
        0.0,
        4.499691797610339e-05,
        0.006159904925220783,
        0.0005534692974642486,
        -1.4428458428028534e-12,
        0.9995349089288796
      ],
      [
        4.499691797610339e-05,
        0.0,
        0.00012073153797853564,
        0.0005820180165665434,
        -1.4428458428028534e-12,
        4.499691797654748e-05
      ],
      [
        0.006159904925220783,
        0.00012073153797853564,
        0.0,
        0.0018279443851718646,
        -1.4428458428028534e-12,
        0.006159904925220783
      ],
      [
        0.0005534692974642486,
        0.0005820180165665434,
        0.0018279443851718646,
        0.0,
        -1.4428458428028534e-12,
        0.0005534692974642486
      ],
      [
        -1.4428458428028534e-12,
        -1.4428458428028534e-12,
        -1.4428458428028534e-12,
        -1.4428458428028534e-12,
        0.0,
        -1.4428458428028534e-12
      ],
      [
        0.9995349089288796,
        4.499691797654748e-05,
        0.006159904925220783,
        0.0005534692974642486,
        -1.4428458428028534e-12,
        0.0
      ]
    ],
    [
      [
        0.0,
        0.0007746800931125453,
        0.1508787708313637,
        5.505141693373794e-05,
        -1.4428458428028534e-12,
        0.9999559719906115
      ],
      [
        0.0007746800931125453,
        0.0,
        7.139554133095416e-05,
        0.0004570786126163462,
        -1.4428458428028534e-12,
        0.0007746800931125453
      ],
      [
        0.1508787708313637,
        7.139554133095416e-05,
        0.0,
        0.00043786393621658704,
        -1.4428458428028534e-12,
        0.1508787708313637
      ],
      [
        5.505141693373794e-05,
        0.0004570786126163462,
        0.00043786393621658704,
        0.0,
        -1.4428458428028534e-12,
        5.505141693373794e-05
      ],
      [
        -1.4428458428028534e-12,
        -1.4428458428028534e-12,
        -1.4428458428028534e-12,
        -1.4428458428028534e-12,
        0.0,
        -1.4428458428028534e-12
      ],
      [
        0.9999559719906115,
        0.0007746800931125453,
        0.1508787708313637,
        5.505141693373794e-05,
        -1.4428458428028534e-12,
        0.0
      ]
    ],
    [
      [
        0.0,
        5.4175488026553253e-05,
        0.7900902568375621,
        0.000227678838255585,
        -1.4428458428028534e-12,
        0.9999559719906115
      ],
      [
        5.4175488026553253e-05,
        0.0,
        6.482398849128046e-05,
        0.00021450658403027179,
        -1.4428180872272378e-12,
        5.4175488026553253e-05
      ],
      [
        0.7900902568375621,
        6.482398849128046e-05,
        0.0,
        0.00020474894458066828,
        -1.4428458428028534e-12,
        0.7900902568375621
      ],
      [
        0.000227678838255585,
        0.00021450658403027179,
        0.00020474894458066828,
        0.0,
        -1.4428180872272378e-12,
        0.000227678838255585
      ],
      [
        -1.4428458428028534e-12,
        -1.4428180872272378e-12,
        -1.4428458428028534e-12,
        -1.4428180872272378e-12,
        0.0,
        -1.4428458428028534e-12
      ],
      [
        0.9999559719906115,
        5.4175488026553253e-05,
        0.7900902568375621,
        0.000227678838255585,
        -1.4428458428028534e-12,
        0.0
      ]
    ],
    [
      [
        0.0,
        0.0002860732345961736,
        0.7791642509118382,
        0.0005117922982058598,
        -1.4428458428028534e-12,
        0.9987861499393461
      ],
      [
        0.0002860732345961736,
        0.0,
        2.9027119765601128e-05,
        0.0005897075983604672,
        -1.4428180872272378e-12,
        0.00028607323459639566
      ],
      [
        0.7791642509118382,
        2.9027119765601128e-05,
        0.0,
        0.0001458010229569151,
        -1.4428458428028534e-12,
        0.7791642509118382
      ],
      [
        0.0005117922982058598,
        0.0005897075983604672,
        0.0001458010229569151,
        0.0,
        -1.4428180872272378e-12,
        0.0005117922982060819
      ],
      [
        -1.4428458428028534e-12,
        -1.4428180872272378e-12,
        -1.4428458428028534e-12,
        -1.4428180872272378e-12,
        0.0,
        -1.4428458428028534e-12
      ],
      [
        0.9987861499393461,
        0.00028607323459639566,
        0.7791642509118382,
        0.0005117922982060819,
        -1.4428458428028534e-12,
        0.0
      ]
    ],
    [
      [
        0.0,
        8.360749346181251e-07,
        0.15820896929331374,
        0.0033562575237038317,
        -1.4428458428028534e-12,
        0.9984144269345614
      ],
      [
        8.360749346181251e-07,
        0.0,
        0.003822120959745323,
        0.0010314271431552946,
        -1.4428458428028534e-12,
        8.360749343960805e-07
      ],
      [
        0.15820896929331374,
        0.003822120959745323,
        0.0,
        2.0552220823422118e-05,
        -1.4428458428028534e-12,
        0.15820896929331374
      ],
      [
        0.0033562575237038317,
        0.0010314271431552946,
        2.0552220823422118e-05,
        0.0,
        -1.4428458428028534e-12,
        0.0033562575237038317
      ],
      [
        -1.4428458428028534e-12,
        -1.4428458428028534e-12,
        -1.4428458428028534e-12,
        -1.4428458428028534e-12,
        0.0,
        -1.4428458428028534e-12
      ],
      [
        0.9984144269345614,
        8.360749343960805e-07,
        0.15820896929331374,
        0.0033562575237038317,
        -1.4428458428028534e-12,
        0.0
      ]
    ],
    [
      [
        0.0,
        0.002401360910879502,
        0.00046599621133913693,
        0.0004110237118404303,
        -1.4428458428028534e-12,
        0.9999009357227437
      ],
      [
        0.002401360910879502,
        0.0,
        6.666414899236806e-05,
        0.0007915264460476301,
        -1.4428458428028534e-12,
        0.002401360910879502
      ],
      [
        0.00046599621133913693,
        6.666414899236806e-05,
        0.0,
        0.001883848894687734,
        -1.4428458428028534e-12,
        0.00046599621133913693
      ],
      [
        0.0004110237118404303,
        0.0007915264460476301,
        0.001883848894687734,
        0.0,
        -1.4428458428028534e-12,
        0.0004110237118404303
      ],
      [
        -1.4428458428028534e-12,
        -1.4428458428028534e-12,
        -1.4428458428028534e-12,
        -1.4428458428028534e-12,
        0.0,
        -1.4428458428028534e-12
      ],
      [
        0.9999009357227437,
        0.002401360910879502,
        0.00046599621133913693,
        0.0004110237118404303,
        -1.4428458428028534e-12,
        0.0
      ]
    ],
    [
      [
        0.0,
        0.0004279406922680362,
        0.012898557994227788,
        0.00014149793072704142,
        -1.4428458428028534e-12,
        0.998667756215461
      ],
      [
        0.0004279406922680362,
        0.0,
        0.0002299065397839417,
        0.0009070261091879139,
        -1.4428458428028534e-12,
        0.0004279406922680362
      ],
      [
        0.012898557994227788,
        0.0002299065397839417,
        0.0,
        0.0016248068292952222,
        -1.4428458428028534e-12,
        0.012898557994227788
      ],
      [
        0.00014149793072704142,
        0.0009070261091879139,
        0.0016248068292952222,
        0.0,
        -1.4428458428028534e-12,
        0.00014149793072704142
      ],
      [
        -1.4428458428028534e-12,
        -1.4428458428028534e-12,
        -1.4428458428028534e-12,
        -1.4428458428028534e-12,
        0.0,
        -1.4428458428028534e-12
      ],
      [
        0.998667756215461,
        0.0004279406922680362,
        0.012898557994227788,
        0.00014149793072704142,
        -1.4428458428028534e-12,
        0.0
      ]
    ],
    [
      [
        0.0,
        4.19452694084832e-05,
        0.3700573503500548,
        0.00044885769871183534,
        -1.4428458428028534e-12,
        0.9998651613979794
      ],
      [
        4.19452694084832e-05,
        0.0,
        0.00034064154210855513,
        0.000886906110710517,
        -1.4428458428028534e-12,
        4.19452694084832e-05
      ],
      [
        0.3700573503500548,
        0.00034064154210855513,
        0.0,
        3.745605272387209e-06,
        -1.4428458428028534e-12,
        0.3700573503500548
      ],
      [
        0.00044885769871183534,
        0.000886906110710517,
        3.745605272387209e-06,
        0.0,
        -1.4428458428028534e-12,
        0.00044885769871183534
      ],
      [
        -1.4428458428028534e-12,
        -1.4428458428028534e-12,
        -1.4428458428028534e-12,
        -1.4428458428028534e-12,
        0.0,
        -1.4428458428028534e-12
      ],
      [
        0.9998651613979794,
        4.19452694084832e-05,
        0.3700573503500548,
        0.00044885769871183534,
        -1.4428458428028534e-12,
        0.0
      ]
    ],
    [
      [
        0.0,
        -1.4428458428028534e-12,
        0.999975234353679,
        -1.4428458428028534e-12,
        -1.4428458428028534e-12,
        0.999975234353679
      ],
      [
        -1.4428458428028534e-12,
        0.0,
        -1.4428458428028534e-12,
        -1.4428232973175175e-12,
        -1.4428232973175175e-12,
        -1.4428458428028534e-12
      ],
      [
        0.999975234353679,
        -1.4428458428028534e-12,
        0.0,
        -1.4428458428028534e-12,
        -1.4428458428028534e-12,
        0.999975234353679
      ],
      [
        -1.4428458428028534e-12,
        -1.4428232973175175e-12,
        -1.4428458428028534e-12,
        0.0,
        -1.4428232973175175e-12,
        -1.4428458428028534e-12
      ],
      [
        -1.4428458428028534e-12,
        -1.4428232973175175e-12,
        -1.4428458428028534e-12,
        -1.4428232973175175e-12,
        0.0,
        -1.4428458428028534e-12
      ],
      [
        0.999975234353679,
        -1.4428458428028534e-12,
        0.999975234353679,
        -1.4428458428028534e-12,
        -1.4428458428028534e-12,
        0.0
      ]
    ],
    [
      [
        0.0,
        -1.4428458428028534e-12,
        -1.4428458428028534e-12,
        -1.4428458428028534e-12,
        -1.4428458428028534e-12,
        -1.4428458428028534e-12
      ],
      [
        -1.4428458428028534e-12,
        0.0,
        0.9999009357227437,
        0.9999009357227437,
        0.9999009357227437,
        0.9999009357227437
      ],
      [
        -1.4428458428028534e-12,
        0.9999009357227437,
        0.0,
        0.9999009357227437,
        0.9999009357227437,
        0.9999009357227437
      ],
      [
        -1.4428458428028534e-12,
        0.9999009357227437,
        0.9999009357227437,
        0.0,
        0.9999009357227437,
        0.9999009357227437
      ],
      [
        -1.4428458428028534e-12,
        0.9999009357227437,
        0.9999009357227437,
        0.9999009357227437,
        0.0,
        0.9999009357227437
      ],
      [
        -1.4428458428028534e-12,
        0.9999009357227437,
        0.9999009357227437,
        0.9999009357227437,
        0.9999009357227437,
        0.0
      ]
    ],
    [
      [
        0.0,
        0.00026363843674825915,
        2.220446049250313e-16,
        0.0004990527148143187,
        1.929891840135589e-05,
        6.325700902420905e-05
      ],
      [
        0.00026363843674825915,
        0.0,
        0.37238882887298397,
        0.37954042918574804,
        0.3701135698063649,
        0.40168027747619717
      ],
      [
        2.220446049250313e-16,
        0.37238882887298397,
        0.0,
        0.422075602130648,
        0.4065525527292684,
        0.3941267621439031
      ],
      [
        0.0004990527148143187,
        0.37954042918574804,
        0.422075602130648,
        0.0,
        0.38962386785976433,
        0.3921602859101425
      ],
      [
        1.929891840135589e-05,
        0.3701135698063649,
        0.4065525527292684,
        0.38962386785976433,
        0.0,
        0.39652575589735184
      ],
      [
        6.325700902420905e-05,
        0.40168027747619717,
        0.3941267621439031,
        0.3921602859101425,
        0.39652575589735184,
        0.0
      ]
    ],
    [
      [
        0.0,
        0.00024226760791545843,
        0.0040856493845553565,
        0.0002894975787879339,
        0.000354289579195477,
        3.775049652054996e-05
      ],
      [
        0.00024226760791545843,
        0.0,
        0.031642937609083654,
        0.04029126303471808,
        0.036650682794749256,
        0.0142326417799572
      ],
      [
        0.0040856493845553565,
        0.031642937609083654,
        0.0,
        0.030165698512935935,
        0.02980171874748838,
        0.03241299366018913
      ],
      [
        0.0002894975787879339,
        0.04029126303471808,
        0.030165698512935935,
        0.0,
        0.014925626593029095,
        0.030786851567238926
      ],
      [
        0.000354289579195477,
        0.036650682794749256,
        0.02980171874748838,
        0.014925626593029095,
        0.0,
        0.02922030574794543
      ],
      [
        3.775049652054996e-05,
        0.0142326417799572,
        0.03241299366018913,
        0.030786851567238926,
        0.02922030574794543,
        0.0
      ]
    ],
    [
      [
        0.0,
        0.0024291971809680124,
        5.3074163567146115e-05,
        0.00048201718577312036,
        0.0009904115132610691,
        0.00011040893315783507
      ],
      [
        0.0024291971809680124,
        0.0,
        0.0037048052722059577,
        0.0003486906164749115,
        3.814302130789038e-05,
        0.0016231109621185347
      ],
      [
        5.3074163567146115e-05,
        0.0037048052722059577,
        0.0,
        0.00036220773835160536,
        0.0011809651438592361,
        7.033033244674414e-07
      ],
      [
        0.00048201718577312036,
        0.0003486906164749115,
        0.00036220773835160536,
        0.0,
        0.0003988396174550157,
        2.633530327145195e-08
      ],
      [
        0.0009904115132610691,
        3.814302130789038e-05,
        0.0011809651438592361,
        0.0003988396174550157,
        0.0,
        0.0042141238581394624
      ],
      [
        0.00011040893315783507,
        0.0016231109621185347,
        7.033033244674414e-07,
        2.633530327145195e-08,
        0.0042141238581394624,
        0.0
      ]
    ],
    [
      [
        0.0,
        0.00010752006843683937,
        9.64266997092178e-05,
        0.0005063829468991976,
        2.8769771323489124e-05,
        0.00018020047506794867
      ],
      [
        0.00010752006843683937,
        0.0,
        0.1388491795962541,
        0.11447337309141847,
        0.11532351994944268,
        0.12741123112224018
      ],
      [
        9.64266997092178e-05,
