{
  "spec": {
    "num_qubits": 6,
    "topology": "triangulated",
    "custom_edges": "0-1:1.0000,0-2:1.0000,0-3:1.0000,0-4:1.0000,0-5:1.0000,1-2:1.0000,1-3:1.0000,1-4:1.0000,1-5:0.9988,2-3:1.0000,2-4:1.0000,2-5:1.0000,3-4:1.0000,3-5:0.0500,4-5:0.0500",
    "alpha": 0.8,
    "weight": 1.882696299392883,
    "gamma": 0.01,
    "sigma": 0.01,
    "init_angle": 0.0,
    "init_angles": null,
    "shots": 4096,
    "device": "simulator",
    "geometry": "hyperbolic",
    "curvature": 10.0,
    "timesteps": 3,
    "dimension": 2,
    "mass_hinge": null,
    "mass_value": 0.0,
    "solve_regge": false,
    "lorentzian": true,
    "excite": true,
    "fast": false,
    "strong_curvature": true,
    "charge_injection": true,
    "charge_strength": 3.0,
    "charge_location": 3,
    "spin_injection": true,
    "spin_strength": 2.0,
    "spin_location": 3,
    "edge_floor": 0.001,
    "compute_entropies": true,
    "hyperbolic_triangulation": true,
    "trotter_steps": 8,
    "dt": 0.05,
    "analyze_curvature": true,
    "einstein_solver": true,
    "page_curve": true,
    "radiation_ordering": "0,1,2,3,4",
    "page_curve_timesteps": 15,
    "entropy_method": "hybrid",
    "num_shadows": 100,
    "shots_per_shadow": 1000,
    "num_bases": 20,
    "shots_per_basis": 1000,
    "enhanced_entanglement": false,
    "entanglement_strength": 2.4358027391544796,
    "interpolate_geometry": false,
    "smooth_charge_injection": false,
    "min_qubits_for_continuum": 10,
    "benchmark_against_classical_geometry": false,
    "geometry_fit_metric": "wasserstein,kl,euclidean",
    "verify_noise_robustness": false,
    "run_on_multiple_backends": false,
    "detect_and_flag_causal_loops": true,
    "restrict_information_flow_direction": "bidirectional",
    "filter_noncausal_edges": true,
    "use_ryu_takayanagi_test": true,
    "compare_MI_vs_subsystem_entropy": true,
    "embed_boundary_entropy_in_geometry": true,
    "entropy_engineering": true,
    "target_entropy_pattern": "quantum_gravity",
    "custom_target_entropies": null,
    "entropy_optimization_iterations": 200,
    "entropy_tolerance": 0.05,
    "continue_on_engineering_failure": true,
    "validate_engineered_geometry": true,
    "enhance_bell_violations": true,
    "bell_entanglement_strength": 4.0,
    "teleportation_circuits": true,
    "long_range_coupling": 3.0,
    "holographic_optimization": true,
    "rt_surface_encoding": true,
    "conformal_symmetry": true,
    "bulk_reconstruction": true,
    "scalable_entanglement": true,
    "parallel_execution": true,
    "memory_optimization": true,
    "circuit_compilation": "optimized",
    "real_hardware": false,
    "error_mitigation": true,
    "zero_noise_extrapolation": true,
    "zne_noise_factors": [
      1.0,
      2.0,
      3.0
    ],
    "zne_extrapolation_method": "polynomial",
    "hardware_calibration": true,
    "noise_characterization": true,
    "backend_name": "ibm_brisbane",
    "quantum_mode": true,
    "quantum_entanglement_strength": 5.0,
    "quantum_circuit_depth": 12
  },
  "uid": "PYBLN9",
  "counts_per_timestep": [
    null,
    null,
    null
  ],
  "job_ids_per_timestep": [
    null,
    null,
    null
  ],
  "entropy_per_timestep": [
    null,
    null,
    null
  ],
  "mutual_information_per_timestep": [
    {
      "I_0,1": 0.05700946423944275,
      "I_0,2": 0.45622180038056737,
      "I_0,3": 0.05700946423944231,
      "I_0,4": 0.4562218003805678,
      "I_0,5": 0.05700946423944275,
      "I_1,2": 0.05700946423944275,
      "I_1,3": 0.5424527733210347,
      "I_1,4": 0.057009464239442975,
      "I_1,5": 0.5424527733210367,
      "I_2,3": 0.057009464239442975,
      "I_2,4": 0.4562218003805625,
      "I_2,5": 0.05700946423944275,
      "I_3,4": 0.05700946423944231,
      "I_3,5": 0.5424527733210365,
      "I_4,5": 0.057009464239442975
    },
    {
      "I_0,1": 0.2707724725014833,
      "I_0,2": 0.5207495816669259,
      "I_0,3": 0.2707724725014835,
      "I_0,4": 0.5207495816669254,
      "I_0,5": 0.27077247250148395,
      "I_1,2": 0.2707724725014833,
      "I_1,3": 0.4593634654185539,
      "I_1,4": 0.2707724725014846,
      "I_1,5": 0.45936346541855233,
      "I_2,3": 0.2707724725014835,
      "I_2,4": 0.5207495816669256,
      "I_2,5": 0.2707724725014835,
      "I_3,4": 0.27077247250148395,
      "I_3,5": 0.45936346541855455,
      "I_4,5": 0.27077247250148395
    },
    {
      "I_0,1": 0.07522487487517004,
      "I_0,2": 0.5406469093709576,
      "I_0,3": 0.0752248748751696,
      "I_0,4": 0.5406469093709592,
      "I_0,5": 0.07522487487516982,
      "I_1,2": 0.07522487487516982,
      "I_1,3": 0.42769959373918964,
      "I_1,4": 0.07522487487517071,
      "I_1,5": 0.42769959373918964,
      "I_2,3": 0.07522487487517004,
      "I_2,4": 0.5406469093709594,
      "I_2,5": 0.07522487487516982,
      "I_3,4": 0.07522487487517004,
      "I_3,5": 0.4276995937391894,
      "I_4,5": 0.07522487487517049
    }
  ],
  "boundary_entropies_per_timestep": [
    {
      "entropy_A": 2.2219071452836734,
      "entropy_B": 2.2219071452836716,
      "mi_AB": 4.4438142905673335,
      "pure_state_check": true,
      "entropy_difference": 1.7763568394002505e-15,
      "multiple_regions": {
        "size_1_region_0": {
          "region": [
            0
          ],
          "entropy": 0.9969547959718126,
          "rt_area": 5,
          "size": 1
        },
        "size_1_region_1": {
          "region": [
            1
          ],
          "entropy": 0.9983997029481178,
          "rt_area": 5,
          "size": 1
        },
        "size_1_region_2": {
          "region": [
            2
          ],
          "entropy": 0.9969547959718126,
          "rt_area": 5,
          "size": 1
        },
        "size_2_region_0": {
          "region": [
            0,
            1
          ],
          "entropy": 1.9383450346804876,
          "rt_area": 8,
          "size": 2
        },
        "size_2_region_1": {
          "region": [
            0,
            2
          ],
          "entropy": 1.5376877915630578,
          "rt_area": 8,
          "size": 2
        },
        "size_2_region_2": {
          "region": [
            0,
            3
          ],
          "entropy": 1.9383450346804878,
          "rt_area": 8,
          "size": 2
        },
        "size_3_region_0": {
          "region": [
            0,
            1,
            2
          ],
          "entropy": 2.2219071452836734,
          "rt_area": 9,
          "size": 3
        },
        "size_3_region_1": {
          "region": [
            0,
            1,
            3
          ],
          "entropy": 2.221907145283673,
          "rt_area": 9,
          "size": 3
        },
        "size_3_region_2": {
          "region": [
            0,
            1,
            4
          ],
          "entropy": 2.2219071452836743,
          "rt_area": 9,
          "size": 3
        },
        "size_4_region_0": {
          "region": [
            0,
            1,
            2,
            3
          ],
          "entropy": 1.9383450346804907,
          "rt_area": 8,
          "size": 4
        },
        "size_4_region_1": {
          "region": [
            0,
            1,
            2,
            4
          ],
          "entropy": 1.4543466325752028,
          "rt_area": 8,
          "size": 4
        },
        "size_4_region_2": {
          "region": [
            0,
            1,
            2,
            5
          ],
          "entropy": 1.9383450346804896,
          "rt_area": 8,
          "size": 4
        },
        "size_5_region_0": {
          "region": [
            0,
            1,
            2,
            3,
            4
          ],
          "entropy": 0.998399702948123,
          "rt_area": 5,
          "size": 5
        },
        "size_5_region_1": {
          "region": [
            0,
            1,
            2,
            3,
            5
          ],
          "entropy": 0.9969547959718188,
          "rt_area": 5,
          "size": 5
        },
        "size_5_region_2": {
          "region": [
            0,
            1,
            2,
            4,
            5
          ],
          "entropy": 0.9983997029481241,
          "rt_area": 5,
          "size": 5
        }
      }
    },
    {
      "entropy_A": 1.8320992620374996,
      "entropy_B": 1.8320992620374996,
      "mi_AB": 3.6641985240749864,
      "pure_state_check": true,
      "entropy_difference": 0.0,
      "multiple_regions": {
        "size_1_region_0": {
          "region": [
            0
          ],
          "entropy": 0.9967139829605363,
          "rt_area": 5,
          "size": 1
        },
        "size_1_region_1": {
          "region": [
            1
          ],
          "entropy": 0.9795299418467434,
          "rt_area": 5,
          "size": 1
        },
        "size_1_region_2": {
          "region": [
            2
          ],
          "entropy": 0.996713982960536,
          "rt_area": 5,
          "size": 1
        },
        "size_2_region_0": {
          "region": [
            0,
            1
          ],
          "entropy": 1.7054714523057959,
          "rt_area": 8,
          "size": 2
        },
        "size_2_region_1": {
          "region": [
            0,
            2
          ],
          "entropy": 1.4726783842541464,
          "rt_area": 8,
          "size": 2
        },
        "size_2_region_2": {
          "region": [
            0,
            3
          ],
          "entropy": 1.7054714523057959,
          "rt_area": 8,
          "size": 2
        },
        "size_3_region_0": {
          "region": [
            0,
            1,
            2
          ],
          "entropy": 1.8320992620374996,
          "rt_area": 9,
          "size": 3
        },
        "size_3_region_1": {
          "region": [
            0,
            1,
            3
          ],
          "entropy": 1.8320992620374978,
          "rt_area": 9,
          "size": 3
        },
        "size_3_region_2": {
          "region": [
            0,
            1,
            4
          ],
          "entropy": 1.8320992620374978,
          "rt_area": 9,
          "size": 3
        },
        "size_4_region_0": {
          "region": [
            0,
            1,
            2,
            3
          ],
          "entropy": 1.7054714523057983,
          "rt_area": 8,
          "size": 4
        },
        "size_4_region_1": {
          "region": [
            0,
            1,
            2,
            4
          ],
          "entropy": 1.4996964182749364,
          "rt_area": 8,
          "size": 4
        },
        "size_4_region_2": {
          "region": [
            0,
            1,
            2,
            5
          ],
          "entropy": 1.705471452305798,
          "rt_area": 8,
          "size": 4
        },
        "size_5_region_0": {
          "region": [
            0,
            1,
            2,
            3,
            4
          ],
          "entropy": 0.9795299418467501,
          "rt_area": 5,
          "size": 5
        },
        "size_5_region_1": {
          "region": [
            0,
            1,
            2,
            3,
            5
          ],
          "entropy": 0.9967139829605409,
          "rt_area": 5,
          "size": 5
        },
        "size_5_region_2": {
          "region": [
            0,
            1,
            2,
            4,
            5
          ],
          "entropy": 0.9795299418467497,
          "rt_area": 5,
          "size": 5
        }
      }
    },
    {
      "entropy_A": 2.1349976425523023,
      "entropy_B": 2.1349976425523027,
      "mi_AB": 4.269995285104582,
      "pure_state_check": true,
      "entropy_difference": 4.440892098500626e-16,
      "multiple_regions": {
        "size_1_region_0": {
          "region": [
            0
          ],
          "entropy": 0.9962713464598945,
          "rt_area": 5,
          "size": 1
        },
        "size_1_region_1": {
          "region": [
            1
          ],
          "entropy": 0.9990686803617737,
          "rt_area": 5,
          "size": 1
        },
        "size_1_region_2": {
          "region": [
            2
          ],
          "entropy": 0.9962713464598945,
          "rt_area": 5,
          "size": 1
        },
        "size_2_region_0": {
          "region": [
            0,
            1
          ],
          "entropy": 1.920115151946498,
          "rt_area": 8,
          "size": 2
        },
        "size_2_region_1": {
          "region": [
            0,
            2
          ],
          "entropy": 1.4518957835488313,
          "rt_area": 8,
          "size": 2
        },
        "size_2_region_2": {
          "region": [
            0,
            3
          ],
          "entropy": 1.9201151519464983,
          "rt_area": 8,
          "size": 2
        },
        "size_3_region_0": {
          "region": [
            0,
            1,
            2
          ],
          "entropy": 2.1349976425523023,
          "rt_area": 9,
          "size": 3
        },
        "size_3_region_1": {
          "region": [
            0,
            1,
            3
          ],
          "entropy": 2.1349976425523036,
          "rt_area": 9,
          "size": 3
        },
        "size_3_region_2": {
          "region": [
            0,
            1,
            4
          ],
          "entropy": 2.1349976425523027,
          "rt_area": 9,
          "size": 3
        },
        "size_4_region_0": {
          "region": [
            0,
            1,
            2,
            3
          ],
          "entropy": 1.9201151519465007,
          "rt_area": 8,
          "size": 4
        },
        "size_4_region_1": {
          "region": [
            0,
            1,
            2,
            4
          ],
          "entropy": 1.5704377669843612,
          "rt_area": 8,
          "size": 4
        },
        "size_4_region_2": {
          "region": [
            0,
            1,
            2,
            5
          ],
          "entropy": 1.920115151946501,
          "rt_area": 8,
          "size": 4
        },
        "size_5_region_0": {
          "region": [
            0,
            1,
            2,
            3,
            4
          ],
          "entropy": 0.9990686803617785,
          "rt_area": 5,
          "size": 5
        },
        "size_5_region_1": {
          "region": [
            0,
            1,
            2,
            3,
            5
          ],
          "entropy": 0.9962713464598989,
          "rt_area": 5,
          "size": 5
        },
        "size_5_region_2": {
          "region": [
            0,
            1,
            2,
            4,
            5
          ],
          "entropy": 0.9990686803617789,
          "rt_area": 5,
          "size": 5
        }
      }
    }
  ],
  "distance_matrix_per_timestep": [
    [
      [
        0.0,
        2.8645379856421145,
        0.7847761833806488,
        2.8645379856421225,
        0.7847761833806478,
        2.8645379856421145
      ],
      [
        2.8645379856421145,
        0.0,
        2.8645379856421145,
        5.7290759712842245,
        2.8645379856421105,
        5.729075971284221
      ],
      [
        0.7847761833806488,
        2.8645379856421145,
        0.0,
        2.8645379856421105,
        0.7847761833806595,
        2.8645379856421145
      ],
      [
        2.8645379856421225,
        5.7290759712842245,
        2.8645379856421105,
        0.0,
        2.8645379856421225,
        5.7290759712842245
      ],
      [
        0.7847761833806478,
        2.8645379856421105,
        0.7847761833806595,
        2.8645379856421225,
        0.0,
        2.8645379856421105
      ],
      [
        2.8645379856421145,
        5.729075971284221,
        2.8645379856421145,
        5.7290759712842245,
        2.8645379856421105,
        0.0
      ]
    ],
    [
      [
        0.0,
        1.3064763956165841,
        0.6524860021694132,
        1.3064763956165832,
        0.652486002169414,
        1.3064763956165817
      ],
      [
        1.3064763956165841,
        0.0,
        1.3064763956165841,
        2.6129527912331607,
        1.3064763956165792,
        2.6129527912331607
      ],
      [
        0.6524860021694132,
        1.3064763956165841,
        0.0,
        1.3064763956165832,
        0.6524860021694135,
        1.3064763956165832
      ],
      [
        1.3064763956165832,
        2.6129527912331607,
        1.3064763956165832,
        0.0,
        1.3064763956165817,
        2.6129527912331634
      ],
      [
        0.652486002169414,
        1.3064763956165792,
        0.6524860021694135,
        1.3064763956165817,
        0.0,
        1.3064763956165817
      ],
      [
        1.3064763956165817,
        2.6129527912331607,
        1.3064763956165832,
        2.6129527912331634,
        1.3064763956165817,
        0.0
      ]
    ],
    [
      [
        0.0,
        2.5872733198084545,
        0.6149888761130662,
        2.5872733198084603,
        0.6149888761130633,
        2.587273319808457
      ],
      [
        2.5872733198084545,
        0.0,
        2.587273319808457,
        5.1745466396169,
        2.5872733198084457,
        5.174546639616894
      ],
      [
        0.6149888761130662,
        2.587273319808457,
        0.0,
        2.5872733198084545,
        0.6149888761130629,
        2.587273319808457
      ],
      [
        2.5872733198084603,
        5.1745466396169,
        2.5872733198084545,
        0.0,
        2.5872733198084545,
        5.174546639616903
      ],
      [
        0.6149888761130633,
        2.5872733198084457,
        0.6149888761130629,
        2.5872733198084545,
        0.0,
        2.5872733198084483
      ],
      [
        2.587273319808457,
        5.174546639616894,
        2.587273319808457,
        5.174546639616903,
        2.5872733198084483,
        0.0
      ]
    ]
  ],
  "edge_mi": {
    "0,1": 0.07522487487517004,
    "0,5": 0.07522487487516982,
    "0,2": 0.5406469093709576,
    "0,4": 0.5406469093709592,
    "0,3": 0.0752248748751696,
    "1,2": 0.07522487487516982,
    "1,4": 0.07522487487517071,
    "2,3": 0.07522487487517004,
    "2,4": 0.5406469093709594,
    "2,5": 0.07522487487516982,
    "3,4": 0.07522487487517004,
    "4,5": 0.07522487487517049
  },
  "distance_matrix": [
    [
      0.0,
      2.5872733198084545,
      0.6149888761130662,
      2.5872733198084603,
      0.6149888761130633,
      2.587273319808457
    ],
    [
      2.5872733198084545,
      0.0,
      2.587273319808457,
      0.8493342136230251,
      2.5872733198084457,
      0.8493342136230251
    ],
    [
      0.6149888761130662,
      2.587273319808457,
      0.0,
      2.5872733198084545,
      0.6149888761130629,
      2.587273319808457
    ],
    [
      2.5872733198084603,
      0.8493342136230251,
      2.5872733198084545,
      0.0,
      2.5872733198084545,
      0.8493342136230256
    ],
    [
      0.6149888761130633,
      2.5872733198084457,
      0.6149888761130629,
      2.5872733198084545,
      0.0,
      2.5872733198084483
    ],
    [
      2.587273319808457,
      0.8493342136230251,
      2.587273319808457,
      0.8493342136230256,
      2.5872733198084483,
      0.0
    ]
  ],
  "shortest_paths": {
    "0": {
      "0": 0,
      "4": 0.6149888761130633,
      "2": 0.6149888761130662,
      "1": 2.5872733198084545,
      "5": 2.587273319808457,
      "3": 2.5872733198084603
    },
    "1": {
      "1": 0,
      "3": 0.8493342136230251,
      "5": 0.8493342136230251,
      "4": 2.5872733198084457,
      "0": 2.5872733198084545,
      "2": 2.587273319808457
    },
    "2": {
      "2": 0,
      "4": 0.6149888761130629,
      "0": 0.6149888761130662,
      "3": 2.5872733198084545,
      "1": 2.587273319808457,
      "5": 2.587273319808457
    },
    "3": {
      "3": 0,
      "1": 0.8493342136230251,
      "5": 0.8493342136230256,
      "2": 2.5872733198084545,
      "4": 2.5872733198084545,
      "0": 2.5872733198084603
    },
    "4": {
      "4": 0,
      "2": 0.6149888761130629,
      "0": 0.6149888761130633,
      "1": 2.5872733198084457,
      "5": 2.5872733198084483,
      "3": 2.5872733198084545
    },
    "5": {
      "5": 0,
      "1": 0.8493342136230251,
      "3": 0.8493342136230256,
      "4": 2.5872733198084483,
      "0": 2.587273319808457,
      "2": 2.587273319808457
    }
  },
  "gromov_delta": 2.279778881751926,
  "mean_distance": 1.5376905081935754,
  "angle_sums": [
    1.4474931417985082,
    1.0235266705024686,
    1.4474931417985144,
    1.0235266705024686,
    1.4474931417985082,
    2.023294060386559,
    1.4474931417985082,
    1.4474931417985144,
    1.0235266705024677,
    1.4474931417984263,
    1.0235266705024686,
    1.4474931417984278,
    1.0235266705024681,
    1.0235266705024684,
    1.4815443278008307,
    1.0235266705024124,
    1.4474931417985157,
    1.0235266705024677,
    1.4474931417984271,
    1.0235266705023562
  ],
  "mean_angle_sum": 1.2872008349447892,
  "min_angle_sum": 1.0235266705023562,
  "max_angle_sum": 2.023294060386559,
  "angle_sum_deviations": [
    -1.694099511791285,
    -2.1180659830873245,
    -1.6940995117912787,
    -2.1180659830873245,
    -1.694099511791285,
    -1.1182985932032343,
    -1.694099511791285,
    -1.6940995117912787,
    -2.1180659830873254,
    -1.6940995117913669,
    -2.1180659830873245,
    -1.6940995117913653,
    -2.118065983087325,
    -2.118065983087325,
    -1.6600483257889624,
    -2.118065983087381,
    -1.6940995117912774,
    -2.1180659830873254,
    -1.694099511791366,
    -2.118065983087437
  ],
  "triangle_inequality_violations": [],
  "embedding_coords": [
    [
      272.78932995922446,
      73.87844003172835
    ],
    [
      -272.36579207005127,
      -75.47083511898649
    ],
    [
      272.50934356174827,
      74.90306976900422
    ],
    [
      -272.74099704088434,
      -73.9474185426003
    ],
    [
      272.99282317827783,
      73.12041342919841
    ],
    [
      -273.1847075883149,
      -72.4836695683442
    ]
  ],
  "embedding_coords_3d": [
    [
      37.661415955327094,
      278.65070227051405,
      -28.41097857075217
    ],
    [
      -37.522947622033236,
      -278.77367614618845,
      27.391593479118747
    ],
    [
      36.847219495491316,
      278.7158739079436,
      -28.833414338874793
    ],
    [
      -36.659236083086476,
      -278.60897043916606,
      30.103415537339096
    ],
    [
      38.38295808939934,
      278.45358561827936,
      -29.36026143496726
    ],
    [
      -38.70940983509803,
      -278.43751521138245,
      29.10964532813637
    ]
  ],
  "edge_weight_variance": 0.10426871182222222,
  "event_nodes": [
    [
      0,
      0
    ],
    [
      1,
      0
    ],
    [
      2,
      0
    ],
    [
      3,
      0
    ],
    [
      4,
      0
    ],
    [
      5,
      0
    ],
    [
      0,
      1
    ],
    [
      1,
      1
    ],
    [
      2,
      1
    ],
    [
      3,
      1
    ],
    [
      4,
      1
    ],
    [
      5,
      1
    ],
    [
      0,
      2
    ],
    [
      1,
      2
    ],
    [
      2,
      2
    ],
    [
      3,
      2
    ],
    [
      4,
      2
    ],
    [
      5,
      2
    ]
  ],
  "event_edges": [
    {
      "type": "spatial",
      "from": [
        0,
        0
      ],
      "to": [
        1,
        0
      ],
      "weight": 2.8645379856421145
    },
    {
      "type": "spatial",
      "from": [
        0,
        0
      ],
      "to": [
        2,
        0
      ],
      "weight": 0.7847761833806488
    },
    {
      "type": "spatial",
      "from": [
        0,
        0
      ],
      "to": [
        3,
        0
      ],
      "weight": 2.8645379856421225
    },
    {
      "type": "spatial",
      "from": [
        0,
        0
      ],
      "to": [
        4,
        0
      ],
      "weight": 0.7847761833806478
    },
    {
      "type": "spatial",
      "from": [
        0,
        0
      ],
      "to": [
        5,
        0
      ],
      "weight": 2.8645379856421145
    },
    {
      "type": "spatial",
      "from": [
        1,
        0
      ],
      "to": [
        2,
        0
      ],
      "weight": 2.8645379856421145
    },
    {
      "type": "spatial",
      "from": [
        1,
        0
      ],
      "to": [
        3,
        0
      ],
      "weight": 5.7290759712842245
    },
    {
      "type": "spatial",
      "from": [
        1,
        0
      ],
      "to": [
        4,
        0
      ],
      "weight": 2.8645379856421105
    },
    {
      "type": "spatial",
      "from": [
        1,
        0
      ],
      "to": [
        5,
        0
      ],
      "weight": 5.729075971284221
    },
    {
      "type": "spatial",
      "from": [
        2,
        0
      ],
      "to": [
        3,
        0
      ],
      "weight": 2.8645379856421105
    },
    {
      "type": "spatial",
      "from": [
        2,
        0
      ],
      "to": [
        4,
        0
      ],
      "weight": 0.7847761833806595
    },
    {
      "type": "spatial",
      "from": [
        2,
        0
      ],
      "to": [
        5,
        0
      ],
      "weight": 2.8645379856421145
    },
    {
      "type": "spatial",
      "from": [
        3,
        0
      ],
      "to": [
        4,
        0
      ],
      "weight": 2.8645379856421225
    },
    {
      "type": "spatial",
      "from": [
        3,
        0
      ],
      "to": [
        5,
        0
      ],
      "weight": 5.7290759712842245
    },
    {
      "type": "spatial",
      "from": [
        4,
        0
      ],
      "to": [
        5,
        0
      ],
      "weight": 2.8645379856421105
    },
    {
      "type": "temporal",
      "from": [
        0,
        0
      ],
      "to": [
        0,
        1
      ],
      "weight": 1.0
    },
    {
      "type": "temporal",
      "from": [
        1,
        0
      ],
      "to": [
        1,
        1
      ],
      "weight": 1.0
    },
    {
      "type": "temporal",
      "from": [
        2,
        0
      ],
      "to": [
        2,
        1
      ],
      "weight": 1.0
    },
    {
      "type": "temporal",
      "from": [
        3,
        0
      ],
      "to": [
        3,
        1
      ],
      "weight": 1.0
    },
    {
      "type": "temporal",
      "from": [
        4,
        0
      ],
      "to": [
        4,
        1
      ],
      "weight": 1.0
    },
    {
      "type": "temporal",
      "from": [
        5,
        0
      ],
      "to": [
        5,
        1
      ],
      "weight": 1.0
    },
    {
      "type": "spatial",
      "from": [
        0,
        1
      ],
      "to": [
        1,
        1
      ],
      "weight": 1.3064763956165841
    },
    {
      "type": "spatial",
      "from": [
        0,
        1
      ],
      "to": [
        2,
        1
      ],
      "weight": 0.6524860021694132
    },
    {
      "type": "spatial",
      "from": [
        0,
        1
      ],
      "to": [
        3,
        1
      ],
      "weight": 1.3064763956165832
    },
    {
      "type": "spatial",
      "from": [
        0,
        1
      ],
      "to": [
        4,
        1
      ],
      "weight": 0.652486002169414
    },
    {
      "type": "spatial",
      "from": [
        0,
        1
      ],
      "to": [
        5,
        1
      ],
      "weight": 1.3064763956165817
    },
    {
      "type": "spatial",
      "from": [
        1,
        1
      ],
      "to": [
        2,
        1
      ],
      "weight": 1.3064763956165841
    },
    {
      "type": "spatial",
      "from": [
        1,
        1
      ],
      "to": [
        3,
        1
      ],
      "weight": 2.6129527912331607
    },
    {
      "type": "spatial",
      "from": [
        1,
        1
      ],
      "to": [
        4,
        1
      ],
      "weight": 1.3064763956165792
    },
    {
      "type": "spatial",
      "from": [
        1,
        1
      ],
      "to": [
        5,
        1
      ],
      "weight": 2.6129527912331607
    },
    {
      "type": "spatial",
      "from": [
        2,
        1
      ],
      "to": [
        3,
        1
      ],
      "weight": 1.3064763956165832
    },
    {
      "type": "spatial",
      "from": [
        2,
        1
      ],
      "to": [
        4,
        1
      ],
      "weight": 0.6524860021694135
    },
    {
      "type": "spatial",
      "from": [
        2,
        1
      ],
      "to": [
        5,
        1
      ],
      "weight": 1.3064763956165832
    },
    {
      "type": "spatial",
      "from": [
        3,
        1
      ],
      "to": [
        4,
        1
      ],
      "weight": 1.3064763956165817
    },
    {
      "type": "spatial",
      "from": [
        3,
        1
      ],
      "to": [
        5,
        1
      ],
      "weight": 2.6129527912331634
    },
    {
      "type": "spatial",
      "from": [
        4,
        1
      ],
      "to": [
        5,
        1
      ],
      "weight": 1.3064763956165817
    },
    {
      "type": "temporal",
      "from": [
        0,
        1
      ],
      "to": [
        0,
        2
      ],
      "weight": 1.0
    },
    {
      "type": "temporal",
      "from": [
        1,
        1
      ],
      "to": [
        1,
        2
      ],
      "weight": 1.0
    },
    {
      "type": "temporal",
      "from": [
        2,
        1
      ],
      "to": [
        2,
        2
      ],
      "weight": 1.0
    },
    {
      "type": "temporal",
      "from": [
        3,
        1
      ],
      "to": [
        3,
        2
      ],
      "weight": 1.0
    },
    {
      "type": "temporal",
      "from": [
        4,
        1
      ],
      "to": [
        4,
        2
      ],
      "weight": 1.0
    },
    {
      "type": "temporal",
      "from": [
        5,
        1
      ],
      "to": [
        5,
        2
      ],
      "weight": 1.0
    },
    {
      "type": "spatial",
      "from": [
        0,
        2
      ],
      "to": [
        1,
        2
      ],
      "weight": 2.5872733198084545
    },
    {
      "type": "spatial",
      "from": [
        0,
        2
      ],
      "to": [
        2,
        2
      ],
      "weight": 0.6149888761130662
    },
    {
      "type": "spatial",
      "from": [
        0,
        2
      ],
      "to": [
        3,
        2
      ],
      "weight": 2.5872733198084603
    },
    {
      "type": "spatial",
      "from": [
        0,
        2
      ],
      "to": [
        4,
        2
      ],
      "weight": 0.6149888761130633
    },
    {
      "type": "spatial",
      "from": [
        0,
        2
      ],
      "to": [
        5,
        2
      ],
      "weight": 2.587273319808457
    },
    {
      "type": "spatial",
      "from": [
        1,
        2
      ],
      "to": [
        2,
        2
      ],
      "weight": 2.587273319808457
    },
    {
      "type": "spatial",
      "from": [
        1,
        2
      ],
      "to": [
        3,
        2
      ],
      "weight": 5.1745466396169
    },
    {
      "type": "spatial",
      "from": [
        1,
        2
      ],
      "to": [
        4,
        2
      ],
      "weight": 2.5872733198084457
    },
    {
      "type": "spatial",
      "from": [
        1,
        2
      ],
      "to": [
        5,
        2
      ],
      "weight": 5.174546639616894
    },
    {
      "type": "spatial",
      "from": [
        2,
        2
      ],
      "to": [
        3,
        2
      ],
      "weight": 2.5872733198084545
    },
    {
      "type": "spatial",
      "from": [
        2,
        2
      ],
      "to": [
        4,
        2
      ],
      "weight": 0.6149888761130629
    },
    {
      "type": "spatial",
      "from": [
        2,
        2
      ],
      "to": [
        5,
        2
      ],
      "weight": 2.587273319808457
    },
    {
      "type": "spatial",
      "from": [
        3,
        2
      ],
      "to": [
        4,
        2
      ],
      "weight": 2.5872733198084545
    },
    {
      "type": "spatial",
      "from": [
        3,
        2
      ],
      "to": [
        5,
        2
      ],
      "weight": 5.174546639616903
    },
    {
      "type": "spatial",
      "from": [
        4,
        2
      ],
      "to": [
        5,
        2
      ],
      "weight": 2.5872733198084483
    }
  ],
  "lorentzian_dissimilarity": [
    [
      0.0,
      8.205577871186582,
      0.6158736580014977,
      8.205577871186629,
      0.6158736580014962,
      8.205577871186582,
      -1.0,
      7.205577871186582,
      -0.38412634199850226,
      7.2055778711866285,
      -0.3841263419985038,
      7.205577871186582,
      -4.0,
      4.205577871186582,
      -3.384126341998502,
      4.2055778711866285,
      -3.384126341998504,
      4.205577871186582
    ],
    [
      8.205577871186582,
      0.0,
      8.205577871186582,
      32.82231148474628,
      8.20557787118656,
      32.82231148474624,
      7.205577871186582,
      -1.0,
      7.205577871186582,
      31.82231148474628,
      7.205577871186559,
      31.822311484746237,
      4.205577871186582,
      -4.0,
      4.205577871186582,
      28.82231148474628,
      4.205577871186559,
      28.822311484746237
    ],
    [
      0.6158736580014977,
      8.205577871186582,
      0.0,
      8.20557787118656,
      0.6158736580015145,
      8.205577871186582,
      -0.38412634199850226,
      7.205577871186582,
      -1.0,
      7.205577871186559,
      -0.3841263419984855,
      7.205577871186582,
      -3.384126341998502,
      4.205577871186582,
      -4.0,
      4.205577871186559,
      -3.3841263419984857,
      4.205577871186582
    ],
    [
      8.205577871186629,
      32.82231148474628,
      8.20557787118656,
      0.0,
      8.205577871186629,
      32.82231148474628,
      7.2055778711866285,
      31.82231148474628,
      7.205577871186559,
      -1.0,
      7.2055778711866285,
      31.82231148474628,
      4.2055778711866285,
      28.82231148474628,
      4.205577871186559,
      -4.0,
      4.2055778711866285,
      28.82231148474628
    ],
    [
      0.6158736580014962,
      8.20557787118656,
      0.6158736580015145,
      8.205577871186629,
      0.0,
      8.20557787118656,
      -0.3841263419985038,
      7.205577871186559,
      -0.3841263419984855,
      7.2055778711866285,
      -1.0,
      7.205577871186559,
      -3.384126341998504,
      4.205577871186559,
      -3.3841263419984857,
      4.2055778711866285,
      -4.0,
      4.205577871186559
    ],
    [
      8.205577871186582,
      32.82231148474624,
      8.205577871186582,
      32.82231148474628,
      8.20557787118656,
      0.0,
      7.205577871186582,
      31.822311484746237,
      7.205577871186582,
      31.82231148474628,
      7.205577871186559,
      -1.0,
      4.205577871186582,
      28.822311484746237,
      4.205577871186582,
      28.82231148474628,
      4.205577871186559,
      -4.0
    ],
    [
      -1.0,
      7.205577871186582,
      -0.38412634199850226,
      7.2055778711866285,
      -0.3841263419985038,
      7.205577871186582,
      0.0,
      1.7068805723033011,
      0.4257379830270235,
      1.706880572303299,
      0.42573798302702454,
      1.706880572303295,
      -1.0,
      0.7068805723033011,
      -0.5742620169729765,
      0.7068805723032989,
      -0.5742620169729755,
      0.7068805723032949
    ],
    [
      7.205577871186582,
      -1.0,
      7.205577871186582,
      31.82231148474628,
      7.205577871186559,
      31.822311484746237,
      1.7068805723033011,
      0.0,
      1.7068805723033011,
      6.8275222892131655,
      1.7068805723032885,
      6.8275222892131655,
      0.7068805723033011,
      -1.0,
      0.7068805723033011,
      5.8275222892131655,
      0.7068805723032885,
      5.8275222892131655
    ],
    [
      -0.38412634199850226,
      7.205577871186582,
      -1.0,
      7.205577871186559,
      -0.3841263419984855,
      7.205577871186582,
      0.4257379830270235,
      1.7068805723033011,
      0.0,
      1.706880572303299,
      0.4257379830270239,
      1.706880572303299,
      -0.5742620169729765,
      0.7068805723033011,
      -1.0,
      0.7068805723032989,
      -0.5742620169729761,
      0.7068805723032989
    ],
    [
      7.2055778711866285,
      31.82231148474628,
      7.205577871186559,
      -1.0,
      7.2055778711866285,
      31.82231148474628,
      1.706880572303299,
      6.8275222892131655,
      1.706880572303299,
      0.0,
      1.706880572303295,
      6.82752228921318,
      0.7068805723032989,
      5.8275222892131655,
      0.7068805723032989,
      -1.0,
      0.7068805723032949,
      5.82752228921318
    ],
    [
      -0.3841263419985038,
      7.205577871186559,
      -0.3841263419984855,
      7.2055778711866285,
      -1.0,
      7.205577871186559,
      0.42573798302702454,
      1.7068805723032885,
      0.4257379830270239,
      1.706880572303295,
      0.0,
      1.706880572303295,
      -0.5742620169729755,
      0.7068805723032885,
      -0.5742620169729761,
      0.7068805723032949,
      -1.0,
      0.7068805723032949
    ],
    [
      7.205577871186582,
      31.822311484746237,
      7.205577871186582,
      31.82231148474628,
      7.205577871186559,
      -1.0,
      1.706880572303295,
      6.8275222892131655,
      1.706880572303299,
      6.82752228921318,
      1.706880572303295,
      0.0,
      0.7068805723032949,
      5.8275222892131655,
      0.7068805723032989,
      5.82752228921318,
      0.7068805723032949,
      -1.0
    ],
    [
      -4.0,
      4.205577871186582,
      -3.384126341998502,
      4.2055778711866285,
      -3.384126341998504,
      4.205577871186582,
      -1.0,
      0.7068805723033011,
      -0.5742620169729765,
      0.7068805723032989,
      -0.5742620169729755,
      0.7068805723032949,
      0.0,
      6.693983231392662,
      0.37821131774281225,
      6.693983231392691,
      0.3782113177428087,
      6.693983231392675
    ],
    [
      4.205577871186582,
      -4.0,
      4.205577871186582,
      28.82231148474628,
      4.205577871186559,
      28.822311484746237,
      0.7068805723033011,
      -1.0,
      0.7068805723033011,
      5.8275222892131655,
      0.7068805723032885,
      5.8275222892131655,
      6.693983231392662,
      0.0,
      6.693983231392675,
      26.775932925570554,
      6.6939832313926155,
      26.77593292557049
    ],
    [
      -3.384126341998502,
      4.205577871186582,
      -4.0,
      4.205577871186559,
      -3.3841263419984857,
      4.205577871186582,
      -0.5742620169729765,
      0.7068805723033011,
      -1.0,
      0.7068805723032989,
      -0.5742620169729761,
      0.7068805723032989,
      0.37821131774281225,
      6.693983231392675,
      0.0,
      6.693983231392662,
      0.3782113177428082,
      6.693983231392675
    ],
    [
      4.2055778711866285,
      28.82231148474628,
      4.205577871186559,
      -4.0,
      4.2055778711866285,
      28.82231148474628,
      0.7068805723032989,
      5.8275222892131655,
      0.7068805723032989,
      -1.0,
      0.7068805723032949,
      5.82752228921318,
      6.693983231392691,
      26.775932925570554,
      6.693983231392662,
      0.0,
      6.693983231392662,
      26.775932925570583
    ],
    [
      -3.384126341998504,
      4.205577871186559,
      -3.3841263419984857,
      4.2055778711866285,
      -4.0,
      4.205577871186559,
      -0.5742620169729755,
      0.7068805723032885,
      -0.5742620169729761,
      0.7068805723032949,
      -1.0,
      0.7068805723032949,
      0.3782113177428087,
      6.6939832313926155,
      0.3782113177428082,
      6.693983231392662,
      0.0,
      6.69398323139263
    ],
    [
      4.205577871186582,
      28.822311484746237,
      4.205577871186582,
      28.82231148474628,
      4.205577871186559,
      -4.0,
      0.7068805723032949,
      5.8275222892131655,
