{
  "spec": {
    "num_qubits": 4,
    "topology": "triangulated",
    "custom_edges": "0-1:0.8196,0-2:0.6282,0-3:0.8651,1-2:1.0000,1-3:0.5993,2-3:0.5993",
    "alpha": 0.8,
    "weight": 0.6698780097888735,
    "gamma": 0.17471360091871962,
    "sigma": 0.22986965721182742,
    "init_angle": 0.06932529761096413,
    "init_angles": null,
    "shots": 500,
    "device": "ibm_brisbane",
    "geometry": "spherical",
    "curvature": 4.5,
    "timesteps": 3,
    "dimension": 2,
    "mass_hinge": null,
    "mass_value": 0.0,
    "solve_regge": false,
    "lorentzian": true,
    "excite": true,
    "fast": true,
    "fast_preset": "ultra_fast",
    "ctc_mode": false,
    "ctc_perturbation": null,
    "ctc_perturbation_strength": 1.0,
    "test_ctc_recovery": false,
    "strong_curvature": true,
    "charge_injection": true,
    "charge_strength": 2.5,
    "charge_location": null,
    "spin_injection": true,
    "spin_strength": 2.0,
    "spin_location": null,
    "edge_floor": 0.001,
    "compute_entropies": true,
    "hyperbolic_triangulation": true,
    "trotter_steps": 8,
    "dt": 0.05,
    "analyze_curvature": true,
    "einstein_solver": true,
    "page_curve": true,
    "radiation_ordering": null,
    "page_curve_timesteps": 15,
    "entropy_method": "hybrid",
    "num_shadows": 100,
    "shots_per_shadow": 1000,
    "num_bases": 20,
    "shots_per_basis": 1000,
    "enhanced_entanglement": false,
    "entanglement_strength": 1.3752555755815585,
    "interpolate_geometry": false,
    "smooth_charge_injection": false,
    "min_qubits_for_continuum": 10,
    "benchmark_against_classical_geometry": false,
    "geometry_fit_metric": "wasserstein,kl,euclidean",
    "verify_noise_robustness": false,
    "run_on_multiple_backends": false,
    "detect_and_flag_causal_loops": true,
    "restrict_information_flow_direction": "bidirectional",
    "filter_noncausal_edges": true,
    "use_ryu_takayanagi_test": true,
    "compare_MI_vs_subsystem_entropy": true,
    "embed_boundary_entropy_in_geometry": true,
    "entropy_engineering": true,
    "target_entropy_pattern": "quantum_gravity",
    "custom_target_entropies": null,
    "entropy_optimization_iterations": 200,
    "entropy_tolerance": 0.05,
    "continue_on_engineering_failure": true,
    "skip_entropy_engineering": false,
    "validate_engineered_geometry": true,
    "enhance_bell_violations": true,
    "bell_entanglement_strength": 4.0,
    "teleportation_circuits": true,
    "long_range_coupling": 3.0,
    "holographic_optimization": true,
    "rt_surface_encoding": true,
    "conformal_symmetry": true,
    "bulk_reconstruction": true,
    "scalable_entanglement": true,
    "parallel_execution": true,
    "memory_optimization": true,
    "circuit_compilation": "optimized",
    "real_hardware": false,
    "error_mitigation": true,
    "zero_noise_extrapolation": true,
    "zne_noise_factors": [
      1.0,
      2.0,
      3.0
    ],
    "zne_extrapolation_method": "polynomial",
    "hardware_calibration": true,
    "noise_characterization": true,
    "backend_name": "ibm_brisbane",
    "quantum_mode": true,
    "quantum_entanglement_strength": 5.0,
    "quantum_circuit_depth": 12,
    "geometric_teleportation": false,
    "teleportation_mode": "both",
    "bridge_strength": 1.0,
    "signal_state": "+",
    "emergent_geometry_teleportation": false,
    "teleportation_node_pairs": "auto",
    "teleportation_embedding_dim": 2,
    "teleportation_fidelity_threshold": 0.7,
    "superposition_gravity": true,
    "massive_bulk_mass_hinge": "2",
    "massive_bulk_mass_value": 1.0,
    "massless_bulk_mass_hinge": "None",
    "massless_bulk_mass_value": 0.0,
    "superposition_control_qubit": 0,
    "superposition_phase": 0.0,
    "interference_analysis": true,
    "classical_mixture_comparison": true,
    "coherence_preservation": true,
    "bulk_reconstruction_method": "mi_embedding"
  },
  "uid": "2BCT0B",
  "counts_per_timestep": [
    {
      "0001": 34,
      "1011": 28,
      "0110": 40,
      "1001": 32,
      "1111": 42,
      "1101": 40,
      "0000": 32,
      "0101": 37,
      "0011": 39,
      "0100": 27,
      "0111": 26,
      "1010": 22,
      "1100": 21,
      "1000": 33,
      "1110": 18,
      "0010": 29
    },
    {
      "1000": 30,
      "0010": 29,
      "0001": 47,
      "1010": 27,
      "0100": 26,
      "1011": 37,
      "0101": 42,
      "0000": 32,
      "1111": 24,
      "1110": 29,
      "0110": 27,
      "0111": 30,
      "1001": 31,
      "1101": 37,
      "0011": 34,
      "1100": 18
    },
    {
      "0011": 38,
      "0100": 26,
      "0111": 39,
      "0101": 34,
      "0001": 23,
      "1110": 36,
      "1001": 35,
      "1000": 30,
      "1101": 25,
      "0010": 31,
      "0000": 32,
      "1011": 33,
      "1111": 37,
      "1010": 23,
      "1100": 36,
      "0110": 22
    }
  ],
  "job_ids_per_timestep": [
    "d27tbgpogaas73ct78hg",
    "d27tbi1ogaas73ct78jg",
    "d27tbj929u8s73f8klcg"
  ],
  "entropy_per_timestep": [
    3.961711531914753,
    3.9660926439575284,
    3.9762124020461984
  ],
  "mutual_information_per_timestep": [
    {
      "I_0,1": 1.4295929938635751e-05,
      "I_0,2": 0.0009607494727134399,
      "I_0,3": 0.0037884431347094613,
      "I_1,2": 0.000394979951939641,
      "I_1,3": 0.0008581590036300362,
      "I_2,3": 0.0002051671685235363
    },
    {
      "I_0,1": 1.4295929938635751e-05,
      "I_0,2": 0.0009607494727134399,
      "I_0,3": 0.0037884431347094613,
      "I_1,2": 0.000394979951939641,
      "I_1,3": 0.0008581590036300362,
      "I_2,3": 0.0002051671685235363
    },
    {
      "I_0,1": 1.4295929938635751e-05,
      "I_0,2": 0.0009607494727134399,
      "I_0,3": 0.0037884431347094613,
      "I_1,2": 0.000394979951939641,
      "I_1,3": 0.0008581590036300362,
      "I_2,3": 0.0002051671685235363
    }
  ],
  "boundary_entropies_per_timestep": [
    {
      "entropy_A": -0.0,
      "entropy_B": -0.0,
      "mi_AB": 0.0,
      "pure_state_check": true,
      "entropy_difference": 0.0,
      "multiple_regions": {
        "size_1_region_0": {
          "region": [
            0
          ],
          "entropy": 0.6915783599888489,
          "rt_area": 3,
          "size": 1
        },
        "size_1_region_1": {
          "region": [
            1
          ],
          "entropy": 0.6931391805386118,
          "rt_area": 3,
          "size": 1
        },
        "size_2_region_0": {
          "region": [
            0,
            1
          ],
          "entropy": 0.5812594319855474,
          "rt_area": 4,
          "size": 2
        },
        "size_2_region_1": {
          "region": [
            0,
            2
          ],
          "entropy": 0.5730569171314204,
          "rt_area": 4,
          "size": 2
        },
        "size_3_region_0": {
          "region": [
            0,
            1,
            2
          ],
          "entropy": 0.39017101687555217,
          "rt_area": 3,
          "size": 3
        },
        "size_3_region_1": {
          "region": [
            0,
            1,
            3
          ],
          "entropy": 0.3708910023130473,
          "rt_area": 3,
          "size": 3
        }
      }
    },
    {
      "entropy_A": -0.0,
      "entropy_B": -0.0,
      "mi_AB": 0.0,
      "pure_state_check": true,
      "entropy_difference": 0.0,
      "multiple_regions": {
        "size_1_region_0": {
          "region": [
            0
          ],
          "entropy": 0.690833395474842,
          "rt_area": 3,
          "size": 1
        },
        "size_1_region_1": {
          "region": [
            1
          ],
          "entropy": 0.690833395474842,
          "rt_area": 3,
          "size": 1
        },
        "size_2_region_0": {
          "region": [
            0,
            1
          ],
          "entropy": 0.5966915958005322,
          "rt_area": 4,
          "size": 2
        },
        "size_2_region_1": {
          "region": [
            0,
            2
          ],
          "entropy": 0.6056944697143358,
          "rt_area": 4,
          "size": 2
        },
        "size_3_region_0": {
          "region": [
            0,
            1,
            2
          ],
          "entropy": 0.4363384917718372,
          "rt_area": 3,
          "size": 3
        },
        "size_3_region_1": {
          "region": [
            0,
            1,
            3
          ],
          "entropy": 0.3708910023130473,
          "rt_area": 3,
          "size": 3
        }
      }
    },
    {
      "entropy_A": -0.0,
      "entropy_B": -0.0,
      "mi_AB": 0.0,
      "pure_state_check": true,
      "entropy_difference": 0.0,
      "multiple_regions": {
        "size_1_region_0": {
          "region": [
            0
          ],
          "entropy": 0.6929471672244782,
          "rt_area": 3,
          "size": 1
        },
        "size_1_region_1": {
          "region": [
            1
          ],
          "entropy": 0.6929471672244782,
          "rt_area": 3,
          "size": 1
        },
        "size_2_region_0": {
          "region": [
            0,
            1
          ],
          "entropy": 0.560127234322942,
          "rt_area": 4,
          "size": 2
        },
        "size_2_region_1": {
          "region": [
            0,
            2
          ],
          "entropy": 0.5392763414970504,
          "rt_area": 4,
          "size": 2
        },
        "size_3_region_0": {
          "region": [
            0,
            1,
            2
          ],
          "entropy": 0.34651533691866615,
          "rt_area": 3,
          "size": 3
        },
        "size_3_region_1": {
          "region": [
            0,
            1,
            3
          ],
          "entropy": 0.37871151038331285,
          "rt_area": 3,
          "size": 3
        }
      }
    }
  ],
  "distance_matrix_per_timestep": [
    [
      [
        0.0,
        11.155535680886102,
        6.947796877347533,
        5.575800126680563
      ],
      [
        11.155535680886102,
        0.0,
        7.836675548934397,
        16.32836100385167
      ],
      [
        6.947796877347533,
        7.836675548934397,
        0.0,
        8.49168545491727
      ],
      [
        5.575800126680563,
        16.32836100385167,
        8.49168545491727,
        0.0
      ]
    ],
    [
      [
        0.0,
        11.155535680886102,
        6.947796877347533,
        5.575800126680563
      ],
      [
        11.155535680886102,
        0.0,
        7.836675548934397,
        16.32836100385167
      ],
      [
        6.947796877347533,
        7.836675548934397,
        0.0,
        8.49168545491727
      ],
      [
        5.575800126680563,
        16.32836100385167,
        8.49168545491727,
        0.0
      ]
    ],
    [
      [
        0.0,
        11.155535680886102,
        6.947796877347533,
        5.575800126680563
      ],
      [
        11.155535680886102,
        0.0,
        7.836675548934397,
        16.32836100385167
      ],
      [
        6.947796877347533,
        7.836675548934397,
        0.0,
        8.49168545491727
      ],
      [
        5.575800126680563,
        16.32836100385167,
        8.49168545491727,
        0.0
      ]
    ]
  ],
  "edge_mi": {
    "0,1": 1.4295929938635751e-05,
    "0,3": 0.0037884431347094613,
    "0,2": 0.0009607494727134399,
    "1,2": 0.000394979951939641,
    "2,3": 0.0002051671685235363
  },
  "distance_matrix": [
    [
      0.0,
      11.155535680886102,
      6.947796877347533,
      5.575800126680563
    ],
    [
      11.155535680886102,
      0.0,
      7.836675548934397,
      7.060721156729615
    ],
    [
      6.947796877347533,
      7.836675548934397,
      0.0,
      8.49168545491727
    ],
    [
      5.575800126680563,
      7.060721156729615,
      8.49168545491727,
      0.0
    ]
  ],
  "shortest_paths": {
    "0": {
      "0": 0,
      "3": 5.575800126680563,
      "2": 6.947796877347533,
      "1": 11.155535680886102
    },
    "1": {
      "1": 0,
      "3": 7.060721156729615,
      "2": 7.836675548934397,
      "0": 11.155535680886102
    },
    "2": {
      "2": 0,
      "0": 6.947796877347533,
      "1": 7.836675548934397,
      "3": 8.49168545491727
    },
    "3": {
      "3": 0,
      "0": 5.575800126680563,
      "1": 7.060721156729615,
      "2": 8.49168545491727
    }
  },
  "gromov_delta": 6.320228355467577,
  "mean_distance": 5.8835268556869345,
  "angle_sums": [
    4.288521552363862,
    9.42477796076938,
    9.42477796076938,
    5.521493278929885
  ],
  "mean_angle_sum": 7.164892688208126,
  "min_angle_sum": 4.288521552363862,
  "max_angle_sum": 9.42477796076938,
  "angle_sum_deviations": [
    1.1469288987740685,
    6.283185307179586,
    6.283185307179586,
    2.379900625340092
  ],
  "triangle_inequality_violations": [],
  "embedding_coords": null,
  "edge_weight_variance": 0.02347105805555555,
  "event_nodes": [
    [
      0,
      0
    ],
    [
      1,
      0
    ],
    [
      2,
      0
    ],
    [
      3,
      0
    ],
    [
      0,
      1
    ],
    [
      1,
      1
    ],
    [
      2,
      1
    ],
    [
      3,
      1
    ],
    [
      0,
      2
    ],
    [
      1,
      2
    ],
    [
      2,
      2
    ],
    [
      3,
      2
    ]
  ],
  "event_edges": [
    {
      "type": "spatial",
      "from": [
        0,
        0
      ],
      "to": [
        1,
        0
      ],
      "weight": 11.155535680886102
    },
    {
      "type": "spatial",
      "from": [
        0,
        0
      ],
      "to": [
        2,
        0
      ],
      "weight": 6.947796877347533
    },
    {
      "type": "spatial",
      "from": [
        0,
        0
      ],
      "to": [
        3,
        0
      ],
      "weight": 5.575800126680563
    },
    {
      "type": "spatial",
      "from": [
        1,
        0
      ],
      "to": [
        2,
        0
      ],
      "weight": 7.836675548934397
    },
    {
      "type": "spatial",
      "from": [
        1,
        0
      ],
      "to": [
        3,
        0
      ],
      "weight": 16.32836100385167
    },
    {
      "type": "spatial",
      "from": [
        2,
        0
      ],
      "to": [
        3,
        0
      ],
      "weight": 8.49168545491727
    },
    {
      "type": "temporal",
      "from": [
        0,
        0
      ],
      "to": [
        0,
        1
      ],
      "weight": 1.0
    },
    {
      "type": "temporal",
      "from": [
        1,
        0
      ],
      "to": [
        1,
        1
      ],
      "weight": 1.0
    },
    {
      "type": "temporal",
      "from": [
        2,
        0
      ],
      "to": [
        2,
        1
      ],
      "weight": 1.0
    },
    {
      "type": "temporal",
      "from": [
        3,
        0
      ],
      "to": [
        3,
        1
      ],
      "weight": 1.0
    },
    {
      "type": "spatial",
      "from": [
        0,
        1
      ],
      "to": [
        1,
        1
      ],
      "weight": 11.155535680886102
    },
    {
      "type": "spatial",
      "from": [
        0,
        1
      ],
      "to": [
        2,
        1
      ],
      "weight": 6.947796877347533
    },
    {
      "type": "spatial",
      "from": [
        0,
        1
      ],
      "to": [
        3,
        1
      ],
      "weight": 5.575800126680563
    },
    {
      "type": "spatial",
      "from": [
        1,
        1
      ],
      "to": [
        2,
        1
      ],
      "weight": 7.836675548934397
    },
    {
      "type": "spatial",
      "from": [
        1,
        1
      ],
      "to": [
        3,
        1
      ],
      "weight": 16.32836100385167
    },
    {
      "type": "spatial",
      "from": [
        2,
        1
      ],
      "to": [
        3,
        1
      ],
      "weight": 8.49168545491727
    },
    {
      "type": "temporal",
      "from": [
        0,
        1
      ],
      "to": [
        0,
        2
      ],
      "weight": 1.0
    },
    {
      "type": "temporal",
      "from": [
        1,
        1
      ],
      "to": [
        1,
        2
      ],
      "weight": 1.0
    },
    {
      "type": "temporal",
      "from": [
        2,
        1
      ],
      "to": [
        2,
        2
      ],
      "weight": 1.0
    },
    {
      "type": "temporal",
      "from": [
        3,
        1
      ],
      "to": [
        3,
        2
      ],
      "weight": 1.0
    },
    {
      "type": "spatial",
      "from": [
        0,
        2
      ],
      "to": [
        1,
        2
      ],
      "weight": 11.155535680886102
    },
    {
      "type": "spatial",
      "from": [
        0,
        2
      ],
      "to": [
        2,
        2
      ],
      "weight": 6.947796877347533
    },
    {
      "type": "spatial",
      "from": [
        0,
        2
      ],
      "to": [
        3,
        2
      ],
      "weight": 5.575800126680563
    },
    {
      "type": "spatial",
      "from": [
        1,
        2
      ],
      "to": [
        2,
        2
      ],
      "weight": 7.836675548934397
    },
    {
      "type": "spatial",
      "from": [
        1,
        2
      ],
      "to": [
        3,
        2
      ],
      "weight": 16.32836100385167
    },
    {
      "type": "spatial",
      "from": [
        2,
        2
      ],
      "to": [
        3,
        2
      ],
      "weight": 8.49168545491727
    }
  ],
  "lorentzian_dissimilarity": [
    [
      0.0,
      124.44597632752294,
      48.27188144888012,
      31.089547052690982,
      -1.0,
      123.44597632752294,
      47.27188144888012,
      30.089547052690982,
      -4.0,
      120.44597632752294,
      44.27188144888012,
      27.089547052690982
    ],
    [
      124.44597632752294,
      0.0,
      61.413483659266234,
      266.61537307210386,
      123.44597632752294,
      -1.0,
      60.413483659266234,
      265.61537307210386,
      120.44597632752294,
      -4.0,
      57.413483659266234,
      262.61537307210386
    ],
    [
      48.27188144888012,
      61.413483659266234,
      0.0,
      72.10872186525353,
      47.27188144888012,
      60.413483659266234,
      -1.0,
      71.10872186525353,
      44.27188144888012,
      57.413483659266234,
      -4.0,
      68.10872186525353
    ],
    [
      31.089547052690982,
      266.61537307210386,
      72.10872186525353,
      0.0,
      30.089547052690982,
      265.61537307210386,
      71.10872186525353,
      -1.0,
      27.089547052690982,
      262.61537307210386,
      68.10872186525353,
      -4.0
    ],
    [
      -1.0,
      123.44597632752294,
      47.27188144888012,
      30.089547052690982,
      0.0,
      124.44597632752294,
      48.27188144888012,
      31.089547052690982,
      -1.0,
      123.44597632752294,
      47.27188144888012,
      30.089547052690982
    ],
    [
      123.44597632752294,
      -1.0,
      60.413483659266234,
      265.61537307210386,
      124.44597632752294,
      0.0,
      61.413483659266234,
      266.61537307210386,
      123.44597632752294,
      -1.0,
      60.413483659266234,
      265.61537307210386
    ],
    [
      47.27188144888012,
      60.413483659266234,
      -1.0,
      71.10872186525353,
      48.27188144888012,
      61.413483659266234,
      0.0,
      72.10872186525353,
      47.27188144888012,
      60.413483659266234,
      -1.0,
      71.10872186525353
    ],
    [
      30.089547052690982,
      265.61537307210386,
      71.10872186525353,
      -1.0,
      31.089547052690982,
      266.61537307210386,
      72.10872186525353,
      0.0,
      30.089547052690982,
      265.61537307210386,
      71.10872186525353,
      -1.0
    ],
    [
      -4.0,
      120.44597632752294,
      44.27188144888012,
      27.089547052690982,
      -1.0,
      123.44597632752294,
      47.27188144888012,
      30.089547052690982,
      0.0,
      124.44597632752294,
      48.27188144888012,
      31.089547052690982
    ],
    [
      120.44597632752294,
      -4.0,
      57.413483659266234,
      262.61537307210386,
      123.44597632752294,
      -1.0,
      60.413483659266234,
      265.61537307210386,
      124.44597632752294,
      0.0,
      61.413483659266234,
      266.61537307210386
    ],
    [
      44.27188144888012,
      57.413483659266234,
      -4.0,
      68.10872186525353,
      47.27188144888012,
      60.413483659266234,
      -1.0,
      71.10872186525353,
      48.27188144888012,
      61.413483659266234,
      0.0,
      72.10872186525353
    ],
    [
      27.089547052690982,
      262.61537307210386,
      68.10872186525353,
      -4.0,
      30.089547052690982,
      265.61537307210386,
      71.10872186525353,
      -1.0,
      31.089547052690982,
      266.61537307210386,
      72.10872186525353,
      0.0
    ]
  ],
  "lorentzian_embedding": [
    [
      0.0,
      0.0,
      0.0
    ],
    [
      0.0,
      0.0,
      0.0
    ],
    [
      0.0,
      0.0,
      0.0
    ],
    [
      0.0,
      0.0,
      0.0
    ],
    [
      0.0,
      0.0,
      0.0
    ],
    [
      0.0,
      0.0,
      0.0
    ],
    [
      0.0,
      0.0,
      0.0
    ],
    [
      0.0,
      0.0,
      0.0
    ],
    [
      0.0,
      0.0,
      0.0
    ],
    [
      0.0,
      0.0,
      0.0
    ],
    [
      0.0,
      0.0,
      0.0
    ],
    [
      0.0,
      0.0,
      0.0
    ]
  ],
  "edge_length_evolution": [],
  "angle_deficit_evolution": [],
  "regge_action_evolution": [],
  "gromov_delta_evolution": [],
  "mass_hinge": null,
  "mass_value": 0.0,
  "matter": [
    {
      "(0, 1)": 0.0,
      "(1, 2)": 0.0,
      "(0, 3)": 0.0,
      "(2, 3)": 0.0,
      "(0, 2)": 0.0,
      "(1, 3)": 0.0
    },
    {
      "(0, 1)": 0.0,
      "(1, 2)": 0.0,
      "(0, 3)": 0.0,
      "(2, 3)": 0.0,
      "(0, 2)": 0.0,
      "(1, 3)": 0.0
    },
    {
      "(0, 1)": 0.0,
      "(1, 2)": 0.0,
      "(0, 3)": 0.0,
      "(2, 3)": 0.0,
      "(0, 2)": 0.0,
      "(1, 3)": 0.0
    }
  ],
  "stationary_solution": null,
  "einstein_analysis_per_timestep": [
    {
      "ricci_tensor": [
        [
          0.0003888621663409219,
          0.0
        ],
        [
          0.0,
          0.0003888621663409219
        ]
      ],
      "metric_tensor": [
        [
          1.0000777724332681,
          3.8886216634092196e-05
        ],
        [
          3.8886216634092196e-05,
          1.0000777724332681
        ]
      ],
      "stress_energy_tensor": [
        [
          0.0003888621663409219,
          7.777243326818438e-06
        ],
        [
          7.777243326818438e-06,
          0.0003888621663409219
        ]
      ],
      "einstein_solution": {
        "einstein_tensor": [
          [
            0.0,
            0.0
          ],
          [
            0.0,
            0.0
          ]
        ],
        "ricci_scalar": 0.0007777243326818438,
        "metric_tensor": [
          [
            1.0,
            0.0
          ],
          [
            0.0,
            1.0
          ]
        ],
        "lhs": [
          [
            0.0,
            0.0
          ],
          [
            0.0,
            0.0
          ]
        ],
        "rhs": [
          [
            0.0003888621663409219,
            7.777243326818438e-06
          ],
          [
            7.777243326818438e-06,
            0.0003888621663409219
          ]
        ],
        "equations_satisfied": false,
        "residual": 0.000550044125366537,
        "conservation_violation": 0.0003888621663409219,
        "gravitational_constant": 0.039788735772973836,
        "cosmological_constant": 0.0
      },
      "entropy_first_derivative": 0.0,
      "entropy_second_derivative": 0.0,
      "entropy_curvature_correlation": 0.0005499291495785738,
      "emergent_gravitational_constant": 6.188933595458056e-05,
      "average_mutual_information": 0.0007777243326818438,
      "ricci_scalar": 0.0007777243326818438,
      "analysis_summary": {
        "einstein_equations_satisfied": false,
        "residual_magnitude": 0.000550044125366537,
        "conservation_violation": 0.0003888621663409219,
        "entropy_evolution_rate": 0.0,
        "entropy_acceleration": 0.0,
        "entanglement_curvature_coupling": 0.0005499291495785738
      }
    },
    {
      "ricci_tensor": [
        [
          0.0003888621663409219,
          0.0
        ],
        [
          0.0,
          0.0003888621663409219
        ]
      ],
      "metric_tensor": [
        [
          1.0000777724332681,
          3.8886216634092196e-05
        ],
        [
          3.8886216634092196e-05,
          1.0000777724332681
        ]
      ],
      "stress_energy_tensor": [
        [
          0.0003888621663409219,
          7.777243326818438e-06
        ],
        [
          7.777243326818438e-06,
          0.0003888621663409219
        ]
      ],
      "einstein_solution": {
        "einstein_tensor": [
          [
            0.0,
            0.0
          ],
          [
            0.0,
            0.0
          ]
        ],
        "ricci_scalar": 0.0007777243326818438,
        "metric_tensor": [
          [
            1.0,
            0.0
          ],
          [
            0.0,
            1.0
          ]
        ],
        "lhs": [
          [
            0.0,
            0.0
          ],
          [
            0.0,
            0.0
          ]
        ],
        "rhs": [
          [
            0.0003888621663409219,
            7.777243326818438e-06
          ],
          [
            7.777243326818438e-06,
            0.0003888621663409219
          ]
        ],
        "equations_satisfied": false,
        "residual": 0.000550044125366537,
        "conservation_violation": 0.0003888621663409219,
        "gravitational_constant": 0.039788735772973836,
        "cosmological_constant": 0.0
      },
      "entropy_first_derivative": 0.0,
      "entropy_second_derivative": 0.0,
      "entropy_curvature_correlation": 0.0005499291495785738,
      "emergent_gravitational_constant": 6.188933595458056e-05,
      "average_mutual_information": 0.0007777243326818438,
      "ricci_scalar": 0.0007777243326818438,
      "analysis_summary": {
        "einstein_equations_satisfied": false,
        "residual_magnitude": 0.000550044125366537,
        "conservation_violation": 0.0003888621663409219,
        "entropy_evolution_rate": 0.0,
        "entropy_acceleration": 0.0,
        "entanglement_curvature_coupling": 0.0005499291495785738
      }
    },
    {
      "ricci_tensor": [
        [
          0.0003888621663409219,
          0.0
        ],
        [
          0.0,
          0.0003888621663409219
        ]
      ],
      "metric_tensor": [
        [
          1.0000777724332681,
          3.8886216634092196e-05
        ],
        [
          3.8886216634092196e-05,
          1.0000777724332681
        ]
      ],
      "stress_energy_tensor": [
        [
          0.0003888621663409219,
          7.777243326818438e-06
        ],
        [
          7.777243326818438e-06,
          0.0003888621663409219
        ]
      ],
      "einstein_solution": {
        "einstein_tensor": [
          [
            0.0,
            0.0
          ],
          [
            0.0,
            0.0
          ]
        ],
        "ricci_scalar": 0.0007777243326818438,
        "metric_tensor": [
          [
            1.0,
            0.0
          ],
          [
            0.0,
            1.0
          ]
        ],
        "lhs": [
          [
            0.0,
            0.0
          ],
          [
            0.0,
            0.0
          ]
        ],
        "rhs": [
          [
            0.0003888621663409219,
            7.777243326818438e-06
          ],
          [
            7.777243326818438e-06,
            0.0003888621663409219
          ]
        ],
        "equations_satisfied": false,
        "residual": 0.000550044125366537,
        "conservation_violation": 0.0003888621663409219,
        "gravitational_constant": 0.039788735772973836,
        "cosmological_constant": 0.0
      },
      "entropy_first_derivative": 0.00725043506572276,
      "entropy_second_derivative": 0.00573864604589458,
      "entropy_curvature_correlation": 0.0005499291495785738,
      "emergent_gravitational_constant": 6.188933595458056e-05,
      "average_mutual_information": 0.0007777243326818438,
      "ricci_scalar": 0.0007777243326818438,
      "analysis_summary": {
        "einstein_equations_satisfied": false,
        "residual_magnitude": 0.000550044125366537,
        "conservation_violation": 0.0003888621663409219,
        "entropy_evolution_rate": 0.00725043506572276,
        "entropy_acceleration": 0.00573864604589458,
        "entanglement_curvature_coupling": 0.0005499291495785738
      }
    }
  ],
  "bootstrap_analysis": {
    "gromov_delta": {
      "mean": 10.954048279028605,
      "lower_ci": 10.954048279028605,
      "upper_ci": 10.954048279028605,
      "all_values": [
        10.954048279028605,
        10.954048279028605,
        10.954048279028605
      ],
      "uncertainty": 0.0
    },
    "entropy": {
      "mean": 3.9680055259728264,
      "lower_ci": 3.961711531914753,
      "upper_ci": 3.976212402046199,
      "uncertainty": 0.008206876073372449
    },
    "distance_matrix": {
      "mean": [
        [
          0.0,
          11.155535680886102,
          6.947796877347533,
          5.575800126680563
        ],
        [
          11.155535680886102,
          0.0,
          7.836675548934397,
          16.32836100385167
        ],
        [
          6.947796877347533,
          7.836675548934397,
          0.0,
          8.49168545491727
        ],
        [
          5.575800126680563,
          16.32836100385167,
          8.49168545491727,
          0.0
        ]
      ],
      "lower_ci": [
        [
          0.0,
          11.155535680886102,
          6.947796877347533,
          5.575800126680563
        ],
        [
          11.155535680886102,
          0.0,
          7.836675548934397,
          16.32836100385167
        ],
        [
          6.947796877347533,
          7.836675548934397,
          0.0,
          8.49168545491727
        ],
        [
          5.575800126680563,
          16.32836100385167,
          8.49168545491727,
          0.0
        ]
      ],
      "upper_ci": [
        [
          0.0,
          11.155535680886102,
          6.947796877347533,
          5.575800126680563
        ],
        [
          11.155535680886102,
          0.0,
          7.836675548934397,
          16.32836100385167
        ],
        [
          6.947796877347533,
          7.836675548934397,
          0.0,
          8.49168545491727
        ],
        [
          5.575800126680563,
          16.32836100385167,
          8.49168545491727,
          0.0
        ]
      ]
    }
  },
  "topology_compatibility": {
    "current_topology": "triangulated",
    "explanation": "Triangulated topology is specifically designed for angle-sum curvature. Creates multiple triangles per vertex, enabling robust local curvature measurements. Each vertex has multiple incident triangles for well-defined angle sums.",
    "supports_local_curvature": true
  },
  "rt_surface_analysis": {
    "region_A": [
      0
    ],
    "region_B": [
      1,
      2,
      3
    ],
    "bulk_point": 2,
    "is_complementary": true,
    "rt_area_AB": 23.679132684914197,
    "rt_area_BA": 23.679132684914197,
    "area_consistent": true,
    "edges_consistent": true,
    "area_difference": 0.0,
    "rt_edges_AB": [
      [
        0,
        1
      ],
      [
        0,
        2
      ],
      [
        0,
        3
      ]
    ],
    "rt_edges_BA": [
      [
        0,
        1
      ],
      [
        0,
        2
      ],
      [
        0,
        3
      ]
    ],
    "edge_lengths": [
      11.155535680886102,
      6.947796877347533,
      5.575800126680563,
      7.836675548934397,
      16.32836100385167,
      8.49168545491727
    ],
    "all_edges": [
      [
        0,
        1
      ],
      [
        0,
        2
      ],
      [
        0,
        3
      ],
      [
        1,
        2
      ],
      [
        1,
        3
      ],
      [
        2,
        3
      ]
    ]
  },
  "bulk_excitation_analysis": {
    "ground_state_mi": [
      [
        0.0,
        0.40305688555062136,
        0.4762197208466532,
        0.4030568855506216
      ],
      [
        0.40305688555062136,
        0.0,
        0.40305688555062025,
        0.39708794554209426
      ],
      [
        0.4762197208466532,
        0.40305688555062025,
        0.0,
        0.4030568855506207
      ],
      [
        0.4030568855506216,
        0.39708794554209426,
        0.4030568855506207,
        0.0
      ]
    ],
    "excited_state_mi": [
      [
        0.0,
        0.5571573742517048,
        0.4519796650306882,
        0.5571573742517059
      ],
      [
        0.5571573742517048,
        0.0,
        0.4772531802907902,
        0.5280293853141267
      ],
      [
        0.4519796650306882,
        0.4772531802907902,
        0.0,
        0.477253180290792
      ],
      [
        0.5571573742517059,
        0.5280293853141267,
        0.477253180290792,
        0.0
      ]
    ],
    "mi_difference": [
      [
        0.0,
        0.1541004887010834,
        -0.024240055815965,
        0.15410048870108428
      ],
      [
        0.1541004887010834,
        0.0,
        0.07419629474016998,
        0.13094143977203243
      ],
      [
        -0.024240055815965,
        0.07419629474016998,
        0.0,
        0.07419629474017131
      ],
      [
        0.15410048870108428,
        0.13094143977203243,
        0.07419629474017131,
        0.0
      ]
    ],
    "avg_mi_change": 0.0764718828088133,
    "max_mi_change": 0.15410048870108428,
    "mi_change_boundary_A": NaN,
    "mi_change_boundary_B": 0.09311134308412457,
    "bulk_point": 2,
    "ground_state_counts": {
      "counts": {
        "0100": 27,
        "0001": 36,
        "1101": 39,
        "0010": 27,
        "1010": 26,
        "0111": 30,
        "1100": 41,
        "1011": 37,
        "1110": 12,
        "0000": 25,
        "1000": 31,
        "1001": 31,
        "0011": 42,
        "0101": 37,
        "1111": 32,
        "0110": 27
      },
      "job_id": "d27tbkjoctts738jlsm0",
      "mutual_information": {
        "I_0,1": 0.0035469175042752606,
        "I_0,2": 6.331609448709556e-05,
        "I_0,3": 0.0002782212599068048,
        "I_1,2": 0.008064806578094823,
        "I_1,3": 0.003788816395522726,
        "I_2,3": 0.00018290644893495262
      }
    },
    "excited_state_counts": {
      "counts": {
        "0110": 36,
        "1000": 28,
        "0100": 22,
        "0001": 42,
        "0011": 24,
        "1110": 36,
        "0101": 38,
        "1011": 26,
        "1101": 32,
        "0111": 36,
        "1001": 35,
        "1111": 36,
        "0010": 26,
        "1010": 30,
        "0000": 27,
        "1100": 26
      },
      "job_id": "d27tbm3octts738jlsq0",
      "mutual_information": {
        "I_0,1": 0.007267880157295972,
        "I_0,2": 5.072598742738481e-05,
        "I_0,3": 0.0011435921387709502,
        "I_1,2": 0.007834435802605323,
        "I_1,3": 0.0005656194318038824,
        "I_2,3": 1.0484501301190937e-05
      }
    },
    "boundary_entropies": {
      "ground_state": {
        "entropy_A": 0.5990012749440772,
        "entropy_B": 0.5990012749440748,
        "mi_AB": 1.1980025498881237
      },
      "excited_state": {
        "entropy_A": 0.6366399257576179,
        "entropy_B": 0.6366399257576156,
        "mi_AB": 1.273279851515206
      },
      "rt_relation_test": {
        "entropy_ratio": 0.9999999999999961,
        "rt_area_ratio": 1.0,
        "rt_deviation": 3.885780586188048e-15,
        "excited_entropy_ratio": 0.9999999999999966,
        "rt_relation_change": 4.440892098500626e-16
      }
    }
  },
  "page_curve_analysis": null,
  "deutsch_ctc_analysis": null,
  "ctc_recovery_analysis": null,
  "einstein_analysis": null,
  "dynamic_evidence": {
    "angle_sums_per_timestep": [
      [
        4.288521552363862,
        3.141592653589793,
        9.42477796076938,
        0.0
      ],
      [
        4.288521552363862,
        3.141592653589793,
        9.42477796076938,
        0.0
      ],
      [
        4.288521552363862,
        3.141592653589793,
        9.42477796076938,
        0.0
      ]
    ],
    "gromov_delta_per_timestep": [
      10.954048279028605,
      10.954048279028605,
      10.954048279028605
    ],
    "edge_mi_per_timestep": [
      {
        "0,1": 1.4295929938635751e-05,
        "0,3": 0.0037884431347094613,
        "0,2": 0.0009607494727134399,
        "1,2": 0.000394979951939641,
        "2,3": 0.0002051671685235363
      },
      {
        "0,1": 1.4295929938635751e-05,
        "0,3": 0.0037884431347094613,
        "0,2": 0.0009607494727134399,
        "1,2": 0.000394979951939641,
        "2,3": 0.0002051671685235363
      },
      {
        "0,1": 1.4295929938635751e-05,
        "0,3": 0.0037884431347094613,
        "0,2": 0.0009607494727134399,
        "1,2": 0.000394979951939641,
        "2,3": 0.0002051671685235363
      }
    ],
    "shortest_paths_per_timestep": [
      {
        "0": {
          "0": 0,
          "3": 5.575800126680563,
          "2": 6.947796877347533,
          "1": 11.155535680886102
        },
        "1": {
          "1": 0,
          "2": 7.836675548934397,
          "0": 11.155535680886102,
          "3": 16.32836100385167
        },
        "2": {
          "2": 0,
          "0": 6.947796877347533,
          "1": 7.836675548934397,
          "3": 8.49168545491727
        },
        "3": {
          "3": 0,
          "0": 5.575800126680563,
          "2": 8.49168545491727,
          "1": 16.32836100385167
        }
      },
      {
        "0": {
          "0": 0,
          "3": 5.575800126680563,
          "2": 6.947796877347533,
          "1": 11.155535680886102
        },
        "1": {
          "1": 0,
          "2": 7.836675548934397,
          "0": 11.155535680886102,
          "3": 16.32836100385167
        },
        "2": {
          "2": 0,
          "0": 6.947796877347533,
          "1": 7.836675548934397,
          "3": 8.49168545491727
        },
        "3": {
          "3": 0,
          "0": 5.575800126680563,
          "2": 8.49168545491727,
          "1": 16.32836100385167
        }
      },
      {
        "0": {
          "0": 0,
          "3": 5.575800126680563,
          "2": 6.947796877347533,
          "1": 11.155535680886102
        },
        "1": {
          "1": 0,
          "2": 7.836675548934397,
          "0": 11.155535680886102,
          "3": 16.32836100385167
        },
        "2": {
          "2": 0,
          "0": 6.947796877347533,
          "1": 7.836675548934397,
          "3": 8.49168545491727
        },
        "3": {
          "3": 0,
          "0": 5.575800126680563,
          "2": 8.49168545491727,
          "1": 16.32836100385167
        }
      }
    ],
    "mean_distance_per_timestep": [
      7.041981836577191,
      7.041981836577191,
      7.041981836577191
    ],
    "triangle_violations_per_timestep": [
      0,
      0,
      0
    ],
    "embedding_coords_per_timestep": [
      [
        [
          0.12244631885902738,
          0.01082630242008132
        ],
        [
          -0.21022281857052005,
          -0.009405514656489542
        ],
        [
          0.1163208931806523,
          -0.02345098311563697
        ],
        [
          -0.0285443934691596,
          0.022030195352045204
        ]
      ],
      [
        [
          0.12244631885902738,
          0.01082630242008132
        ],
        [
          -0.21022281857052005,
          -0.009405514656489542
        ],
        [
          0.1163208931806523,
          -0.02345098311563697
        ],
        [
          -0.0285443934691596,
          0.022030195352045204
        ]
      ],
      [
        [
          0.12244631885902738,
          0.01082630242008132
