{
  "spec": {
    "num_qubits": 5,
    "topology": "triangulated",
    "custom_edges": "0-1:0.9342,0-2:0.8777,0-3:0.9476,0-4:1.0000,1-2:0.8691,1-3:0.8691,1-4:1.0000,2-3:0.9583,2-4:0.8482,3-4:0.9383",
    "alpha": 0.8,
    "weight": 0.8899846213873334,
    "gamma": 0.01,
    "sigma": 0.01,
    "init_angle": 0.0,
    "init_angles": null,
    "shots": 50,
    "device": "simulator",
    "geometry": "spherical",
    "curvature": 1.0,
    "timesteps": 3,
    "dimension": 2,
    "mass_hinge": null,
    "mass_value": 0.0,
    "solve_regge": false,
    "lorentzian": false,
    "excite": false,
    "fast": true,
    "strong_curvature": false,
    "charge_injection": false,
    "charge_strength": 1.0,
    "charge_location": 3,
    "spin_injection": false,
    "spin_strength": 1.0,
    "spin_location": 3,
    "edge_floor": 0.001,
    "compute_entropies": false,
    "hyperbolic_triangulation": false,
    "trotter_steps": 4,
    "dt": 0.1,
    "analyze_curvature": false,
    "einstein_solver": false,
    "page_curve": false,
    "radiation_ordering": "0,1",
    "page_curve_timesteps": 10,
    "entropy_method": "basic",
    "num_shadows": 50,
    "shots_per_shadow": 500,
    "num_bases": 10,
    "shots_per_basis": 500,
    "enhanced_entanglement": false,
    "entanglement_strength": 0.663900161972075,
    "interpolate_geometry": false,
    "smooth_charge_injection": false,
    "min_qubits_for_continuum": 10,
    "benchmark_against_classical_geometry": false,
    "geometry_fit_metric": "wasserstein,kl,euclidean",
    "verify_noise_robustness": false,
    "run_on_multiple_backends": false,
    "detect_and_flag_causal_loops": false,
    "restrict_information_flow_direction": "forward",
    "filter_noncausal_edges": false,
    "use_ryu_takayanagi_test": false,
    "compare_MI_vs_subsystem_entropy": false,
    "embed_boundary_entropy_in_geometry": false,
    "entropy_engineering": true,
    "target_entropy_pattern": "spacetime",
    "custom_target_entropies": null,
    "entropy_optimization_iterations": 50,
    "entropy_tolerance": 0.1,
    "continue_on_engineering_failure": false,
    "validate_engineered_geometry": false
  },
  "uid": "6KALFZ",
  "counts_per_timestep": [
    null,
    null,
    null
  ],
  "job_ids_per_timestep": [
    null,
    null,
    null
  ],
  "entropy_per_timestep": [
    null,
    null,
    null
  ],
  "mutual_information_per_timestep": [
    {
      "I_0,1": 0.3073302752624234,
      "I_0,2": 0.31430357653705676,
      "I_0,3": 0.13013124101283058,
      "I_0,4": 0.08348637766001055,
      "I_1,2": 0.23524550154349355,
      "I_1,3": 0.16776241368742717,
      "I_1,4": 0.23304598071705307,
      "I_2,3": 0.49947647331040357,
      "I_2,4": 0.34448058817039207,
      "I_3,4": 0.4497149640804068
    },
    {
      "I_0,1": 0.2463144706104321,
      "I_0,2": 0.02655156671514325,
      "I_0,3": 0.21994470860338144,
      "I_0,4": 0.08334647383759552,
      "I_1,2": 0.14404452316365535,
      "I_1,3": 0.060571129335248886,
      "I_1,4": 0.34898361857578886,
      "I_2,3": 0.3571886376174467,
      "I_2,4": 0.1999067406745758,
      "I_3,4": 0.1019330803072529
    },
    {
      "I_0,1": 0.0771157101116342,
      "I_0,2": 0.045488313949504366,
      "I_0,3": 0.06914790752189859,
      "I_0,4": 0.35289007340107603,
      "I_1,2": 0.5134449395049234,
      "I_1,3": 0.1622602764746932,
      "I_1,4": 0.06239328090045859,
      "I_2,3": 0.23313951032269364,
      "I_2,4": 0.12820238492118818,
      "I_3,4": 0.20685998793737959
    }
  ],
  "boundary_entropies_per_timestep": [
    {
      "entropy_A": 1.3880060014638624,
      "entropy_B": 1.3880060014638618,
      "mi_AB": 2.776012002927719,
      "pure_state_check": true,
      "entropy_difference": 6.661338147750939e-16,
      "multiple_regions": {
        "size_1_region_0": {
          "region": [
            0
          ],
          "entropy": 0.7513117177624471,
          "rt_area": 4,
          "size": 1
        },
        "size_1_region_1": {
          "region": [
            1
          ],
          "entropy": 0.9090831577113088,
          "rt_area": 4,
          "size": 1
        },
        "size_1_region_2": {
          "region": [
            2
          ],
          "entropy": 0.9996033380262006,
          "rt_area": 4,
          "size": 1
        },
        "size_2_region_0": {
          "region": [
            0,
            1
          ],
          "entropy": 1.353064600211333,
          "rt_area": 6,
          "size": 2
        },
        "size_2_region_1": {
          "region": [
            0,
            2
          ],
          "entropy": 1.4366114792515914,
          "rt_area": 6,
          "size": 2
        },
        "size_2_region_2": {
          "region": [
            0,
            3
          ],
          "entropy": 1.6040861039255918,
          "rt_area": 6,
          "size": 2
        },
        "size_3_region_0": {
          "region": [
            0,
            1,
            2
          ],
          "entropy": 1.3880060014638624,
          "rt_area": 6,
          "size": 3
        },
        "size_3_region_1": {
          "region": [
            0,
            1,
            3
          ],
          "entropy": 1.509938088224104,
          "rt_area": 6,
          "size": 3
        },
        "size_3_region_2": {
          "region": [
            0,
            1,
            4
          ],
          "entropy": 1.4830324918917739,
          "rt_area": 6,
          "size": 3
        },
        "size_4_region_0": {
          "region": [
            0,
            1,
            2,
            3
          ],
          "entropy": 0.8548153383682963,
          "rt_area": 4,
          "size": 4
        },
        "size_4_region_1": {
          "region": [
            0,
            1,
            2,
            4
          ],
          "entropy": 0.9829056271759805,
          "rt_area": 4,
          "size": 4
        },
        "size_4_region_2": {
          "region": [
            0,
            1,
            3,
            4
          ],
          "entropy": 0.9996033380262062,
          "rt_area": 4,
          "size": 4
        }
      }
    },
    {
      "entropy_A": 1.8016293674246084,
      "entropy_B": 1.801629367424608,
      "mi_AB": 3.6032587348492107,
      "pure_state_check": true,
      "entropy_difference": 4.440892098500626e-16,
      "multiple_regions": {
        "size_1_region_0": {
          "region": [
            0
          ],
          "entropy": 0.9999992592768796,
          "rt_area": 4,
          "size": 1
        },
        "size_1_region_1": {
          "region": [
            1
          ],
          "entropy": 0.9636493942838542,
          "rt_area": 4,
          "size": 1
        },
        "size_1_region_2": {
          "region": [
            2
          ],
          "entropy": 0.9791502555519094,
          "rt_area": 4,
          "size": 1
        },
        "size_2_region_0": {
          "region": [
            0,
            1
          ],
          "entropy": 1.717334182950302,
          "rt_area": 6,
          "size": 2
        },
        "size_2_region_1": {
          "region": [
            0,
            2
          ],
          "entropy": 1.9525979481136462,
          "rt_area": 6,
          "size": 2
        },
        "size_2_region_2": {
          "region": [
            0,
            3
          ],
          "entropy": 1.764285499256843,
          "rt_area": 6,
          "size": 2
        },
        "size_3_region_0": {
          "region": [
            0,
            1,
            2
          ],
          "entropy": 1.8016293674246084,
          "rt_area": 6,
          "size": 3
        },
        "size_3_region_1": {
          "region": [
            0,
            1,
            3
          ],
          "entropy": 1.6985750140258495,
          "rt_area": 6,
          "size": 3
        },
        "size_3_region_2": {
          "region": [
            0,
            1,
            4
          ],
          "entropy": 1.6061925665178085,
          "rt_area": 6,
          "size": 3
        },
        "size_4_region_0": {
          "region": [
            0,
            1,
            2,
            3
          ],
          "entropy": 0.9193314991485206,
          "rt_area": 4,
          "size": 4
        },
        "size_4_region_1": {
          "region": [
            0,
            1,
            2,
            4
          ],
          "entropy": 0.9842309485833484,
          "rt_area": 4,
          "size": 4
        },
        "size_4_region_2": {
          "region": [
            0,
            1,
            3,
            4
          ],
          "entropy": 0.9791502555519138,
          "rt_area": 4,
          "size": 4
        }
      }
    },
    {
      "entropy_A": 1.7896625798846852,
      "entropy_B": 1.7896625798846837,
      "mi_AB": 3.5793251597693656,
      "pure_state_check": true,
      "entropy_difference": 1.5543122344752192e-15,
      "multiple_regions": {
        "size_1_region_0": {
          "region": [
            0
          ],
          "entropy": 0.9587080631383929,
          "rt_area": 4,
          "size": 1
        },
        "size_1_region_1": {
          "region": [
            1
          ],
          "entropy": 0.9806761289499,
          "rt_area": 4,
          "size": 1
        },
        "size_1_region_2": {
          "region": [
            2
          ],
          "entropy": 0.9653151826489801,
          "rt_area": 4,
          "size": 1
        },
        "size_2_region_0": {
          "region": [
            0,
            1
          ],
          "entropy": 1.8622684819766588,
          "rt_area": 6,
          "size": 2
        },
        "size_2_region_1": {
          "region": [
            0,
            2
          ],
          "entropy": 1.8785349318378688,
          "rt_area": 6,
          "size": 2
        },
        "size_2_region_2": {
          "region": [
            0,
            3
          ],
          "entropy": 1.8893253867255742,
          "rt_area": 6,
          "size": 2
        },
        "size_3_region_0": {
          "region": [
            0,
            1,
            2
          ],
          "entropy": 1.7896625798846852,
          "rt_area": 6,
          "size": 3
        },
        "size_3_region_1": {
          "region": [
            0,
            1,
            3
          ],
          "entropy": 1.8338701344407753,
          "rt_area": 6,
          "size": 3
        },
        "size_3_region_2": {
          "region": [
            0,
            1,
            4
          ],
          "entropy": 1.7319409034353672,
          "rt_area": 6,
          "size": 3
        },
        "size_4_region_0": {
          "region": [
            0,
            1,
            2,
            3
          ],
          "entropy": 0.9967573367129868,
          "rt_area": 4,
          "size": 4
        },
        "size_4_region_1": {
          "region": [
            0,
            1,
            2,
            4
          ],
          "entropy": 0.9997652311090841,
          "rt_area": 4,
          "size": 4
        },
        "size_4_region_2": {
          "region": [
            0,
            1,
            3,
            4
          ],
          "entropy": 0.9653151826489841,
          "rt_area": 4,
          "size": 4
        }
      }
    }
  ],
  "distance_matrix_per_timestep": [
    [
      [
        0.0,
        1.1798322944823443,
        1.157395955869969,
        1.8515907383524328,
        2.223113493822299
      ],
      [
        1.1798322944823443,
        0.0,
        1.4471256227250084,
        2.1413204052074724,
        1.4565195027525588
      ],
      [
        1.157395955869969,
        1.4471256227250084,
        0.0,
        0.6941947824824638,
        1.0657175379523303
      ],
      [
        1.8515907383524328,
        2.1413204052074724,
        0.6941947824824638,
        0.0,
        0.7991413100632867
      ],
      [
        2.223113493822299,
        1.4565195027525588,
        1.0657175379523303,
        0.7991413100632867,
        0.0
      ]
    ],
    [
      [
        0.0,
        1.4011462236105765,
        3.3387790621691735,
        4.368270302236518,
        2.453876519670173
      ],
      [
        1.4011462236105765,
        0.0,
        1.9376328385585972,
        2.9671240786259423,
        1.0527302960595961
      ],
      [
        3.3387790621691735,
        1.9376328385585972,
        0.0,
        1.0294912400673448,
        1.6099043178113015
      ],
      [
        4.368270302236519,
        2.9671240786259423,
        1.0294912400673448,
        0.0,
        2.283438756428612
      ],
      [
        2.453876519670173,
        1.0527302960595961,
        1.6099043178113015,
        2.283438756428612,
        0.0
      ]
    ],
    [
      [
        0.0,
        2.56244825637286,
        3.090299822287946,
        2.617311778687272,
        1.0415986773418235
      ],
      [
        2.56244825637286,
        0.0,
        0.6666124812537246,
        2.1227307291037043,
        2.720757612792935
      ],
      [
        3.090299822287946,
        0.6666124812537246,
        0.0,
        1.45611824784998,
        2.0541451315392103
      ],
      [
        2.617311778687272,
        2.1227307291037043,
        1.45611824784998,
        0.0,
        1.5757131013454484
      ],
      [
        1.0415986773418235,
        2.720757612792935,
        2.0541451315392103,
        1.5757131013454484,
        0.0
      ]
    ]
  ],
  "edge_mi": {
    "0,1": 0.0771157101116342,
    "0,4": 0.35289007340107603,
    "0,2": 0.045488313949504366,
    "1,2": 0.5134449395049234,
    "1,4": 0.06239328090045859,
    "2,3": 0.23313951032269364,
    "2,4": 0.12820238492118818,
    "3,4": 0.20685998793737959
  },
  "distance_matrix": [
    [
      0.0,
      2.56244825637286,
      3.090299822287946,
      2.617311778687272,
      1.0415986773418235
    ],
    [
      2.56244825637286,
      0.0,
      0.6666124812537246,
      1.8185535881174142,
      2.720757612792935
    ],
    [
      3.090299822287946,
      0.6666124812537246,
      0.0,
      1.45611824784998,
      2.0541451315392103
    ],
    [
      2.617311778687272,
      1.8185535881174142,
      1.45611824784998,
      0.0,
      1.5757131013454484
    ],
    [
      1.0415986773418235,
      2.720757612792935,
      2.0541451315392103,
      1.5757131013454484,
      0.0
    ]
  ],
  "shortest_paths": {
    "0": {
      "0": 0,
      "4": 1.0415986773418235,
      "1": 2.56244825637286,
      "3": 2.617311778687272,
      "2": 3.090299822287946
    },
    "1": {
      "1": 0,
      "2": 0.6666124812537246,
      "3": 1.8185535881174142,
      "0": 2.56244825637286,
      "4": 2.720757612792935
    },
    "2": {
      "2": 0,
      "1": 0.6666124812537246,
      "3": 1.45611824784998,
      "4": 2.0541451315392103,
      "0": 3.090299822287946
    },
    "3": {
      "3": 0,
      "2": 1.45611824784998,
      "4": 1.5757131013454484,
      "1": 1.8185535881174142,
      "0": 2.617311778687272
    },
    "4": {
      "4": 0,
      "0": 1.0415986773418235,
      "3": 1.5757131013454484,
      "2": 2.0541451315392103,
      "1": 2.720757612792935
    }
  },
  "gromov_delta": 2.493067798703541,
  "mean_distance": 1.568284695807089,
  "angle_sums": [
    9.42477796076938,
    9.42477796076938,
    9.42477796076938,
    9.42477796076938,
    4.045358089190959,
    0.0,
    3.7446612719840844,
    0.0,
    7.216614971528193,
    5.016689096869105
  ],
  "mean_angle_sum": 5.772243527264986,
  "min_angle_sum": 0.0,
  "max_angle_sum": 9.42477796076938,
  "angle_sum_deviations": [
    6.283185307179586,
    6.283185307179586,
    6.283185307179586,
    6.283185307179586,
    0.9037654356011657,
    -3.141592653589793,
    0.6030686183942913,
    -3.141592653589793,
    4.0750223179384,
    1.875096443279312
  ],
  "triangle_inequality_violations": [],
  "embedding_coords": null,
  "edge_weight_variance": 0.002751070500000001,
  "event_nodes": [
    [
      0,
      0
    ],
    [
      1,
      0
    ],
    [
      2,
      0
    ],
    [
      3,
      0
    ],
    [
      4,
      0
    ],
    [
      0,
      1
    ],
    [
      1,
      1
    ],
    [
      2,
      1
    ],
    [
      3,
      1
    ],
    [
      4,
      1
    ],
    [
      0,
      2
    ],
    [
      1,
      2
    ],
    [
      2,
      2
    ],
    [
      3,
      2
    ],
    [
      4,
      2
    ]
  ],
  "event_edges": [
    {
      "type": "spatial",
      "from": [
        0,
        0
      ],
      "to": [
        1,
        0
      ],
      "weight": 1.1798322944823443
    },
    {
      "type": "spatial",
      "from": [
        0,
        0
      ],
      "to": [
        2,
        0
      ],
      "weight": 1.157395955869969
    },
    {
      "type": "spatial",
      "from": [
        0,
        0
      ],
      "to": [
        3,
        0
      ],
      "weight": 1.8515907383524328
    },
    {
      "type": "spatial",
      "from": [
        0,
        0
      ],
      "to": [
        4,
        0
      ],
      "weight": 2.223113493822299
    },
    {
      "type": "spatial",
      "from": [
        1,
        0
      ],
      "to": [
        2,
        0
      ],
      "weight": 1.4471256227250084
    },
    {
      "type": "spatial",
      "from": [
        1,
        0
      ],
      "to": [
        3,
        0
      ],
      "weight": 2.1413204052074724
    },
    {
      "type": "spatial",
      "from": [
        1,
        0
      ],
      "to": [
        4,
        0
      ],
      "weight": 1.4565195027525588
    },
    {
      "type": "spatial",
      "from": [
        2,
        0
      ],
      "to": [
        3,
        0
      ],
      "weight": 0.6941947824824638
    },
    {
      "type": "spatial",
      "from": [
        2,
        0
      ],
      "to": [
        4,
        0
      ],
      "weight": 1.0657175379523303
    },
    {
      "type": "spatial",
      "from": [
        3,
        0
      ],
      "to": [
        4,
        0
      ],
      "weight": 0.7991413100632867
    },
    {
      "type": "temporal",
      "from": [
        0,
        0
      ],
      "to": [
        0,
        1
      ],
      "weight": 1.0
    },
    {
      "type": "temporal",
      "from": [
        1,
        0
      ],
      "to": [
        1,
        1
      ],
      "weight": 1.0
    },
    {
      "type": "temporal",
      "from": [
        2,
        0
      ],
      "to": [
        2,
        1
      ],
      "weight": 1.0
    },
    {
      "type": "temporal",
      "from": [
        3,
        0
      ],
      "to": [
        3,
        1
      ],
      "weight": 1.0
    },
    {
      "type": "temporal",
      "from": [
        4,
        0
      ],
      "to": [
        4,
        1
      ],
      "weight": 1.0
    },
    {
      "type": "spatial",
      "from": [
        0,
        1
      ],
      "to": [
        1,
        1
      ],
      "weight": 1.4011462236105765
    },
    {
      "type": "spatial",
      "from": [
        0,
        1
      ],
      "to": [
        2,
        1
      ],
      "weight": 3.3387790621691735
    },
    {
      "type": "spatial",
      "from": [
        0,
        1
      ],
      "to": [
        3,
        1
      ],
      "weight": 4.368270302236518
    },
    {
      "type": "spatial",
      "from": [
        0,
        1
      ],
      "to": [
        4,
        1
      ],
      "weight": 2.453876519670173
    },
    {
      "type": "spatial",
      "from": [
        1,
        1
      ],
      "to": [
        2,
        1
      ],
      "weight": 1.9376328385585972
    },
    {
      "type": "spatial",
      "from": [
        1,
        1
      ],
      "to": [
        3,
        1
      ],
      "weight": 2.9671240786259423
    },
    {
      "type": "spatial",
      "from": [
        1,
        1
      ],
      "to": [
        4,
        1
      ],
      "weight": 1.0527302960595961
    },
    {
      "type": "spatial",
      "from": [
        2,
        1
      ],
      "to": [
        3,
        1
      ],
      "weight": 1.0294912400673448
    },
    {
      "type": "spatial",
      "from": [
        2,
        1
      ],
      "to": [
        4,
        1
      ],
      "weight": 1.6099043178113015
    },
    {
      "type": "spatial",
      "from": [
        3,
        1
      ],
      "to": [
        4,
        1
      ],
      "weight": 2.283438756428612
    },
    {
      "type": "temporal",
      "from": [
        0,
        1
      ],
      "to": [
        0,
        2
      ],
      "weight": 1.0
    },
    {
      "type": "temporal",
      "from": [
        1,
        1
      ],
      "to": [
        1,
        2
      ],
      "weight": 1.0
    },
    {
      "type": "temporal",
      "from": [
        2,
        1
      ],
      "to": [
        2,
        2
      ],
      "weight": 1.0
    },
    {
      "type": "temporal",
      "from": [
        3,
        1
      ],
      "to": [
        3,
        2
      ],
      "weight": 1.0
    },
    {
      "type": "temporal",
      "from": [
        4,
        1
      ],
      "to": [
        4,
        2
      ],
      "weight": 1.0
    },
    {
      "type": "spatial",
      "from": [
        0,
        2
      ],
      "to": [
        1,
        2
      ],
      "weight": 2.56244825637286
    },
    {
      "type": "spatial",
      "from": [
        0,
        2
      ],
      "to": [
        2,
        2
      ],
      "weight": 3.090299822287946
    },
    {
      "type": "spatial",
      "from": [
        0,
        2
      ],
      "to": [
        3,
        2
      ],
      "weight": 2.617311778687272
    },
    {
      "type": "spatial",
      "from": [
        0,
        2
      ],
      "to": [
        4,
        2
      ],
      "weight": 1.0415986773418235
    },
    {
      "type": "spatial",
      "from": [
        1,
        2
      ],
      "to": [
        2,
        2
      ],
      "weight": 0.6666124812537246
    },
    {
      "type": "spatial",
      "from": [
        1,
        2
      ],
      "to": [
        3,
        2
      ],
      "weight": 2.1227307291037043
    },
    {
      "type": "spatial",
      "from": [
        1,
        2
      ],
      "to": [
        4,
        2
      ],
      "weight": 2.720757612792935
    },
    {
      "type": "spatial",
      "from": [
        2,
        2
      ],
      "to": [
        3,
        2
      ],
      "weight": 1.45611824784998
    },
    {
      "type": "spatial",
      "from": [
        2,
        2
      ],
      "to": [
        4,
        2
      ],
      "weight": 2.0541451315392103
    },
    {
      "type": "spatial",
      "from": [
        3,
        2
      ],
      "to": [
        4,
        2
      ],
      "weight": 1.5757131013454484
    }
  ],
  "lorentzian_dissimilarity": [
    [
      0.0,
      1.3920042431034731,
      1.339565398664159,
      3.4283882623525073,
      4.942233606414789,
      -1.0,
      0.39200424310347315,
      0.3395653986641589,
      2.4283882623525073,
      3.9422336064147894,
      -4.0,
      -2.6079957568965266,
      -2.660434601335841,
      -0.5716117376474927,
      0.9422336064147894
    ],
    [
      1.3920042431034731,
      0.0,
      2.0941725679472434,
      4.585253077757893,
      2.121449061898561,
      0.39200424310347315,
      -1.0,
      1.0941725679472434,
      3.5852530777578933,
      1.121449061898561,
      -2.6079957568965266,
      -4.0,
      -1.9058274320527566,
      0.5852530777578933,
      -1.878550938101439
    ],
    [
      1.339565398664159,
      2.0941725679472434,
      0.0,
      0.4819063960258752,
      1.1357538706991765,
      0.3395653986641589,
      1.0941725679472434,
      -1.0,
      -0.5180936039741248,
      0.13575387069917655,
      -2.660434601335841,
      -1.9058274320527566,
      -4.0,
      -3.518093603974125,
      -2.8642461293008235
    ],
    [
      3.4283882623525073,
      4.585253077757893,
      0.4819063960258752,
      0.0,
      0.6386268334496661,
      2.4283882623525073,
      3.5852530777578933,
      -0.5180936039741248,
      -1.0,
      -0.3613731665503339,
      -0.5716117376474927,
      0.5852530777578933,
      -3.518093603974125,
      -4.0,
      -3.361373166550334
    ],
    [
      4.942233606414789,
      2.121449061898561,
      1.1357538706991765,
      0.6386268334496661,
      0.0,
      3.9422336064147894,
      1.121449061898561,
      0.13575387069917655,
      -0.3613731665503339,
      -1.0,
      0.9422336064147894,
      -1.878550938101439,
      -2.8642461293008235,
      -3.361373166550334,
      -4.0
    ],
    [
      -1.0,
      0.39200424310347315,
      0.3395653986641589,
      2.4283882623525073,
      3.9422336064147894,
      0.0,
      1.9632107399381797,
      11.147445625979266,
      19.081785433401524,
      6.0215099737886,
      -1.0,
      0.9632107399381797,
      10.147445625979266,
      18.081785433401524,
      5.0215099737886
    ],
    [
      0.39200424310347315,
      -1.0,
      1.0941725679472434,
      3.5852530777578933,
      1.121449061898561,
      1.9632107399381797,
      0.0,
      3.754421017060647,
      8.803825297961847,
      1.108241076241725,
      0.9632107399381797,
      -1.0,
      2.754421017060647,
      7.803825297961847,
      0.10824107624172497
    ],
    [
      0.3395653986641589,
      1.0941725679472434,
      -1.0,
      -0.5180936039741248,
      0.13575387069917655,
      11.147445625979266,
      3.754421017060647,
      0.0,
      1.0598522133753994,
      2.591791912507472,
      10.147445625979266,
      2.754421017060647,
      -1.0,
      0.059852213375399366,
      1.591791912507472
    ],
    [
      2.4283882623525073,
      3.5852530777578933,
      -0.5180936039741248,
      -1.0,
      -0.3613731665503339,
      19.08178543340153,
      8.803825297961847,
      1.0598522133753994,
      0.0,
      5.2140925543602465,
      18.08178543340153,
      7.803825297961847,
      0.059852213375399366,
      -1.0,
      4.2140925543602465
    ],
    [
      3.9422336064147894,
      1.121449061898561,
      0.13575387069917655,
      -0.3613731665503339,
      -1.0,
      6.0215099737886,
      1.108241076241725,
      2.591791912507472,
      5.2140925543602465,
      0.0,
      5.0215099737886,
      0.10824107624172497,
      1.591791912507472,
      4.2140925543602465,
      -1.0
    ],
    [
      -4.0,
      -2.6079957568965266,
      -2.660434601335841,
      -0.5716117376474927,
      0.9422336064147894,
      -1.0,
      0.9632107399381797,
      10.147445625979266,
      18.081785433401524,
      5.0215099737886,
      0.0,
      6.566141066588311,
      9.549952991632912,
      6.850320946855131,
      1.0849278046402362
    ],
    [
      -2.6079957568965266,
      -4.0,
      -1.9058274320527566,
      0.5852530777578933,
      -1.878550938101439,
      0.9632107399381797,
      -1.0,
      2.754421017060647,
      7.803825297961847,
      0.10824107624172497,
      6.566141066588311,
      0.0,
      0.44437220016324736,
      4.5059857482811445,
      7.40252198757071
    ],
    [
      -2.660434601335841,
      -1.9058274320527566,
      -4.0,
      -3.518093603974125,
      -2.8642461293008235,
      10.147445625979266,
      2.754421017060647,
      -1.0,
      0.059852213375399366,
      1.591791912507472,
      9.549952991632912,
      0.44437220016324736,
      0.0,
      2.1202803517216955,
      4.21951222142624
    ],
    [
      -0.5716117376474927,
      0.5852530777578933,
      -3.518093603974125,
      -4.0,
      -3.361373166550334,
      18.08178543340153,
      7.803825297961847,
      0.059852213375399366,
      -1.0,
      4.2140925543602465,
      6.850320946855131,
      4.5059857482811445,
      2.1202803517216955,
      0.0,
      2.4828717777516913
    ],
    [
      0.9422336064147894,
      -1.878550938101439,
      -2.8642461293008235,
      -3.361373166550334,
      -4.0,
      5.0215099737886,
      0.10824107624172497,
      1.591791912507472,
      4.2140925543602465,
      -1.0,
      1.0849278046402362,
      7.40252198757071,
      4.21951222142624,
      2.4828717777516913,
      0.0
    ]
  ],
  "lorentzian_embedding": [
    [
      0.0,
      0.0,
      0.0
    ],
    [
      0.0,
      0.0,
      0.0
    ],
    [
      0.0,
      0.0,
      0.0
    ],
    [
      0.0,
      0.0,
      0.0
    ],
    [
      0.0,
      0.0,
      0.0
    ],
    [
      0.0,
      0.0,
      0.0
    ],
    [
      0.0,
      0.0,
      0.0
    ],
    [
      0.0,
      0.0,
      0.0
    ],
    [
      0.0,
      0.0,
      0.0
    ],
    [
      0.0,
      0.0,
      0.0
    ],
    [
      0.0,
      0.0,
      0.0
    ],
    [
      0.0,
      0.0,
      0.0
    ],
    [
      0.0,
      0.0,
      0.0
    ],
    [
      0.0,
      0.0,
      0.0
    ],
    [
      0.0,
      0.0,
      0.0
    ]
  ],
  "edge_length_evolution": [],
  "angle_deficit_evolution": [],
  "regge_action_evolution": [],
  "gromov_delta_evolution": [],
  "mass_hinge": null,
  "mass_value": 0.0,
  "matter": {
    "(0, 1)": 0.0,
    "(2, 4)": 0.0,
    "(1, 2)": 0.0,
    "(0, 4)": 0.0,
    "(3, 4)": 0.0,
    "(0, 3)": 0.0,
    "(1, 4)": 0.0,
    "(2, 3)": 0.0,
    "(0, 2)": 0.0,
    "(1, 3)": 0.0
  },
  "stationary_solution": null,
  "einstein_analysis_per_timestep": [
    null,
    null,
    null
  ],
  "bootstrap_analysis": {
    "gromov_delta": {
      "mean": 2.489876107309479,
      "lower_ci": 1.6377814610557226,
      "upper_ci": 3.3387790621691735,
      "all_values": [
        1.6377814610557224,
        3.3387790621691735,
        2.493067798703541
      ],
      "uncertainty": 0.8489029548596947
    },
    "entropy": {
      "mean": null,
      "lower_ci": null,
      "upper_ci": null,
      "uncertainty": null
    },
    "distance_matrix": {
      "mean": [
        [
          0.0,
          1.7144755914885934,
          2.5288249467756962,
          2.945724273092074,
          1.9061962302780984
        ],
        [
          1.7144755914885934,
          0.0,
          1.3504569808457767,
          2.4103917376457065,
          1.7433358038683633
        ],
        [
          2.5288249467756962,
          1.3504569808457767,
          0.0,
          1.0599347567999295,
          1.576588995767614
        ],
        [
          2.945724273092075,
          2.4103917376457065,
          1.0599347567999295,
          0.0,
          1.5527643892791156
        ],
        [
          1.9061962302780984,
          1.7433358038683633,
          1.576588995767614,
          1.5527643892791156,
          0.0
        ]
      ],
      "lower_ci": [
        [
          0.0,
          1.1798322944823443,
          1.157395955869969,
          1.8515907383524326,
          1.435436949501982
        ],
        [
          1.1798322944823443,
          0.0,
          0.7901937286533451,
          2.1227307291037043,
          1.0527302960595961
        ],
        [
          1.157395955869969,
          0.7901937286533451,
          0.0,
          0.6941947824824638,
          1.0657175379523303
        ],
        [
          1.8515907383524326,
          2.125674094486801,
          0.8059602683440907,
          0.0,
          1.0579985738240072
        ],
        [
          1.0415986773418235,
          1.1873266982905835,
          1.0657175379523303,
          0.7991413100632867,
          0.0
        ]
      ],
      "upper_ci": [
        [
          0.0,
          2.56244825637286,
          3.2994365158546453,
          3.784617461053436,
          2.417339040577592
        ],
        [
          2.1753475787854324,
          0.0,
          1.9376328385585972,
          2.967124078625942,
          2.299344909446143
        ],
        [
          3.2994365158546453,
          1.9376328385585972,
          0.0,
          1.45611824784998,
          2.0541451315392103
        ],
        [
          4.09103520267455,
          2.967124078625942,
          1.3139092452557681,
          0.0,
          2.283438756428612
        ],
        [
          2.417339040577592,
          2.720757612792935,
          1.9060648602965742,
          2.0475302047342243,
          0.0
        ]
      ]
    }
  },
  "topology_compatibility": {
    "current_topology": "triangulated",
    "explanation": "Triangulated topology is specifically designed for angle-sum curvature. Creates multiple triangles per vertex, enabling robust local curvature measurements. Each vertex has multiple incident triangles for well-defined angle sums.",
    "supports_local_curvature": true
  },
  "rt_surface_analysis": {
    "region_A": [
      0,
      1
    ],
    "region_B": [
      2,
      3,
      4
    ],
    "bulk_point": 2,
    "is_complementary": true,
    "rt_area_AB": 12.259311101467405,
    "rt_area_BA": 12.259311101467405,
    "area_consistent": true,
    "edges_consistent": true,
    "area_difference": 0.0,
    "rt_edges_AB": [
      [
        0,
        2
      ],
      [
        0,
        3
      ],
      [
        0,
        4
      ],
      [
        1,
        2
      ],
      [
        1,
        3
      ],
      [
        1,
        4
      ]
    ],
    "rt_edges_BA": [
      [
        0,
        2
      ],
      [
        0,
        3
      ],
      [
        0,
        4
      ],
      [
        1,
        2
      ],
      [
        1,
        3
      ],
      [
        1,
        4
      ]
    ],
    "edge_lengths": [
      2.56244825637286,
      3.090299822287946,
      2.617311778687272,
      1.0415986773418235,
      0.6666124812537246,
      2.1227307291037043,
      2.720757612792935,
      1.45611824784998,
      2.0541451315392103,
      1.5757131013454484
    ],
    "all_edges": [
      [
        0,
        1
      ],
      [
        0,
        2
      ],
      [
        0,
        3
      ],
      [
        0,
        4
      ],
      [
        1,
        2
      ],
      [
        1,
        3
      ],
      [
        1,
        4
      ],
      [
        2,
        3
      ],
      [
        2,
        4
      ],
      [
        3,
        4
      ]
    ]
  },
  "bulk_excitation_analysis": null,
  "page_curve_analysis": null,
  "einstein_analysis": null,
  "dynamic_evidence": {
    "angle_sums_per_timestep": [
      [
        3.977124468506802,
        5.024968544653815,
        4.403026601119732,
        0.0,
        0.0,
        4.331833015304149,
        0.0,
        4.074569242452917,
        3.680311203237138,
        3.448071497198135
      ],
      [
        0.0,
        3.141592653589793,
        0.0,
        0.0,
        3.141592653589793,
        3.141592653589793,
        0.0,
        4.4002840012033735,
        9.42477796076938,
        4.363728093534819
      ],
      [
        9.42477796076938,
        9.42477796076938,
        9.42477796076938,
        9.42477796076938,
        4.045358089190959,
        0.0,
        0.0,
        0.0,
        9.42477796076938,
        5.016689096869105
      ]
    ],
    "gromov_delta_per_timestep": [
      1.6377814610557224,
      3.3387790621691735,
      2.493067798703541
    ],
    "edge_mi_per_timestep": [
      {
        "0,1": 0.3073302752624234,
        "0,4": 0.08348637766001055,
        "0,2": 0.31430357653705676,
        "1,2": 0.23524550154349355,
        "1,4": 0.23304598071705307,
        "2,3": 0.49947647331040357,
        "2,4": 0.34448058817039207,
        "3,4": 0.4497149640804068
      },
      {
        "0,1": 0.2463144706104321,
        "0,4": 0.08334647383759552,
        "0,2": 0.02655156671514325,
        "1,2": 0.14404452316365535,
        "1,4": 0.34898361857578886,
        "2,3": 0.3571886376174467,
        "2,4": 0.1999067406745758,
        "3,4": 0.1019330803072529
      },
      {
        "0,1": 0.0771157101116342,
        "0,4": 0.35289007340107603,
        "0,2": 0.045488313949504366,
        "1,2": 0.5134449395049234,
        "1,4": 0.06239328090045859,
        "2,3": 0.23313951032269364,
        "2,4": 0.12820238492118818,
        "3,4": 0.20685998793737959
      }
    ],
    "shortest_paths_per_timestep": [
      {
        "0": {
          "0": 0,
          "2": 1.157395955869969,
          "1": 1.1798322944823443,
          "3": 1.8515907383524328,
          "4": 2.223113493822299
        },
        "1": {
          "1": 0,
          "0": 1.1798322944823443,
          "2": 1.4471256227250084,
          "4": 1.4565195027525588,
          "3": 2.1413204052074724
        },
        "2": {
          "2": 0,
          "3": 0.6941947824824638,
          "4": 1.0657175379523303,
          "0": 1.157395955869969,
          "1": 1.4471256227250084
        },
        "3": {
          "3": 0,
          "2": 0.6941947824824638,
          "4": 0.7991413100632867,
          "0": 1.8515907383524328,
          "1": 2.1413204052074724
        },
        "4": {
          "4": 0,
          "3": 0.7991413100632867,
          "2": 1.0657175379523303,
          "1": 1.4565195027525588,
          "0": 2.223113493822299
        }
      },
      {
        "0": {
          "0": 0,
          "1": 1.4011462236105765,
          "4": 2.453876519670173,
          "2": 3.3387790621691735,
          "3": 4.368270302236518
        },
        "1": {
          "1": 0,
          "4": 1.0527302960595961,
          "0": 1.4011462236105765,
          "2": 1.9376328385585972,
          "3": 2.9671240786259423
        },
        "2": {
          "2": 0,
          "3": 1.0294912400673448,
          "4": 1.6099043178113015,
          "1": 1.9376328385585972,
          "0": 3.3387790621691735
        },
        "3": {
          "3": 0,
          "2": 1.0294912400673448,
          "4": 2.283438756428612,
          "1": 2.9671240786259423,
          "0": 4.368270302236519
        },
        "4": {
          "4": 0,
          "1": 1.0527302960595961,
          "2": 1.6099043178113015,
          "3": 2.283438756428612,
          "0": 2.453876519670173
        }
      },
      {
        "0": {
          "0": 0,
          "4": 1.0415986773418235,
          "1": 2.56244825637286,
          "3": 2.617311778687272,
          "2": 3.090299822287946
        },
        "1": {
          "1": 0,
          "2": 0.6666124812537246,
          "3": 2.1227307291037043,
          "0": 2.56244825637286,
          "4": 2.720757612792935
        },
        "2": {
          "2": 0,
          "1": 0.6666124812537246,
          "3": 1.45611824784998,
          "4": 2.0541451315392103,
          "0": 3.090299822287946
        },
        "3": {
          "3": 0,
          "2": 1.45611824784998,
          "4": 1.5757131013454484,
          "1": 2.1227307291037043,
          "0": 2.617311778687272
        },
        "4": {
          "4": 0,
          "0": 1.0415986773418235,
          "3": 1.5757131013454484,
          "2": 2.0541451315392103,
          "1": 2.720757612792935
        }
      }
    ],
    "mean_distance_per_timestep": [
      1.1212761314968134,
      1.7953914908190267,
      1.5926188670859924
    ],
    "triangle_violations_per_timestep": [
      0,
      0,
      0
    ],
    "embedding_coords_per_timestep": [
      [
        [
          -0.07295491194026721,
          -0.5818604669522245
        ],
        [
          -0.6467344552356867,
          0.006233625271676584
        ],
        [
          0.3587344408156606,
          0.4424334044602587
        ],
        [
          -0.07840884636558809,
          0.3713539687826758
        ],
        [
          0.43936377272588145,
          -0.23816053156238662
        ]
      ],
      [
        [
          0.0007235437535615736,
          0.27484031883675597
        ],
        [
          -0.5166170678615826,
          -0.05653346577273034
        ],
        [
          0.22748232754722558,
          0.4117899858826213
        ],
        [
          0.04425578395092503,
          -0.06597531831100455
        ],
        [
          0.2441554126098704,
