{
  "spec": {
    "num_qubits": 7,
    "topology": "triangulated",
    "custom_edges": "0-1:1.0000,0-2:0.7788,0-3:1.0000,0-4:1.0000,0-5:0.6254,0-6:0.6254,1-2:1.0000,1-3:1.0000,1-4:0.2488,1-5:1.0000,1-6:0.2585,2-3:0.2548,2-4:1.0000,2-5:0.0500,2-6:0.0500,3-4:0.1003,3-5:0.0500,3-6:1.0000,4-5:0.0500,4-6:0.0500,5-6:1.0000",
    "alpha": 0.8,
    "weight": 1.0,
    "gamma": 0.3,
    "sigma": null,
    "init_angle": 0.0,
    "init_angles": null,
    "shots": 2000,
    "device": "ibm_brisbane",
    "geometry": "hyperbolic",
    "curvature": 16.0,
    "timesteps": 5,
    "dimension": 2,
    "mass_hinge": null,
    "mass_value": 0.0,
    "solve_regge": true,
    "lorentzian": true,
    "excite": true,
    "fast": false,
    "strong_curvature": false,
    "charge_injection": true,
    "charge_strength": 3.0,
    "charge_location": 3,
    "spin_injection": false,
    "spin_strength": 1.0,
    "spin_location": 3,
    "edge_floor": 0.001,
    "compute_entropies": true,
    "hyperbolic_triangulation": true,
    "trotter_steps": 4,
    "dt": 0.1,
    "analyze_curvature": true,
    "einstein_solver": true
  },
  "uid": "XFBCA7",
  "counts_per_timestep": [
    {
      "0011111": 12,
      "0111001": 25,
      "1100100": 15,
      "1101110": 12,
      "0101001": 15,
      "0001000": 13,
      "1111111": 11,
      "1011011": 12,
      "0000101": 21,
      "1011010": 12,
      "0101101": 15,
      "0000110": 31,
      "0111000": 21,
      "1100011": 21,
      "0011010": 16,
      "1001110": 24,
      "0010001": 19,
      "0010100": 18,
      "1100010": 19,
      "1110111": 16,
      "1101001": 19,
      "1101000": 19,
      "1101011": 14,
      "1111001": 7,
      "0010110": 12,
      "1001100": 11,
      "1000010": 26,
      "1010011": 14,
      "0001100": 18,
      "1011110": 16,
      "0100010": 20,
      "1010101": 12,
      "1001000": 11,
      "1111000": 19,
      "0110111": 22,
      "0000010": 23,
      "0001110": 23,
      "1011111": 9,
      "0110101": 22,
      "0010011": 15,
      "1100110": 17,
      "0001001": 11,
      "1000111": 14,
      "0100000": 23,
      "1111100": 10,
      "1110101": 14,
      "0100110": 28,
      "0110011": 14,
      "1001010": 23,
      "0101000": 19,
      "1000101": 18,
      "1101101": 11,
      "1011001": 8,
      "1010110": 16,
      "0011101": 20,
      "1000011": 15,
      "0101011": 17,
      "0110010": 24,
      "0000111": 17,
      "1101010": 19,
      "1110100": 15,
      "0110000": 20,
      "0101100": 12,
      "1101100": 13,
      "1100101": 16,
      "1111110": 14,
      "1100000": 14,
      "0001101": 20,
      "0100101": 12,
      "0010000": 15,
      "0010010": 20,
      "1000001": 12,
      "1111010": 13,
      "1010000": 17,
      "0111101": 9,
      "0001111": 16,
      "0100100": 19,
      "0101110": 19,
      "0011100": 11,
      "0110110": 16,
      "0001010": 21,
      "1010001": 20,
      "1000000": 16,
      "0011011": 14,
      "0000000": 22,
      "0011000": 12,
      "1110010": 19,
      "1000100": 18,
      "1110000": 19,
      "1101111": 16,
      "1110011": 10,
      "1010111": 9,
      "0111110": 14,
      "0110001": 16,
      "1010010": 10,
      "1011000": 15,
      "1111011": 9,
      "0100111": 16,
      "1110001": 11,
      "0000100": 21,
      "1100001": 12,
      "0101010": 20,
      "0101111": 16,
      "1010100": 11,
      "1110110": 19,
      "0001011": 16,
      "0100011": 22,
      "0110100": 14,
      "0111100": 10,
      "1001011": 8,
      "0111111": 19,
      "1001101": 8,
      "1001001": 9,
      "1100111": 14,
      "0100001": 15,
      "1111101": 10,
      "0000001": 20,
      "1000110": 20,
      "1011101": 11,
      "0011110": 7,
      "0000011": 15,
      "0111010": 17,
      "0010111": 15,
      "1011100": 6,
      "0010101": 8,
      "0011001": 14,
      "0111011": 8,
      "1001111": 7
    },
    {
      "0110111": 16,
      "0111110": 19,
      "1111110": 19,
      "0011111": 23,
      "0110001": 13,
      "0011100": 17,
      "0010100": 17,
      "0101100": 17,
      "0001000": 17,
      "1110010": 22,
      "1000001": 21,
      "1101100": 14,
      "1111100": 19,
      "1011001": 18,
      "0011010": 18,
      "1011100": 25,
      "0000000": 17,
      "1101001": 18,
      "1001111": 17,
      "0101000": 22,
      "0011011": 18,
      "1011101": 23,
      "1001001": 13,
      "1100010": 14,
      "0001110": 14,
      "1110001": 19,
      "1100011": 21,
      "0100000": 22,
      "1011111": 19,
      "0011110": 12,
      "0110010": 10,
      "1010110": 13,
      "0101010": 17,
      "1110000": 16,
      "1110100": 14,
      "0001011": 11,
      "0101101": 12,
      "0111001": 15,
      "1001110": 23,
      "0010000": 18,
      "1101111": 18,
      "1111111": 18,
      "1010101": 14,
      "1000010": 10,
      "0100011": 15,
      "1111001": 17,
      "0111100": 18,
      "0100010": 18,
      "0101111": 26,
      "1011010": 13,
      "0010001": 22,
      "1110111": 15,
      "1000011": 6,
      "0100001": 16,
      "0110100": 16,
      "0110000": 13,
      "0000110": 19,
      "1100000": 22,
      "1010111": 16,
      "1100101": 12,
      "0001101": 16,
      "0000100": 15,
      "1000110": 17,
      "0010101": 9,
      "1101010": 15,
      "1000000": 17,
      "1100001": 9,
      "1000100": 19,
      "0101110": 12,
      "1010000": 13,
      "0100111": 17,
      "0001001": 18,
      "0110110": 12,
      "0010110": 18,
      "1001000": 8,
      "1100100": 18,
      "0000101": 20,
      "1010001": 12,
      "1100110": 13,
      "1110110": 12,
      "1111000": 19,
      "0110011": 15,
      "0001010": 14,
      "1101110": 17,
      "0111011": 17,
      "0000111": 9,
      "1001101": 9,
      "0010010": 13,
      "1001011": 13,
      "1110011": 14,
      "0111000": 18,
      "0000011": 13,
      "1111101": 9,
      "1011000": 18,
      "1101101": 15,
      "0101001": 20,
      "0111101": 16,
      "0100101": 17,
      "1100111": 11,
      "1111010": 17,
      "0011101": 22,
      "0010011": 17,
      "1110101": 15,
      "1111011": 15,
      "0111111": 14,
      "0001100": 14,
      "1000101": 12,
      "0001111": 25,
      "0100100": 10,
      "1010010": 9,
      "1101011": 18,
      "1001100": 11,
      "1101000": 24,
      "1011110": 11,
      "0011000": 15,
      "0010111": 18,
      "0111010": 17,
      "0101011": 16,
      "0000001": 10,
      "1010011": 16,
      "0011001": 7,
      "1010100": 10,
      "1011011": 14,
      "1001010": 11,
      "0110101": 14,
      "0000010": 18,
      "1000111": 11,
      "0100110": 5
    },
    {
      "1000011": 15,
      "0000110": 16,
      "0010111": 18,
      "0110001": 11,
      "0001111": 18,
      "0011110": 17,
      "1010011": 17,
      "0110100": 10,
      "0000001": 12,
      "1101000": 15,
      "1110000": 16,
      "0110110": 16,
      "0110011": 20,
      "1011101": 19,
      "1000110": 13,
      "0111000": 14,
      "0110000": 15,
      "0100010": 23,
      "1000100": 16,
      "1001000": 15,
      "0011001": 18,
      "1001111": 18,
      "0001001": 18,
      "1100001": 19,
      "1010110": 11,
      "1101110": 12,
      "1010111": 20,
      "1100101": 23,
      "1111010": 17,
      "1100010": 15,
      "0100011": 20,
      "0001110": 6,
      "0010101": 23,
      "0110111": 18,
      "0000101": 13,
      "0111010": 15,
      "1110010": 14,
      "1000101": 16,
      "1011000": 16,
      "0010100": 14,
      "1000111": 21,
      "0001011": 22,
      "0100101": 16,
      "1011111": 16,
      "1001010": 21,
      "0101000": 19,
      "0101010": 17,
      "1010100": 15,
      "1011010": 17,
      "1010001": 21,
      "0101011": 9,
      "1111000": 17,
      "0010110": 17,
      "0111100": 11,
      "0000100": 17,
      "1001100": 8,
      "0010001": 28,
      "1001101": 20,
      "1111001": 19,
      "1110001": 14,
      "1011001": 17,
      "0010010": 22,
      "0100110": 15,
      "1011110": 14,
      "1000010": 23,
      "0011010": 15,
      "1111011": 18,
      "0101001": 17,
      "1110110": 14,
      "0100001": 16,
      "0001100": 7,
      "1001001": 15,
      "1111100": 15,
      "0111101": 13,
      "0111001": 19,
      "0011101": 18,
      "1100110": 15,
      "0000010": 19,
      "0101101": 12,
      "0000011": 14,
      "0011011": 17,
      "0101111": 17,
      "1100000": 15,
      "1011100": 18,
      "1100011": 18,
      "0010011": 12,
      "1101111": 9,
      "0101110": 18,
      "1010101": 18,
      "1100111": 10,
      "0001010": 12,
      "0011100": 13,
      "1100100": 12,
      "0100000": 12,
      "0001101": 19,
      "1101011": 11,
      "0111110": 17,
      "1001110": 16,
      "1010000": 15,
      "1000000": 17,
      "0100111": 12,
      "0010000": 15,
      "0111011": 18,
      "1000001": 21,
      "0110010": 12,
      "1111101": 11,
      "0000000": 19,
      "0100100": 15,
      "1110011": 18,
      "1111111": 19,
      "1110111": 10,
      "1110101": 14,
      "1010010": 13,
      "0111111": 7,
      "0101100": 12,
      "1110100": 11,
      "1001011": 22,
      "1011011": 26,
      "0011111": 18,
      "0001000": 17,
      "0011000": 13,
      "1101001": 9,
      "1101100": 13,
      "1101010": 11,
      "1101101": 10,
      "1111110": 15,
      "0000111": 10,
      "0110101": 8
    },
    {
      "0101101": 21,
      "0111110": 15,
      "0111100": 11,
      "0001100": 13,
      "1000100": 14,
      "1110001": 9,
      "1010110": 15,
      "0001101": 19,
      "0001010": 13,
      "1110000": 18,
      "1011010": 22,
      "1101111": 18,
      "0100011": 18,
      "1001010": 17,
      "1001000": 22,
      "1011011": 23,
      "1100110": 17,
      "0110010": 15,
      "1110111": 15,
      "0110111": 14,
      "0001111": 19,
      "0100110": 11,
      "1100100": 16,
      "0011001": 21,
      "0101011": 21,
      "0101000": 17,
      "1001111": 23,
      "0000101": 16,
      "1111111": 19,
      "1110101": 8,
      "0110000": 14,
      "1011101": 11,
      "0000010": 8,
      "1010101": 21,
      "0101010": 25,
      "0010110": 16,
      "1001101": 19,
      "1100101": 24,
      "1101100": 15,
      "0000001": 25,
      "1111110": 17,
      "0001001": 18,
      "0000000": 22,
      "1000001": 16,
      "0111000": 10,
      "1000111": 17,
      "1010010": 18,
      "0001000": 16,
      "1101010": 12,
      "0011111": 23,
      "0111011": 14,
      "0000011": 29,
      "0100000": 22,
      "1001100": 16,
      "1101000": 10,
      "1001110": 17,
      "1100011": 17,
      "1100010": 19,
      "0110011": 18,
      "0100111": 19,
      "0010111": 20,
      "0001110": 20,
      "1010011": 13,
      "1000101": 19,
      "1010001": 15,
      "0111010": 11,
      "0101100": 12,
      "0000100": 17,
      "1011000": 16,
      "1110100": 13,
      "0100101": 17,
      "1011110": 12,
      "0010000": 16,
      "0111001": 14,
      "0101001": 16,
      "1110011": 17,
      "0110110": 14,
      "0101111": 17,
      "1111000": 11,
      "0111101": 10,
      "0010100": 10,
      "1111001": 10,
      "1001001": 16,
      "1101110": 17,
      "1000011": 18,
      "1000110": 22,
      "0011110": 10,
      "1101001": 14,
      "0011000": 12,
      "1010000": 13,
      "1001011": 20,
      "0110101": 13,
      "1100111": 19,
      "1000000": 17,
      "0101110": 13,
      "1111101": 6,
      "1010111": 13,
      "1101101": 13,
      "1100000": 24,
      "0011101": 14,
      "1101011": 12,
      "1100001": 19,
      "0110001": 10,
      "0010001": 14,
      "0011100": 12,
      "0100100": 14,
      "0011011": 16,
      "1011100": 13,
      "1111010": 11,
      "1110010": 14,
      "0111111": 14,
      "0001011": 16,
      "1011111": 14,
      "1110110": 13,
      "0000110": 12,
      "1010100": 19,
      "1000010": 15,
      "0010010": 18,
      "0000111": 14,
      "0010101": 14,
      "0011010": 13,
      "0110100": 6,
      "0100001": 14,
      "1011001": 12,
      "1111011": 8,
      "0100010": 18,
      "0010011": 15,
      "1111100": 8
    },
    {
      "0101100": 21,
      "1001100": 29,
      "1111101": 14,
      "1010001": 20,
      "0001111": 16,
      "1100100": 9,
      "1000111": 21,
      "1010000": 19,
      "0110111": 11,
      "0011000": 18,
      "1011010": 16,
      "1000010": 14,
      "0001011": 16,
      "0000010": 15,
      "0101001": 17,
      "0111011": 16,
      "0100101": 12,
      "1110010": 13,
      "1110001": 7,
      "1001101": 25,
      "0000101": 19,
      "1101111": 8,
      "1100000": 10,
      "0010110": 20,
      "1111011": 12,
      "1100011": 17,
      "0010000": 17,
      "1001001": 18,
      "0000011": 27,
      "0000000": 18,
      "0101101": 22,
      "0111001": 18,
      "0101010": 10,
      "0101000": 10,
      "0100001": 21,
      "0001010": 17,
      "1001011": 17,
      "1001111": 25,
      "1111110": 19,
      "0100110": 13,
      "1000100": 22,
      "1011101": 20,
      "1000011": 18,
      "0001000": 15,
      "0010001": 13,
      "1010100": 19,
      "0110101": 23,
      "1110101": 14,
      "0111000": 15,
      "1110110": 15,
      "0101110": 15,
      "0011011": 25,
      "0011010": 21,
      "0000001": 19,
      "1111001": 11,
      "0000111": 14,
      "0110000": 12,
      "0010011": 12,
      "0101111": 10,
      "0100000": 8,
      "0011111": 12,
      "0001110": 18,
      "1010011": 16,
      "1011001": 16,
      "0000100": 18,
      "0100011": 13,
      "1011011": 24,
      "0111010": 11,
      "1111000": 10,
      "1101000": 14,
      "0001001": 13,
      "1000000": 24,
      "0110010": 7,
      "1100001": 16,
      "1101011": 14,
      "1110111": 15,
      "1101100": 17,
      "1001110": 22,
      "1010111": 15,
      "1110000": 9,
      "1100110": 13,
      "1111111": 14,
      "1010010": 11,
      "0100100": 12,
      "0011110": 18,
      "1000101": 20,
      "0001100": 14,
      "1110100": 9,
      "1011110": 17,
      "0101011": 18,
      "1001010": 21,
      "1001000": 20,
      "0010111": 15,
      "0010100": 19,
      "1011000": 12,
      "0111110": 12,
      "0111100": 9,
      "1011111": 20,
      "0010101": 21,
      "0010010": 16,
      "1110011": 11,
      "1111100": 14,
      "0111111": 19,
      "1010110": 14,
      "1010101": 14,
      "0110011": 9,
      "1101001": 10,
      "1101101": 20,
      "0100111": 15,
      "1011100": 16,
      "0001101": 16,
      "1111010": 14,
      "1100010": 10,
      "0011101": 20,
      "1101010": 14,
      "1100101": 12,
      "1100111": 6,
      "0000110": 22,
      "0111101": 20,
      "0110100": 16,
      "0110001": 13,
      "0011001": 16,
      "1000001": 12,
      "0100010": 10,
      "1101110": 15,
      "0011100": 14,
      "1000110": 14,
      "0110110": 11
    }
  ],
  "job_ids_per_timestep": [
    "d21g7t229d8c73ddrg60",
    "d21g8tklir9s73aisqm0",
    "d21g8vjni11c73fdjthg",
    "d21g91q29d8c73ddrhdg",
    "d21g94bni11c73fdjtm0"
  ],
  "entropy_per_timestep": [
    6.930427819714365,
    6.948047838504443,
    6.95224199765828,
    6.947006722203097,
    6.93956337770991
  ],
  "mutual_information_per_timestep": [
    {
      "I_0,1": 0.001080256680433057,
      "I_0,2": 0.00045524583948341937,
      "I_0,3": 1.1818359209819253e-05,
      "I_0,4": 0.0006736786684898542,
      "I_0,5": 6.394680522395441e-05,
      "I_0,6": 0.0005295528966482044,
      "I_1,2": 0.0003512330474623,
      "I_1,3": 4.676862060809029e-06,
      "I_1,4": 0.0009888452357725182,
      "I_1,5": 6.979616116398272e-09,
      "I_1,6": 7.383196589349009e-05,
      "I_2,3": 0.00011663566477754369,
      "I_2,4": 0.00033994628983649404,
      "I_2,5": 0.0001830530437633409,
      "I_2,6": 3.421606172074017e-05,
      "I_3,4": 1.36293545351942e-05,
      "I_3,5": 0.00010532454745051326,
      "I_3,6": 3.201510160654765e-05,
      "I_4,5": 0.000700244536048146,
      "I_4,6": 1.5303745541836965e-06,
      "I_5,6": 1.5107263844802007e-05
    },
    {
      "I_0,1": 0.0010095220694307377,
      "I_0,2": 0.00026430092149289704,
      "I_0,3": 5.2950450015889095e-05,
      "I_0,4": 9.878929185011716e-05,
      "I_0,5": 8.299921072158411e-05,
      "I_0,6": 0.00020199661266806588,
      "I_1,2": 0.0006471555021727738,
      "I_1,3": 0.00028610125050908004,
      "I_1,4": 1.340061582093743e-05,
      "I_1,5": 2.8441000463903365e-06,
      "I_1,6": 4.3309715837375976e-05,
      "I_2,3": 0.0006183608710092891,
      "I_2,4": 0.0001448994280981511,
      "I_2,5": 0.0019213649107385489,
      "I_2,6": 5.389188299313708e-07,
      "I_3,4": 8.99978656545581e-05,
      "I_3,5": 0.00012337698901851565,
      "I_3,6": 5.478678812786096e-07,
      "I_4,5": 0.00042855528979402965,
      "I_4,6": 0.00013143554734741398,
      "I_5,6": 0.000560293197219959
    },
    {
      "I_0,1": 0.0003315604043922938,
      "I_0,2": 8.525663061940015e-05,
      "I_0,3": 6.990474246835587e-05,
      "I_0,4": 0.0002705767279336897,
      "I_0,5": 0.0010186193404663549,
      "I_0,6": 9.260922930841688e-05,
      "I_1,2": 1.8674469224321823e-06,
      "I_1,3": 7.554354309084266e-05,
      "I_1,4": 3.7230217158320048e-06,
      "I_1,5": 7.321699836310017e-05,
      "I_1,6": 2.5527222593765917e-05,
      "I_2,3": 8.888070180428174e-06,
      "I_2,4": 2.5605469512943223e-05,
      "I_2,5": 5.5511362996836424e-05,
      "I_2,6": 3.403367689491397e-06,
      "I_3,4": 0.0006237780780297113,
      "I_3,5": 8.888070180428174e-06,
      "I_3,6": 2.5657772125995846e-05,
      "I_4,5": 0.00014283216712019774,
      "I_4,6": 7.402455711706863e-06,
      "I_5,6": 0.00027498677175558355
    },
    {
      "I_0,1": 0.00020549729863179357,
      "I_0,2": 0.0005494885718501669,
      "I_0,3": 7.498326115768297e-05,
      "I_0,4": 0.00010876761370443412,
      "I_0,5": 0.0002794779860427199,
      "I_0,6": 0.0010620538297287235,
      "I_1,2": 0.00026894287626650065,
      "I_1,3": 0.0005228795296777673,
      "I_1,4": 0.001146649265527393,
      "I_1,5": 0.00025535916387864083,
      "I_1,6": 7.843453715973428e-06,
      "I_2,3": 0.00016571383149711384,
      "I_2,4": 7.547901728299018e-06,
      "I_2,5": 2.909052211780413e-06,
      "I_2,6": 0.0005133277192636738,
      "I_3,4": 7.047494096912299e-07,
      "I_3,5": 0.0004157632321307933,
      "I_3,6": 0.00026407144366182543,
      "I_4,5": 0.0008641883210109193,
      "I_4,6": 4.0415954150819686e-07,
      "I_5,6": 0.0001275070356895622
    },
    {
      "I_0,1": 4.337672707494097e-05,
      "I_0,2": 0.00025284296710113667,
      "I_0,3": 2.1201064746327537e-07,
      "I_0,4": 6.0880163628149794e-05,
      "I_0,5": 0.0005497962602753238,
      "I_0,6": 0.0003358362175349674,
      "I_1,2": 0.0005820592356521742,
      "I_1,3": 0.0002900921623837146,
      "I_1,4": 8.922458645644086e-05,
      "I_1,5": 0.00014846978605486533,
      "I_1,6": 9.716674679668491e-05,
      "I_2,3": 1.6894671962111108e-05,
      "I_2,4": 2.03094203588541e-05,
      "I_2,5": 0.00015460722268585952,
      "I_2,6": 8.63954519590448e-05,
      "I_3,4": 3.6679209890449604e-05,
      "I_3,5": 0.0004087980751162571,
      "I_3,6": 0.00042599349227694355,
      "I_4,5": 0.0001566456394255086,
      "I_4,6": 0.0003407928214786103,
      "I_5,6": 0.0008353317491932178
    }
  ],
  "boundary_entropies_per_timestep": [
    {
      "entropy_A": -0.0,
      "entropy_B": -0.0,
      "mi_AB": 0.0,
      "pure_state_check": true,
      "entropy_difference": 0.0,
      "multiple_regions": {
        "size_1_region_0": {
          "region": [
            0
          ],
          "entropy": 0.6886278683856617,
          "rt_area": 6,
          "size": 1
        },
        "size_1_region_1": {
          "region": [
            1
          ],
          "entropy": 0.692809142468311,
          "rt_area": 6,
          "size": 1
        },
        "size_2_region_0": {
          "region": [
            0,
            1
          ],
          "entropy": 0.5812594319855474,
          "rt_area": 10,
          "size": 2
        },
        "size_2_region_1": {
          "region": [
            0,
            2
          ],
          "entropy": 0.6091601703774071,
          "rt_area": 10,
          "size": 2
        },
        "size_3_region_0": {
          "region": [
            0,
            1,
            2
          ],
          "entropy": 0.4295851999835733,
          "rt_area": 12,
          "size": 3
        },
        "size_3_region_1": {
          "region": [
            0,
            1,
            3
          ],
          "entropy": 0.41570747271728126,
          "rt_area": 12,
          "size": 3
        },
        "size_4_region_0": {
          "region": [
            0,
            1,
            2,
            3
          ],
          "entropy": 0.29081440245335816,
          "rt_area": 12,
          "size": 4
        },
        "size_4_region_1": {
          "region": [
            0,
            1,
            2,
            4
          ],
          "entropy": 0.2549303756833393,
          "rt_area": 12,
          "size": 4
        },
        "size_5_region_0": {
          "region": [
            0,
            1,
            2,
            3,
            4
          ],
          "entropy": 0.167944147734173,
          "rt_area": 10,
          "size": 5
        },
        "size_5_region_1": {
          "region": [
            0,
            1,
            2,
            3,
            5
          ],
          "entropy": 0.17424898371815123,
          "rt_area": 10,
          "size": 5
        },
        "size_6_region_0": {
          "region": [
            0,
            1,
            2,
            3,
            4,
            5
          ],
          "entropy": 0.10190582975257553,
          "rt_area": 6,
          "size": 6
        },
        "size_6_region_1": {
          "region": [
            0,
            1,
            2,
            3,
            4,
            6
          ],
          "entropy": 0.10761535423222196,
          "rt_area": 6,
          "size": 6
        }
      }
    },
    {
      "entropy_A": -0.0,
      "entropy_B": -0.0,
      "mi_AB": 0.0,
      "pure_state_check": true,
      "entropy_difference": 0.0,
      "multiple_regions": {
        "size_1_region_0": {
          "region": [
            0
          ],
          "entropy": 0.6929666696982935,
          "rt_area": 6,
          "size": 1
        },
        "size_1_region_1": {
          "region": [
            1
          ],
          "entropy": 0.6928591529055732,
          "rt_area": 6,
          "size": 1
        },
        "size_2_region_0": {
          "region": [
            0,
            1
          ],
          "entropy": 0.5698955639387705,
          "rt_area": 10,
          "size": 2
        },
        "size_2_region_1": {
          "region": [
            0,
            2
          ],
          "entropy": 0.5688313232795487,
          "rt_area": 10,
          "size": 2
        },
        "size_3_region_0": {
          "region": [
            0,
            1,
            2
          ],
          "entropy": 0.37677016125643675,
          "rt_area": 12,
          "size": 3
        },
        "size_3_region_1": {
          "region": [
            0,
            1,
            3
          ],
          "entropy": 0.3796787758159527,
          "rt_area": 12,
          "size": 3
        },
        "size_4_region_0": {
          "region": [
            0,
            1,
            2,
            3
          ],
          "entropy": 0.22834107958452884,
          "rt_area": 12,
          "size": 4
        },
        "size_4_region_1": {
          "region": [
            0,
            1,
            2,
            4
          ],
          "entropy": 0.2242070754418573,
          "rt_area": 12,
          "size": 4
        },
        "size_5_region_0": {
          "region": [
            0,
            1,
            2,
            3,
            4
          ],
          "entropy": 0.13124869920165283,
          "rt_area": 10,
          "size": 5
        },
        "size_5_region_1": {
          "region": [
            0,
            1,
            2,
            3,
            5
          ],
          "entropy": 0.13820126672094507,
          "rt_area": 10,
          "size": 5
        },
        "size_6_region_0": {
          "region": [
            0,
            1,
            2,
            3,
            4,
            5
          ],
          "entropy": 0.07152684765971383,
          "rt_area": 6,
          "size": 6
        },
        "size_6_region_1": {
          "region": [
            0,
            1,
            2,
            3,
            4,
            6
          ],
          "entropy": 0.0881431758379648,
          "rt_area": 6,
          "size": 6
        }
      }
    },
    {
      "entropy_A": -0.0,
      "entropy_B": -0.0,
      "mi_AB": 0.0,
      "pure_state_check": true,
      "entropy_difference": 0.0,
      "multiple_regions": {
        "size_1_region_0": {
          "region": [
            0
          ],
          "entropy": 0.6931066800131775,
          "rt_area": 6,
          "size": 1
        },
        "size_1_region_1": {
          "region": [
            1
          ],
          "entropy": 0.6909009982773111,
          "rt_area": 6,
          "size": 1
        },
        "size_2_region_0": {
          "region": [
            0,
            1
          ],
          "entropy": 0.5714821097863767,
          "rt_area": 10,
          "size": 2
        },
        "size_2_region_1": {
          "region": [
            0,
            2
          ],
          "entropy": 0.5562117108684214,
          "rt_area": 10,
          "size": 2
        },
        "size_3_region_0": {
          "region": [
            0,
            1,
            2
          ],
          "entropy": 0.36592759105535727,
          "rt_area": 12,
          "size": 3
        },
        "size_3_region_1": {
          "region": [
            0,
            1,
            3
          ],
          "entropy": 0.39485236148062597,
          "rt_area": 12,
          "size": 3
        },
        "size_4_region_0": {
          "region": [
            0,
            1,
            2,
            3
          ],
          "entropy": 0.22696752250060448,
          "rt_area": 12,
          "size": 4
        },
        "size_4_region_1": {
          "region": [
            0,
            1,
            2,
            4
          ],
          "entropy": 0.24448996051913768,
          "rt_area": 12,
          "size": 4
        },
        "size_5_region_0": {
          "region": [
            0,
            1,
            2,
            3,
            4
          ],
          "entropy": 0.14162706960881927,
          "rt_area": 10,
          "size": 5
        },
        "size_5_region_1": {
          "region": [
            0,
            1,
            2,
            3,
            5
          ],
          "entropy": 0.13647594492704543,
          "rt_area": 10,
          "size": 5
        },
        "size_6_region_0": {
          "region": [
            0,
            1,
            2,
            3,
            4,
            5
          ],
          "entropy": 0.07996643595234346,
          "rt_area": 6,
          "size": 6
        },
        "size_6_region_1": {
          "region": [
            0,
            1,
            2,
            3,
            4,
            6
          ],
          "entropy": 0.09412135554435352,
          "rt_area": 6,
          "size": 6
        }
      }
    },
    {
      "entropy_A": -0.0,
      "entropy_B": -0.0,
      "mi_AB": 0.0,
      "pure_state_check": true,
      "entropy_difference": 0.0,
      "multiple_regions": {
        "size_1_region_0": {
          "region": [
            0
          ],
          "entropy": 0.6931466805598621,
          "rt_area": 6,
          "size": 1
        },
        "size_1_region_1": {
          "region": [
            1
          ],
          "entropy": 0.6914056693712165,
          "rt_area": 6,
          "size": 1
        },
        "size_2_region_0": {
          "region": [
            0,
            1
          ],
          "entropy": 0.5735792519906938,
          "rt_area": 10,
          "size": 2
        },
        "size_2_region_1": {
          "region": [
            0,
            2
          ],
          "entropy": 0.589135671956945,
          "rt_area": 10,
          "size": 2
        },
        "size_3_region_0": {
          "region": [
            0,
            1,
            2
          ],
          "entropy": 0.4022311781663247,
          "rt_area": 12,
          "size": 3
        },
        "size_3_region_1": {
          "region": [
            0,
            1,
            3
          ],
          "entropy": 0.392050052059914,
          "rt_area": 12,
          "size": 3
        },
        "size_4_region_0": {
          "region": [
            0,
            1,
            2,
            3
          ],
          "entropy": 0.25750181276251166,
          "rt_area": 12,
          "size": 4
        },
        "size_4_region_1": {
          "region": [
            0,
            1,
            2,
            4
          ],
          "entropy": 0.26259968826045943,
          "rt_area": 12,
          "size": 4
        },
        "size_5_region_0": {
          "region": [
            0,
            1,
            2,
            3,
            4
          ],
          "entropy": 0.17424898371815123,
          "rt_area": 10,
          "size": 5
        },
        "size_5_region_1": {
          "region": [
            0,
            1,
            2,
            3,
            5
          ],
          "entropy": 0.167944147734173,
          "rt_area": 10,
          "size": 5
        },
        "size_6_region_0": {
          "region": [
            0,
            1,
            2,
            3,
            4,
            5
          ],
          "entropy": 0.11136442540081898,
          "rt_area": 6,
          "size": 6
        },
        "size_6_region_1": {
          "region": [
            0,
            1,
            2,
            3,
            4,
            6
          ],
          "entropy": 0.07788250941109637,
          "rt_area": 6,
          "size": 6
        }
      }
    },
    {
      "entropy_A": -0.0,
      "entropy_B": -0.0,
      "mi_AB": 0.0,
      "pure_state_check": true,
      "entropy_difference": 0.0,
      "multiple_regions": {
        "size_1_region_0": {
          "region": [
            0
          ],
          "entropy": 0.6931426805531953,
          "rt_area": 6,
          "size": 1
        },
        "size_1_region_1": {
          "region": [
            1
          ],
          "entropy": 0.6825975296682927,
          "rt_area": 6,
          "size": 1
        },
        "size_2_region_0": {
          "region": [
            0,
            1
          ],
          "entropy": 0.5900975621474575,
          "rt_area": 10,
          "size": 2
        },
        "size_2_region_1": {
          "region": [
            0,
            2
          ],
          "entropy": 0.5645217214043494,
          "rt_area": 10,
          "size": 2
        },
        "size_3_region_0": {
          "region": [
            0,
            1,
            2
          ],
          "entropy": 0.4022311781663247,
          "rt_area": 12,
          "size": 3
        },
        "size_3_region_1": {
          "region": [
            0,
            1,
            3
          ],
          "entropy": 0.4094758829967651,
          "rt_area": 12,
          "size": 3
        },
        "size_4_region_0": {
          "region": [
            0,
            1,
            2,
            3
          ],
          "entropy": 0.2688895909234597,
          "rt_area": 12,
          "size": 4
        },
        "size_4_region_1": {
          "region": [
            0,
            1,
            2,
            4
          ],
          "entropy": 0.2536389469216915,
          "rt_area": 12,
          "size": 4
        },
        "size_5_region_0": {
          "region": [
            0,
            1,
            2,
            3,
            4
          ],
          "entropy": 0.16635185253043633,
          "rt_area": 10,
          "size": 5
        },
        "size_5_region_1": {
          "region": [
            0,
            1,
            2,
            3,
            5
          ],
          "entropy": 0.15828988065270586,
          "rt_area": 10,
          "size": 5
        },
        "size_6_region_0": {
          "region": [
            0,
            1,
            2,
            3,
            4,
            5
          ],
          "entropy": 0.09214252397581763,
          "rt_area": 6,
          "size": 6
        },
        "size_6_region_1": {
          "region": [
            0,
            1,
            2,
            3,
            4,
            6
          ],
          "entropy": 0.0840856358922458,
          "rt_area": 6,
          "size": 6
        }
      }
    }
  ],
  "distance_matrix_per_timestep": [
    [
      [
        0.0,
        0.7179691515423924,
        0.8087976066945012,
        1.1925784895656226,
        0.767602814857625,
        1.5311403038519724,
        0.7929052429167734
      ],
      [
        0.7179691515423924,
        0.0,
        0.8360621947718149,
        1.78799862145401,
        0.7272626914506428,
        1.49080018044499,
        1.0
      ],
      [
        0.8087976066945012,
        0.8360621947718149,
        0.0,
        0.9519364266821949,
        0.8394953761313573,
        0.9045605395063482,
        1.0808407966629425
      ],
      [
        1.1925784895656226,
        1.78799862145401,
        0.9519364266821949,
        0.0,
        1.1775925829897356,
        1.856496966188543,
        1.0878293843696258
      ],
      [
        0.767602814857625,
        0.7272626914506428,
        0.8394953761313573,
        1.1775925829897356,
        0.0,
        0.7635374889943471,
        1.4074410184270083
      ],
      [
        1.5311403038519724,
        1.49080018044499,
        0.9045605395063482,
        1.856496966188543,
        0.7635374889943471,
        0.0,
        1.1667713897760774
      ],
      [
        0.7929052429167734,
        1.0,
        1.0808407966629425,
        1.0878293843696258,
        1.4074410184270083,
        1.1667713897760774,
        0.0
      ]
    ],
    [
      [
        0.0,
        0.7179689165444996,
        0.8087973965406705,
        1.192578308000856,
        0.7929177366953627,
        1.5058251474229107,
        0.7929049631658225
      ],
      [
        0.7179689165444996,
        0.0,
        0.8638829888955784,
        1.7601777337956508,
        0.7448753578350878,
        1.4731871937310814,
        0.9999998050568929
      ],
      [
        0.8087973965406705,
        0.8638829888955784,
        0.0,
        1.0078605213744942,
        0.8394952092528961,
        0.9326636099593687,
        1.080840664709043
      ],
      [
        1.192578308000856,
        1.7601777337956508,
        1.0078605213744942,
        0.0,
        1.1775922981909104,
        1.828393728087982,
        1.087829165548729
      ],
      [
        0.7929177366953627,
        0.7448753578350878,
        0.8394952092528961,
        1.1775922981909104,
        0.0,
        0.8064653000863079,
        1.4074410495711822
      ],
      [
        1.5058251474229107,
        1.4731871937310814,
        0.9326636099593687,
        1.828393728087982,
        0.8064653000863079,
        0.0,
        1.1667711824459357
      ],
      [
        0.7929049631658225,
        0.9999998050568929,
        1.080840664709043,
        1.087829165548729,
        1.4074410495711822,
        1.1667711824459357,
        0.0
      ]
    ],
    [
      [
        0.0,
        0.6946778796802631,
        0.7881282818974957,
        1.1764920432356472,
        0.7635334488046357,
        1.5119502037495813,
        0.76729816060048
      ],
      [
        0.6946778796802631,
        0.0,
        0.8406562023498381,
        1.7754290867384122,
        0.7140805249922046,
        1.4732098043530828,
        0.9805741290876312
      ],
      [
        0.7881282818974957,
        0.8406562023498381,
        0.0,
        0.9770316768972833,
        0.8221091740809652,
        0.9042872666649201,
        1.0672121101052698
      ],
      [
        1.1764920432356472,
        1.7754290867384122,
        0.9770316768972833,
        0.0,
        1.152926837111545,
        1.8390305201970183,
        1.0660565365459076
      ],
      [
        0.7635334488046357,
        0.7140805249922046,
        0.8221091740809652,
        1.152926837111545,
        0.0,
        0.7710662773783673,
        1.4093744882085366
      ],
      [
        1.5119502037495813,
        1.4732098043530828,
        0.9042872666649201,
        1.8390305201970183,
        0.7710662773783673,
        0.0,
        1.1462511693313637
      ],
      [
        0.76729816060048,
        0.9805741290876312,
        1.0672121101052698,
        1.0660565365459076,
        1.4093744882085366,
        1.1462511693313637,
        0.0
      ]
    ],
    [
      [
        0.0,
        8.490077669458456,
        7.5065225816978,
        9.498245653901572,
        9.126296936012166,
        15.814889683329419,
        6.84755067032008
      ],
      [
        8.490077669458456,
        0.0,
        8.221011556799754,
        16.92625972068838,
        6.770911271792245,
        8.272839517992962,
        11.755831295607996
      ],
      [
        7.5065225816978,
        8.221011556799754,
        0.0,
        8.705248163888626,
        11.794240950110954,
        12.747683230251877,
        7.574596087783849
      ],
      [
        9.498245653901572,
        16.92625972068838,
        8.705248163888626,
        0.0,
        14.165423544566972,
        17.20662988450711,
        8.23929087149777
      ],
      [
        9.126296936012166,
        6.770911271792245,
        11.794240950110954,
        14.165423544566972,
        0.0,
        7.0537198487779404,
        14.72145613221635
      ],
      [
        15.814889683329419,
        8.272839517992962,
        12.747683230251877,
        17.20662988450711,
        7.0537198487779404,
        0.0,
        8.967339013009338
      ],
      [
        6.84755067032008,
        11.755831295607996,
        7.574596087783849,
        8.23929087149777,
        14.72145613221635,
        8.967339013009338,
        0.0
      ]
    ],
    [
      [
        0.0,
        10.045587503200233,
        8.282741945335152,
        15.366629339652201,
        9.70660315669846,
        15.08656857224988,
        7.9988869646549725
      ],
      [
        10.045587503200233,
        0.0,
        7.448938335940926,
        17.000168504333256,
        9.324353923438345,
        8.815129081332497,
        9.239082016176466
      ],
      [
        8.282741945335152,
        7.448938335940926,
        0.0,
        10.988512254256948,
        10.804425722471313,
        8.774622704364974,
        9.356575522902672
      ],
      [
        15.366629339652201,
        17.000168504333256,
        10.988512254256948,
        0.0,
        10.213300451417346,
        14.848768095751698,
        7.761086488156791
      ],
      [
        9.70660315669846,
        9.324353923438345,
        10.804425722471313,
        10.213300451417346,
        0.0,
        8.761524377369035,
        7.984235826967429
      ],
      [
        15.08656857224988,
        8.815129081332497,
        8.774622704364974,
        14.848768095751698,
        8.761524377369035,
        0.0,
        7.087681607594907
      ],
      [
        7.9988869646549725,
        9.239082016176466,
        9.356575522902672,
        7.761086488156791,
        7.984235826967429,
        7.087681607594907,
        0.0
      ]
    ]
  ],
  "edge_mi": {
    "0,1": 4.337672707494097e-05,
    "0,6": 0.0003358362175349674,
    "0,2": 0.00025284296710113667,
    "0,3": 2.1201064746327537e-07,
    "0,4": 6.0880163628149794e-05,
    "1,2": 0.0005820592356521742,
    "1,6": 9.716674679668491e-05,
    "1,4": 8.922458645644086e-05,
    "1,5": 0.00014846978605486533,
    "2,3": 1.6894671962111108e-05,
