{
  "spec": {
    "num_qubits": 5,
    "topology": "triangulated",
    "custom_edges": "0-1:0.1292,0-2:0.1214,0-3:0.1311,0-4:0.1419,1-2:0.1202,1-3:0.1202,1-4:0.1426,2-3:0.1326,2-4:0.1173,3-4:0.1298",
    "alpha": 0.8,
    "weight": 0.12311217762605978,
    "gamma": 0.01,
    "sigma": 0.01,
    "init_angle": 0.0,
    "init_angles": null,
    "shots": 100,
    "device": "simulator",
    "geometry": "spherical",
    "curvature": 1.0,
    "timesteps": 3,
    "dimension": 2,
    "mass_hinge": null,
    "mass_value": 0.0,
    "solve_regge": false,
    "lorentzian": false,
    "excite": false,
    "fast": true,
    "strong_curvature": false,
    "charge_injection": false,
    "charge_strength": 1.0,
    "charge_location": 3,
    "spin_injection": false,
    "spin_strength": 1.0,
    "spin_location": 3,
    "edge_floor": 0.001,
    "compute_entropies": false,
    "hyperbolic_triangulation": false,
    "trotter_steps": 4,
    "dt": 0.1,
    "analyze_curvature": false,
    "einstein_solver": false,
    "page_curve": false,
    "radiation_ordering": "0,1",
    "page_curve_timesteps": 10,
    "entropy_method": "basic",
    "num_shadows": 50,
    "shots_per_shadow": 500,
    "num_bases": 10,
    "shots_per_basis": 500,
    "enhanced_entanglement": false,
    "entanglement_strength": 5.0,
    "interpolate_geometry": false,
    "smooth_charge_injection": false,
    "min_qubits_for_continuum": 10,
    "benchmark_against_classical_geometry": false,
    "geometry_fit_metric": "wasserstein,kl,euclidean",
    "verify_noise_robustness": false,
    "run_on_multiple_backends": false,
    "detect_and_flag_causal_loops": false,
    "restrict_information_flow_direction": "forward",
    "filter_noncausal_edges": false,
    "use_ryu_takayanagi_test": false,
    "compare_MI_vs_subsystem_entropy": false,
    "embed_boundary_entropy_in_geometry": false,
    "entropy_engineering": true,
    "target_entropy_pattern": "page_curve",
    "custom_target_entropies": null,
    "entropy_optimization_iterations": 20,
    "entropy_tolerance": 0.1,
    "continue_on_engineering_failure": false,
    "validate_engineered_geometry": false
  },
  "uid": "JAGGC0",
  "counts_per_timestep": [
    null,
    null,
    null
  ],
  "job_ids_per_timestep": [
    null,
    null,
    null
  ],
  "entropy_per_timestep": [
    null,
    null,
    null
  ],
  "mutual_information_per_timestep": [
    {
      "I_0,1": 0.06796830155074299,
      "I_0,2": 0.07877630212084114,
      "I_0,3": 0.09691424412226779,
      "I_0,4": 0.08756650493754839,
      "I_1,2": 0.06964344713804627,
      "I_1,3": 0.08408890277153397,
      "I_1,4": 0.08555214887977936,
      "I_2,3": 0.0961196937270147,
      "I_2,4": 0.0948743621484355,
      "I_3,4": 0.1160130994163491
    },
    {
      "I_0,1": 0.15959210389245426,
      "I_0,2": 0.1765893447199009,
      "I_0,3": 0.19103098421621956,
      "I_0,4": 0.21712833704377743,
      "I_1,2": 0.22463938405881556,
      "I_1,3": 0.21419787076366792,
      "I_1,4": 0.21637479499625467,
      "I_2,3": 0.25011741691093137,
      "I_2,4": 0.255681008087312,
      "I_3,4": 0.3469880703074437
    },
    {
      "I_0,1": 0.21543628541686322,
      "I_0,2": 0.2061388736034283,
      "I_0,3": 0.21697825802938786,
      "I_0,4": 0.2468537231620851,
      "I_1,2": 0.2858561691443572,
      "I_1,3": 0.2715719957590482,
      "I_1,4": 0.29351516017235435,
      "I_2,3": 0.3353716079028638,
      "I_2,4": 0.3582203209836585,
      "I_3,4": 0.40778599388841097
    }
  ],
  "boundary_entropies_per_timestep": [
    {
      "entropy_A": 0.20560136496229756,
      "entropy_B": 0.20560136496229806,
      "mi_AB": 0.41120272992458945,
      "pure_state_check": true,
      "entropy_difference": 4.996003610813204e-16,
      "multiple_regions": {
        "size_1_region_0": {
          "region": [
            0
          ],
          "entropy": 0.13270991366447066,
          "rt_area": 4,
          "size": 1
        },
        "size_1_region_1": {
          "region": [
            1
          ],
          "entropy": 0.12222597223103283,
          "rt_area": 4,
          "size": 1
        },
        "size_1_region_2": {
          "region": [
            2
          ],
          "entropy": 0.13716056037678295,
          "rt_area": 4,
          "size": 1
        },
        "size_2_region_0": {
          "region": [
            0,
            1
          ],
          "entropy": 0.18696758434475988,
          "rt_area": 6,
          "size": 2
        },
        "size_2_region_1": {
          "region": [
            0,
            2
          ],
          "entropy": 0.19109417192041295,
          "rt_area": 6,
          "size": 2
        },
        "size_2_region_2": {
          "region": [
            0,
            3
          ],
          "entropy": 0.19851126795060214,
          "rt_area": 6,
          "size": 2
        },
        "size_3_region_0": {
          "region": [
            0,
            1,
            2
          ],
          "entropy": 0.20560136496229756,
          "rt_area": 6,
          "size": 3
        },
        "size_3_region_1": {
          "region": [
            0,
            1,
            3
          ],
          "entropy": 0.20118506419860013,
          "rt_area": 6,
          "size": 3
        },
        "size_3_region_2": {
          "region": [
            0,
            1,
            4
          ],
          "entropy": 0.20375646505817432,
          "rt_area": 6,
          "size": 3
        },
        "size_4_region_0": {
          "region": [
            0,
            1,
            2,
            3
          ],
          "entropy": 0.15889886597025527,
          "rt_area": 4,
          "size": 4
        },
        "size_4_region_1": {
          "region": [
            0,
            1,
            2,
            4
          ],
          "entropy": 0.16271559840840555,
          "rt_area": 4,
          "size": 4
        },
        "size_4_region_2": {
          "region": [
            0,
            1,
            3,
            4
          ],
          "entropy": 0.13716056037678787,
          "rt_area": 4,
          "size": 4
        }
      }
    },
    {
      "entropy_A": 0.5012295333053196,
      "entropy_B": 0.5012295333053167,
      "mi_AB": 1.0024590666106312,
      "pure_state_check": true,
      "entropy_difference": 2.886579864025407e-15,
      "multiple_regions": {
        "size_1_region_0": {
          "region": [
            0
          ],
          "entropy": 0.285997461307104,
          "rt_area": 4,
          "size": 1
        },
        "size_1_region_1": {
          "region": [
            1
          ],
          "entropy": 0.3222573566213208,
          "rt_area": 4,
          "size": 1
        },
        "size_1_region_2": {
          "region": [
            2
          ],
          "entropy": 0.36739764202561775,
          "rt_area": 4,
          "size": 1
        },
        "size_2_region_0": {
          "region": [
            0,
            1
          ],
          "entropy": 0.4486627140359706,
          "rt_area": 6,
          "size": 2
        },
        "size_2_region_1": {
          "region": [
            0,
            2
          ],
          "entropy": 0.4768057586128199,
          "rt_area": 6,
          "size": 2
        },
        "size_2_region_2": {
          "region": [
            0,
            3
          ],
          "entropy": 0.5094983064168654,
          "rt_area": 6,
          "size": 2
        },
        "size_3_region_0": {
          "region": [
            0,
            1,
            2
          ],
          "entropy": 0.5012295333053196,
          "rt_area": 6,
          "size": 3
        },
        "size_3_region_1": {
          "region": [
            0,
            1,
            3
          ],
          "entropy": 0.545402408225085,
          "rt_area": 6,
          "size": 3
        },
        "size_3_region_2": {
          "region": [
            0,
            1,
            4
          ],
          "entropy": 0.5318120544406689,
          "rt_area": 6,
          "size": 3
        },
        "size_4_region_0": {
          "region": [
            0,
            1,
            2,
            3
          ],
          "entropy": 0.4336857742867827,
          "rt_area": 4,
          "size": 4
        },
        "size_4_region_1": {
          "region": [
            0,
            1,
            2,
            4
          ],
          "entropy": 0.41453182932598404,
          "rt_area": 4,
          "size": 4
        },
        "size_4_region_2": {
          "region": [
            0,
            1,
            3,
            4
          ],
          "entropy": 0.3673976420256204,
          "rt_area": 4,
          "size": 4
        }
      }
    },
    {
      "entropy_A": 0.7732704304650246,
      "entropy_B": 0.7732704304650222,
      "mi_AB": 1.5465408609300402,
      "pure_state_check": true,
      "entropy_difference": 2.4424906541753444e-15,
      "multiple_regions": {
        "size_1_region_0": {
          "region": [
            0
          ],
          "entropy": 0.388620673446478,
          "rt_area": 4,
          "size": 1
        },
        "size_1_region_1": {
          "region": [
            1
          ],
          "entropy": 0.4819007426951113,
          "rt_area": 4,
          "size": 1
        },
        "size_1_region_2": {
          "region": [
            2
          ],
          "entropy": 0.5435785954862757,
          "rt_area": 4,
          "size": 1
        },
        "size_2_region_0": {
          "region": [
            0,
            1
          ],
          "entropy": 0.6550851307247263,
          "rt_area": 6,
          "size": 2
        },
        "size_2_region_1": {
          "region": [
            0,
            2
          ],
          "entropy": 0.7260603953293253,
          "rt_area": 6,
          "size": 2
        },
        "size_2_region_2": {
          "region": [
            0,
            3
          ],
          "entropy": 0.7390389176307951,
          "rt_area": 6,
          "size": 2
        },
        "size_3_region_0": {
          "region": [
            0,
            1,
            2
          ],
          "entropy": 0.7732704304650246,
          "rt_area": 6,
          "size": 3
        },
        "size_3_region_1": {
          "region": [
            0,
            1,
            3
          ],
          "entropy": 0.7990181966423477,
          "rt_area": 6,
          "size": 3
        },
        "size_3_region_2": {
          "region": [
            0,
            1,
            4
          ],
          "entropy": 0.7756034897971172,
          "rt_area": 6,
          "size": 3
        },
        "size_4_region_0": {
          "region": [
            0,
            1,
            2,
            3
          ],
          "entropy": 0.6136599221397372,
          "rt_area": 4,
          "size": 4
        },
        "size_4_region_1": {
          "region": [
            0,
            1,
            2,
            4
          ],
          "entropy": 0.5673965022137083,
          "rt_area": 4,
          "size": 4
        },
        "size_4_region_2": {
          "region": [
            0,
            1,
            3,
            4
          ],
          "entropy": 0.5435785954862792,
          "rt_area": 4,
          "size": 4
        }
      }
    }
  ],
  "distance_matrix_per_timestep": [
    [
      [
        0.0,
        2.6887138361549714,
        2.541143061855086,
        4.589408886134481,
        2.435356717886057
      ],
      [
        2.6887138361549714,
        0.0,
        2.664366665909641,
        4.612681328800114,
        2.4586291605516895
      ],
      [
        2.541143061855086,
        2.664366665909641,
        0.0,
        2.3421610544795914,
        2.355201766362087
      ],
      [
        4.589408886134481,
        4.612681328800114,
        2.3421610544795914,
        0.0,
        2.154052168248424
      ],
      [
        2.435356717886057,
        2.4586291605516895,
        2.355201766362087,
        2.154052168248424,
        0.0
      ]
    ],
    [
      [
        0.0,
        1.835134069548381,
        1.7339283283069478,
        2.5857315644540124,
        1.527266685310292
      ],
      [
        1.835134069548381,
        0.0,
        1.4932589000518706,
        2.5892080920764737,
        1.5307432129327536
      ],
      [
        1.7339283283069478,
        1.4932589000518706,
        0.0,
        1.3858248037354908,
        1.3638246736424755
      ],
      [
        2.5857315644540124,
        2.5892080920764737,
        1.3858248037354908,
        0.0,
        1.0584648791437203
      ],
      [
        1.527266685310292,
        1.5307432129327536,
        1.3638246736424755,
        1.0584648791437203,
        0.0
      ]
    ],
    [
      [
        0.0,
        1.535090072472668,
        1.5792051936193872,
        2.2959720986732988,
        1.3989593317007705
      ],
      [
        1.535090072472668,
        0.0,
        1.2522664997511224,
        2.122838754963062,
        1.2258259879905338
      ],
      [
        1.5792051936193872,
        1.2522664997511224,
        0.0,
        1.0925160846285686,
        1.0266070601336743
      ],
      [
        2.2959720986732988,
        2.122838754963062,
        1.0925160846285686,
        0.0,
        0.8970127669725284
      ],
      [
        1.3989593317007705,
        1.2258259879905338,
        1.0266070601336743,
        0.8970127669725284,
        0.0
      ]
    ]
  ],
  "edge_mi": {
    "0,1": 0.21543628541686322,
    "0,4": 0.2468537231620851,
    "0,2": 0.2061388736034283,
    "1,2": 0.2858561691443572,
    "1,4": 0.29351516017235435,
    "2,3": 0.3353716079028638,
    "2,4": 0.3582203209836585,
    "3,4": 0.40778599388841097
  },
  "distance_matrix": [
    [
      0.0,
      1.535090072472668,
      1.5792051936193872,
      1.527958123874332,
      1.3989593317007705
    ],
    [
      1.535090072472668,
      0.0,
      1.2522664997511224,
      1.3035279970118347,
      1.2258259879905338
    ],
    [
      1.5792051936193872,
      1.2522664997511224,
      0.0,
      1.0925160846285686,
      1.0266070601336743
    ],
    [
      1.527958123874332,
      1.3035279970118347,
      1.0925160846285686,
      0.0,
      0.8970127669725284
    ],
    [
      1.3989593317007705,
      1.2258259879905338,
      1.0266070601336743,
      0.8970127669725284,
      0.0
    ]
  ],
  "shortest_paths": {
    "0": {
      "0": 0,
      "4": 1.3989593317007705,
      "3": 1.527958123874332,
      "1": 1.535090072472668,
      "2": 1.5792051936193872
    },
    "1": {
      "1": 0,
      "4": 1.2258259879905338,
      "2": 1.2522664997511224,
      "3": 1.3035279970118347,
      "0": 1.535090072472668
    },
    "2": {
      "2": 0,
      "4": 1.0266070601336743,
      "3": 1.0925160846285686,
      "1": 1.2522664997511224,
      "0": 1.5792051936193872
    },
    "3": {
      "3": 0,
      "4": 0.8970127669725284,
      "2": 1.0925160846285686,
      "1": 1.3035279970118347,
      "0": 1.527958123874332
    },
    "4": {
      "4": 0,
      "3": 0.8970127669725284,
      "2": 1.0266070601336743,
      "1": 1.2258259879905338,
      "0": 1.3989593317007705
    }
  },
  "gromov_delta": 1.0149523443012871,
  "mean_distance": 1.0271175294524335,
  "angle_sums": [
    4.373586746760709,
    4.386313849855204,
    4.2224749166560285,
    4.212292331771718,
    4.066220557496814,
    3.9326291011314316,
    3.919087764044952,
    3.842765879315235,
    3.7781615534312296,
    3.6343467530656324
  ],
  "mean_angle_sum": 4.036787945352897,
  "min_angle_sum": 3.6343467530656324,
  "max_angle_sum": 4.386313849855204,
  "angle_sum_deviations": [
    1.2319940931709157,
    1.2447211962654112,
    1.0808822630662354,
    1.0706996781819251,
    0.9246279039070213,
    0.7910364475416385,
    0.7774951104551588,
    0.7011732257254417,
    0.6365688998414365,
    0.49275409947583926
  ],
  "triangle_inequality_violations": [],
  "embedding_coords": null,
  "edge_weight_variance": 7.17581e-05,
  "event_nodes": [
    [
      0,
      0
    ],
    [
      1,
      0
    ],
    [
      2,
      0
    ],
    [
      3,
      0
    ],
    [
      4,
      0
    ],
    [
      0,
      1
    ],
    [
      1,
      1
    ],
    [
      2,
      1
    ],
    [
      3,
      1
    ],
    [
      4,
      1
    ],
    [
      0,
      2
    ],
    [
      1,
      2
    ],
    [
      2,
      2
    ],
    [
      3,
      2
    ],
    [
      4,
      2
    ]
  ],
  "event_edges": [
    {
      "type": "spatial",
      "from": [
        0,
        0
      ],
      "to": [
        1,
        0
      ],
      "weight": 2.6887138361549714
    },
    {
      "type": "spatial",
      "from": [
        0,
        0
      ],
      "to": [
        2,
        0
      ],
      "weight": 2.541143061855086
    },
    {
      "type": "spatial",
      "from": [
        0,
        0
      ],
      "to": [
        3,
        0
      ],
      "weight": 4.589408886134481
    },
    {
      "type": "spatial",
      "from": [
        0,
        0
      ],
      "to": [
        4,
        0
      ],
      "weight": 2.435356717886057
    },
    {
      "type": "spatial",
      "from": [
        1,
        0
      ],
      "to": [
        2,
        0
      ],
      "weight": 2.664366665909641
    },
    {
      "type": "spatial",
      "from": [
        1,
        0
      ],
      "to": [
        3,
        0
      ],
      "weight": 4.612681328800114
    },
    {
      "type": "spatial",
      "from": [
        1,
        0
      ],
      "to": [
        4,
        0
      ],
      "weight": 2.4586291605516895
    },
    {
      "type": "spatial",
      "from": [
        2,
        0
      ],
      "to": [
        3,
        0
      ],
      "weight": 2.3421610544795914
    },
    {
      "type": "spatial",
      "from": [
        2,
        0
      ],
      "to": [
        4,
        0
      ],
      "weight": 2.355201766362087
    },
    {
      "type": "spatial",
      "from": [
        3,
        0
      ],
      "to": [
        4,
        0
      ],
      "weight": 2.154052168248424
    },
    {
      "type": "temporal",
      "from": [
        0,
        0
      ],
      "to": [
        0,
        1
      ],
      "weight": 1.0
    },
    {
      "type": "temporal",
      "from": [
        1,
        0
      ],
      "to": [
        1,
        1
      ],
      "weight": 1.0
    },
    {
      "type": "temporal",
      "from": [
        2,
        0
      ],
      "to": [
        2,
        1
      ],
      "weight": 1.0
    },
    {
      "type": "temporal",
      "from": [
        3,
        0
      ],
      "to": [
        3,
        1
      ],
      "weight": 1.0
    },
    {
      "type": "temporal",
      "from": [
        4,
        0
      ],
      "to": [
        4,
        1
      ],
      "weight": 1.0
    },
    {
      "type": "spatial",
      "from": [
        0,
        1
      ],
      "to": [
        1,
        1
      ],
      "weight": 1.835134069548381
    },
    {
      "type": "spatial",
      "from": [
        0,
        1
      ],
      "to": [
        2,
        1
      ],
      "weight": 1.7339283283069478
    },
    {
      "type": "spatial",
      "from": [
        0,
        1
      ],
      "to": [
        3,
        1
      ],
      "weight": 2.5857315644540124
    },
    {
      "type": "spatial",
      "from": [
        0,
        1
      ],
      "to": [
        4,
        1
      ],
      "weight": 1.527266685310292
    },
    {
      "type": "spatial",
      "from": [
        1,
        1
      ],
      "to": [
        2,
        1
      ],
      "weight": 1.4932589000518706
    },
    {
      "type": "spatial",
      "from": [
        1,
        1
      ],
      "to": [
        3,
        1
      ],
      "weight": 2.5892080920764737
    },
    {
      "type": "spatial",
      "from": [
        1,
        1
      ],
      "to": [
        4,
        1
      ],
      "weight": 1.5307432129327536
    },
    {
      "type": "spatial",
      "from": [
        2,
        1
      ],
      "to": [
        3,
        1
      ],
      "weight": 1.3858248037354908
    },
    {
      "type": "spatial",
      "from": [
        2,
        1
      ],
      "to": [
        4,
        1
      ],
      "weight": 1.3638246736424755
    },
    {
      "type": "spatial",
      "from": [
        3,
        1
      ],
      "to": [
        4,
        1
      ],
      "weight": 1.0584648791437203
    },
    {
      "type": "temporal",
      "from": [
        0,
        1
      ],
      "to": [
        0,
        2
      ],
      "weight": 1.0
    },
    {
      "type": "temporal",
      "from": [
        1,
        1
      ],
      "to": [
        1,
        2
      ],
      "weight": 1.0
    },
    {
      "type": "temporal",
      "from": [
        2,
        1
      ],
      "to": [
        2,
        2
      ],
      "weight": 1.0
    },
    {
      "type": "temporal",
      "from": [
        3,
        1
      ],
      "to": [
        3,
        2
      ],
      "weight": 1.0
    },
    {
      "type": "temporal",
      "from": [
        4,
        1
      ],
      "to": [
        4,
        2
      ],
      "weight": 1.0
    },
    {
      "type": "spatial",
      "from": [
        0,
        2
      ],
      "to": [
        1,
        2
      ],
      "weight": 1.535090072472668
    },
    {
      "type": "spatial",
      "from": [
        0,
        2
      ],
      "to": [
        2,
        2
      ],
      "weight": 1.5792051936193872
    },
    {
      "type": "spatial",
      "from": [
        0,
        2
      ],
      "to": [
        3,
        2
      ],
      "weight": 2.2959720986732988
    },
    {
      "type": "spatial",
      "from": [
        0,
        2
      ],
      "to": [
        4,
        2
      ],
      "weight": 1.3989593317007705
    },
    {
      "type": "spatial",
      "from": [
        1,
        2
      ],
      "to": [
        2,
        2
      ],
      "weight": 1.2522664997511224
    },
    {
      "type": "spatial",
      "from": [
        1,
        2
      ],
      "to": [
        3,
        2
      ],
      "weight": 2.122838754963062
    },
    {
      "type": "spatial",
      "from": [
        1,
        2
      ],
      "to": [
        4,
        2
      ],
      "weight": 1.2258259879905338
    },
    {
      "type": "spatial",
      "from": [
        2,
        2
      ],
      "to": [
        3,
        2
      ],
      "weight": 1.0925160846285686
    },
    {
      "type": "spatial",
      "from": [
        2,
        2
      ],
      "to": [
        4,
        2
      ],
      "weight": 1.0266070601336743
    },
    {
      "type": "spatial",
      "from": [
        3,
        2
      ],
      "to": [
        4,
        2
      ],
      "weight": 0.8970127669725284
    }
  ],
  "lorentzian_dissimilarity": [
    [
      0.0,
      7.2291820927311825,
      6.457408060814241,
      21.062673924130138,
      5.930962343352747,
      -1.0,
      6.2291820927311825,
      5.457408060814241,
      20.062673924130138,
      4.930962343352747,
      -4.0,
      3.2291820927311825,
      2.457408060814241,
      17.062673924130138,
      1.9309623433527472
    ],
    [
      7.2291820927311825,
      0.0,
      7.098849730410456,
      21.27682904106118,
      6.044857349115105,
      6.2291820927311825,
      -1.0,
      6.098849730410456,
      20.27682904106118,
      5.044857349115105,
      3.2291820927311825,
      -4.0,
      3.098849730410456,
      17.27682904106118,
      2.044857349115105
    ],
    [
      6.457408060814241,
      7.098849730410456,
      0.0,
      5.485718405120951,
      5.546975360275094,
      5.457408060814241,
      6.098849730410456,
      -1.0,
      4.485718405120951,
      4.546975360275094,
      2.457408060814241,
      3.098849730410456,
      -4.0,
      1.4857184051209513,
      1.546975360275094
    ],
    [
      21.062673924130138,
      21.27682904106118,
      5.485718405120951,
      0.0,
      4.639940743535737,
      20.062673924130138,
      20.27682904106118,
      4.485718405120951,
      -1.0,
      3.639940743535737,
      17.062673924130138,
      17.27682904106118,
      1.4857184051209513,
      -4.0,
      0.6399407435357372
    ],
    [
      5.930962343352747,
      6.044857349115105,
      5.546975360275094,
      4.639940743535737,
      0.0,
      4.930962343352747,
      5.044857349115105,
      4.546975360275094,
      3.639940743535737,
      -1.0,
      1.9309623433527472,
      2.044857349115105,
      1.546975360275094,
      0.6399407435357372,
      -4.0
    ],
    [
      -1.0,
      6.2291820927311825,
      5.457408060814241,
      20.062673924130138,
      4.930962343352747,
      0.0,
      3.3677170532172025,
      3.0065074477053266,
      6.686007723413795,
      2.332543528058687,
      -1.0,
      2.3677170532172025,
      2.0065074477053266,
      5.686007723413795,
      1.3325435280586868
    ],
    [
      6.2291820927311825,
      -1.0,
      6.098849730410456,
      20.27682904106118,
      5.044857349115105,
      3.3677170532172025,
      0.0,
      2.2298221425841223,
      6.7039985440742935,
      2.3431747839396895,
      2.3677170532172025,
      -1.0,
      1.2298221425841223,
      5.7039985440742935,
      1.3431747839396895
    ],
    [
      5.457408060814241,
      6.098849730410456,
      -1.0,
      4.485718405120951,
      4.546975360275094,
      3.0065074477053266,
      2.2298221425841223,
      0.0,
      1.9205103866485116,
      1.8600177404360048,
      2.0065074477053266,
      1.2298221425841223,
      -1.0,
      0.9205103866485116,
      0.8600177404360048
    ],
    [
      20.062673924130138,
      20.27682904106118,
      4.485718405120951,
      -1.0,
      3.639940743535737,
      6.686007723413795,
      6.7039985440742935,
      1.9205103866485116,
      0.0,
      1.1203479003807304,
      5.686007723413795,
      5.7039985440742935,
      0.9205103866485116,
      -1.0,
      0.1203479003807304
    ],
    [
      4.930962343352747,
      5.044857349115105,
      4.546975360275094,
      3.639940743535737,
      -1.0,
      2.332543528058687,
      2.3431747839396895,
      1.8600177404360048,
      1.1203479003807304,
      0.0,
      1.3325435280586868,
      1.3431747839396895,
      0.8600177404360048,
      0.1203479003807304,
      -1.0
    ],
    [
      -4.0,
      3.2291820927311825,
      2.457408060814241,
      17.062673924130138,
      1.9309623433527472,
      -1.0,
      2.3677170532172025,
      2.0065074477053266,
      5.686007723413795,
      1.3325435280586868,
      0.0,
      2.356501530604141,
      2.493889043554446,
      5.271487877886272,
      1.9570872117526663
    ],
    [
      3.2291820927311825,
      -4.0,
      3.098849730410456,
      17.27682904106118,
      2.044857349115105,
      2.3677170532172025,
      -1.0,
      1.2298221425841223,
      5.7039985440742935,
      1.3431747839396895,
      2.356501530604141,
      0.0,
      1.5681713863989277,
      4.506444379573123,
      1.5026493528329683
    ],
    [
      2.457408060814241,
      3.098849730410456,
      -4.0,
      1.4857184051209513,
      1.546975360275094,
      2.0065074477053266,
      1.2298221425841223,
      -1.0,
      0.9205103866485116,
      0.8600177404360048,
      2.493889043554446,
      1.5681713863989277,
      0.0,
      1.1935913951721377,
      1.0539220559163056
    ],
    [
      17.062673924130138,
      17.27682904106118,
      1.4857184051209513,
      -4.0,
      0.6399407435357372,
      5.686007723413795,
      5.7039985440742935,
      0.9205103866485116,
      -1.0,
      0.1203479003807304,
      5.271487877886272,
      4.506444379573123,
      1.1935913951721377,
      0.0,
      0.8046319041117116
    ],
    [
      1.9309623433527472,
      2.044857349115105,
      1.546975360275094,
      0.6399407435357372,
      -4.0,
      1.3325435280586868,
      1.3431747839396895,
      0.8600177404360048,
      0.1203479003807304,
      -1.0,
      1.9570872117526663,
      1.5026493528329683,
      1.0539220559163056,
      0.8046319041117116,
      0.0
    ]
  ],
  "lorentzian_embedding": [
    [
      0.0,
      0.0,
      0.0
    ],
    [
      0.0,
      0.0,
      0.0
    ],
    [
      0.0,
      0.0,
      0.0
    ],
    [
      0.0,
      0.0,
      0.0
    ],
    [
      0.0,
      0.0,
      0.0
    ],
    [
      0.0,
      0.0,
      0.0
    ],
    [
      0.0,
      0.0,
      0.0
    ],
    [
      0.0,
      0.0,
      0.0
    ],
    [
      0.0,
      0.0,
      0.0
    ],
    [
      0.0,
      0.0,
      0.0
    ],
    [
      0.0,
      0.0,
      0.0
    ],
    [
      0.0,
      0.0,
      0.0
    ],
    [
      0.0,
      0.0,
      0.0
    ],
    [
      0.0,
      0.0,
      0.0
    ],
    [
      0.0,
      0.0,
      0.0
    ]
  ],
  "edge_length_evolution": [],
  "angle_deficit_evolution": [],
  "regge_action_evolution": [],
  "gromov_delta_evolution": [],
  "mass_hinge": null,
  "mass_value": 0.0,
  "matter": {
    "(0, 1)": 0.0,
    "(2, 4)": 0.0,
    "(1, 2)": 0.0,
    "(0, 4)": 0.0,
    "(3, 4)": 0.0,
    "(0, 3)": 0.0,
    "(1, 4)": 0.0,
    "(2, 3)": 0.0,
    "(0, 2)": 0.0,
    "(1, 3)": 0.0
  },
  "stationary_solution": null,
  "einstein_analysis_per_timestep": [
    null,
    null,
    null
  ],
  "bootstrap_analysis": {
    "gromov_delta": {
      "mean": 2.12281712448757,
      "lower_ci": 1.4418603905818461,
      "upper_ci": 3.2566881893898114,
      "all_values": [
        3.256688189389812,
        1.6699027934910524,
        1.4418603905818461
      ],
      "uncertainty": 1.1338710649022414
    },
    "entropy": {
      "mean": null,
      "lower_ci": null,
      "upper_ci": null,
      "uncertainty": null
    },
    "distance_matrix": {
      "mean": [
        [
          0.0,
          2.0196459927253403,
          1.9514255279271404,
          3.1570375164205977,
          1.7871942449657066
        ],
        [
          2.0196459927253403,
          0.0,
          1.8032973552375449,
          3.108242725279883,
          1.7383994538249923
        ],
        [
          1.9514255279271404,
          1.8032973552375449,
          0.0,
          1.6068339809478838,
          1.5818778333794121
        ],
        [
          3.1570375164205977,
          3.108242725279883,
          1.6068339809478838,
          0.0,
          1.369843271454891
        ],
        [
          1.7871942449657066,
          1.7383994538249923,
          1.5818778333794121,
          1.369843271454891,
          0.0
        ]
      ],
      "lower_ci": [
        [
          0.0,
          1.535090072472668,
          1.5792051936193872,
          2.2959720986732988,
          1.441728449570611
        ],
        [
          1.6351047381645722,
          0.0,
          1.290423629798741,
          2.122838754963062,
          1.3274650629712736
        ],
        [
          1.5792051936193872,
          1.290423629798741,
          0.0,
          1.0925160846285686,
          1.0266070601336743
        ],
        [
          2.2959720986732988,
          2.196680566672686,
          1.1902856576642094,
          0.0,
          0.9225760180663005
        ],
        [
          1.3989593317007705,
          1.2258259879905338,
          1.1390129313032746,
          0.950830137696259,
          0.0
        ]
      ],
      "upper_ci": [
        [
          0.0,
          2.6887138361549714,
          2.541143061855086,
          4.589408886134481,
          2.435356717886057
        ],
        [
          2.6887138361549714,
          0.0,
          2.664366665909641,
          4.612681328800114,
          2.4586291605516895
        ],
        [
          2.541143061855086,
          2.664366665909641,
          0.0,
          2.3421610544795914,
          2.355201766362087
        ],
        [
          4.589408886134481,
          3.9381902498922337,
          2.023382304231558,
          0.0,
          1.788856405213523
        ],
        [
          2.291575796061558,
          2.4586291605516895,
          2.355201766362087,
          2.154052168248424,
          0.0
        ]
      ]
    }
  },
  "topology_compatibility": {
    "current_topology": "triangulated",
    "explanation": "Triangulated topology is specifically designed for angle-sum curvature. Creates multiple triangles per vertex, enabling robust local curvature measurements. Each vertex has multiple incident triangles for well-defined angle sums.",
    "supports_local_curvature": true
  },
  "rt_surface_analysis": {
    "region_A": [
      0,
      1
    ],
    "region_B": [
      2,
      3,
      4
    ],
    "bulk_point": 2,
    "is_complementary": true,
    "rt_area_AB": 9.875067866698176,
    "rt_area_BA": 9.875067866698176,
    "area_consistent": true,
    "edges_consistent": true,
    "area_difference": 0.0,
    "rt_edges_AB": [
      [
        0,
        2
      ],
      [
        0,
        3
      ],
      [
        0,
        4
      ],
      [
        1,
        2
      ],
      [
        1,
        3
      ],
      [
        1,
        4
      ]
    ],
    "rt_edges_BA": [
      [
        0,
        2
      ],
      [
        0,
        3
      ],
      [
        0,
        4
      ],
      [
        1,
        2
      ],
      [
        1,
        3
      ],
      [
        1,
        4
      ]
    ],
    "edge_lengths": [
      1.535090072472668,
      1.5792051936193872,
      2.2959720986732988,
      1.3989593317007705,
      1.2522664997511224,
      2.122838754963062,
      1.2258259879905338,
      1.0925160846285686,
      1.0266070601336743,
      0.8970127669725284
    ],
    "all_edges": [
      [
        0,
        1
      ],
      [
        0,
        2
      ],
      [
        0,
        3
      ],
      [
        0,
        4
      ],
      [
        1,
        2
      ],
      [
        1,
        3
      ],
      [
        1,
        4
      ],
      [
        2,
        3
      ],
      [
        2,
        4
      ],
      [
        3,
        4
      ]
    ]
  },
  "bulk_excitation_analysis": null,
  "page_curve_analysis": null,
  "einstein_analysis": null,
  "dynamic_evidence": {
    "angle_sums_per_timestep": [
      [
        9.42477796076938,
        4.874604336257861,
        9.42477796076938,
        3.141592653589793,
        9.42477796076938,
        0.0,
        3.141592653589793,
        9.42477796076938,
        0.0,
        9.42477796076938
      ],
      [
        5.079447559946961,
        9.42477796076938,
        4.869678013673086,
        5.642518195206933,
        4.5915086589742575,
        0.0,
        4.826131000140846,
        4.412211770995552,
        0.0,
        3.9900459596681435
      ],
      [
        4.373586746760709,
        6.817323148411575,
        4.2224749166560285,
        4.433396494698085,
        4.066220557496814,
        0.0,
        3.9219950769388126,
        3.842765879315235,
        0.0,
        3.6343467530656324
      ]
    ],
    "gromov_delta_per_timestep": [
      3.256688189389812,
      1.6699027934910524,
      1.4418603905818461
    ],
    "edge_mi_per_timestep": [
      {
        "0,1": 0.06796830155074299,
        "0,4": 0.08756650493754839,
        "0,2": 0.07877630212084114,
        "1,2": 0.06964344713804627,
        "1,4": 0.08555214887977936,
        "2,3": 0.0961196937270147,
        "2,4": 0.0948743621484355,
        "3,4": 0.1160130994163491
      },
      {
        "0,1": 0.15959210389245426,
        "0,4": 0.21712833704377743,
        "0,2": 0.1765893447199009,
        "1,2": 0.22463938405881556,
        "1,4": 0.21637479499625467,
        "2,3": 0.25011741691093137,
        "2,4": 0.255681008087312,
        "3,4": 0.3469880703074437
      },
      {
        "0,1": 0.21543628541686322,
        "0,4": 0.2468537231620851,
        "0,2": 0.2061388736034283,
        "1,2": 0.2858561691443572,
        "1,4": 0.29351516017235435,
        "2,3": 0.3353716079028638,
        "2,4": 0.3582203209836585,
        "3,4": 0.40778599388841097
      }
    ],
    "shortest_paths_per_timestep": [
      {
        "0": {
          "0": 0,
          "4": 2.435356717886057,
          "2": 2.541143061855086,
          "1": 2.6887138361549714,
          "3": 4.589408886134481
        },
        "1": {
          "1": 0,
          "4": 2.4586291605516895,
          "2": 2.664366665909641,
          "0": 2.6887138361549714,
          "3": 4.612681328800114
        },
        "2": {
          "2": 0,
          "3": 2.3421610544795914,
          "4": 2.355201766362087,
          "0": 2.541143061855086,
          "1": 2.664366665909641
        },
        "3": {
          "3": 0,
          "4": 2.154052168248424,
          "2": 2.3421610544795914,
          "0": 4.589408886134481,
          "1": 4.612681328800114
        },
        "4": {
          "4": 0,
          "3": 2.154052168248424,
          "2": 2.355201766362087,
          "0": 2.435356717886057,
          "1": 2.4586291605516895
        }
      },
      {
        "0": {
          "0": 0,
          "4": 1.527266685310292,
          "2": 1.7339283283069478,
          "1": 1.835134069548381,
          "3": 2.5857315644540124
        },
        "1": {
          "1": 0,
          "2": 1.4932589000518706,
          "4": 1.5307432129327536,
          "0": 1.835134069548381,
          "3": 2.5892080920764737
        },
        "2": {
          "2": 0,
          "4": 1.3638246736424755,
          "3": 1.3858248037354908,
          "1": 1.4932589000518706,
          "0": 1.7339283283069478
        },
        "3": {
          "3": 0,
          "4": 1.0584648791437203,
          "2": 1.3858248037354908,
          "0": 2.5857315644540124,
          "1": 2.5892080920764737
        },
        "4": {
          "4": 0,
          "3": 1.0584648791437203,
          "2": 1.3638246736424755,
          "0": 1.527266685310292,
          "1": 1.5307432129327536
        }
      },
      {
        "0": {
          "0": 0,
          "4": 1.3989593317007705,
          "1": 1.535090072472668,
          "2": 1.5792051936193872,
          "3": 2.2959720986732988
        },
        "1": {
          "1": 0,
          "4": 1.2258259879905338,
          "2": 1.2522664997511224,
          "0": 1.535090072472668,
          "3": 2.122838754963062
        },
        "2": {
          "2": 0,
          "4": 1.0266070601336743,
          "3": 1.0925160846285686,
          "1": 1.2522664997511224,
          "0": 1.5792051936193872
        },
        "3": {
          "3": 0,
          "4": 0.8970127669725284,
          "2": 1.0925160846285686,
          "1": 2.122838754963062,
          "0": 2.2959720986732988
        },
        "4": {
          "4": 0,
          "3": 0.8970127669725284,
          "2": 1.0266070601336743,
          "1": 1.2258259879905338,
          "0": 1.3989593317007705
        }
      }
    ],
    "mean_distance_per_timestep": [
      2.3073371717105715,
      1.3682708167361934,
      1.154103508072449
    ],
    "triangle_violations_per_timestep": [
      0,
      0,
      0
    ],
    "embedding_coords_per_timestep": [
      [
        [
          -0.36785691231959594,
          0.1626868677185481
        ],
        [
          -0.17059360291575715,
          0.13620742980552702
        ],
        [
          -0.16505136422508934,
          -0.405046490906618
        ],
        [
          0.20564519136677714,
          0.20908634885935193
        ],
        [
          0.49785668809366523,
          -0.10293415547680906
        ]
      ],
      [
        [
          -0.3001269569183076,
          0.47362112620182323
        ],
        [
          0.5449462638194551,
          0.1663394696138984
        ],
        [
          -0.5776227440777567,
          -0.3374431119497385
        ],
        [
          0.1298023419556411,
          0.29679549703539787
