{
  "spec": {
    "num_qubits": 4,
    "topology": "triangulated",
    "custom_edges": "0-1:1.0000,0-2:1.0000,0-3:1.0000,1-2:1.0000,1-3:1.0000,2-3:1.0000",
    "alpha": 0.8,
    "weight": 1.7116522947822352,
    "gamma": 0.029454040677426182,
    "sigma": -3.163385532001596e-11,
    "init_angle": 0.6416243801141966,
    "init_angles": null,
    "shots": 100,
    "device": "simulator",
    "geometry": "spherical",
    "curvature": 4.5,
    "timesteps": 3,
    "dimension": 2,
    "mass_hinge": null,
    "mass_value": 0.0,
    "solve_regge": false,
    "lorentzian": true,
    "excite": true,
    "fast": false,
    "fast_preset": "balanced",
    "ctc_mode": false,
    "ctc_perturbation": null,
    "ctc_perturbation_strength": 1.0,
    "test_ctc_recovery": false,
    "strong_curvature": true,
    "charge_injection": true,
    "charge_strength": 2.5,
    "charge_location": null,
    "spin_injection": true,
    "spin_strength": 2.0,
    "spin_location": null,
    "edge_floor": 0.001,
    "compute_entropies": true,
    "hyperbolic_triangulation": true,
    "trotter_steps": 8,
    "dt": 0.05,
    "analyze_curvature": true,
    "einstein_solver": true,
    "page_curve": true,
    "radiation_ordering": null,
    "page_curve_timesteps": 15,
    "entropy_method": "hybrid",
    "num_shadows": 100,
    "shots_per_shadow": 1000,
    "num_bases": 20,
    "shots_per_basis": 1000,
    "enhanced_entanglement": false,
    "entanglement_strength": -3.7683549327114046e-11,
    "interpolate_geometry": false,
    "smooth_charge_injection": false,
    "min_qubits_for_continuum": 10,
    "benchmark_against_classical_geometry": false,
    "geometry_fit_metric": "wasserstein,kl,euclidean",
    "verify_noise_robustness": false,
    "run_on_multiple_backends": false,
    "detect_and_flag_causal_loops": true,
    "restrict_information_flow_direction": "bidirectional",
    "filter_noncausal_edges": true,
    "use_ryu_takayanagi_test": true,
    "compare_MI_vs_subsystem_entropy": true,
    "embed_boundary_entropy_in_geometry": true,
    "entropy_engineering": true,
    "target_entropy_pattern": "quantum_gravity",
    "custom_target_entropies": null,
    "entropy_optimization_iterations": 200,
    "entropy_tolerance": 0.05,
    "continue_on_engineering_failure": true,
    "skip_entropy_engineering": false,
    "validate_engineered_geometry": true,
    "enhance_bell_violations": true,
    "bell_entanglement_strength": 4.0,
    "teleportation_circuits": true,
    "long_range_coupling": 3.0,
    "holographic_optimization": true,
    "rt_surface_encoding": true,
    "conformal_symmetry": true,
    "bulk_reconstruction": true,
    "scalable_entanglement": true,
    "parallel_execution": true,
    "memory_optimization": true,
    "circuit_compilation": "optimized",
    "real_hardware": false,
    "error_mitigation": true,
    "zero_noise_extrapolation": true,
    "zne_noise_factors": [
      1.0,
      2.0,
      3.0
    ],
    "zne_extrapolation_method": "polynomial",
    "hardware_calibration": true,
    "noise_characterization": true,
    "backend_name": "ibm_brisbane",
    "quantum_mode": true,
    "quantum_entanglement_strength": 5.0,
    "quantum_circuit_depth": 12,
    "geometric_teleportation": false,
    "teleportation_mode": "both",
    "bridge_strength": 1.0,
    "signal_state": "+",
    "emergent_geometry_teleportation": false,
    "teleportation_node_pairs": "auto",
    "teleportation_embedding_dim": 2,
    "teleportation_fidelity_threshold": 0.7,
    "superposition_gravity": true,
    "massive_bulk_mass_hinge": "2",
    "massive_bulk_mass_value": 1.0,
    "massless_bulk_mass_hinge": "None",
    "massless_bulk_mass_value": 0.0,
    "superposition_control_qubit": 0,
    "superposition_phase": 0.0,
    "interference_analysis": true,
    "classical_mixture_comparison": true,
    "coherence_preservation": true,
    "bulk_reconstruction_method": "mi_embedding"
  },
  "uid": "Z9Z0HK",
  "counts_per_timestep": [
    null,
    null,
    null
  ],
  "job_ids_per_timestep": [
    null,
    null,
    null
  ],
  "entropy_per_timestep": [
    null,
    null,
    null
  ],
  "mutual_information_per_timestep": [
    {
      "I_0,1": 0.2892981220446533,
      "I_0,2": 0.3681511433855369,
      "I_0,3": 0.2892981220446521,
      "I_1,2": 0.28929812204465244,
      "I_1,3": 0.32631480235569643,
      "I_2,3": 0.28929812204465266
    },
    {
      "I_0,1": 0.14506401324974982,
      "I_0,2": 0.39099497167835784,
      "I_0,3": 0.14506401324975027,
      "I_1,2": 0.14506401324974938,
      "I_1,3": 0.5091288492324244,
      "I_2,3": 0.14506401324975005
    },
    {
      "I_0,1": 0.19652979324779818,
      "I_0,2": 0.31891606218956026,
      "I_0,3": 0.1965297932477974,
      "I_1,2": 0.19652979324779818,
      "I_1,3": 0.5463968581526237,
      "I_2,3": 0.19652979324779785
    }
  ],
  "boundary_entropies_per_timestep": [
    {
      "entropy_A": 0.5654635482654018,
      "entropy_B": 0.5654635482654012,
      "mi_AB": 1.1309270965308,
      "pure_state_check": true,
      "entropy_difference": 5.551115123125783e-16,
      "multiple_regions": {
        "size_1_region_0": {
          "region": [
            0
          ],
          "entropy": 0.5863817187803214,
          "rt_area": 3,
          "size": 1
        },
        "size_1_region_1": {
          "region": [
            1
          ],
          "entropy": 0.5654635482654018,
          "rt_area": 3,
          "size": 1
        },
        "size_1_region_2": {
          "region": [
            2
          ],
          "entropy": 0.5863817187803219,
          "rt_area": 3,
          "size": 1
        },
        "size_2_region_0": {
          "region": [
            0,
            1
          ],
          "entropy": 0.86254714500107,
          "rt_area": 4,
          "size": 2
        },
        "size_2_region_1": {
          "region": [
            0,
            2
          ],
          "entropy": 0.8046122941751066,
          "rt_area": 4,
          "size": 2
        },
        "size_2_region_2": {
          "region": [
            0,
            3
          ],
          "entropy": 0.8625471450010708,
          "rt_area": 4,
          "size": 2
        },
        "size_3_region_0": {
          "region": [
            0,
            1,
            2
          ],
          "entropy": 0.5654635482654018,
          "rt_area": 3,
          "size": 3
        },
        "size_3_region_1": {
          "region": [
            0,
            1,
            3
          ],
          "entropy": 0.5863817187803262,
          "rt_area": 3,
          "size": 3
        },
        "size_3_region_2": {
          "region": [
            0,
            2,
            3
          ],
          "entropy": 0.5654635482654057,
          "rt_area": 3,
          "size": 3
        }
      }
    },
    {
      "entropy_A": 0.5565151717130142,
      "entropy_B": 0.5565151717130128,
      "mi_AB": 1.113030343426025,
      "pure_state_check": true,
      "entropy_difference": 1.4432899320127035e-15,
      "multiple_regions": {
        "size_1_region_0": {
          "region": [
            0
          ],
          "entropy": 0.49744823293597845,
          "rt_area": 3,
          "size": 1
        },
        "size_1_region_1": {
          "region": [
            1
          ],
          "entropy": 0.5565151717130118,
          "rt_area": 3,
          "size": 1
        },
        "size_1_region_2": {
          "region": [
            2
          ],
          "entropy": 0.49744823293597845,
          "rt_area": 3,
          "size": 1
        },
        "size_2_region_0": {
          "region": [
            0,
            1
          ],
          "entropy": 0.9088993913992409,
          "rt_area": 4,
          "size": 2
        },
        "size_2_region_1": {
          "region": [
            0,
            2
          ],
          "entropy": 0.6039014941935996,
          "rt_area": 4,
          "size": 2
        },
        "size_2_region_2": {
          "region": [
            0,
            3
          ],
          "entropy": 0.9088993913992414,
          "rt_area": 4,
          "size": 2
        },
        "size_3_region_0": {
          "region": [
            0,
            1,
            2
          ],
          "entropy": 0.5565151717130142,
          "rt_area": 3,
          "size": 3
        },
        "size_3_region_1": {
          "region": [
            0,
            1,
            3
          ],
          "entropy": 0.4974482329359825,
          "rt_area": 3,
          "size": 3
        },
        "size_3_region_2": {
          "region": [
            0,
            2,
            3
          ],
          "entropy": 0.5565151717130129,
          "rt_area": 3,
          "size": 3
        }
      }
    },
    {
      "entropy_A": 0.5441704001268272,
      "entropy_B": 0.5441704001268266,
      "mi_AB": 1.0883408002536505,
      "pure_state_check": true,
      "entropy_difference": 5.551115123125783e-16,
      "multiple_regions": {
        "size_1_region_0": {
          "region": [
            0
          ],
          "entropy": 0.4304300021452947,
          "rt_area": 3,
          "size": 1
        },
        "size_1_region_1": {
          "region": [
            1
          ],
          "entropy": 0.5441704001268266,
          "rt_area": 3,
          "size": 1
        },
        "size_1_region_2": {
          "region": [
            2
          ],
          "entropy": 0.43043000214529487,
          "rt_area": 3,
          "size": 1
        },
        "size_2_region_0": {
          "region": [
            0,
            1
          ],
          "entropy": 0.7780706090243231,
          "rt_area": 4,
          "size": 2
        },
        "size_2_region_1": {
          "region": [
            0,
            2
          ],
          "entropy": 0.5419439421010291,
          "rt_area": 4,
          "size": 2
        },
        "size_2_region_2": {
          "region": [
            0,
            3
          ],
          "entropy": 0.7780706090243237,
          "rt_area": 4,
          "size": 2
        },
        "size_3_region_0": {
          "region": [
            0,
            1,
            2
          ],
          "entropy": 0.5441704001268272,
          "rt_area": 3,
          "size": 3
        },
        "size_3_region_1": {
          "region": [
            0,
            1,
            3
          ],
          "entropy": 0.43043000214530314,
          "rt_area": 3,
          "size": 3
        },
        "size_3_region_2": {
          "region": [
            0,
            2,
            3
          ],
          "entropy": 0.5441704001268273,
          "rt_area": 3,
          "size": 3
        }
      }
    }
  ],
  "distance_matrix_per_timestep": [
    [
      [
        0.0,
        1.2402975583980496,
        0.9992617094122533,
        1.2402975583980538
      ],
      [
        1.2402975583980496,
        0.0,
        1.2402975583980527,
        2.4805951167961036
      ],
      [
        0.9992617094122533,
        1.2402975583980527,
        0.0,
        1.2402975583980518
      ],
      [
        1.2402975583980538,
        2.4805951167961036,
        1.2402975583980518,
        0.0
      ]
    ],
    [
      [
        0.0,
        1.930580163293146,
        0.9390605792371164,
        1.930580163293143
      ],
      [
        1.930580163293146,
        0.0,
        1.9305801632931492,
        3.861160326586289
      ],
      [
        0.9390605792371164,
        1.9305801632931492,
        0.0,
        1.9305801632931445
      ],
      [
        1.930580163293143,
        3.861160326586289,
        1.9305801632931445,
        0.0
      ]
    ],
    [
      [
        0.0,
        1.626941239584238,
        1.1428273387539338,
        1.626941239584242
      ],
      [
        1.626941239584238,
        0.0,
        1.626941239584238,
        3.2538824791684777
      ],
      [
        1.1428273387539338,
        1.626941239584238,
        0.0,
        1.6269412395842398
      ],
      [
        1.626941239584242,
        3.2538824791684777,
        1.6269412395842398,
        0.0
      ]
    ]
  ],
  "edge_mi": {
    "0,1": 0.19652979324779818,
    "0,3": 0.1965297932477974,
    "0,2": 0.31891606218956026,
    "1,2": 0.19652979324779818,
    "2,3": 0.19652979324779785
  },
  "distance_matrix": [
    [
      0.0,
      1.626941239584238,
      1.1428273387539338,
      1.626941239584242
    ],
    [
      1.626941239584238,
      0.0,
      1.626941239584238,
      0.6044097208287947
    ],
    [
      1.1428273387539338,
      1.626941239584238,
      0.0,
      1.6269412395842398
    ],
    [
      1.626941239584242,
      0.6044097208287947,
      1.6269412395842398,
      0.0
    ]
  ],
  "shortest_paths": {
    "0": {
      "0": 0,
      "2": 1.1428273387539338,
      "1": 1.626941239584238,
      "3": 1.626941239584242
    },
    "1": {
      "1": 0,
      "3": 0.6044097208287947,
      "0": 1.626941239584238,
      "2": 1.626941239584238
    },
    "2": {
      "2": 0,
      "0": 1.1428273387539338,
      "1": 1.626941239584238,
      "3": 1.6269412395842398
    },
    "3": {
      "3": 0,
      "1": 0.6044097208287947,
      "2": 1.6269412395842398,
      "0": 1.626941239584242
    }
  },
  "gromov_delta": 1.3247363791698425,
  "mean_distance": 1.0318752522399608,
  "angle_sums": [
    3.141592653589793,
    3.141592653589793,
    3.141592653589793,
    3.141592653589793
  ],
  "mean_angle_sum": 3.141592653589793,
  "min_angle_sum": 3.141592653589793,
  "max_angle_sum": 3.141592653589793,
  "angle_sum_deviations": [
    0.0,
    0.0,
    0.0,
    0.0
  ],
  "triangle_inequality_violations": [],
  "embedding_coords": [
    [
      -0.006835814629861799,
      0.033513491835543655
    ],
    [
      0.0535706106956953,
      -0.0007936570212992614
    ],
    [
      -0.0107660777933306,
      -0.07569998953428066
    ],
    [
      -0.035968718272502906,
      0.042980154720036266
    ]
  ],
  "embedding_coords_3d": [
    [
      -0.020021027910312343,
      0.01701770527496423,
      0.010373368511469415
    ],
    [
      -0.01703526875966534,
      -0.012359159925248058,
      -0.039865984334514076
    ],
    [
      -0.015989519036518678,
      -0.06628728770392829,
      -0.012179957475058364
    ],
    [
      0.05304581570649634,
      0.0616287423542121,
      0.04167257329810301
    ]
  ],
  "edge_weight_variance": 0.0,
  "event_nodes": [
    [
      0,
      0
    ],
    [
      1,
      0
    ],
    [
      2,
      0
    ],
    [
      3,
      0
    ],
    [
      0,
      1
    ],
    [
      1,
      1
    ],
    [
      2,
      1
    ],
    [
      3,
      1
    ],
    [
      0,
      2
    ],
    [
      1,
      2
    ],
    [
      2,
      2
    ],
    [
      3,
      2
    ]
  ],
  "event_edges": [
    {
      "type": "spatial",
      "from": [
        0,
        0
      ],
      "to": [
        1,
        0
      ],
      "weight": 1.2402975583980496
    },
    {
      "type": "spatial",
      "from": [
        0,
        0
      ],
      "to": [
        2,
        0
      ],
      "weight": 0.9992617094122533
    },
    {
      "type": "spatial",
      "from": [
        0,
        0
      ],
      "to": [
        3,
        0
      ],
      "weight": 1.2402975583980538
    },
    {
      "type": "spatial",
      "from": [
        1,
        0
      ],
      "to": [
        2,
        0
      ],
      "weight": 1.2402975583980527
    },
    {
      "type": "spatial",
      "from": [
        1,
        0
      ],
      "to": [
        3,
        0
      ],
      "weight": 2.4805951167961036
    },
    {
      "type": "spatial",
      "from": [
        2,
        0
      ],
      "to": [
        3,
        0
      ],
      "weight": 1.2402975583980518
    },
    {
      "type": "temporal",
      "from": [
        0,
        0
      ],
      "to": [
        0,
        1
      ],
      "weight": 1.0
    },
    {
      "type": "temporal",
      "from": [
        1,
        0
      ],
      "to": [
        1,
        1
      ],
      "weight": 1.0
    },
    {
      "type": "temporal",
      "from": [
        2,
        0
      ],
      "to": [
        2,
        1
      ],
      "weight": 1.0
    },
    {
      "type": "temporal",
      "from": [
        3,
        0
      ],
      "to": [
        3,
        1
      ],
      "weight": 1.0
    },
    {
      "type": "spatial",
      "from": [
        0,
        1
      ],
      "to": [
        1,
        1
      ],
      "weight": 1.930580163293146
    },
    {
      "type": "spatial",
      "from": [
        0,
        1
      ],
      "to": [
        2,
        1
      ],
      "weight": 0.9390605792371164
    },
    {
      "type": "spatial",
      "from": [
        0,
        1
      ],
      "to": [
        3,
        1
      ],
      "weight": 1.930580163293143
    },
    {
      "type": "spatial",
      "from": [
        1,
        1
      ],
      "to": [
        2,
        1
      ],
      "weight": 1.9305801632931492
    },
    {
      "type": "spatial",
      "from": [
        1,
        1
      ],
      "to": [
        3,
        1
      ],
      "weight": 3.861160326586289
    },
    {
      "type": "spatial",
      "from": [
        2,
        1
      ],
      "to": [
        3,
        1
      ],
      "weight": 1.9305801632931445
    },
    {
      "type": "temporal",
      "from": [
        0,
        1
      ],
      "to": [
        0,
        2
      ],
      "weight": 1.0
    },
    {
      "type": "temporal",
      "from": [
        1,
        1
      ],
      "to": [
        1,
        2
      ],
      "weight": 1.0
    },
    {
      "type": "temporal",
      "from": [
        2,
        1
      ],
      "to": [
        2,
        2
      ],
      "weight": 1.0
    },
    {
      "type": "temporal",
      "from": [
        3,
        1
      ],
      "to": [
        3,
        2
      ],
      "weight": 1.0
    },
    {
      "type": "spatial",
      "from": [
        0,
        2
      ],
      "to": [
        1,
        2
      ],
      "weight": 1.626941239584238
    },
    {
      "type": "spatial",
      "from": [
        0,
        2
      ],
      "to": [
        2,
        2
      ],
      "weight": 1.1428273387539338
    },
    {
      "type": "spatial",
      "from": [
        0,
        2
      ],
      "to": [
        3,
        2
      ],
      "weight": 1.626941239584242
    },
    {
      "type": "spatial",
      "from": [
        1,
        2
      ],
      "to": [
        2,
        2
      ],
      "weight": 1.626941239584238
    },
    {
      "type": "spatial",
      "from": [
        1,
        2
      ],
      "to": [
        3,
        2
      ],
      "weight": 3.2538824791684777
    },
    {
      "type": "spatial",
      "from": [
        2,
        2
      ],
      "to": [
        3,
        2
      ],
      "weight": 1.6269412395842398
    }
  ],
  "lorentzian_dissimilarity": [
    [
      0.0,
      1.538338033368163,
      0.9985239638974986,
      1.5383380333681735,
      -1.0,
      0.5383380333681631,
      -0.0014760361025013546,
      0.5383380333681735,
      -4.0,
      -2.461661966631837,
      -3.0014760361025012,
      -2.4616619666318265
    ],
    [
      1.538338033368163,
      0.0,
      1.5383380333681709,
      6.153352133472675,
      0.5383380333681631,
      -1.0,
      0.5383380333681709,
      5.153352133472675,
      -2.461661966631837,
      -4.0,
      -2.461661966631829,
      2.1533521334726746
    ],
    [
      0.9985239638974986,
      1.5383380333681709,
      0.0,
      1.5383380333681687,
      -0.0014760361025013546,
      0.5383380333681709,
      -1.0,
      0.5383380333681687,
      -3.0014760361025012,
      -2.461661966631829,
      -4.0,
      -2.4616619666318313
    ],
    [
      1.5383380333681735,
      6.153352133472675,
      1.5383380333681687,
      0.0,
      0.5383380333681735,
      5.153352133472675,
      0.5383380333681687,
      -1.0,
      -2.4616619666318265,
      2.1533521334726746,
      -2.4616619666318313,
      -4.0
    ],
    [
      -1.0,
      0.5383380333681631,
      -0.0014760361025013546,
      0.5383380333681735,
      0.0,
      3.7271397669009905,
      0.8818347714771485,
      3.7271397669009785,
      -1.0,
      2.7271397669009905,
      -0.1181652285228515,
      2.7271397669009785
    ],
    [
      0.5383380333681631,
      -1.0,
      0.5383380333681709,
      5.153352133472675,
      3.7271397669009905,
      0.0,
      3.7271397669010025,
      14.908559067603939,
      2.7271397669009905,
      -1.0,
      2.7271397669010025,
      13.908559067603939
    ],
    [
      -0.0014760361025013546,
      0.5383380333681709,
      -1.0,
      0.5383380333681687,
      0.8818347714771485,
      3.7271397669010025,
      0.0,
      3.7271397669009847,
      -0.1181652285228515,
      2.7271397669010025,
      -1.0,
      2.7271397669009847
    ],
    [
      0.5383380333681735,
      5.153352133472675,
      0.5383380333681687,
      -1.0,
      3.7271397669009785,
      14.908559067603939,
      3.7271397669009847,
      0.0,
      2.7271397669009785,
      13.908559067603939,
      2.7271397669009847,
      -1.0
    ],
    [
      -4.0,
      -2.461661966631837,
      -3.0014760361025012,
      -2.4616619666318265,
      -1.0,
      2.7271397669009905,
      -0.1181652285228515,
      2.7271397669009785,
      0.0,
      2.6469377970598966,
      1.3060543262033986,
      2.64693779705991
    ],
    [
      -2.461661966631837,
      -4.0,
      -2.461661966631829,
      2.1533521334726746,
      2.7271397669009905,
      -1.0,
      2.7271397669010025,
      13.908559067603939,
      2.6469377970598966,
      0.0,
      2.6469377970598966,
      10.587751188239599
    ],
    [
      -3.0014760361025012,
      -2.461661966631829,
      -4.0,
      -2.4616619666318313,
      -0.1181652285228515,
      2.7271397669010025,
      -1.0,
      2.7271397669009847,
      1.3060543262033986,
      2.6469377970598966,
      0.0,
      2.6469377970599024
    ],
    [
      -2.4616619666318265,
      2.1533521334726746,
      -2.4616619666318313,
      -4.0,
      2.7271397669009785,
      13.908559067603939,
      2.7271397669009847,
      -1.0,
      2.64693779705991,
      10.587751188239599,
      2.6469377970599024,
      0.0
    ]
  ],
  "lorentzian_embedding": [
    [
      -0.1820681861951877,
      0.17777466144258827,
      -0.8627750366844181
    ],
    [
      0.07093463486627928,
      -0.3997928647518093,
      -0.001798913745971416
    ],
    [
      -0.30325543311405323,
      0.918526076435851,
      -0.6272044425641223
    ],
    [
      -0.4942342815856607,
      1.483469091353641,
      -1.4805317688363877
    ],
    [
      1.0503970679800658,
      -0.233812481379853,
      -0.7667825986815503
    ],
    [
      1.8959266669604897,
      -0.25607061445678925,
      1.37316553843334
    ],
    [
      0.874558434593081,
      0.84098279694318,
      -0.42496097272684447
    ],
    [
      1.250508010821821,
      0.6153671650504866,
      -2.413765755439254
    ],
    [
      1.8307786133252404,
      -0.0754888424014146,
      -0.559406135823683
    ],
    [
      2.422126845302999,
      -0.3842085732470793,
      1.229811929983925
    ],
    [
      1.7621332053926018,
      0.34411548443360185,
      -0.42596439330750485
    ],
    [
      1.8221885981883696,
      0.5205994597643004,
      -2.134577126258699
    ]
  ],
  "edge_length_evolution": [],
  "angle_deficit_evolution": [],
  "regge_action_evolution": [],
  "gromov_delta_evolution": [],
  "mass_hinge": null,
  "mass_value": 0.0,
  "matter": [
    {
      "(0, 1)": 0.0,
      "(1, 2)": 0.0,
      "(0, 3)": 0.0,
      "(2, 3)": 0.0,
      "(0, 2)": 0.0,
      "(1, 3)": 0.0
    },
    {
      "(0, 1)": 0.0,
      "(1, 2)": 0.0,
      "(0, 3)": 0.0,
      "(2, 3)": 0.0,
      "(0, 2)": 0.0,
      "(1, 3)": 0.0
    },
    {
      "(0, 1)": 0.0,
      "(1, 2)": 0.0,
      "(0, 3)": 0.0,
      "(2, 3)": 0.0,
      "(0, 2)": 0.0,
      "(1, 3)": 0.0
    }
  ],
  "stationary_solution": null,
  "einstein_analysis_per_timestep": [
    {
      "ricci_tensor": [
        [
          0.11572865211999024,
          0.0
        ],
        [
          0.0,
          0.11572865211999024
        ]
      ],
      "metric_tensor": [
        [
          1.0231457304239981,
          0.011572865211999024
        ],
        [
          0.011572865211999024,
          1.0231457304239981
        ]
      ],
      "stress_energy_tensor": [
        [
          0.11572865211999024,
          0.002314573042399805
        ],
        [
          0.002314573042399805,
          0.11572865211999024
        ]
      ],
      "einstein_solution": {
        "einstein_tensor": [
          [
            0.0,
            0.0
          ],
          [
            0.0,
            0.0
          ]
        ],
        "ricci_scalar": 0.23145730423998048,
        "metric_tensor": [
          [
            1.0,
            0.0
          ],
          [
            0.0,
            1.0
          ]
        ],
        "lhs": [
          [
            0.0,
            0.0
          ],
          [
            0.0,
            0.0
          ]
        ],
        "rhs": [
          [
            0.11572865211999024,
            0.002314573042399805
          ],
          [
            0.002314573042399805,
            0.11572865211999024
          ]
        ],
        "equations_satisfied": false,
        "residual": 0.1636977591164786,
        "conservation_violation": 0.11572865211999024,
        "gravitational_constant": 0.039788735772973836,
        "cosmological_constant": 0.0
      },
      "entropy_first_derivative": 0.0,
      "entropy_second_derivative": 0.0,
      "entropy_curvature_correlation": 0.1636650243832482,
      "emergent_gravitational_constant": 0.0184187870422588,
      "average_mutual_information": 0.23145730423998048,
      "ricci_scalar": 0.23145730423998048,
      "analysis_summary": {
        "einstein_equations_satisfied": false,
        "residual_magnitude": 0.1636977591164786,
        "conservation_violation": 0.11572865211999024,
        "entropy_evolution_rate": 0.0,
        "entropy_acceleration": 0.0,
        "entanglement_curvature_coupling": 0.1636650243832482
      }
    },
    {
      "ricci_tensor": [
        [
          0.09252374211936136,
          0.0
        ],
        [
          0.0,
          0.09252374211936136
        ]
      ],
      "metric_tensor": [
        [
          1.0185047484238723,
          0.009252374211936136
        ],
        [
          0.009252374211936136,
          1.0185047484238723
        ]
      ],
      "stress_energy_tensor": [
        [
          0.09252374211936136,
          0.0018504748423872272
        ],
        [
          0.0018504748423872272,
          0.09252374211936136
        ]
      ],
      "einstein_solution": {
        "einstein_tensor": [
          [
            0.0,
            0.0
          ],
          [
            0.0,
            0.0
          ]
        ],
        "ricci_scalar": 0.18504748423872272,
        "metric_tensor": [
          [
            1.0,
            0.0
          ],
          [
            0.0,
            1.0
          ]
        ],
        "lhs": [
          [
            0.0,
            0.0
          ],
          [
            0.0,
            0.0
          ]
        ],
        "rhs": [
          [
            0.09252374211936136,
            0.0018504748423872272
          ],
          [
            0.0018504748423872272,
            0.09252374211936136
          ]
        ],
        "equations_satisfied": false,
        "residual": 0.1308744979964576,
        "conservation_violation": 0.09252374211936136,
        "gravitational_constant": 0.039788735772973836,
        "cosmological_constant": 0.0
      },
      "entropy_first_derivative": 0.0,
      "entropy_second_derivative": 0.0,
      "entropy_curvature_correlation": 0.1308483259467118,
      "emergent_gravitational_constant": 0.014725610911656157,
      "average_mutual_information": 0.18504748423872272,
      "ricci_scalar": 0.18504748423872272,
      "analysis_summary": {
        "einstein_equations_satisfied": false,
        "residual_magnitude": 0.1308744979964576,
        "conservation_violation": 0.09252374211936136,
        "entropy_evolution_rate": 0.0,
        "entropy_acceleration": 0.0,
        "entanglement_curvature_coupling": 0.1308483259467118
      }
    },
    {
      "ricci_tensor": [
        [
          0.10321450583333597,
          0.0
        ],
        [
          0.0,
          0.10321450583333597
        ]
      ],
      "metric_tensor": [
        [
          1.0206429011666671,
          0.010321450583333598
        ],
        [
          0.010321450583333598,
          1.0206429011666671
        ]
      ],
      "stress_energy_tensor": [
        [
          0.10321450583333597,
          0.0020642901166667196
        ],
        [
          0.0020642901166667196,
          0.10321450583333597
        ]
      ],
      "einstein_solution": {
        "einstein_tensor": [
          [
            0.0,
            0.0
          ],
          [
            0.0,
            0.0
          ]
        ],
        "ricci_scalar": 0.20642901166667194,
        "metric_tensor": [
          [
            1.0,
            0.0
          ],
          [
            0.0,
            1.0
          ]
        ],
        "lhs": [
          [
            0.0,
            0.0
          ],
          [
            0.0,
            0.0
          ]
        ],
        "rhs": [
          [
            0.10321450583333597,
            0.0020642901166667196
          ],
          [
            0.0020642901166667196,
            0.10321450583333597
          ]
        ],
        "equations_satisfied": false,
        "residual": 0.14599654453517394,
        "conservation_violation": 0.10321450583333597,
        "gravitational_constant": 0.039788735772973836,
        "cosmological_constant": 0.0
      },
      "entropy_first_derivative": 0.0,
      "entropy_second_derivative": 0.0,
      "entropy_curvature_correlation": 0.14596734898314082,
      "emergent_gravitational_constant": 0.016427098802162685,
      "average_mutual_information": 0.20642901166667194,
      "ricci_scalar": 0.20642901166667194,
      "analysis_summary": {
        "einstein_equations_satisfied": false,
        "residual_magnitude": 0.14599654453517394,
        "conservation_violation": 0.10321450583333597,
        "entropy_evolution_rate": 0.0,
        "entropy_acceleration": 0.0,
        "entanglement_curvature_coupling": 0.14596734898314082
      }
    }
  ],
  "bootstrap_analysis": {
    "gromov_delta": {
      "mean": 1.5992729870918139,
      "lower_ci": 1.240297558398054,
      "upper_ci": 1.930580163293147,
      "all_values": [
        1.240297558398054,
        1.930580163293147,
        1.6269412395842409
      ],
      "uncertainty": 0.3313071762013331
    },
    "entropy": {
      "mean": null,
      "lower_ci": null,
      "upper_ci": null,
      "uncertainty": null
    },
    "distance_matrix": {
      "mean": [
        [
          0.0,
          1.5992729870918112,
          1.027049875801101,
          1.5992729870918128
        ],
        [
          1.5992729870918112,
          0.0,
          1.5992729870918134,
          3.1985459741836237
        ],
        [
          1.027049875801101,
          1.5992729870918134,
          0.0,
          1.599272987091812
        ],
        [
          1.5992729870918128,
          3.1985459741836237,
          1.599272987091812,
          0.0
        ]
      ],
      "lower_ci": [
        [
          0.0,
          1.2402975583980496,
          0.9591276226288287,
          1.2402975583980538
        ],
        [
          1.2402975583980496,
          0.0,
          1.2402975583980527,
          2.4805951167961036
        ],
        [
          0.9390605792371164,
          1.2402975583980527,
          0.0,
          1.2402975583980518
        ],
        [
          1.2402975583980538,
          2.4805951167961036,
          1.2402975583980518,
          0.0
        ]
      ],
      "upper_ci": [
        [
          0.0,
          1.930580163293146,
          1.1428273387539338,
          1.9305801632931427
        ],
        [
          1.930580163293146,
          0.0,
          1.9305801632931494,
          3.861160326586289
        ],
        [
          1.1428273387539338,
          1.9305801632931494,
          0.0,
          1.9305801632931445
        ],
        [
          1.9305801632931427,
          3.861160326586289,
          1.9305801632931445,
          0.0
        ]
      ]
    }
  },
  "topology_compatibility": {
    "current_topology": "triangulated",
    "explanation": "Triangulated topology is specifically designed for angle-sum curvature. Creates multiple triangles per vertex, enabling robust local curvature measurements. Each vertex has multiple incident triangles for well-defined angle sums.",
    "supports_local_curvature": true
  },
  "rt_surface_analysis": {
    "region_A": [
      0
    ],
    "region_B": [
      1,
      2,
      3
    ],
    "bulk_point": 2,
    "is_complementary": true,
    "rt_area_AB": 4.396709817922414,
    "rt_area_BA": 4.396709817922414,
    "area_consistent": true,
    "edges_consistent": true,
    "area_difference": 0.0,
    "rt_edges_AB": [
      [
        0,
        1
      ],
      [
        0,
        2
      ],
      [
        0,
        3
      ]
    ],
    "rt_edges_BA": [
      [
        0,
        1
      ],
      [
        0,
        2
      ],
      [
        0,
        3
      ]
    ],
    "edge_lengths": [
      1.626941239584238,
      1.1428273387539338,
      1.626941239584242,
      1.626941239584238,
      3.2538824791684777,
      1.6269412395842398
    ],
    "all_edges": [
      [
        0,
        1
      ],
      [
        0,
        2
      ],
      [
        0,
        3
      ],
      [
        1,
        2
      ],
      [
        1,
        3
      ],
      [
        2,
        3
      ]
    ]
  },
  "bulk_excitation_analysis": {
    "ground_state_mi": [
      [
        0.0,
        0.19652979324779818,
        0.3189160621895605,
        0.19652979324779762
      ],
      [
        0.19652979324779818,
        0.0,
        0.1965297932477984,
        0.5463968581526242
      ],
      [
        0.3189160621895605,
        0.1965297932477984,
        0.0,
        0.19652979324779807
      ],
      [
        0.19652979324779762,
        0.5463968581526242,
        0.19652979324779807,
        0.0
      ]
    ],
    "excited_state_mi": [
      [
        0.0,
        0.20206062783683199,
        0.25522444445531134,
        0.20206062783683232
      ],
      [
        0.20206062783683199,
        0.0,
        0.4164242108570517,
        0.3837611158407932
      ],
      [
        0.25522444445531134,
        0.4164242108570517,
        0.0,
        0.41642421085705317
      ],
      [
        0.20206062783683232,
        0.3837611158407932,
        0.41642421085705317,
        0.0
      ]
    ],
    "mi_difference": [
      [
        0.0,
        0.005530834589033806,
        -0.06369161773424914,
        0.005530834589034694
      ],
      [
        0.005530834589033806,
        0.0,
        0.21989441760925332,
        -0.16263574231183098
      ],
      [
        -0.06369161773424914,
        0.21989441760925332,
        0.0,
        0.2198944176092551
      ],
      [
        0.005530834589034694,
        -0.16263574231183098,
        0.2198944176092551,
        0.0
      ]
    ],
    "avg_mi_change": 0.08464723305533213,
    "max_mi_change": 0.2198944176092551,
    "mi_change_boundary_A": NaN,
    "mi_change_boundary_B": 0.09238436430222581,
    "bulk_point": 2,
    "ground_state_counts": {
      "1010 1010": 6,
      "0001 0001": 5,
      "0101 0101": 1,
      "0000 0000": 55,
      "1110 1110": 5,
      "1011 1011": 3,
      "0010 0010": 13,
      "1000 1000": 9,
      "1100 1100": 1,
      "0111 0111": 1,
      "0100 0100": 1
    },
    "excited_state_counts": {
      "1011 0001": 1,
      "1010 0000": 22,
      "1101 0111": 1,
      "0000 1010": 3,
      "0010 1000": 7,
      "0010 0000": 2,
      "0000 1110": 1,
      "1100 0010": 7,
      "1110 0000": 22,
      "0111 1101": 3,
      "1000 0110": 1,
      "0110 1000": 6,
      "0100 1010": 2,
      "1100 0000": 4,
      "0110 1110": 1,
      "1011 0111": 1,
      "0101 1011": 2,
      "1000 0000": 2,
      "1000 0010": 7,
      "0000 1000": 1,
      "0110 0000": 1,
      "0011 1101": 1,
      "0010 0010": 1,
      "1111 0111": 1
    },
    "boundary_entropies": {
      "ground_state": {
        "entropy_A": 0.5441704001268272,
        "entropy_B": 0.5441704001268266,
        "mi_AB": 1.0883408002536505
      },
      "excited_state": {
        "entropy_A": 0.6018801293481475,
        "entropy_B": 0.6018801293481443,
        "mi_AB": 1.203760258696289
      },
      "rt_relation_test": {
        "entropy_ratio": 0.999999999999999,
        "rt_area_ratio": 1.0,
        "rt_deviation": 9.992007221626409e-16,
        "excited_entropy_ratio": 0.9999999999999947,
        "rt_relation_change": 4.3298697960381105e-15
      }
    }
  },
  "page_curve_analysis": null,
  "deutsch_ctc_analysis": null,
  "ctc_recovery_analysis": null,
  "einstein_analysis": null,
  "dynamic_evidence": {
    "angle_sums_per_timestep": [
      [
        9.42477796076938,
        0.0,
        9.42477796076938,
        3.141592653589793
      ],
      [
        3.141592653589793,
        0.0,
        3.141592653589793,
        3.1415927774668537
      ],
      [
        3.141592653589793,
        3.141592668891007,
        3.141592653589793,
        0.0
      ]
    ],
    "gromov_delta_per_timestep": [
      1.240297558398054,
      1.930580163293147,
      1.6269412395842409
    ],
    "edge_mi_per_timestep": [
      {
        "0,1": 0.2892981220446533,
        "0,3": 0.2892981220446521,
        "0,2": 0.3681511433855369,
        "1,2": 0.28929812204465244,
        "2,3": 0.28929812204465266
      },
      {
        "0,1": 0.14506401324974982,
        "0,3": 0.14506401324975027,
        "0,2": 0.39099497167835784,
        "1,2": 0.14506401324974938,
        "2,3": 0.14506401324975005
      },
      {
        "0,1": 0.19652979324779818,
        "0,3": 0.1965297932477974,
        "0,2": 0.31891606218956026,
        "1,2": 0.19652979324779818,
        "2,3": 0.19652979324779785
      }
    ],
    "shortest_paths_per_timestep": [
      {
        "0": {
          "0": 0,
          "2": 0.9992617094122533,
          "1": 1.2402975583980496,
          "3": 1.2402975583980538
        },
        "1": {
          "1": 0,
          "0": 1.2402975583980496,
          "2": 1.2402975583980527,
          "3": 2.4805951167961036
        },
        "2": {
          "2": 0,
          "0": 0.9992617094122533,
          "3": 1.2402975583980518,
          "1": 1.2402975583980527
        },
        "3": {
          "3": 0,
          "2": 1.2402975583980518,
          "0": 1.2402975583980538,
          "1": 2.4805951167961036
        }
      },
      {
        "0": {
          "0": 0,
          "2": 0.9390605792371164,
          "3": 1.930580163293143,
          "1": 1.930580163293146
        },
        "1": {
          "1": 0,
          "0": 1.930580163293146,
          "2": 1.9305801632931492,
          "3": 3.861160326586289
        },
        "2": {
          "2": 0,
          "0": 0.9390605792371164,
          "3": 1.9305801632931445,
          "1": 1.9305801632931492
        },
        "3": {
          "3": 0,
          "0": 1.930580163293143,
          "2": 1.9305801632931445,
          "1": 3.861160326586289
        }
      },
      {
        "0": {
          "0": 0,
          "2": 1.1428273387539338,
          "1": 1.626941239584238,
          "3": 1.626941239584242
        },
        "1": {
          "1": 0,
