{
  "spec": {
    "num_qubits": 4,
    "topology": "triangulated",
    "custom_edges": "0-1:0.3640,0-2:0.2790,0-3:0.3842,1-2:0.5014,1-3:0.2661,2-3:0.2661",
    "alpha": 0.8,
    "weight": 0.2974803670449553,
    "gamma": 0.16845407315710648,
    "sigma": 0.4227531806340933,
    "init_angle": 2.9669524493747685,
    "init_angles": null,
    "shots": 100,
    "device": "simulator",
    "geometry": "spherical",
    "curvature": 4.5,
    "timesteps": 2,
    "dimension": 2,
    "mass_hinge": null,
    "mass_value": 0.0,
    "solve_regge": false,
    "lorentzian": true,
    "excite": true,
    "fast": false,
    "fast_preset": "balanced",
    "ctc_mode": false,
    "ctc_perturbation": null,
    "ctc_perturbation_strength": 1.0,
    "test_ctc_recovery": false,
    "strong_curvature": true,
    "charge_injection": true,
    "charge_strength": 2.5,
    "charge_location": null,
    "spin_injection": true,
    "spin_strength": 2.0,
    "spin_location": null,
    "edge_floor": 0.001,
    "compute_entropies": true,
    "hyperbolic_triangulation": true,
    "trotter_steps": 8,
    "dt": 0.05,
    "analyze_curvature": true,
    "einstein_solver": true,
    "page_curve": true,
    "radiation_ordering": null,
    "page_curve_timesteps": 15,
    "entropy_method": "hybrid",
    "num_shadows": 100,
    "shots_per_shadow": 1000,
    "num_bases": 20,
    "shots_per_basis": 1000,
    "enhanced_entanglement": false,
    "entanglement_strength": 1.2042692152284555,
    "interpolate_geometry": false,
    "smooth_charge_injection": false,
    "min_qubits_for_continuum": 10,
    "benchmark_against_classical_geometry": false,
    "geometry_fit_metric": "wasserstein,kl,euclidean",
    "verify_noise_robustness": false,
    "run_on_multiple_backends": false,
    "detect_and_flag_causal_loops": true,
    "restrict_information_flow_direction": "bidirectional",
    "filter_noncausal_edges": true,
    "use_ryu_takayanagi_test": true,
    "compare_MI_vs_subsystem_entropy": true,
    "embed_boundary_entropy_in_geometry": true,
    "entropy_engineering": true,
    "target_entropy_pattern": "quantum_gravity",
    "custom_target_entropies": null,
    "entropy_optimization_iterations": 200,
    "entropy_tolerance": 0.05,
    "continue_on_engineering_failure": true,
    "skip_entropy_engineering": false,
    "validate_engineered_geometry": true,
    "enhance_bell_violations": true,
    "bell_entanglement_strength": 4.0,
    "teleportation_circuits": true,
    "long_range_coupling": 3.0,
    "holographic_optimization": true,
    "rt_surface_encoding": true,
    "conformal_symmetry": true,
    "bulk_reconstruction": true,
    "scalable_entanglement": true,
    "parallel_execution": true,
    "memory_optimization": true,
    "circuit_compilation": "optimized",
    "real_hardware": false,
    "error_mitigation": true,
    "zero_noise_extrapolation": true,
    "zne_noise_factors": [
      1.0,
      2.0,
      3.0
    ],
    "zne_extrapolation_method": "polynomial",
    "hardware_calibration": true,
    "noise_characterization": true,
    "backend_name": "ibm_brisbane",
    "quantum_mode": true,
    "quantum_entanglement_strength": 5.0,
    "quantum_circuit_depth": 12,
    "geometric_teleportation": false,
    "teleportation_mode": "both",
    "bridge_strength": 1.0,
    "signal_state": "+",
    "emergent_geometry_teleportation": false,
    "teleportation_node_pairs": "auto",
    "teleportation_embedding_dim": 2,
    "teleportation_fidelity_threshold": 0.7,
    "superposition_gravity": true,
    "massive_bulk_mass_hinge": "2",
    "massive_bulk_mass_value": 1.0,
    "massless_bulk_mass_hinge": "None",
    "massless_bulk_mass_value": 0.0,
    "superposition_control_qubit": 0,
    "superposition_phase": 0.0,
    "interference_analysis": true,
    "classical_mixture_comparison": true,
    "coherence_preservation": true,
    "bulk_reconstruction_method": "mi_embedding"
  },
  "uid": "LXZYXX",
  "counts_per_timestep": [
    null,
    null
  ],
  "job_ids_per_timestep": [
    null,
    null
  ],
  "entropy_per_timestep": [
    null,
    null
  ],
  "mutual_information_per_timestep": [
    {
      "I_0,1": 0.0007397068496071933,
      "I_0,2": 0.0007954938603122821,
      "I_0,3": 0.0007397068496069518,
      "I_1,2": 0.0007397068496081173,
      "I_1,3": 9.978094849027118e-05,
      "I_2,3": 0.0007397068496070094
    },
    {
      "I_0,1": 0.050661887940605846,
      "I_0,2": 0.05690128677289877,
      "I_0,3": 0.05066188794060619,
      "I_1,2": 0.05066188794060539,
      "I_1,3": 0.01383095167066857,
      "I_2,3": 0.05066188794060725
    }
  ],
  "boundary_entropies_per_timestep": [
    {
      "entropy_A": 0.0007808745965211434,
      "entropy_B": 0.00078087459652073,
      "mi_AB": 0.0015617491930346873,
      "pure_state_check": true,
      "entropy_difference": 4.1340628836872284e-16,
      "multiple_regions": {
        "size_1_region_0": {
          "region": [
            0
          ],
          "entropy": 0.001128731052430643,
          "rt_area": 3,
          "size": 1
        },
        "size_1_region_1": {
          "region": [
            1
          ],
          "entropy": 0.0007808745965208045,
          "rt_area": 3,
          "size": 1
        },
        "size_1_region_2": {
          "region": [
            2
          ],
          "entropy": 0.0011287310524311016,
          "rt_area": 3,
          "size": 1
        },
        "size_2_region_0": {
          "region": [
            0,
            1
          ],
          "entropy": 0.0011698987993446776,
          "rt_area": 4,
          "size": 2
        },
        "size_2_region_1": {
          "region": [
            0,
            2
          ],
          "entropy": 0.0014619682445493078,
          "rt_area": 4,
          "size": 2
        },
        "size_2_region_2": {
          "region": [
            0,
            3
          ],
          "entropy": 0.0011698987993443246,
          "rt_area": 4,
          "size": 2
        },
        "size_3_region_0": {
          "region": [
            0,
            1,
            2
          ],
          "entropy": 0.0007808745965211434,
          "rt_area": 3,
          "size": 3
        },
        "size_3_region_1": {
          "region": [
            0,
            1,
            3
          ],
          "entropy": 0.001128731052429729,
          "rt_area": 3,
          "size": 3
        },
        "size_3_region_2": {
          "region": [
            0,
            2,
            3
          ],
          "entropy": 0.0007808745965212367,
          "rt_area": 3,
          "size": 3
        }
      }
    },
    {
      "entropy_A": 0.056443662423170594,
      "entropy_B": 0.05644366242316928,
      "mi_AB": 0.11288732484632384,
      "pure_state_check": true,
      "entropy_difference": 1.3114509478384662e-15,
      "multiple_regions": {
        "size_1_region_0": {
          "region": [
            0
          ],
          "entropy": 0.0779788299742848,
          "rt_area": 3,
          "size": 1
        },
        "size_1_region_1": {
          "region": [
            1
          ],
          "entropy": 0.05644366242316928,
          "rt_area": 3,
          "size": 1
        },
        "size_1_region_2": {
          "region": [
            2
          ],
          "entropy": 0.07797882997428407,
          "rt_area": 3,
          "size": 1
        },
        "size_2_region_0": {
          "region": [
            0,
            1
          ],
          "entropy": 0.08376060445684798,
          "rt_area": 4,
          "size": 2
        },
        "size_2_region_1": {
          "region": [
            0,
            2
          ],
          "entropy": 0.09905637317567059,
          "rt_area": 4,
          "size": 2
        },
        "size_2_region_2": {
          "region": [
            0,
            3
          ],
          "entropy": 0.08376060445684794,
          "rt_area": 4,
          "size": 2
        },
        "size_3_region_0": {
          "region": [
            0,
            1,
            2
          ],
          "entropy": 0.056443662423170594,
          "rt_area": 3,
          "size": 3
        },
        "size_3_region_1": {
          "region": [
            0,
            1,
            3
          ],
          "entropy": 0.07797882997428685,
          "rt_area": 3,
          "size": 3
        },
        "size_3_region_2": {
          "region": [
            0,
            2,
            3
          ],
          "entropy": 0.05644366242317062,
          "rt_area": 3,
          "size": 3
        }
      }
    }
  ],
  "distance_matrix_per_timestep": [
    [
      [
        0.0,
        7.209256599433343,
        7.136547428239746,
        7.209256599433669
      ],
      [
        7.209256599433343,
        0.0,
        7.209256599432093,
        14.418513198865686
      ],
      [
        7.136547428239746,
        7.209256599432093,
        0.0,
        7.2092565994335915
      ],
      [
        7.209256599433669,
        14.418513198865686,
        7.2092565994335915,
        0.0
      ]
    ],
    [
      [
        0.0,
        2.9825813682138214,
        2.8664373234676193,
        2.9825813682138147
      ],
      [
        2.9825813682138214,
        0.0,
        2.9825813682138302,
        5.965162736427624
      ],
      [
        2.8664373234676193,
        2.9825813682138302,
        0.0,
        2.982581368213794
      ],
      [
        2.9825813682138147,
        5.965162736427624,
        2.982581368213794,
        0.0
      ]
    ]
  ],
  "edge_mi": {
    "0,1": 0.050661887940605846,
    "0,3": 0.05066188794060619,
    "0,2": 0.05690128677289877,
    "1,2": 0.05066188794060539,
    "2,3": 0.05066188794060725
  },
  "distance_matrix": [
    [
      0.0,
      2.9825813682138214,
      2.8664373234676193,
      2.9825813682138147
    ],
    [
      2.9825813682138214,
      0.0,
      2.9825813682138302,
      4.2808463236216765
    ],
    [
      2.8664373234676193,
      2.9825813682138302,
      0.0,
      2.982581368213794
    ],
    [
      2.9825813682138147,
      4.2808463236216765,
      2.982581368213794,
      0.0
    ]
  ],
  "shortest_paths": {
    "0": {
      "0": 0,
      "2": 2.8664373234676193,
      "3": 2.9825813682138147,
      "1": 2.9825813682138214
    },
    "1": {
      "1": 0,
      "0": 2.9825813682138214,
      "2": 2.9825813682138302,
      "3": 4.2808463236216765
    },
    "2": {
      "2": 0,
      "0": 2.8664373234676193,
      "3": 2.982581368213794,
      "1": 2.9825813682138302
    },
    "3": {
      "3": 0,
      "2": 2.982581368213794,
      "0": 2.9825813682138147,
      "1": 4.2808463236216765
    }
  },
  "gromov_delta": 2.1404231618108565,
  "mean_distance": 2.3847011399930693,
  "angle_sums": [
    9.42477796076938,
    3.141592653589793,
    9.42477796076938,
    3.141592653589793
  ],
  "mean_angle_sum": 6.283185307179586,
  "min_angle_sum": 3.141592653589793,
  "max_angle_sum": 9.42477796076938,
  "angle_sum_deviations": [
    6.283185307179586,
    0.0,
    6.283185307179586,
    0.0
  ],
  "triangle_inequality_violations": [],
  "embedding_coords": [
    [
      0.0041404165833160865,
      0.01916731702272893
    ],
    [
      0.0464324854160647,
      -0.016959135484947138
    ],
    [
      -0.004643717028461612,
      -0.02048271136454964
    ],
    [
      -0.04592918497091917,
      0.018274529826767853
    ]
  ],
  "embedding_coords_3d": [
    [
      0.006032959531409103,
      -0.01561352864715003,
      0.007717783461670891
    ],
    [
      -0.03491322588740483,
      -0.03351097577124864,
      -0.006677683066368116
    ],
    [
      -0.009633880049639583,
      0.018880691654369255,
      -0.00567345870511917
    ],
    [
      0.03851414640563531,
      0.030243812764029415,
      0.004633358309816394
    ]
  ],
  "edge_weight_variance": 0.007191818888888885,
  "event_nodes": [
    [
      0,
      0
    ],
    [
      1,
      0
    ],
    [
      2,
      0
    ],
    [
      3,
      0
    ],
    [
      0,
      1
    ],
    [
      1,
      1
    ],
    [
      2,
      1
    ],
    [
      3,
      1
    ]
  ],
  "event_edges": [
    {
      "type": "spatial",
      "from": [
        0,
        0
      ],
      "to": [
        1,
        0
      ],
      "weight": 7.209256599433343
    },
    {
      "type": "spatial",
      "from": [
        0,
        0
      ],
      "to": [
        2,
        0
      ],
      "weight": 7.136547428239746
    },
    {
      "type": "spatial",
      "from": [
        0,
        0
      ],
      "to": [
        3,
        0
      ],
      "weight": 7.209256599433669
    },
    {
      "type": "spatial",
      "from": [
        1,
        0
      ],
      "to": [
        2,
        0
      ],
      "weight": 7.209256599432093
    },
    {
      "type": "spatial",
      "from": [
        1,
        0
      ],
      "to": [
        3,
        0
      ],
      "weight": 14.418513198865686
    },
    {
      "type": "spatial",
      "from": [
        2,
        0
      ],
      "to": [
        3,
        0
      ],
      "weight": 7.2092565994335915
    },
    {
      "type": "temporal",
      "from": [
        0,
        0
      ],
      "to": [
        0,
        1
      ],
      "weight": 1.0
    },
    {
      "type": "temporal",
      "from": [
        1,
        0
      ],
      "to": [
        1,
        1
      ],
      "weight": 1.0
    },
    {
      "type": "temporal",
      "from": [
        2,
        0
      ],
      "to": [
        2,
        1
      ],
      "weight": 1.0
    },
    {
      "type": "temporal",
      "from": [
        3,
        0
      ],
      "to": [
        3,
        1
      ],
      "weight": 1.0
    },
    {
      "type": "spatial",
      "from": [
        0,
        1
      ],
      "to": [
        1,
        1
      ],
      "weight": 2.9825813682138214
    },
    {
      "type": "spatial",
      "from": [
        0,
        1
      ],
      "to": [
        2,
        1
      ],
      "weight": 2.8664373234676193
    },
    {
      "type": "spatial",
      "from": [
        0,
        1
      ],
      "to": [
        3,
        1
      ],
      "weight": 2.9825813682138147
    },
    {
      "type": "spatial",
      "from": [
        1,
        1
      ],
      "to": [
        2,
        1
      ],
      "weight": 2.9825813682138302
    },
    {
      "type": "spatial",
      "from": [
        1,
        1
      ],
      "to": [
        3,
        1
      ],
      "weight": 5.965162736427624
    },
    {
      "type": "spatial",
      "from": [
        2,
        1
      ],
      "to": [
        3,
        1
      ],
      "weight": 2.982581368213794
    }
  ],
  "lorentzian_dissimilarity": [
    [
      0.0,
      51.97338071647321,
      50.930309195515335,
      51.973380716477905,
      -1.0,
      50.97338071647321,
      49.930309195515335,
      50.973380716477905
    ],
    [
      51.97338071647321,
      0.0,
      51.97338071645519,
      207.89352286586399,
      50.97338071647321,
      -1.0,
      50.97338071645519,
      206.89352286586399
    ],
    [
      50.930309195515335,
      51.97338071645519,
      0.0,
      51.97338071647679,
      49.930309195515335,
      50.97338071645519,
      -1.0,
      50.97338071647679
    ],
    [
      51.973380716477905,
      207.89352286586399,
      51.97338071647679,
      0.0,
      50.973380716477905,
      206.89352286586399,
      50.97338071647679,
      -1.0
    ],
    [
      -1.0,
      50.97338071647321,
      49.930309195515335,
      50.973380716477905,
      0.0,
      8.895791618016231,
      8.216462929368209,
      8.89579161801619
    ],
    [
      50.97338071647321,
      -1.0,
      50.97338071645519,
      206.89352286586399,
      8.895791618016231,
      0.0,
      8.895791618016284,
      35.5831664720647
    ],
    [
      49.930309195515335,
      50.97338071645519,
      -1.0,
      50.97338071647679,
      8.216462929368209,
      8.895791618016284,
      0.0,
      8.895791618016066
    ],
    [
      50.973380716477905,
      206.89352286586399,
      50.97338071647679,
      -1.0,
      8.89579161801619,
      35.5831664720647,
      8.895791618016066,
      0.0
    ]
  ],
  "lorentzian_embedding": [
    [
      1.0580797754606077,
      0.9805148883026544,
      2.386105623471165
    ],
    [
      3.2681771977748326,
      -6.488448975864373,
      3.1128500784503523
    ],
    [
      1.0580711291876017,
      0.9805036904889283,
      2.3860374687270394
    ],
    [
      -1.4399786281493439,
      8.227833802209277,
      0.1177867196045383
    ],
    [
      0.2567037509189052,
      0.3636719745712143,
      -1.904490013589516
    ],
    [
      -4.995387455800929,
      -5.56708145663162,
      -4.595467398317689
    ],
    [
      0.2566048964670716,
      0.3636238646365871,
      -1.9046336575630702
    ],
    [
      4.53772237313291,
      5.54690264333221,
      -4.412790742683839
    ]
  ],
  "edge_length_evolution": [],
  "angle_deficit_evolution": [],
  "regge_action_evolution": [],
  "gromov_delta_evolution": [],
  "mass_hinge": null,
  "mass_value": 0.0,
  "matter": [
    {
      "(0, 1)": 0.0,
      "(1, 2)": 0.0,
      "(0, 3)": 0.0,
      "(2, 3)": 0.0,
      "(0, 2)": 0.0,
      "(1, 3)": 0.0
    },
    {
      "(0, 1)": 0.0,
      "(1, 2)": 0.0,
      "(0, 3)": 0.0,
      "(2, 3)": 0.0,
      "(0, 2)": 0.0,
      "(1, 3)": 0.0
    }
  ],
  "stationary_solution": null,
  "einstein_analysis_per_timestep": [
    {
      "ricci_tensor": [
        [
          0.00024088138795198908,
          0.0
        ],
        [
          0.0,
          0.00024088138795198908
        ]
      ],
      "metric_tensor": [
        [
          1.0000481762775904,
          2.408813879519891e-05
        ],
        [
          2.408813879519891e-05,
          1.0000481762775904
        ]
      ],
      "stress_energy_tensor": [
        [
          0.00024088138795198908,
          4.817627759039782e-06
        ],
        [
          4.817627759039782e-06,
          0.00024088138795198908
        ]
      ],
      "einstein_solution": {
        "einstein_tensor": [
          [
            0.0,
            0.0
          ],
          [
            0.0,
            0.0
          ]
        ],
        "ricci_scalar": 0.00048176277590397817,
        "metric_tensor": [
          [
            1.0,
            0.0
          ],
          [
            0.0,
            1.0
          ]
        ],
        "lhs": [
          [
            0.0,
            0.0
          ],
          [
            0.0,
            0.0
          ]
        ],
        "rhs": [
          [
            0.00024088138795198908,
            4.817627759039782e-06
          ],
          [
            4.817627759039782e-06,
            0.00024088138795198908
          ]
        ],
        "equations_satisfied": false,
        "residual": 0.0003407258504983188,
        "conservation_violation": 0.00024088138795198908,
        "gravitational_constant": 0.039788735772973836,
        "cosmological_constant": 0.0
      },
      "entropy_first_derivative": 0.0,
      "entropy_second_derivative": 0.0,
      "entropy_curvature_correlation": 0.0003406527258383444,
      "emergent_gravitational_constant": 3.833746359139559e-05,
      "average_mutual_information": 0.00048176277590397817,
      "ricci_scalar": 0.00048176277590397817,
      "analysis_summary": {
        "einstein_equations_satisfied": false,
        "residual_magnitude": 0.0003407258504983188,
        "conservation_violation": 0.00024088138795198908,
        "entropy_evolution_rate": 0.0,
        "entropy_acceleration": 0.0,
        "entanglement_curvature_coupling": 0.0003406527258383444
      }
    },
    {
      "ricci_tensor": [
        [
          0.0170862368878745,
          0.0
        ],
        [
          0.0,
          0.0170862368878745
        ]
      ],
      "metric_tensor": [
        [
          1.0034172473775749,
          0.00170862368878745
        ],
        [
          0.00170862368878745,
          1.0034172473775749
        ]
      ],
      "stress_energy_tensor": [
        [
          0.0170862368878745,
          0.00034172473775749004
        ],
        [
          0.00034172473775749004,
          0.0170862368878745
        ]
      ],
      "einstein_solution": {
        "einstein_tensor": [
          [
            0.0,
            0.0
          ],
          [
            0.0,
            0.0
          ]
        ],
        "ricci_scalar": 0.034172473775749,
        "metric_tensor": [
          [
            1.0,
            0.0
          ],
          [
            0.0,
            1.0
          ]
        ],
        "lhs": [
          [
            0.0,
            0.0
          ],
          [
            0.0,
            0.0
          ]
        ],
        "rhs": [
          [
            0.0170862368878745,
            0.00034172473775749004
          ],
          [
            0.00034172473775749004,
            0.0170862368878745
          ]
        ],
        "equations_satisfied": false,
        "residual": 0.024168420171163805,
        "conservation_violation": 0.0170862368878745,
        "gravitational_constant": 0.039788735772973836,
        "cosmological_constant": 0.0
      },
      "entropy_first_derivative": 0.0,
      "entropy_second_derivative": 0.0,
      "entropy_curvature_correlation": 0.024163582936752616,
      "emergent_gravitational_constant": 0.0027193590595443093,
      "average_mutual_information": 0.034172473775749,
      "ricci_scalar": 0.034172473775749,
      "analysis_summary": {
        "einstein_equations_satisfied": false,
        "residual_magnitude": 0.024168420171163805,
        "conservation_violation": 0.0170862368878745,
        "entropy_evolution_rate": 0.0,
        "entropy_acceleration": 0.0,
        "entanglement_curvature_coupling": 0.024163582936752616
      }
    }
  ],
  "bootstrap_analysis": {
    "gromov_delta": {
      "mean": 5.095918983823712,
      "lower_ci": 2.9825813682138307,
      "upper_ci": 7.2092565994335915,
      "all_values": [
        7.2092565994335915,
        2.9825813682138307
      ],
      "uncertainty": 2.11333761560988
    },
    "entropy": {
      "mean": null,
      "lower_ci": null,
      "upper_ci": null,
      "uncertainty": null
    },
    "distance_matrix": {
      "mean": [
        [
          0.0,
          5.095918983823582,
          5.001492375853683,
          5.095918983823742
        ],
        [
          5.095918983823582,
          0.0,
          5.095918983822962,
          10.191837967646656
        ],
        [
          5.001492375853683,
          5.095918983822962,
          0.0,
          5.095918983823693
        ],
        [
          5.095918983823742,
          10.191837967646656,
          5.095918983823693,
          0.0
        ]
      ],
      "lower_ci": [
        [
          0.0,
          2.9825813682138214,
          2.8664373234676193,
          2.9825813682138147
        ],
        [
          2.9825813682138214,
          0.0,
          2.9825813682138302,
          5.965162736427624
        ],
        [
          2.8664373234676193,
          2.9825813682138302,
          0.0,
          2.982581368213794
        ],
        [
          2.9825813682138147,
          5.965162736427624,
          2.982581368213794,
          0.0
        ]
      ],
      "upper_ci": [
        [
          0.0,
          7.209256599433343,
          7.136547428239746,
          7.209256599433669
        ],
        [
          7.209256599433343,
          0.0,
          7.209256599432093,
          14.418513198865686
        ],
        [
          7.136547428239746,
          7.209256599432093,
          0.0,
          7.2092565994335915
        ],
        [
          7.209256599433669,
          14.418513198865686,
          7.2092565994335915,
          0.0
        ]
      ]
    }
  },
  "topology_compatibility": {
    "current_topology": "triangulated",
    "explanation": "Triangulated topology is specifically designed for angle-sum curvature. Creates multiple triangles per vertex, enabling robust local curvature measurements. Each vertex has multiple incident triangles for well-defined angle sums.",
    "supports_local_curvature": true
  },
  "rt_surface_analysis": {
    "region_A": [
      0
    ],
    "region_B": [
      1,
      2,
      3
    ],
    "bulk_point": 2,
    "is_complementary": true,
    "rt_area_AB": 8.831600059895255,
    "rt_area_BA": 8.831600059895255,
    "area_consistent": true,
    "edges_consistent": true,
    "area_difference": 0.0,
    "rt_edges_AB": [
      [
        0,
        1
      ],
      [
        0,
        2
      ],
      [
        0,
        3
      ]
    ],
    "rt_edges_BA": [
      [
        0,
        1
      ],
      [
        0,
        2
      ],
      [
        0,
        3
      ]
    ],
    "edge_lengths": [
      2.9825813682138214,
      2.8664373234676193,
      2.9825813682138147,
      2.9825813682138302,
      5.965162736427624,
      2.982581368213794
    ],
    "all_edges": [
      [
        0,
        1
      ],
      [
        0,
        2
      ],
      [
        0,
        3
      ],
      [
        1,
        2
      ],
      [
        1,
        3
      ],
      [
        2,
        3
      ]
    ]
  },
  "bulk_excitation_analysis": {
    "ground_state_mi": [
      [
        0.0,
        0.050661887940606096,
        0.05690128677289827,
        0.05066188794060614
      ],
      [
        0.050661887940606096,
        0.0,
        0.05066188794060539,
        0.01383095167066857
      ],
      [
        0.05690128677289827,
        0.05066188794060539,
        0.0,
        0.05066188794060686
      ],
      [
        0.05066188794060614,
        0.01383095167066857,
        0.05066188794060686,
        0.0
      ]
    ],
    "excited_state_mi": [
      [
        0.0,
        0.04614738510007285,
        0.060306712821189074,
        0.046147385100073296
      ],
      [
        0.04614738510007285,
        0.0,
        0.13142331934007123,
        0.036273417359896504
      ],
      [
        0.060306712821189074,
        0.13142331934007123,
        0.0,
        0.13142331934007218
      ],
      [
        0.046147385100073296,
        0.036273417359896504,
        0.13142331934007218,
        0.0
      ]
    ],
    "mi_difference": [
      [
        0.0,
        -0.004514502840533244,
        0.003405426048290805,
        -0.004514502840532841
      ],
      [
        -0.004514502840533244,
        0.0,
        0.08076143139946584,
        0.022442465689227933
      ],
      [
        0.003405426048290805,
        0.08076143139946584,
        0.0,
        0.08076143139946532
      ],
      [
        -0.004514502840532841,
        0.022442465689227933,
        0.08076143139946532,
        0.0
      ]
    ],
    "avg_mi_change": 0.024549970027189498,
    "max_mi_change": 0.08076143139946584,
    "mi_change_boundary_A": NaN,
    "mi_change_boundary_B": 0.0613217761627197,
    "bulk_point": 2,
    "ground_state_counts": {
      "0101 0101": 6,
      "0001 0001": 2,
      "1001 1001": 4,
      "1110 1110": 14,
      "0100 0100": 1,
      "1101 1101": 11,
      "0110 0110": 2,
      "1111 1111": 36,
      "1011 1011": 9,
      "0111 0111": 9,
      "1100 1100": 4,
      "0011 0011": 1,
      "0010 0010": 1
    },
    "excited_state_counts": {
      "0110 1100": 5,
      "1001 1111": 1,
      "0111 1101": 7,
      "0001 1111": 11,
      "0101 1011": 4,
      "1011 0111": 1,
      "1011 0011": 1,
      "0101 1111": 9,
      "0111 1001": 3,
      "1110 1100": 1,
      "1001 0111": 4,
      "1101 0011": 2,
      "0000 1110": 5,
      "0100 1110": 3,
      "1101 0101": 1,
      "0011 1101": 3,
      "0101 1001": 1,
      "0010 1000": 1,
      "0111 1111": 2,
      "0001 1011": 5,
      "0011 1111": 1,
      "0000 1010": 1,
      "1100 0110": 1,
      "1101 0111": 7,
      "1011 0101": 1,
      "1101 1111": 1,
      "1010 0010": 1,
      "0110 1000": 1,
      "0110 1110": 1,
      "1011 0001": 1,
      "1000 1110": 1,
      "1111 0111": 1,
      "1001 0011": 1,
      "1011 1001": 1,
      "1001 0101": 1,
      "0010 1100": 2,
      "1111 1101": 1,
      "1010 0000": 1,
      "1000 1010": 1,
      "1010 0100": 1,
      "1000 0010": 1,
      "0011 1001": 1,
      "0100 1010": 1
    },
    "boundary_entropies": {
      "ground_state": {
        "entropy_A": 0.056443662423170594,
        "entropy_B": 0.05644366242316928,
        "mi_AB": 0.11288732484632384
      },
      "excited_state": {
        "entropy_A": 0.10860014936363699,
        "entropy_B": 0.10860014936363707,
        "mi_AB": 0.2172002987272589
      },
      "rt_relation_test": {
        "entropy_ratio": 0.9999999999999768,
        "rt_area_ratio": 1.0,
        "rt_deviation": 2.3203661214665772e-14,
        "excited_entropy_ratio": 1.0000000000000007,
        "rt_relation_change": 2.3869795029440866e-14
      }
    }
  },
  "page_curve_analysis": null,
  "deutsch_ctc_analysis": null,
  "ctc_recovery_analysis": null,
  "einstein_analysis": null,
  "dynamic_evidence": {
    "angle_sums_per_timestep": [
      [
        9.42477796076938,
        3.141592653589793,
        9.42477796076938,
        0.0
      ],
      [
        9.42477796076938,
        3.141592617983334,
        9.42477796076938,
        0.0
      ]
    ],
    "gromov_delta_per_timestep": [
      7.2092565994335915,
      2.9825813682138307
    ],
    "edge_mi_per_timestep": [
      {
        "0,1": 0.0007397068496071933,
        "0,3": 0.0007397068496069518,
        "0,2": 0.0007954938603122821,
        "1,2": 0.0007397068496081173,
        "2,3": 0.0007397068496070094
      },
      {
        "0,1": 0.050661887940605846,
        "0,3": 0.05066188794060619,
        "0,2": 0.05690128677289877,
        "1,2": 0.05066188794060539,
        "2,3": 0.05066188794060725
      }
    ],
    "shortest_paths_per_timestep": [
      {
        "0": {
          "0": 0,
          "2": 7.136547428239746,
          "1": 7.209256599433343,
          "3": 7.209256599433669
        },
        "1": {
          "1": 0,
          "2": 7.209256599432093,
          "0": 7.209256599433343,
          "3": 14.418513198865686
        },
        "2": {
          "2": 0,
          "0": 7.136547428239746,
          "1": 7.209256599432093,
          "3": 7.2092565994335915
        },
        "3": {
          "3": 0,
          "2": 7.2092565994335915,
          "0": 7.209256599433669,
          "1": 14.418513198865686
        }
      },
      {
        "0": {
          "0": 0,
          "2": 2.8664373234676193,
          "3": 2.9825813682138147,
          "1": 2.9825813682138214
        },
        "1": {
          "1": 0,
          "0": 2.9825813682138214,
          "2": 2.9825813682138302,
          "3": 5.965162736427624
        },
        "2": {
          "2": 0,
          "0": 2.8664373234676193,
          "3": 2.982581368213794,
          "1": 2.9825813682138302
        },
        "3": {
          "3": 0,
          "2": 2.982581368213794,
          "0": 2.9825813682138147,
          "1": 5.965162736427624
        }
      }
    ],
    "mean_distance_per_timestep": [
      6.299010878104766,
      2.595240691593813
    ],
    "triangle_violations_per_timestep": [
      0,
      0
    ],
    "embedding_coords_per_timestep": [
      [
        [
          0.00015950532260420892,
          0.13691210164452197
        ],
        [
          -0.011764446069302709,
          -0.0808666413223566
        ],
        [
          0.12674338831093757,
          -0.05890692875375893
        ],
        [
          -0.11513844756423908,
          0.0028614684315935554
        ]
      ],
      [
        [
          -0.002209329575516446,
          -0.016611485823847486
        ],
        [
          0.01729329237147558,
          -0.004454356774771424
        ],
        [
          0.0021699586388142763,
          0.016464819332896105
        ],
        [
          -0.017253921434773414,
          0.004601023265722806
        ]
      ]
    ],
    "regge_evolution_data": null,
    "evolution_summary": {
      "total_timesteps": 2,
      "gromov_delta_range": [
        2.9825813682138307,
        7.2092565994335915
      ],
      "mean_distance_range": [
        2.595240691593813,
        6.299010878104766
      ],
      "total_triangle_violations": 0,
      "hyperbolic_evolution": [
        false,
        false
      ],
      "regge_corrected": false
    }
  },
  "quantum_state_outputs": [
    {
      "timestep": 1,
      "statevector": [
        {
          "real": 0.0023496350057116326,
          "imag": -0.0013790823301739242
        },
        {
          "real": 0.004499257971854272,
          "imag": 0.010608802095540548
        },
        {
          "real": 0.004996713556203982,
          "imag": 0.010561255086141428
        },
        {
          "real": -0.04512848857339301,
          "imag": 0.019783029194464903
        },
        {
          "real": 0.004499257971854272,
          "imag": 0.010608802095540548
        },
        {
          "real": -0.04511310250372994,
          "imag": 0.017585908355331886
        },
        {
          "real": -0.04512848857339303,
          "imag": 0.019783029194464893
        },
        {
          "real": -0.09726558620369957,
          "imag": -0.18463569955251086
        },
        {
          "real": 0.004996713556203981,
          "imag": 0.010561255086141424
        },
        {
          "real": -0.045128488573393015,
          "imag": 0.0197830291944649
        },
        {
          "real": -0.04670179777638674,
          "imag": 0.017188152844710244
        },
        {
          "real": -0.08666329758455518,
          "imag": -0.19130705866717684
        },
        {
          "real": -0.045128488573393,
          "imag": 0.0197830291944649
        },
        {
          "real": -0.09726558620369961,
          "imag": -0.18463569955251086
        },
        {
          "real": -0.08666329758455515,
          "imag": -0.1913070586671768
        },
        {
          "real": 0.7436612748338824,
          "imag": -0.5065268425569439
        }
      ],
      "mutual_information_matrix": [
        [
          0.0,
          0.0007397068496071933,
          0.0007954938603122821,
          0.0007397068496069518
        ],
        [
          0.0007397068496071933,
          0.0,
          0.0007397068496081173,
          9.978094849027118e-05
        ],
        [
          0.0007954938603122821,
          0.0007397068496081173,
          0.0,
          0.0007397068496070094
        ],
        [
          0.0007397068496069518,
          9.978094849027118e-05,
          0.0007397068496070094,
          0.0
        ]
      ],
      "circuit_depth": 42,
      "num_gates": 77
    },
    {
      "timestep": 2,
      "statevector": [
        {
          "real": 0.05801873394401194,
          "imag": -0.03904006080235095
        },
        {
          "real": 0.04370364979381232,
          "imag": 0.10727169765668232
        },
        {
          "real": 0.051100959874634325,
          "imag": 0.10469466746275988
        },
        {
          "real": -0.1621388319383198,
          "imag": 0.099111823922121
        },
        {
          "real": 0.04370364979381231,
          "imag": 0.10727169765668236
        },
        {
          "real": -0.16332484365256514,
          "imag": 0.0861465281018357
        },
        {
          "real": -0.16213883193831963,
          "imag": 0.099111823922121
        },
        {
          "real": -0.2617697404567232,
          "imag": -0.19062296041760624
        },
        {
          "real": 0.051100959874634345,
          "imag": 0.10469466746275982
        },
        {
          "real": -0.16213883193831974,
          "imag": 0.09911182392212103
        },
        {
          "real": -0.1774299914209468,
          "imag": 0.05713308516861727
        },
        {
          "real": -0.20121213699949925,
          "imag": -0.232853694814451
        },
        {
          "real": -0.1621388319383198,
          "imag": 0.09911182392212099
        },
        {
          "real": -0.2617697404567232,
          "imag": -0.1906229604176062
        },
        {
          "real": -0.20121213699949925,
          "imag": -0.232853694814451
        },
        {
          "real": 0.10483074778524915,
          "imag": -0.5636624935307007
        }
      ],
      "mutual_information_matrix": [
        [
          0.0,
          0.050661887940605846,
          0.05690128677289877,
          0.05066188794060619
        ],
        [
          0.050661887940605846,
          0.0,
          0.05066188794060539,
          0.01383095167066857
        ],
        [
          0.05690128677289877,
          0.05066188794060539,
          0.0,
          0.05066188794060725
        ],
        [
          0.05066188794060619,
          0.01383095167066857,
          0.05066188794060725,
          0.0
        ]
      ],
      "circuit_depth": 82,
      "num_gates": 149
    }
  ],
  "emergent_geometry_teleportation": null,
  "superposition_gravity": null,
  "teleportation_geometry_correlation": null
}