{
  "spec": {
    "num_qubits": 3,
    "topology": "triangulated",
    "custom_edges": "0-1:1.0000,0-2:1.0000,1-2:1.0000",
    "alpha": 0.8,
    "weight": 2.188946302672212,
    "gamma": 0.745885241179243,
    "sigma": 0.23765237450926688,
    "init_angle": 0.8512343644373837,
    "init_angles": null,
    "shots": 100,
    "device": "simulator",
    "geometry": "spherical",
    "curvature": 1.0,
    "timesteps": 2,
    "dimension": 2,
    "mass_hinge": null,
    "mass_value": 0.0,
    "solve_regge": false,
    "lorentzian": true,
    "excite": true,
    "fast": true,
    "fast_preset": "minimal",
    "ctc_mode": true,
    "ctc_type": "paradox",
    "strong_curvature": true,
    "charge_injection": true,
    "charge_strength": 2.5,
    "charge_location": null,
    "spin_injection": true,
    "spin_strength": 2.0,
    "spin_location": null,
    "edge_floor": 0.001,
    "compute_entropies": true,
    "hyperbolic_triangulation": true,
    "trotter_steps": 8,
    "dt": 0.05,
    "analyze_curvature": true,
    "einstein_solver": true,
    "page_curve": true,
    "radiation_ordering": null,
    "page_curve_timesteps": 15,
    "entropy_method": "hybrid",
    "num_shadows": 100,
    "shots_per_shadow": 1000,
    "num_bases": 20,
    "shots_per_basis": 1000,
    "enhanced_entanglement": false,
    "entanglement_strength": 1.4611201475839448,
    "interpolate_geometry": false,
    "smooth_charge_injection": false,
    "min_qubits_for_continuum": 10,
    "benchmark_against_classical_geometry": false,
    "geometry_fit_metric": "wasserstein,kl,euclidean",
    "verify_noise_robustness": false,
    "run_on_multiple_backends": false,
    "detect_and_flag_causal_loops": true,
    "restrict_information_flow_direction": "bidirectional",
    "filter_noncausal_edges": true,
    "use_ryu_takayanagi_test": true,
    "compare_MI_vs_subsystem_entropy": true,
    "embed_boundary_entropy_in_geometry": true,
    "entropy_engineering": true,
    "target_entropy_pattern": "quantum_gravity",
    "custom_target_entropies": null,
    "entropy_optimization_iterations": 200,
    "entropy_tolerance": 0.05,
    "continue_on_engineering_failure": true,
    "validate_engineered_geometry": true,
    "enhance_bell_violations": true,
    "bell_entanglement_strength": 4.0,
    "teleportation_circuits": true,
    "long_range_coupling": 3.0,
    "holographic_optimization": true,
    "rt_surface_encoding": true,
    "conformal_symmetry": true,
    "bulk_reconstruction": true,
    "scalable_entanglement": true,
    "parallel_execution": true,
    "memory_optimization": true,
    "circuit_compilation": "optimized",
    "real_hardware": false,
    "error_mitigation": true,
    "zero_noise_extrapolation": true,
    "zne_noise_factors": [
      1.0,
      2.0,
      3.0
    ],
    "zne_extrapolation_method": "polynomial",
    "hardware_calibration": true,
    "noise_characterization": true,
    "backend_name": "ibm_brisbane",
    "quantum_mode": true,
    "quantum_entanglement_strength": 5.0,
    "quantum_circuit_depth": 12
  },
  "uid": "4H6MGF",
  "counts_per_timestep": [
    null
  ],
  "job_ids_per_timestep": [
    null
  ],
  "entropy_per_timestep": [
    null
  ],
  "mutual_information_per_timestep": [
    {
      "I_0,1": 0.6498706798462818,
      "I_0,2": 1.3236354830742543,
      "I_1,2": 0.6124880925527946
    }
  ],
  "boundary_entropies_per_timestep": [
    {
      "entropy_A": 1.61749934690712e-14,
      "entropy_B": 7.367880958774292e-15,
      "mi_AB": 7.36788095877429e-15,
      "pure_state_check": true,
      "entropy_difference": 8.807112510296907e-15,
      "multiple_regions": {
        "size_1_region_0": {
          "region": [
            0
          ],
          "entropy": 0.9867530814602681,
          "rt_area": 2,
          "size": 1
        },
        "size_1_region_1": {
          "region": [
            1
          ],
          "entropy": 0.6311793861995394,
          "rt_area": 2,
          "size": 1
        },
        "size_1_region_2": {
          "region": [
            2
          ],
          "entropy": 0.9680617878135247,
          "rt_area": 2,
          "size": 1
        },
        "size_2_region_0": {
          "region": [
            0,
            1
          ],
          "entropy": 0.968061787813525,
          "rt_area": 2,
          "size": 2
        },
        "size_2_region_1": {
          "region": [
            0,
            2
          ],
          "entropy": 0.6311793861995388,
          "rt_area": 2,
          "size": 2
        },
        "size_2_region_2": {
          "region": [
            1,
            2
          ],
          "entropy": 0.986753081460268,
          "rt_area": 2,
          "size": 2
        }
      }
    }
  ],
  "distance_matrix_per_timestep": [
    [
      [
        0.0,
        0.4309818899690866,
        0.2803821047101127
      ],
      [
        0.4309818899690866,
        0.0,
        0.49022577748235974
      ],
      [
        0.2803821047101127,
        0.49022577748235974,
        0.0
      ]
    ]
  ],
  "edge_mi": {
    "0,1": 0.6498706798462818,
    "0,2": 1.3236354830742543,
    "1,2": 0.6124880925527946
  },
  "distance_matrix": [
    [
      0.0,
      0.4309818899690866,
      0.2803821047101127
    ],
    [
      0.4309818899690866,
      0.0,
      0.49022577748235974
    ],
    [
      0.2803821047101127,
      0.49022577748235974,
      0.0
    ]
  ],
  "shortest_paths": {
    "0": {
      "0": 0,
      "2": 0.2803821047101127,
      "1": 0.4309818899690866
    },
    "1": {
      "1": 0,
      "0": 0.4309818899690866,
      "2": 0.49022577748235974
    },
    "2": {
      "2": 0,
      "0": 0.2803821047101127,
      "1": 0.49022577748235974
    }
  },
  "gromov_delta": 0.3204127813706668,
  "mean_distance": 0.26701994936923534,
  "angle_sums": [
    3.203007325295853
  ],
  "mean_angle_sum": 3.203007325295853,
  "min_angle_sum": 3.203007325295853,
  "max_angle_sum": 3.203007325295853,
  "angle_sum_deviations": [
    0.06141467170605974
  ],
  "triangle_inequality_violations": [],
  "embedding_coords": null,
  "edge_weight_variance": 0.0,
  "event_nodes": [
    [
      0,
      0
    ],
    [
      1,
      0
    ],
    [
      2,
      0
    ],
    [
      0,
      1
    ],
    [
      1,
      1
    ],
    [
      2,
      1
    ]
  ],
  "event_edges": [
    {
      "type": "spatial",
      "from": [
        0,
        0
      ],
      "to": [
        1,
        0
      ],
      "weight": 0.4309818899690866
    },
    {
      "type": "spatial",
      "from": [
        0,
        0
      ],
      "to": [
        2,
        0
      ],
      "weight": 0.2803821047101127
    },
    {
      "type": "spatial",
      "from": [
        1,
        0
      ],
      "to": [
        2,
        0
      ],
      "weight": 0.49022577748235974
    },
    {
      "type": "temporal",
      "from": [
        0,
        0
      ],
      "to": [
        0,
        1
      ],
      "weight": 1.0
    },
    {
      "type": "temporal",
      "from": [
        1,
        0
      ],
      "to": [
        1,
        1
      ],
      "weight": 1.0
    },
    {
      "type": "temporal",
      "from": [
        2,
        0
      ],
      "to": [
        2,
        1
      ],
      "weight": 1.0
    }
  ],
  "lorentzian_dissimilarity": [
    [
      0.0,
      0.18574538948132588,
      0.07861412464167261,
      -1.0,
      -0.8142546105186741,
      -0.9213858753583274
    ],
    [
      0.18574538948132588,
      0.0,
      0.2403213129081841,
      -0.8142546105186741,
      -1.0,
      -0.759678687091816
    ],
    [
      0.07861412464167261,
      0.2403213129081841,
      0.0,
      -0.9213858753583274,
      -0.759678687091816,
      -1.0
    ],
    [
      -1.0,
      -0.8142546105186741,
      -0.9213858753583274,
      0.0,
      0.0,
      0.0
    ],
    [
      -0.8142546105186741,
      -1.0,
      -0.759678687091816,
      0.0,
      0.0,
      0.0
    ],
    [
      -0.9213858753583274,
      -0.759678687091816,
      -1.0,
      0.0,
      0.0,
      0.0
    ]
  ],
  "lorentzian_embedding": [
    [
      0.0,
      0.0,
      0.0
    ],
    [
      0.0,
      0.0,
      0.0
    ],
    [
      0.0,
      0.0,
      0.0
    ],
    [
      0.0,
      0.0,
      0.0
    ],
    [
      0.0,
      0.0,
      0.0
    ],
    [
      0.0,
      0.0,
      0.0
    ]
  ],
  "edge_length_evolution": [],
  "angle_deficit_evolution": [],
  "regge_action_evolution": [],
  "gromov_delta_evolution": [],
  "mass_hinge": null,
  "mass_value": 0.0,
  "matter": [
    {
      "(0, 1)": 0.0,
      "(0, 2)": 0.0,
      "(1, 2)": 0.0
    },
    {
      "(0, 1)": 0.0,
      "(0, 2)": 0.0,
      "(1, 2)": 0.0
    }
  ],
  "stationary_solution": null,
  "einstein_analysis_per_timestep": [
    {
      "ricci_tensor": [
        [
          0.2873326950525923,
          0.0
        ],
        [
          0.0,
          0.2873326950525923
        ]
      ],
      "metric_tensor": [
        [
          1.0574665390105185,
          0.02873326950525923
        ],
        [
          0.02873326950525923,
          1.0574665390105185
        ]
      ],
      "stress_energy_tensor": [
        [
          0.2873326950525923,
          0.005746653901051846
        ],
        [
          0.005746653901051846,
          0.2873326950525923
        ]
      ],
      "einstein_solution": {
        "einstein_tensor": [
          [
            0.0,
            0.0
          ],
          [
            0.0,
            0.0
          ]
        ],
        "ricci_scalar": 0.5746653901051846,
        "metric_tensor": [
          [
            1.0,
            0.0
          ],
          [
            0.0,
            1.0
          ]
        ],
        "lhs": [
          [
            0.0,
            0.0
          ],
          [
            0.0,
            0.0
          ]
        ],
        "rhs": [
          [
            0.2873326950525923,
            0.005746653901051846
          ],
          [
            0.005746653901051846,
            0.2873326950525923
          ]
        ],
        "equations_satisfied": false,
        "residual": 0.40643105609006913,
        "conservation_violation": 0.2873326950525923,
        "gravitational_constant": 0.039788735772973836,
        "cosmological_constant": 0.0
      },
      "entropy_first_derivative": 0.0,
      "entropy_second_derivative": 0.0,
      "entropy_curvature_correlation": 0.4063497892565887,
      "emergent_gravitational_constant": 0.045730418729536246,
      "average_mutual_information": 0.5746653901051846,
      "ricci_scalar": 0.5746653901051846,
      "analysis_summary": {
        "einstein_equations_satisfied": false,
        "residual_magnitude": 0.40643105609006913,
        "conservation_violation": 0.2873326950525923,
        "entropy_evolution_rate": 0.0,
        "entropy_acceleration": 0.0,
        "entanglement_curvature_coupling": 0.4063497892565887
      }
    }
  ],
  "bootstrap_analysis": {
    "gromov_delta": {
      "mean": 0.3204127813706668,
      "lower_ci": 0.3204127813706668,
      "upper_ci": 0.3204127813706668,
      "all_values": [
        0.3204127813706668
      ],
      "uncertainty": 0.0
    },
    "entropy": {
      "mean": null,
      "lower_ci": null,
      "upper_ci": null,
      "uncertainty": null
    },
    "distance_matrix": {
      "mean": [
        [
          0.0,
          0.4309818899690866,
          0.2803821047101127
        ],
        [
          0.4309818899690866,
          0.0,
          0.49022577748235974
        ],
        [
          0.2803821047101127,
          0.49022577748235974,
          0.0
        ]
      ],
      "lower_ci": [
        [
          0.0,
          0.4309818899690866,
          0.2803821047101127
        ],
        [
          0.4309818899690866,
          0.0,
          0.49022577748235974
        ],
        [
          0.2803821047101127,
          0.49022577748235974,
          0.0
        ]
      ],
      "upper_ci": [
        [
          0.0,
          0.4309818899690866,
          0.2803821047101127
        ],
        [
          0.4309818899690866,
          0.0,
          0.49022577748235974
        ],
        [
          0.2803821047101127,
          0.49022577748235974,
          0.0
        ]
      ]
    }
  },
  "topology_compatibility": {
    "current_topology": "triangulated",
    "explanation": "Triangulated topology is specifically designed for angle-sum curvature. Creates multiple triangles per vertex, enabling robust local curvature measurements. Each vertex has multiple incident triangles for well-defined angle sums.",
    "supports_local_curvature": true
  },
  "rt_surface_analysis": {
    "region_A": [
      0
    ],
    "region_B": [
      1,
      2
    ],
    "bulk_point": 1,
    "is_complementary": true,
    "rt_area_AB": 0.7113639946791993,
    "rt_area_BA": 0.7113639946791993,
    "area_consistent": true,
    "edges_consistent": true,
    "area_difference": 0.0,
    "rt_edges_AB": [
      [
        0,
        1
      ],
      [
        0,
        2
      ]
    ],
    "rt_edges_BA": [
      [
        0,
        1
      ],
      [
        0,
        2
      ]
    ],
    "edge_lengths": [
      0.4309818899690866,
      0.2803821047101127,
      0.49022577748235974
    ],
    "all_edges": [
      [
        0,
        1
      ],
      [
        0,
        2
      ],
      [
        1,
        2
      ]
    ]
  },
  "bulk_excitation_analysis": {
    "ground_state_mi": [
      [
        0.0,
        0.6498706798462824,
        1.3236354830742538
      ],
      [
        0.6498706798462824,
        0.0,
        0.6124880925527961
      ],
      [
        1.3236354830742538,
        0.6124880925527961,
        0.0
      ]
    ],
    "excited_state_mi": [
      [
        0.0,
        0.700193016600435,
        1.2422742956763044
      ],
      [
        0.700193016600435,
        0.0,
        0.6706629046566496
      ],
      [
        1.2422742956763044,
        0.6706629046566496,
        0.0
      ]
    ],
    "mi_difference": [
      [
        0.0,
        0.05032233675415254,
        -0.0813611873979494
      ],
      [
        0.05032233675415254,
        0.0,
        0.058174812103853446
      ],
      [
        -0.0813611873979494,
        0.058174812103853446,
        0.0
      ]
    ],
    "avg_mi_change": 0.04219074139021231,
    "max_mi_change": 0.0813611873979494,
    "mi_change_boundary_A": NaN,
    "mi_change_boundary_B": 0.058174812103853446,
    "bulk_point": 1,
    "ground_state_counts": {
      "010": 6,
      "000": 32,
      "101": 42,
      "111": 8,
      "001": 4,
      "011": 7,
      "100": 1
    },
    "excited_state_counts": {
      "001": 15,
      "000": 24,
      "101": 29,
      "100": 12,
      "110": 13,
      "111": 3,
      "010": 3,
      "011": 1
    },
    "boundary_entropies": {
      "ground_state": {
        "entropy_A": 1.61749934690712e-14,
        "entropy_B": 7.367880958774292e-15,
        "mi_AB": 7.36788095877429e-15
      },
      "excited_state": {
        "entropy_A": 9.488689652795649e-15,
        "entropy_B": 7.047538308392801e-15,
        "mi_AB": 7.0475383083928005e-15
      },
      "rt_relation_test": {
        "entropy_ratio": 0.45551059868201427,
        "rt_area_ratio": 1.0,
        "rt_deviation": 0.5444894013179857,
        "excited_entropy_ratio": 0.7427304049633858,
        "rt_relation_change": 0.28721980628137156
      }
    }
  },
  "page_curve_analysis": null,
  "einstein_analysis": null,
  "dynamic_evidence": {
    "angle_sums_per_timestep": [
      [
        3.203007325295853
      ]
    ],
    "gromov_delta_per_timestep": [
      0.3204127813706668
    ],
    "edge_mi_per_timestep": [
      {
        "0,1": 0.6498706798462818,
        "0,2": 1.3236354830742543,
        "1,2": 0.6124880925527946
      }
    ],
    "shortest_paths_per_timestep": [
      {
        "0": {
          "0": 0,
          "2": 0.2803821047101127,
          "1": 0.4309818899690866
        },
        "1": {
          "1": 0,
          "0": 0.4309818899690866,
          "2": 0.49022577748235974
        },
        "2": {
          "2": 0,
          "0": 0.2803821047101127,
          "1": 0.49022577748235974
        }
      }
    ],
    "mean_distance_per_timestep": [
      0.26701994936923534
    ],
    "triangle_violations_per_timestep": [
      0
    ],
    "embedding_coords_per_timestep": [
      [
        [
          -0.11201471261856089,
          0.13684262680618337
        ],
        [
          0.2819562124330074,
          -0.002934966605601182
        ],
        [
          -0.1699414998144465,
          -0.1339076602005822
        ]
      ]
    ],
    "regge_evolution_data": null,
    "evolution_summary": {
      "total_timesteps": 1,
      "gromov_delta_range": [
        0.3204127813706668,
        0.3204127813706668
      ],
      "mean_distance_range": [
        0.26701994936923534,
        0.26701994936923534
      ],
      "total_triangle_violations": 0,
      "hyperbolic_evolution": [
        false
      ],
      "regge_corrected": false
    }
  },
  "quantum_state_outputs": [
    {
      "timestep": 1,
      "statevector": [
        {
          "real": -0.48800627878358127,
          "imag": 0.20869363980269284
        },
        {
          "real": -0.07114556744691349,
          "imag": 0.08339239465198527
        },
        {
          "real": -0.3048718921908214,
          "imag": -0.18897458846602655
        },
        {
          "real": 0.3333207596246763,
          "imag": -0.1443541767793689
        },
        {
          "real": -0.029436654019529575,
          "imag": -0.1044692425227613
        },
        {
          "real": -0.5859415889272162,
          "imag": -0.18807705944196013
        },
        {
          "real": 0.06936188442251427,
          "imag": -0.09545888602025614
        },
        {
          "real": -0.12030107403239332,
          "imag": -0.163722469245916
        }
      ],
      "mutual_information_matrix": [
        [
          0.0,
          0.6498706798462818,
          1.3236354830742543
        ],
        [
          0.6498706798462818,
          0.0,
          0.6124880925527946
        ],
        [
          1.3236354830742543,
          0.6124880925527946,
          0.0
        ]
      ],
      "circuit_depth": 92,
      "num_gates": 166
    }
  ]
}