{
  "spec": {
    "num_qubits": 4,
    "topology": "triangulated",
    "custom_edges": "0-1:1.0000,0-2:1.0000,0-3:1.0000,1-2:1.0000,1-3:1.0000,2-3:1.0000",
    "alpha": 0.8,
    "weight": 1.717123395048954,
    "gamma": -4.349121546345755e-11,
    "sigma": 1.662193184521058e-11,
    "init_angle": 0.6381456005140584,
    "init_angles": null,
    "shots": 100,
    "device": "simulator",
    "geometry": "spherical",
    "curvature": 4.5,
    "timesteps": 3,
    "dimension": 2,
    "mass_hinge": null,
    "mass_value": 0.0,
    "solve_regge": false,
    "lorentzian": true,
    "excite": true,
    "fast": false,
    "fast_preset": "balanced",
    "ctc_mode": false,
    "ctc_perturbation": null,
    "ctc_perturbation_strength": 1.0,
    "test_ctc_recovery": false,
    "strong_curvature": true,
    "charge_injection": true,
    "charge_strength": 2.5,
    "charge_location": null,
    "spin_injection": true,
    "spin_strength": 2.0,
    "spin_location": null,
    "edge_floor": 0.001,
    "compute_entropies": true,
    "hyperbolic_triangulation": true,
    "trotter_steps": 8,
    "dt": 0.05,
    "analyze_curvature": true,
    "einstein_solver": true,
    "page_curve": true,
    "radiation_ordering": null,
    "page_curve_timesteps": 15,
    "entropy_method": "hybrid",
    "num_shadows": 100,
    "shots_per_shadow": 1000,
    "num_bases": 20,
    "shots_per_basis": 1000,
    "enhanced_entanglement": false,
    "entanglement_strength": 1.6629376172919668e-11,
    "interpolate_geometry": false,
    "smooth_charge_injection": false,
    "min_qubits_for_continuum": 10,
    "benchmark_against_classical_geometry": false,
    "geometry_fit_metric": "wasserstein,kl,euclidean",
    "verify_noise_robustness": false,
    "run_on_multiple_backends": false,
    "detect_and_flag_causal_loops": true,
    "restrict_information_flow_direction": "bidirectional",
    "filter_noncausal_edges": true,
    "use_ryu_takayanagi_test": true,
    "compare_MI_vs_subsystem_entropy": true,
    "embed_boundary_entropy_in_geometry": true,
    "entropy_engineering": true,
    "target_entropy_pattern": "quantum_gravity",
    "custom_target_entropies": null,
    "entropy_optimization_iterations": 200,
    "entropy_tolerance": 0.05,
    "continue_on_engineering_failure": true,
    "skip_entropy_engineering": false,
    "validate_engineered_geometry": true,
    "enhance_bell_violations": true,
    "bell_entanglement_strength": 4.0,
    "teleportation_circuits": true,
    "long_range_coupling": 3.0,
    "holographic_optimization": true,
    "rt_surface_encoding": true,
    "conformal_symmetry": true,
    "bulk_reconstruction": true,
    "scalable_entanglement": true,
    "parallel_execution": true,
    "memory_optimization": true,
    "circuit_compilation": "optimized",
    "real_hardware": false,
    "error_mitigation": true,
    "zero_noise_extrapolation": true,
    "zne_noise_factors": [
      1.0,
      2.0,
      3.0
    ],
    "zne_extrapolation_method": "polynomial",
    "hardware_calibration": true,
    "noise_characterization": true,
    "backend_name": "ibm_brisbane",
    "quantum_mode": true,
    "quantum_entanglement_strength": 5.0,
    "quantum_circuit_depth": 12,
    "geometric_teleportation": false,
    "teleportation_mode": "both",
    "bridge_strength": 1.0,
    "signal_state": "+",
    "emergent_geometry_teleportation": false,
    "teleportation_node_pairs": "auto",
    "teleportation_embedding_dim": 2,
    "teleportation_fidelity_threshold": 0.7,
    "superposition_gravity": true,
    "massive_bulk_mass_hinge": "2",
    "massive_bulk_mass_value": 1.0,
    "massless_bulk_mass_hinge": "None",
    "massless_bulk_mass_value": 0.0,
    "superposition_control_qubit": 0,
    "superposition_phase": 0.0,
    "interference_analysis": true,
    "classical_mixture_comparison": true,
    "coherence_preservation": true,
    "bulk_reconstruction_method": "mi_embedding"
  },
  "uid": "N07O8N",
  "counts_per_timestep": [
    null,
    null,
    null
  ],
  "job_ids_per_timestep": [
    null,
    null,
    null
  ],
  "entropy_per_timestep": [
    null,
    null,
    null
  ],
  "mutual_information_per_timestep": [
    {
      "I_0,1": 0.28748678189102383,
      "I_0,2": 0.36535434876365447,
      "I_0,3": 0.2874867818910234,
      "I_1,2": 0.2874867818910243,
      "I_1,3": 0.3240134556152806,
      "I_2,3": 0.28748678189102406
    },
    {
      "I_0,1": 0.14366988581961704,
      "I_0,2": 0.3861415332022129,
      "I_0,3": 0.1436698858196177,
      "I_1,2": 0.1436698858196166,
      "I_1,3": 0.5043225153953633,
      "I_2,3": 0.14366988581961682
    },
    {
      "I_0,1": 0.19456165155763505,
      "I_0,2": 0.31329365546902677,
      "I_0,3": 0.19456165155763605,
      "I_1,2": 0.1945616515576356,
      "I_1,3": 0.5435904156068313,
      "I_2,3": 0.19456165155763638
    }
  ],
  "boundary_entropies_per_timestep": [
    {
      "entropy_A": 0.5610031104744847,
      "entropy_B": 0.561003110474482,
      "mi_AB": 1.1220062209489574,
      "pure_state_check": true,
      "entropy_difference": 2.6645352591003757e-15,
      "multiple_regions": {
        "size_1_region_0": {
          "region": [
            0
          ],
          "entropy": 0.5816735570486683,
          "rt_area": 3,
          "size": 1
        },
        "size_1_region_1": {
          "region": [
            1
          ],
          "entropy": 0.5610031104744819,
          "rt_area": 3,
          "size": 1
        },
        "size_1_region_2": {
          "region": [
            2
          ],
          "entropy": 0.5816735570486685,
          "rt_area": 3,
          "size": 1
        },
        "size_2_region_0": {
          "region": [
            0,
            1
          ],
          "entropy": 0.8551898856321263,
          "rt_area": 4,
          "size": 2
        },
        "size_2_region_1": {
          "region": [
            0,
            2
          ],
          "entropy": 0.7979927653336819,
          "rt_area": 4,
          "size": 2
        },
        "size_2_region_2": {
          "region": [
            0,
            3
          ],
          "entropy": 0.855189885632127,
          "rt_area": 4,
          "size": 2
        },
        "size_3_region_0": {
          "region": [
            0,
            1,
            2
          ],
          "entropy": 0.5610031104744847,
          "rt_area": 3,
          "size": 3
        },
        "size_3_region_1": {
          "region": [
            0,
            1,
            3
          ],
          "entropy": 0.581673557048671,
          "rt_area": 3,
          "size": 3
        },
        "size_3_region_2": {
          "region": [
            0,
            2,
            3
          ],
          "entropy": 0.5610031104744841,
          "rt_area": 3,
          "size": 3
        }
      }
    },
    {
      "entropy_A": 0.550458227351536,
      "entropy_B": 0.5504582273515333,
      "mi_AB": 1.1009164547030525,
      "pure_state_check": true,
      "entropy_difference": 2.7755575615628914e-15,
      "multiple_regions": {
        "size_1_region_0": {
          "region": [
            0
          ],
          "entropy": 0.49136773625495866,
          "rt_area": 3,
          "size": 1
        },
        "size_1_region_1": {
          "region": [
            1
          ],
          "entropy": 0.5504582273515336,
          "rt_area": 3,
          "size": 1
        },
        "size_1_region_2": {
          "region": [
            2
          ],
          "entropy": 0.491367736254958,
          "rt_area": 3,
          "size": 1
        },
        "size_2_region_0": {
          "region": [
            0,
            1
          ],
          "entropy": 0.8981560777868747,
          "rt_area": 4,
          "size": 2
        },
        "size_2_region_1": {
          "region": [
            0,
            2
          ],
          "entropy": 0.5965939393077039,
          "rt_area": 4,
          "size": 2
        },
        "size_2_region_2": {
          "region": [
            0,
            3
          ],
          "entropy": 0.8981560777868747,
          "rt_area": 4,
          "size": 2
        },
        "size_3_region_0": {
          "region": [
            0,
            1,
            2
          ],
          "entropy": 0.550458227351536,
          "rt_area": 3,
          "size": 3
        },
        "size_3_region_1": {
          "region": [
            0,
            1,
            3
          ],
          "entropy": 0.49136773625495844,
          "rt_area": 3,
          "size": 3
        },
        "size_3_region_2": {
          "region": [
            0,
            2,
            3
          ],
          "entropy": 0.5504582273515372,
          "rt_area": 3,
          "size": 3
        }
      }
    },
    {
      "entropy_A": 0.5403209063016237,
      "entropy_B": 0.5403209063016192,
      "mi_AB": 1.0806418126032182,
      "pure_state_check": true,
      "entropy_difference": 4.440892098500626e-15,
      "multiple_regions": {
        "size_1_region_0": {
          "region": [
            0
          ],
          "entropy": 0.4251725262327158,
          "rt_area": 3,
          "size": 1
        },
        "size_1_region_1": {
          "region": [
            1
          ],
          "entropy": 0.5403209063016184,
          "rt_area": 3,
          "size": 1
        },
        "size_1_region_2": {
          "region": [
            2
          ],
          "entropy": 0.42517252623271595,
          "rt_area": 3,
          "size": 1
        },
        "size_2_region_0": {
          "region": [
            0,
            1
          ],
          "entropy": 0.770931780976699,
          "rt_area": 4,
          "size": 2
        },
        "size_2_region_1": {
          "region": [
            0,
            2
          ],
          "entropy": 0.5370513969964047,
          "rt_area": 4,
          "size": 2
        },
        "size_2_region_2": {
          "region": [
            0,
            3
          ],
          "entropy": 0.7709317809766987,
          "rt_area": 4,
          "size": 2
        },
        "size_3_region_0": {
          "region": [
            0,
            1,
            2
          ],
          "entropy": 0.5403209063016237,
          "rt_area": 3,
          "size": 3
        },
        "size_3_region_1": {
          "region": [
            0,
            1,
            3
          ],
          "entropy": 0.42517252623271656,
          "rt_area": 3,
          "size": 3
        },
        "size_3_region_2": {
          "region": [
            0,
            2,
            3
          ],
          "entropy": 0.5403209063016203,
          "rt_area": 3,
          "size": 3
        }
      }
    }
  ],
  "distance_matrix_per_timestep": [
    [
      [
        0.0,
        1.2465783958328835,
        1.0068875778086217,
        1.246578395832885
      ],
      [
        1.2465783958328835,
        0.0,
        1.246578395832882,
        2.493156791665765
      ],
      [
        1.0068875778086217,
        1.246578395832882,
        0.0,
        1.2465783958328827
      ],
      [
        1.246578395832885,
        2.493156791665765,
        1.2465783958328827,
        0.0
      ]
    ],
    [
      [
        0.0,
        1.940237070700432,
        0.9515513103959999,
        1.9402370707004273
      ],
      [
        1.940237070700432,
        0.0,
        1.940237070700435,
        3.8804741414008594
      ],
      [
        0.9515513103959999,
        1.940237070700435,
        0.0,
        1.9402370707004335
      ],
      [
        1.9402370707004273,
        3.8804741414008594,
        1.9402370707004335,
        0.0
      ]
    ],
    [
      [
        0.0,
        1.6370061915600846,
        1.1606143318864697,
        1.6370061915600795
      ],
      [
        1.6370061915600846,
        0.0,
        1.6370061915600818,
        3.2740123831201595
      ],
      [
        1.1606143318864697,
        1.6370061915600818,
        0.0,
        1.6370061915600778
      ],
      [
        1.6370061915600795,
        3.2740123831201595,
        1.6370061915600778,
        0.0
      ]
    ]
  ],
  "edge_mi": {
    "0,1": 0.19456165155763505,
    "0,3": 0.19456165155763605,
    "0,2": 0.31329365546902677,
    "1,2": 0.1945616515576356,
    "2,3": 0.19456165155763638
  },
  "distance_matrix": [
    [
      0.0,
      1.6370061915600846,
      1.1606143318864697,
      1.6370061915600795
    ],
    [
      1.6370061915600846,
      0.0,
      1.6370061915600818,
      0.6095592281945937
    ],
    [
      1.1606143318864697,
      1.6370061915600818,
      0.0,
      1.6370061915600778
    ],
    [
      1.6370061915600795,
      0.6095592281945937,
      1.6370061915600778,
      0.0
    ]
  ],
  "shortest_paths": {
    "0": {
      "0": 0,
      "2": 1.1606143318864697,
      "3": 1.6370061915600795,
      "1": 1.6370061915600846
    },
    "1": {
      "1": 0,
      "3": 0.6095592281945937,
      "2": 1.6370061915600818,
      "0": 1.6370061915600846
    },
    "2": {
      "2": 0,
      "0": 1.1606143318864697,
      "3": 1.6370061915600778,
      "1": 1.6370061915600818
    },
    "3": {
      "3": 0,
      "1": 0.6095592281945937,
      "2": 1.6370061915600778,
      "0": 1.6370061915600795
    }
  },
  "gromov_delta": 1.332226577462785,
  "mean_distance": 1.0397747907901733,
  "angle_sums": [
    3.141592653589793,
    3.141592653589793,
    3.141592653589793,
    3.141592653589793
  ],
  "mean_angle_sum": 3.141592653589793,
  "min_angle_sum": 3.141592653589793,
  "max_angle_sum": 3.141592653589793,
  "angle_sum_deviations": [
    0.0,
    0.0,
    0.0,
    0.0
  ],
  "triangle_inequality_violations": [],
  "embedding_coords": [
    [
      -0.011939814904215333,
      0.029155159616727707
    ],
    [
      0.05311203600162822,
      0.007091620403118036
    ],
    [
      -0.011588133487278753,
      -0.08237323296350908
    ],
    [
      -0.029584087610134133,
      0.04612645294366334
    ]
  ],
  "embedding_coords_3d": [
    [
      -0.022714324276647636,
      0.00982785829107252,
      0.008401550785234631
    ],
    [
      -0.014934186829246118,
      -0.00890051688158388,
      -0.037035890972619376
    ],
    [
      -0.02188279391264306,
      -0.06941631997846802,
      -0.008368847224056345
    ],
    [
      0.059531305018536824,
      0.06848897856897938,
      0.03700318741144108
    ]
  ],
  "edge_weight_variance": 0.0,
  "event_nodes": [
    [
      0,
      0
    ],
    [
      1,
      0
    ],
    [
      2,
      0
    ],
    [
      3,
      0
    ],
    [
      0,
      1
    ],
    [
      1,
      1
    ],
    [
      2,
      1
    ],
    [
      3,
      1
    ],
    [
      0,
      2
    ],
    [
      1,
      2
    ],
    [
      2,
      2
    ],
    [
      3,
      2
    ]
  ],
  "event_edges": [
    {
      "type": "spatial",
      "from": [
        0,
        0
      ],
      "to": [
        1,
        0
      ],
      "weight": 1.2465783958328835
    },
    {
      "type": "spatial",
      "from": [
        0,
        0
      ],
      "to": [
        2,
        0
      ],
      "weight": 1.0068875778086217
    },
    {
      "type": "spatial",
      "from": [
        0,
        0
      ],
      "to": [
        3,
        0
      ],
      "weight": 1.246578395832885
    },
    {
      "type": "spatial",
      "from": [
        1,
        0
      ],
      "to": [
        2,
        0
      ],
      "weight": 1.246578395832882
    },
    {
      "type": "spatial",
      "from": [
        1,
        0
      ],
      "to": [
        3,
        0
      ],
      "weight": 2.493156791665765
    },
    {
      "type": "spatial",
      "from": [
        2,
        0
      ],
      "to": [
        3,
        0
      ],
      "weight": 1.2465783958328827
    },
    {
      "type": "temporal",
      "from": [
        0,
        0
      ],
      "to": [
        0,
        1
      ],
      "weight": 1.0
    },
    {
      "type": "temporal",
      "from": [
        1,
        0
      ],
      "to": [
        1,
        1
      ],
      "weight": 1.0
    },
    {
      "type": "temporal",
      "from": [
        2,
        0
      ],
      "to": [
        2,
        1
      ],
      "weight": 1.0
    },
    {
      "type": "temporal",
      "from": [
        3,
        0
      ],
      "to": [
        3,
        1
      ],
      "weight": 1.0
    },
    {
      "type": "spatial",
      "from": [
        0,
        1
      ],
      "to": [
        1,
        1
      ],
      "weight": 1.940237070700432
    },
    {
      "type": "spatial",
      "from": [
        0,
        1
      ],
      "to": [
        2,
        1
      ],
      "weight": 0.9515513103959999
    },
    {
      "type": "spatial",
      "from": [
        0,
        1
      ],
      "to": [
        3,
        1
      ],
      "weight": 1.9402370707004273
    },
    {
      "type": "spatial",
      "from": [
        1,
        1
      ],
      "to": [
        2,
        1
      ],
      "weight": 1.940237070700435
    },
    {
      "type": "spatial",
      "from": [
        1,
        1
      ],
      "to": [
        3,
        1
      ],
      "weight": 3.8804741414008594
    },
    {
      "type": "spatial",
      "from": [
        2,
        1
      ],
      "to": [
        3,
        1
      ],
      "weight": 1.9402370707004335
    },
    {
      "type": "temporal",
      "from": [
        0,
        1
      ],
      "to": [
        0,
        2
      ],
      "weight": 1.0
    },
    {
      "type": "temporal",
      "from": [
        1,
        1
      ],
      "to": [
        1,
        2
      ],
      "weight": 1.0
    },
    {
      "type": "temporal",
      "from": [
        2,
        1
      ],
      "to": [
        2,
        2
      ],
      "weight": 1.0
    },
    {
      "type": "temporal",
      "from": [
        3,
        1
      ],
      "to": [
        3,
        2
      ],
      "weight": 1.0
    },
    {
      "type": "spatial",
      "from": [
        0,
        2
      ],
      "to": [
        1,
        2
      ],
      "weight": 1.6370061915600846
    },
    {
      "type": "spatial",
      "from": [
        0,
        2
      ],
      "to": [
        2,
        2
      ],
      "weight": 1.1606143318864697
    },
    {
      "type": "spatial",
      "from": [
        0,
        2
      ],
      "to": [
        3,
        2
      ],
      "weight": 1.6370061915600795
    },
    {
      "type": "spatial",
      "from": [
        1,
        2
      ],
      "to": [
        2,
        2
      ],
      "weight": 1.6370061915600818
    },
    {
      "type": "spatial",
      "from": [
        1,
        2
      ],
      "to": [
        3,
        2
      ],
      "weight": 3.2740123831201595
    },
    {
      "type": "spatial",
      "from": [
        2,
        2
      ],
      "to": [
        3,
        2
      ],
      "weight": 1.6370061915600778
    }
  ],
  "lorentzian_dissimilarity": [
    [
      0.0,
      1.5539576969572853,
      1.0138225943453132,
      1.5539576969572892,
      -1.0,
      0.5539576969572853,
      0.013822594345313188,
      0.5539576969572892,
      -4.0,
      -2.4460423030427147,
      -2.986177405654687,
      -2.4460423030427108
    ],
    [
      1.5539576969572853,
      0.0,
      1.5539576969572815,
      6.21583078782913,
      0.5539576969572853,
      -1.0,
      0.5539576969572815,
      5.21583078782913,
      -2.4460423030427147,
      -4.0,
      -2.4460423030427183,
      2.2158307878291303
    ],
    [
      1.0138225943453132,
      1.5539576969572815,
      0.0,
      1.553957696957283,
      0.013822594345313188,
      0.5539576969572815,
      -1.0,
      0.553957696957283,
      -2.986177405654687,
      -2.4460423030427183,
      -4.0,
      -2.446042303042717
    ],
    [
      1.5539576969572892,
      6.21583078782913,
      1.553957696957283,
      0.0,
      0.5539576969572892,
      5.21583078782913,
      0.553957696957283,
      -1.0,
      -2.4460423030427108,
      2.2158307878291303,
      -2.446042303042717,
      -4.0
    ],
    [
      -1.0,
      0.5539576969572853,
      0.013822594345313188,
      0.5539576969572892,
      0.0,
      3.764519890520193,
      0.9054498963163446,
      3.764519890520175,
      -1.0,
      2.764519890520193,
      -0.09455010368365535,
      2.764519890520175
    ],
    [
      0.5539576969572853,
      -1.0,
      0.5539576969572815,
      5.21583078782913,
      3.764519890520193,
      0.0,
      3.764519890520205,
      15.058079562080737,
      2.764519890520193,
      -1.0,
      2.764519890520205,
      14.058079562080737
    ],
    [
      0.013822594345313188,
      0.5539576969572815,
      -1.0,
      0.553957696957283,
      0.9054498963163446,
      3.764519890520205,
      0.0,
      3.764519890520199,
      -0.09455010368365535,
      2.764519890520205,
      -1.0,
      2.764519890520199
    ],
    [
      0.5539576969572892,
      5.21583078782913,
      0.553957696957283,
      -1.0,
      3.764519890520175,
      15.058079562080737,
      3.764519890520199,
      0.0,
      2.764519890520175,
      14.058079562080737,
      2.764519890520199,
      -1.0
    ],
    [
      -4.0,
      -2.4460423030427147,
      -2.986177405654687,
      -2.4460423030427108,
      -1.0,
      2.764519890520193,
      -0.09455010368365535,
      2.764519890520175,
      0.0,
      2.6797892712060527,
      1.3470256273802763,
      2.679789271206036
    ],
    [
      -2.4460423030427147,
      -4.0,
      -2.4460423030427183,
      2.2158307878291303,
      2.764519890520193,
      -1.0,
      2.764519890520205,
      14.058079562080737,
      2.6797892712060527,
      0.0,
      2.679789271206043,
      10.719157084824147
    ],
    [
      -2.986177405654687,
      -2.4460423030427183,
      -4.0,
      -2.446042303042717,
      -0.09455010368365535,
      2.764519890520205,
      -1.0,
      2.764519890520199,
      1.3470256273802763,
      2.679789271206043,
      0.0,
      2.67978927120603
    ],
    [
      -2.4460423030427108,
      2.2158307878291303,
      -2.446042303042717,
      -4.0,
      2.764519890520175,
      14.058079562080737,
      2.764519890520199,
      -1.0,
      2.679789271206036,
      10.719157084824147,
      2.67978927120603,
      0.0
    ]
  ],
  "lorentzian_embedding": [
    [
      -0.1841797665062381,
      0.16923410838382918,
      -0.8640957191541787
    ],
    [
      0.0698708395617981,
      -0.3987766008365047,
      0.0076001562981157815
    ],
    [
      -0.30589311288730114,
      0.9221102787195699,
      -0.6300815875883902
    ],
    [
      -0.49426312450952115,
      1.476908928134728,
      -1.493590652675642
    ],
    [
      1.0500779145464971,
      -0.2405962564116914,
      -0.7651210548545797
    ],
    [
      1.9018806883059,
      -0.24604421377880967,
      1.3867484913178325
    ],
    [
      0.8741364143780749,
      0.8477241210656323,
      -0.4268258389557823
    ],
    [
      1.2538100215313253,
      0.6062113648821024,
      -2.4245145982925145
    ],
    [
      1.8286044643166846,
      -0.08012937255799628,
      -0.5593181210253562
    ],
    [
      2.424912655071397,
      -0.37331858521200856,
      1.2440362452100586
    ],
    [
      1.7584631566968614,
      0.35371745752720457,
      -0.4244648990721862
    ],
    [
      1.8225746574330461,
      0.5144205611026853,
      -2.145161362906007
    ]
  ],
  "edge_length_evolution": [],
  "angle_deficit_evolution": [],
  "regge_action_evolution": [],
  "gromov_delta_evolution": [],
  "mass_hinge": null,
  "mass_value": 0.0,
  "matter": [
    {
      "(0, 1)": 0.0,
      "(1, 2)": 0.0,
      "(0, 3)": 0.0,
      "(2, 3)": 0.0,
      "(0, 2)": 0.0,
      "(1, 3)": 0.0
    },
    {
      "(0, 1)": 0.0,
      "(1, 2)": 0.0,
      "(0, 3)": 0.0,
      "(2, 3)": 0.0,
      "(0, 2)": 0.0,
      "(1, 3)": 0.0
    },
    {
      "(0, 1)": 0.0,
      "(1, 2)": 0.0,
      "(0, 3)": 0.0,
      "(2, 3)": 0.0,
      "(0, 2)": 0.0,
      "(1, 3)": 0.0
    }
  ],
  "stationary_solution": null,
  "einstein_analysis_per_timestep": [
    {
      "ricci_tensor": [
        [
          0.11495718324643941,
          0.0
        ],
        [
          0.0,
          0.11495718324643941
        ]
      ],
      "metric_tensor": [
        [
          1.0229914366492878,
          0.011495718324643942
        ],
        [
          0.011495718324643942,
          1.0229914366492878
        ]
      ],
      "stress_energy_tensor": [
        [
          0.11495718324643941,
          0.0022991436649287883
        ],
        [
          0.0022991436649287883,
          0.11495718324643941
        ]
      ],
      "einstein_solution": {
        "einstein_tensor": [
          [
            0.0,
            0.0
          ],
          [
            0.0,
            0.0
          ]
        ],
        "ricci_scalar": 0.22991436649287883,
        "metric_tensor": [
          [
            1.0,
            0.0
          ],
          [
            0.0,
            1.0
          ]
        ],
        "lhs": [
          [
            0.0,
            0.0
          ],
          [
            0.0,
            0.0
          ]
        ],
        "rhs": [
          [
            0.11495718324643941,
            0.0022991436649287883
          ],
          [
            0.0022991436649287883,
            0.11495718324643941
          ]
        ],
        "equations_satisfied": false,
        "residual": 0.16260651919002161,
        "conservation_violation": 0.11495718324643941,
        "gravitational_constant": 0.039788735772973836,
        "cosmological_constant": 0.0
      },
      "entropy_first_derivative": 0.0,
      "entropy_second_derivative": 0.0,
      "entropy_curvature_correlation": 0.16257400263932392,
      "emergent_gravitational_constant": 0.01829600395759165,
      "average_mutual_information": 0.22991436649287883,
      "ricci_scalar": 0.22991436649287883,
      "analysis_summary": {
        "einstein_equations_satisfied": false,
        "residual_magnitude": 0.16260651919002161,
        "conservation_violation": 0.11495718324643941,
        "entropy_evolution_rate": 0.0,
        "entropy_acceleration": 0.0,
        "entanglement_curvature_coupling": 0.16257400263932392
      }
    },
    {
      "ricci_tensor": [
        [
          0.09157147449225278,
          0.0
        ],
        [
          0.0,
          0.09157147449225278
        ]
      ],
      "metric_tensor": [
        [
          1.0183142948984505,
          0.009157147449225278
        ],
        [
          0.009157147449225278,
          1.0183142948984505
        ]
      ],
      "stress_energy_tensor": [
        [
          0.09157147449225278,
          0.0018314294898450557
        ],
        [
          0.0018314294898450557,
          0.09157147449225278
        ]
      ],
      "einstein_solution": {
        "einstein_tensor": [
          [
            0.0,
            0.0
          ],
          [
            0.0,
            0.0
          ]
        ],
        "ricci_scalar": 0.18314294898450556,
        "metric_tensor": [
          [
            1.0,
            0.0
          ],
          [
            0.0,
            1.0
          ]
        ],
        "lhs": [
          [
            0.0,
            0.0
          ],
          [
            0.0,
            0.0
          ]
        ],
        "rhs": [
          [
            0.09157147449225278,
            0.0018314294898450557
          ],
          [
            0.0018314294898450557,
            0.09157147449225278
          ]
        ],
        "equations_satisfied": false,
        "residual": 0.12952751888816194,
        "conservation_violation": 0.09157147449225278,
        "gravitational_constant": 0.039788735772973836,
        "cosmological_constant": 0.0
      },
      "entropy_first_derivative": 0.0,
      "entropy_second_derivative": 0.0,
      "entropy_curvature_correlation": 0.129501616153446,
      "emergent_gravitational_constant": 0.014574052811655438,
      "average_mutual_information": 0.18314294898450556,
      "ricci_scalar": 0.18314294898450556,
      "analysis_summary": {
        "einstein_equations_satisfied": false,
        "residual_magnitude": 0.12952751888816194,
        "conservation_violation": 0.09157147449225278,
        "entropy_evolution_rate": 0.0,
        "entropy_acceleration": 0.0,
        "entanglement_curvature_coupling": 0.129501616153446
      }
    },
    {
      "ricci_tensor": [
        [
          0.10219566733165007,
          0.0
        ],
        [
          0.0,
          0.10219566733165007
        ]
      ],
      "metric_tensor": [
        [
          1.02043913346633,
          0.010219566733165007
        ],
        [
          0.010219566733165007,
          1.02043913346633
        ]
      ],
      "stress_energy_tensor": [
        [
          0.10219566733165007,
          0.0020439133466330014
        ],
        [
          0.0020439133466330014,
          0.10219566733165007
        ]
      ],
      "einstein_solution": {
        "einstein_tensor": [
          [
            0.0,
            0.0
          ],
          [
            0.0,
            0.0
          ]
        ],
        "ricci_scalar": 0.20439133466330014,
        "metric_tensor": [
          [
            1.0,
            0.0
          ],
          [
            0.0,
            1.0
          ]
        ],
        "lhs": [
          [
            0.0,
            0.0
          ],
          [
            0.0,
            0.0
          ]
        ],
        "rhs": [
          [
            0.10219566733165007,
            0.0020439133466330014
          ],
          [
            0.0020439133466330014,
            0.10219566733165007
          ]
        ],
        "equations_satisfied": false,
        "residual": 0.1445554011659878,
        "conservation_violation": 0.10219566733165007,
        "gravitational_constant": 0.039788735772973836,
        "cosmological_constant": 0.0
      },
      "entropy_first_derivative": 0.0,
      "entropy_second_derivative": 0.0,
      "entropy_curvature_correlation": 0.14452649375618876,
      "emergent_gravitational_constant": 0.016264945618407037,
      "average_mutual_information": 0.20439133466330014,
      "ricci_scalar": 0.20439133466330014,
      "analysis_summary": {
        "einstein_equations_satisfied": false,
        "residual_magnitude": 0.1445554011659878,
        "conservation_violation": 0.10219566733165007,
        "entropy_evolution_rate": 0.0,
        "entropy_acceleration": 0.0,
        "entanglement_curvature_coupling": 0.14452649375618876
      }
    }
  ],
  "bootstrap_analysis": {
    "gromov_delta": {
      "mean": 1.607940552697799,
      "lower_ci": 1.2465783958328833,
      "upper_ci": 1.940237070700432,
      "all_values": [
        1.2465783958328833,
        1.940237070700432,
        1.6370061915600824
      ],
      "uncertainty": 0.33229651800263293
    },
    "entropy": {
      "mean": null,
      "lower_ci": null,
      "upper_ci": null,
      "uncertainty": null
    },
    "distance_matrix": {
      "mean": [
        [
          0.0,
          1.6079405526978,
          1.0396844066970303,
          1.6079405526977972
        ],
        [
          1.6079405526978,
          0.0,
          1.6079405526977997,
          3.2158811053955945
        ],
        [
          1.0396844066970303,
          1.6079405526977997,
          0.0,
          1.607940552697798
        ],
        [
          1.6079405526977972,
          3.2158811053955945,
          1.607940552697798,
          0.0
        ]
      ],
      "lower_ci": [
        [
          0.0,
          1.2465783958328835,
          0.9699967328668738,
          1.246578395832885
        ],
        [
          1.2465783958328835,
          0.0,
          1.246578395832882,
          2.493156791665765
        ],
        [
          0.9515513103959999,
          1.246578395832882,
          0.0,
          1.2465783958328827
        ],
        [
          1.246578395832885,
          2.493156791665765,
          1.2465783958328827,
          0.0
        ]
      ],
      "upper_ci": [
        [
          0.0,
          1.940237070700432,
          1.1606143318864697,
          1.9402370707004273
        ],
        [
          1.940237070700432,
          0.0,
          1.9402370707004348,
          3.880474141400859
        ],
        [
          1.1606143318864697,
          1.9402370707004348,
          0.0,
          1.9402370707004335
        ],
        [
          1.9402370707004273,
          3.880474141400859,
          1.9402370707004335,
          0.0
        ]
      ]
    }
  },
  "topology_compatibility": {
    "current_topology": "triangulated",
    "explanation": "Triangulated topology is specifically designed for angle-sum curvature. Creates multiple triangles per vertex, enabling robust local curvature measurements. Each vertex has multiple incident triangles for well-defined angle sums.",
    "supports_local_curvature": true
  },
  "rt_surface_analysis": {
    "region_A": [
      0
    ],
    "region_B": [
      1,
      2,
      3
    ],
    "bulk_point": 2,
    "is_complementary": true,
    "rt_area_AB": 4.434626715006634,
    "rt_area_BA": 4.434626715006634,
    "area_consistent": true,
    "edges_consistent": true,
    "area_difference": 0.0,
    "rt_edges_AB": [
      [
        0,
        1
      ],
      [
        0,
        2
      ],
      [
        0,
        3
      ]
    ],
    "rt_edges_BA": [
      [
        0,
        1
      ],
      [
        0,
        2
      ],
      [
        0,
        3
      ]
    ],
    "edge_lengths": [
      1.6370061915600846,
      1.1606143318864697,
      1.6370061915600795,
      1.6370061915600818,
      3.2740123831201595,
      1.6370061915600778
    ],
    "all_edges": [
      [
        0,
        1
      ],
      [
        0,
        2
      ],
      [
        0,
        3
      ],
      [
        1,
        2
      ],
      [
        1,
        3
      ],
      [
        2,
        3
      ]
    ]
  },
  "bulk_excitation_analysis": {
    "ground_state_mi": [
      [
        0.0,
        0.19456165155763527,
        0.313293655469027,
        0.19456165155763627
      ],
      [
        0.19456165155763527,
        0.0,
        0.19456165155763594,
        0.5435904156068313
      ],
      [
        0.313293655469027,
        0.19456165155763594,
        0.0,
        0.19456165155763672
      ],
      [
        0.19456165155763627,
        0.5435904156068313,
        0.19456165155763672,
        0.0
      ]
    ],
    "excited_state_mi": [
      [
        0.0,
        0.1981036344997048,
        0.25328896292941605,
        0.19810363449970514
      ],
      [
        0.1981036344997048,
        0.0,
        0.4184620087207783,
        0.38565584819243504
      ],
      [
        0.25328896292941605,
        0.4184620087207783,
        0.0,
        0.41846200872077866
      ],
      [
        0.19810363449970514,
        0.38565584819243504,
        0.41846200872077866,
        0.0
      ]
    ],
    "mi_difference": [
      [
        0.0,
        0.0035419829420695326,
        -0.06000469253961094,
        0.0035419829420688664
      ],
      [
        0.0035419829420695326,
        0.0,
        0.22390035716314238,
        -0.15793456741439627
      ],
      [
        -0.06000469253961094,
        0.22390035716314238,
        0.0,
        0.22390035716314194
      ],
      [
        0.0035419829420688664,
        -0.15793456741439627,
        0.22390035716314194,
        0.0
      ]
    ],
    "avg_mi_change": 0.08410299252055374,
    "max_mi_change": 0.22390035716314238,
    "mi_change_boundary_A": NaN,
    "mi_change_boundary_B": 0.09662204897062936,
    "bulk_point": 2,
    "ground_state_counts": {
      "1011 1011": 3,
      "0100 0100": 1,
      "1101 1101": 6,
      "1000 1000": 10,
      "0010 0010": 12,
      "0001 0001": 4,
      "1110 1110": 1,
      "0000 0000": 55,
      "1010 1010": 1,
      "1001 1001": 2,
      "0101 0101": 1,
      "0011 0011": 1,
      "0111 0111": 3
    },
    "excited_state_counts": {
      "1010 0000": 23,
      "1110 0010": 3,
      "0111 1101": 1,
      "1100 0000": 3,
      "0100 1010": 3,
      "0001 1011": 1,
      "1000 0000": 4,
      "1000 0010": 6,
      "0010 1000": 6,
      "1110 0000": 20,
      "0101 1101": 1,
      "1011 0001": 4,
      "0100 1000": 1,
      "0110 0000": 1,
      "0011 1101": 1,
      "0100 1110": 1,
      "0000 1110": 1,
      "1100 0010": 4,
      "1101 0111": 2,
      "0101 1011": 1,
      "1010 0010": 1,
      "0110 1000": 4,
      "1001 0111": 1,
      "0010 0000": 3,
      "1010 1100": 1,
      "1110 0100": 1,
      "1111 0101": 1,
      "0000 1000": 1
    },
    "boundary_entropies": {
      "ground_state": {
        "entropy_A": 0.5403209063016237,
        "entropy_B": 0.5403209063016192,
        "mi_AB": 1.0806418126032182
      },
      "excited_state": {
        "entropy_A": 0.6015351559747655,
        "entropy_B": 0.6015351559747621,
        "mi_AB": 1.203070311949505
      },
      "rt_relation_test": {
        "entropy_ratio": 0.9999999999999918,
        "rt_area_ratio": 1.0,
        "rt_deviation": 8.215650382226158e-15,
        "excited_entropy_ratio": 0.9999999999999944,
        "rt_relation_change": 2.6645352591003757e-15
      }
    }
  },
  "page_curve_analysis": null,
  "deutsch_ctc_analysis": null,
  "ctc_recovery_analysis": null,
  "einstein_analysis": null,
  "dynamic_evidence": {
    "angle_sums_per_timestep": [
      [
        9.42477796076938,
        3.141592653589793,
        9.42477796076938,
        0.0
      ],
      [
        3.141592653589793,
        0.0,
        3.141592653589793,
        3.1415928301496163
      ],
      [
        3.141592653589793,
        3.141592673384971,
        3.141592653589793,
        0.0
      ]
    ],
    "gromov_delta_per_timestep": [
      1.2465783958328833,
      1.940237070700432,
      1.6370061915600824
    ],
    "edge_mi_per_timestep": [
      {
        "0,1": 0.28748678189102383,
        "0,3": 0.2874867818910234,
        "0,2": 0.36535434876365447,
        "1,2": 0.2874867818910243,
        "2,3": 0.28748678189102406
      },
      {
        "0,1": 0.14366988581961704,
        "0,3": 0.1436698858196177,
        "0,2": 0.3861415332022129,
        "1,2": 0.1436698858196166,
        "2,3": 0.14366988581961682
      },
      {
        "0,1": 0.19456165155763505,
        "0,3": 0.19456165155763605,
        "0,2": 0.31329365546902677,
        "1,2": 0.1945616515576356,
        "2,3": 0.19456165155763638
      }
    ],
    "shortest_paths_per_timestep": [
      {
        "0": {
          "0": 0,
          "2": 1.0068875778086217,
          "1": 1.2465783958328835,
          "3": 1.246578395832885
        },
        "1": {
          "1": 0,
          "2": 1.246578395832882,
          "0": 1.2465783958328835,
          "3": 2.493156791665765
        },
        "2": {
          "2": 0,
          "0": 1.0068875778086217,
          "1": 1.246578395832882,
          "3": 1.2465783958328827
        },
        "3": {
          "3": 0,
          "2": 1.2465783958328827,
          "0": 1.246578395832885,
          "1": 2.493156791665765
        }
      },
      {
        "0": {
          "0": 0,
          "2": 0.9515513103959999,
          "3": 1.9402370707004273,
          "1": 1.940237070700432
        },
        "1": {
          "1": 0,
          "0": 1.940237070700432,
          "2": 1.940237070700435,
          "3": 3.8804741414008594
        },
        "2": {
          "2": 0,
          "0": 0.9515513103959999,
          "3": 1.9402370707004335,
          "1": 1.940237070700435
        },
        "3": {
          "3": 0,
          "0": 1.9402370707004273,
          "2": 1.9402370707004335,
          "1": 3.8804741414008594
        }
      },
      {
        "0": {
          "0": 0,
          "2": 1.1606143318864697,
