{
  "circuit_info": {
    "num_qubits": 4,
    "control_qubit": 0,
    "phase": 0.0,
    "massive_bulk_params": {
      "mass_hinge": "2",
      "mass_value": 1.0
    },
    "massless_bulk_params": {
      "mass_hinge": "None",
      "mass_value": 0.0
    }
  },
  "execution_info": {
    "device": "simulator",
    "shots": 100,
    "job_id": null,
    "total_shots": 100,
    "unique_states": 14
  },
  "superposition_state": {
    "counts": {
      "0110": 10,
      "1010": 23,
      "0111": 2,
      "1101": 2,
      "0100": 25,
      "1000": 8,
      "1110": 7,
      "1100": 8,
      "1011": 1,
      "0010": 5,
      "0000": 3,
      "0011": 3,
      "1111": 1,
      "1001": 2
    },
    "mutual_information_matrix": [
      [
        0.0,
        0.004903954477801557,
        0.0032633374088881714,
        0.00023180348077070888
      ],
      [
        0.004903954477801557,
        0.0,
        0.088455638474838,
        0.028665498346753013
      ],
      [
        0.0032633374088881714,
        0.088455638474838,
        0.0,
        0.13612288982583107
      ],
      [
        0.00023180348077070888,
        0.028665498346753013,
        0.13612288982583107,
        0.0
      ]
    ]
  },
  "bulk_reconstruction": {
    "method": "mi_embedding",
    "num_qubits": 4,
    "mi_matrix": [
      [
        0.0,
        0.004903954477801557,
        0.0032633374088881714,
        0.00023180348077070888
      ],
      [
        0.004903954477801557,
        0.0,
        0.088455638474838,
        0.028665498346753013
      ],
      [
        0.0032633374088881714,
        0.088455638474838,
        0.0,
        0.13612288982583107
      ],
      [
        0.00023180348077070888,
        0.028665498346753013,
        0.13612288982583107,
        0.0
      ]
    ],
    "mds_embedding": {
      "coordinates_3d": [
        [
          0.2935975334336666,
          0.5449579030201291,
          0.13666811609237792
        ],
        [
          0.1778079379434143,
          -0.18612801454192027,
          -0.5300851261512982
        ],
        [
          -0.5451960047192898,
          0.031473885472844645,
          -0.019478345870920025
        ],
        [
          0.07379053334103723,
          -0.3903037739503679,
          0.4128953559309327
        ]
      ],
      "stress": 2.00000395353645,
      "embedding_quality": "poor"
    }
  },
  "classical_comparison": {
    "massive": {
      "counts": {
        "1101": 8,
        "0011": 11,
        "1100": 9,
        "0110": 7,
        "1111": 3,
        "1110": 9,
        "0101": 12,
        "1000": 4,
        "0111": 6,
        "1011": 3,
        "0000": 5,
        "0010": 5,
        "1001": 8,
        "0100": 2,
        "0001": 5,
        "1010": 3
      },
      "mutual_information_matrix": [
        [
          0.0,
          0.012978848447022864,
          0.006641275437212817,
          0.02201551713835348
        ],
        [
          0.012978848447022864,
          0.0,
          0.0020477358790936886,
          0.019553464967439912
        ],
        [
          0.006641275437212817,
          0.0020477358790936886,
          0.0,
          0.008467861162502949
        ],
        [
          0.02201551713835348,
          0.019553464967439912,
          0.008467861162502949,
          0.0
        ]
      ],
      "bulk_reconstruction": {
        "method": "mi_embedding",
        "num_qubits": 4,
        "mi_matrix": [
          [
            0.0,
            0.012978848447022864,
            0.006641275437212817,
            0.02201551713835348
          ],
          [
            0.012978848447022864,
            0.0,
            0.0020477358790936886,
            0.019553464967439912
          ],
          [
            0.006641275437212817,
            0.0020477358790936886,
            0.0,
            0.008467861162502949
          ],
          [
            0.02201551713835348,
            0.019553464967439912,
            0.008467861162502949,
            0.0
          ]
        ],
        "mds_embedding": {
          "coordinates_3d": [
            [
              -0.5015200934086859,
              0.29087314584470253,
              0.16472181087375523
            ],
            [
              0.11578622778653691,
              0.11252463940848144,
              -0.5836589707782848
            ],
            [
              -0.0711385869607152,
              -0.6023846933265963,
              0.08610820678888134
            ],
            [
              0.45687245258155573,
              0.19898690807271902,
              0.33282895311714905
            ]
          ],
          "stress": 2.000004898001943,
          "embedding_quality": "poor"
        }
      }
    },
    "massless": {
      "counts": {
        "1111": 8,
        "1101": 10,
        "0011": 12,
        "1100": 12,
        "1110": 13,
        "0101": 7,
        "0010": 5,
        "1011": 4,
        "1010": 8,
        "0001": 4,
        "1001": 6,
        "0110": 3,
        "0111": 4,
        "0100": 2,
        "0000": 1,
        "1000": 1
      },
      "mutual_information_matrix": [
        [
          0.0,
          0.01342679373926483,
          0.014448316298420569,
          0.047114134274866756
        ],
        [
          0.01342679373926483,
          0.0,
          0.039329539231614113,
          0.006886106866922172
        ],
        [
          0.014448316298420569,
          0.039329539231614113,
          0.0,
          0.0521613293857876
        ],
        [
          0.047114134274866756,
          0.006886106866922172,
          0.0521613293857876,
          0.0
        ]
      ],
      "bulk_reconstruction": {
        "method": "mi_embedding",
        "num_qubits": 4,
        "mi_matrix": [
          [
            0.0,
            0.01342679373926483,
            0.014448316298420569,
            0.047114134274866756
          ],
          [
            0.01342679373926483,
            0.0,
            0.039329539231614113,
            0.006886106866922172
          ],
          [
            0.014448316298420569,
            0.039329539231614113,
            0.0,
            0.0521613293857876
          ],
          [
            0.047114134274866756,
            0.006886106866922172,
            0.0521613293857876,
            0.0
          ]
        ],
        "mds_embedding": {
          "coordinates_3d": [
            [
              -0.23890124053323544,
              -0.21311777983452115,
              0.5068426776807531
            ],
            [
              0.005206323220548781,
              -0.4337507421316719,
              -0.42270673397148467
            ],
            [
              -0.3044018661408716,
              0.4530424969705666,
              -0.21563652423055868
            ],
            [
              0.5380967834528513,
              0.19382602499420146,
              0.13150058052191646
            ]
          ],
          "stress": 2.0000040546165074,
          "embedding_quality": "poor"
        }
      }
    }
  },
  "interference_analysis": {
    "interference_detected": false,
    "interference_strength": 0.0,
    "max_interference_strength": 0.0,
    "interference_term_matrix": null,
    "supporting_qubit_pairs": [],
    "quantum_effects": [],
    "classical_vs_quantum_differences": {},
    "massive_mi_matrix": null,
    "massless_mi_matrix": null,
    "classical_mixture_matrix": null
  }
}