{
  "spec": {
    "num_qubits": 6,
    "topology": "triangulated",
    "custom_edges": "0-1:1.0000,0-2:0.8130,0-3:1.0000,0-4:1.0000,0-5:0.7429,1-2:0.7429,1-3:1.0000,1-4:1.0000,1-5:0.5708,2-3:1.0000,2-4:0.5752,2-5:0.5735,3-4:1.0000,3-5:0.0500,4-5:0.0500",
    "alpha": 0.8,
    "weight": 0.9141108994806323,
    "gamma": 0.01,
    "sigma": 0.01,
    "init_angle": 0.00031044819383830343,
    "init_angles": null,
    "shots": 4096,
    "device": "simulator",
    "geometry": "spherical",
    "curvature": 8.0,
    "timesteps": 3,
    "dimension": 2,
    "mass_hinge": null,
    "mass_value": 0.0,
    "solve_regge": false,
    "lorentzian": true,
    "excite": true,
    "fast": false,
    "strong_curvature": true,
    "charge_injection": true,
    "charge_strength": 2.5,
    "charge_location": 3,
    "spin_injection": true,
    "spin_strength": 2.0,
    "spin_location": 3,
    "edge_floor": 0.001,
    "compute_entropies": true,
    "hyperbolic_triangulation": true,
    "trotter_steps": 8,
    "dt": 0.05,
    "analyze_curvature": true,
    "einstein_solver": true,
    "page_curve": true,
    "radiation_ordering": "0,1,2,3,4",
    "page_curve_timesteps": 15,
    "entropy_method": "hybrid",
    "num_shadows": 100,
    "shots_per_shadow": 1000,
    "num_bases": 20,
    "shots_per_basis": 1000,
    "enhanced_entanglement": true,
    "entanglement_strength": 0.5214111036767846,
    "interpolate_geometry": false,
    "smooth_charge_injection": false,
    "min_qubits_for_continuum": 10,
    "benchmark_against_classical_geometry": false,
    "geometry_fit_metric": "wasserstein,kl,euclidean",
    "verify_noise_robustness": false,
    "run_on_multiple_backends": false,
    "detect_and_flag_causal_loops": true,
    "restrict_information_flow_direction": "bidirectional",
    "filter_noncausal_edges": true,
    "use_ryu_takayanagi_test": true,
    "compare_MI_vs_subsystem_entropy": true,
    "embed_boundary_entropy_in_geometry": true,
    "entropy_engineering": true,
    "target_entropy_pattern": "quantum_gravity",
    "custom_target_entropies": null,
    "entropy_optimization_iterations": 200,
    "entropy_tolerance": 0.05,
    "continue_on_engineering_failure": true,
    "validate_engineered_geometry": true,
    "enhance_bell_violations": true,
    "bell_entanglement_strength": 4.0,
    "teleportation_circuits": true,
    "long_range_coupling": 3.0,
    "holographic_optimization": true,
    "rt_surface_encoding": true,
    "conformal_symmetry": true,
    "bulk_reconstruction": true,
    "scalable_entanglement": true,
    "parallel_execution": true,
    "memory_optimization": true,
    "circuit_compilation": "optimized",
    "real_hardware": false,
    "error_mitigation": true,
    "zero_noise_extrapolation": true,
    "zne_noise_factors": [
      1.0,
      2.0,
      3.0
    ],
    "zne_extrapolation_method": "polynomial",
    "hardware_calibration": true,
    "noise_characterization": true,
    "backend_name": "ibm_brisbane",
    "quantum_mode": true,
    "quantum_entanglement_strength": 5.0,
    "quantum_circuit_depth": 12
  },
  "uid": "4XYSW0",
  "counts_per_timestep": [
    null,
    null,
    null
  ],
  "job_ids_per_timestep": [
    null,
    null,
    null
  ],
  "entropy_per_timestep": [
    null,
    null,
    null
  ],
  "mutual_information_per_timestep": [
    {
      "I_0,1": 0.011869646634005866,
      "I_0,2": 0.011319333736710159,
      "I_0,3": 0.011869646634006248,
      "I_0,4": 0.01131933373671002,
      "I_0,5": 0.011869646634006616,
      "I_1,2": 0.011869646634005866,
      "I_1,3": 0.004082865022708118,
      "I_1,4": 0.011869646634006269,
      "I_1,5": 0.0040828650227036425,
      "I_2,3": 0.011869646634006241,
      "I_2,4": 0.01131933373671018,
      "I_2,5": 0.011869646634006407,
      "I_3,4": 0.011869646634006532,
      "I_3,5": 0.004082865022706557,
      "I_4,5": 0.01186964663400663
    },
    {
      "I_0,1": 0.03993738576466044,
      "I_0,2": 0.031093362948787534,
      "I_0,3": 0.039937385764660105,
      "I_0,4": 0.031093362948787548,
      "I_0,5": 0.03993738576466045,
      "I_1,2": 0.03993738576466113,
      "I_1,3": 0.04400476725916573,
      "I_1,4": 0.03993738576466138,
      "I_1,5": 0.04400476725916591,
      "I_2,3": 0.03993738576466088,
      "I_2,4": 0.03109336294878795,
      "I_2,5": 0.039937385764660785,
      "I_3,4": 0.039937385764660854,
      "I_3,5": 0.04400476725916701,
      "I_4,5": 0.039937385764660716
    },
    {
      "I_0,1": 0.03828821472761537,
      "I_0,2": 0.04232967197334436,
      "I_0,3": 0.03828821472761493,
      "I_0,4": 0.04232967197334429,
      "I_0,5": 0.03828821472761493,
      "I_1,2": 0.038288214727614955,
      "I_1,3": 0.05599724465928674,
      "I_1,4": 0.03828821472761412,
      "I_1,5": 0.055997244659287126,
      "I_2,3": 0.03828821472761493,
      "I_2,4": 0.04232967197334431,
      "I_2,5": 0.03828821472761493,
      "I_3,4": 0.038288214727614955,
      "I_3,5": 0.05599724465928699,
      "I_4,5": 0.03828821472761498
    }
  ],
  "boundary_entropies_per_timestep": [
    {
      "entropy_A": 0.03814495371048255,
      "entropy_B": 0.03814495371048394,
      "mi_AB": 0.07628990742095848,
      "pure_state_check": true,
      "entropy_difference": 1.3877787807814457e-15,
      "multiple_regions": {
        "size_1_region_0": {
          "region": [
            0
          ],
          "entropy": 0.025947655540721922,
          "rt_area": 5,
          "size": 1
        },
        "size_1_region_1": {
          "region": [
            1
          ],
          "entropy": 0.019385907805825053,
          "rt_area": 5,
          "size": 1
        },
        "size_1_region_2": {
          "region": [
            2
          ],
          "entropy": 0.025947655540721936,
          "rt_area": 5,
          "size": 1
        },
        "size_2_region_0": {
          "region": [
            0,
            1
          ],
          "entropy": 0.033463916712541654,
          "rt_area": 8,
          "size": 2
        },
        "size_2_region_1": {
          "region": [
            0,
            2
          ],
          "entropy": 0.04057597734473446,
          "rt_area": 8,
          "size": 2
        },
        "size_2_region_2": {
          "region": [
            0,
            3
          ],
          "entropy": 0.03346391671254162,
          "rt_area": 8,
          "size": 2
        },
        "size_3_region_0": {
          "region": [
            0,
            1,
            2
          ],
          "entropy": 0.03814495371048255,
          "rt_area": 9,
          "size": 3
        },
        "size_3_region_1": {
          "region": [
            0,
            1,
            3
          ],
          "entropy": 0.03814495371048246,
          "rt_area": 9,
          "size": 3
        },
        "size_3_region_2": {
          "region": [
            0,
            1,
            4
          ],
          "entropy": 0.03814495371048216,
          "rt_area": 9,
          "size": 3
        },
        "size_4_region_0": {
          "region": [
            0,
            1,
            2,
            3
          ],
          "entropy": 0.03346391671254318,
          "rt_area": 8,
          "size": 4
        },
        "size_4_region_1": {
          "region": [
            0,
            1,
            2,
            4
          ],
          "entropy": 0.03468895058894559,
          "rt_area": 8,
          "size": 4
        },
        "size_4_region_2": {
          "region": [
            0,
            1,
            2,
            5
          ],
          "entropy": 0.0334639167125426,
          "rt_area": 8,
          "size": 4
        },
        "size_5_region_0": {
          "region": [
            0,
            1,
            2,
            3,
            4
          ],
          "entropy": 0.0193859078058282,
          "rt_area": 5,
          "size": 5
        },
        "size_5_region_1": {
          "region": [
            0,
            1,
            2,
            3,
            5
          ],
          "entropy": 0.0259476555407247,
          "rt_area": 5,
          "size": 5
        },
        "size_5_region_2": {
          "region": [
            0,
            1,
            2,
            4,
            5
          ],
          "entropy": 0.019385907805826903,
          "rt_area": 5,
          "size": 5
        }
      }
    },
    {
      "entropy_A": 0.12618841889814494,
      "entropy_B": 0.12618841889814386,
      "mi_AB": 0.2523768377962686,
      "pure_state_check": true,
      "entropy_difference": 1.0824674490095276e-15,
      "multiple_regions": {
        "size_1_region_0": {
          "region": [
            0
          ],
          "entropy": 0.07265311113457147,
          "rt_area": 5,
          "size": 1
        },
        "size_1_region_1": {
          "region": [
            1
          ],
          "entropy": 0.08147739453943259,
          "rt_area": 5,
          "size": 1
        },
        "size_1_region_2": {
          "region": [
            2
          ],
          "entropy": 0.07265311113457154,
          "rt_area": 5,
          "size": 1
        },
        "size_2_region_0": {
          "region": [
            0,
            1
          ],
          "entropy": 0.11419311990934289,
          "rt_area": 8,
          "size": 2
        },
        "size_2_region_1": {
          "region": [
            0,
            2
          ],
          "entropy": 0.11421285932035422,
          "rt_area": 8,
          "size": 2
        },
        "size_2_region_2": {
          "region": [
            0,
            3
          ],
          "entropy": 0.11419311990934294,
          "rt_area": 8,
          "size": 2
        },
        "size_3_region_0": {
          "region": [
            0,
            1,
            2
          ],
          "entropy": 0.12618841889814494,
          "rt_area": 9,
          "size": 3
        },
        "size_3_region_1": {
          "region": [
            0,
            1,
            3
          ],
          "entropy": 0.12618841889814136,
          "rt_area": 9,
          "size": 3
        },
        "size_3_region_2": {
          "region": [
            0,
            1,
            4
          ],
          "entropy": 0.1261884188981451,
          "rt_area": 9,
          "size": 3
        },
        "size_4_region_0": {
          "region": [
            0,
            1,
            2,
            3
          ],
          "entropy": 0.11419311990934392,
          "rt_area": 8,
          "size": 4
        },
        "size_4_region_1": {
          "region": [
            0,
            1,
            2,
            4
          ],
          "entropy": 0.11895002181969751,
          "rt_area": 8,
          "size": 4
        },
        "size_4_region_2": {
          "region": [
            0,
            1,
            2,
            5
          ],
          "entropy": 0.11419311990934368,
          "rt_area": 8,
          "size": 4
        },
        "size_5_region_0": {
          "region": [
            0,
            1,
            2,
            3,
            4
          ],
          "entropy": 0.08147739453943338,
          "rt_area": 5,
          "size": 5
        },
        "size_5_region_1": {
          "region": [
            0,
            1,
            2,
            3,
            5
          ],
          "entropy": 0.07265311113457668,
          "rt_area": 5,
          "size": 5
        },
        "size_5_region_2": {
          "region": [
            0,
            1,
            2,
            4,
            5
          ],
          "entropy": 0.0814773945394321,
          "rt_area": 5,
          "size": 5
        }
      }
    },
    {
      "entropy_A": 0.13628585824373193,
      "entropy_B": 0.1362858582437309,
      "mi_AB": 0.27257171648743594,
      "pure_state_check": true,
      "entropy_difference": 1.0269562977782698e-15,
      "multiple_regions": {
        "size_1_region_0": {
          "region": [
            0
          ],
          "entropy": 0.07827582358332665,
          "rt_area": 5,
          "size": 1
        },
        "size_1_region_1": {
          "region": [
            1
          ],
          "entropy": 0.08656439134644615,
          "rt_area": 5,
          "size": 1
        },
        "size_1_region_2": {
          "region": [
            2
          ],
          "entropy": 0.07827582358332676,
          "rt_area": 5,
          "size": 1
        },
        "size_2_region_0": {
          "region": [
            0,
            1
          ],
          "entropy": 0.12655200020215776,
          "rt_area": 8,
          "size": 2
        },
        "size_2_region_1": {
          "region": [
            0,
            2
          ],
          "entropy": 0.11422197519330818,
          "rt_area": 8,
          "size": 2
        },
        "size_2_region_2": {
          "region": [
            0,
            3
          ],
          "entropy": 0.1265520002021577,
          "rt_area": 8,
          "size": 2
        },
        "size_3_region_0": {
          "region": [
            0,
            1,
            2
          ],
          "entropy": 0.13628585824373193,
          "rt_area": 9,
          "size": 3
        },
        "size_3_region_1": {
          "region": [
            0,
            1,
            3
          ],
          "entropy": 0.1362858582437309,
          "rt_area": 9,
          "size": 3
        },
        "size_3_region_2": {
          "region": [
            0,
            1,
            4
          ],
          "entropy": 0.13628585824373193,
          "rt_area": 9,
          "size": 3
        },
        "size_4_region_0": {
          "region": [
            0,
            1,
            2,
            3
          ],
          "entropy": 0.12655200020215915,
          "rt_area": 8,
          "size": 4
        },
        "size_4_region_1": {
          "region": [
            0,
            1,
            2,
            4
          ],
          "entropy": 0.11713153803360715,
          "rt_area": 8,
          "size": 4
        },
        "size_4_region_2": {
          "region": [
            0,
            1,
            2,
            5
          ],
          "entropy": 0.12655200020215857,
          "rt_area": 8,
          "size": 4
        },
        "size_5_region_0": {
          "region": [
            0,
            1,
            2,
            3,
            4
          ],
          "entropy": 0.0865643913464476,
          "rt_area": 5,
          "size": 5
        },
        "size_5_region_1": {
          "region": [
            0,
            1,
            2,
            3,
            5
          ],
          "entropy": 0.07827582358332752,
          "rt_area": 5,
          "size": 5
        },
        "size_5_region_2": {
          "region": [
            0,
            1,
            2,
            4,
            5
          ],
          "entropy": 0.08656439134644688,
          "rt_area": 5,
          "size": 5
        }
      }
    }
  ],
  "distance_matrix_per_timestep": [
    [
      [
        0.0,
        4.433770840474632,
        4.481243065120333,
        4.4337708404746,
        4.481243065120346,
        4.433770840474569
      ],
      [
        4.433770840474632,
        0.0,
        4.433770840474632,
        8.867541680949174,
        4.433770840474598,
        8.867541680949167
      ],
      [
        4.481243065120333,
        4.433770840474632,
        0.0,
        4.433770840474601,
        4.481243065120331,
        4.433770840474587
      ],
      [
        4.4337708404746,
        8.867541680949174,
        4.433770840474601,
        0.0,
        4.433770840474576,
        8.867541680949145
      ],
      [
        4.481243065120346,
        4.433770840474598,
        4.481243065120331,
        4.433770840474576,
        0.0,
        4.433770840474568
      ],
      [
        4.433770840474569,
        8.867541680949167,
        4.433770840474587,
        8.867541680949145,
        4.433770840474568,
        0.0
      ]
    ],
    [
      [
        0.0,
        3.2204424072012645,
        3.4707608925789364,
        3.220442407201273,
        3.470760892578936,
        3.220442407201264
      ],
      [
        3.2204424072012645,
        0.0,
        3.220442407201247,
        6.440884814402495,
        3.220442407201241,
        6.440884814402499
      ],
      [
        3.4707608925789364,
        3.220442407201247,
        0.0,
        3.2204424072012534,
        3.4707608925789226,
        3.220442407201256
      ],
      [
        3.220442407201273,
        6.440884814402495,
        3.2204424072012534,
        0.0,
        3.2204424072012543,
        6.4408848144025095
      ],
      [
        3.470760892578936,
        3.220442407201241,
        3.4707608925789226,
        3.2204424072012543,
        0.0,
        3.220442407201258
      ],
      [
        3.220442407201264,
        6.440884814402499,
        3.220442407201256,
        6.4408848144025095,
        3.220442407201258,
        0.0
      ]
    ],
    [
      [
        0.0,
        3.262613139609547,
        3.162266973750666,
        3.2626131396095586,
        3.162266973750668,
        3.2626131396095586
      ],
      [
        3.262613139609547,
        0.0,
        3.2626131396095577,
        6.525226279219106,
        3.2626131396095794,
        6.525226279219106
      ],
      [
        3.162266973750666,
        3.2626131396095577,
        0.0,
        3.2626131396095586,
        3.1622669737506675,
        3.2626131396095586
      ],
      [
        3.2626131396095586,
        6.525226279219106,
        3.2626131396095586,
        0.0,
        3.2626131396095577,
        6.525226279219115
      ],
      [
        3.162266973750668,
        3.2626131396095794,
        3.1622669737506675,
        3.2626131396095577,
        0.0,
        3.2626131396095572
      ],
      [
        3.2626131396095586,
        6.525226279219106,
        3.2626131396095586,
        6.525226279219115,
        3.2626131396095572,
        0.0
      ]
    ]
  ],
  "edge_mi": {
    "0,1": 0.03828821472761537,
    "0,5": 0.03828821472761493,
    "0,2": 0.04232967197334436,
    "0,4": 0.04232967197334429,
    "0,3": 0.03828821472761493,
    "1,2": 0.038288214727614955,
    "1,4": 0.03828821472761412,
    "2,3": 0.03828821472761493,
    "2,4": 0.04232967197334431,
    "2,5": 0.03828821472761493,
    "3,4": 0.038288214727614955,
    "4,5": 0.03828821472761498
  },
  "distance_matrix": [
    [
      0.0,
      3.262613139609547,
      3.162266973750666,
      3.2626131396095586,
      3.162266973750668,
      3.2626131396095586
    ],
    [
      3.262613139609547,
      0.0,
      3.2626131396095577,
      2.882452791970208,
      3.2626131396095794,
      2.882452791970201
    ],
    [
      3.162266973750666,
      3.2626131396095577,
      0.0,
      3.2626131396095586,
      3.1622669737506675,
      3.2626131396095586
    ],
    [
      3.2626131396095586,
      2.882452791970208,
      3.2626131396095586,
      0.0,
      3.2626131396095577,
      2.8824527919702034
    ],
    [
      3.162266973750668,
      3.2626131396095794,
      3.1622669737506675,
      3.2626131396095577,
      0.0,
      3.2626131396095572
    ],
    [
      3.2626131396095586,
      2.882452791970201,
      3.2626131396095586,
      2.8824527919702034,
      3.2626131396095572,
      0.0
    ]
  ],
  "shortest_paths": {
    "0": {
      "0": 0,
      "2": 3.162266973750666,
      "4": 3.162266973750668,
      "1": 3.262613139609547,
      "3": 3.2626131396095586,
      "5": 3.2626131396095586
    },
    "1": {
      "1": 0,
      "5": 2.882452791970201,
      "3": 2.882452791970208,
      "0": 3.262613139609547,
      "2": 3.2626131396095577,
      "4": 3.2626131396095794
    },
    "2": {
      "2": 0,
      "0": 3.162266973750666,
      "4": 3.1622669737506675,
      "1": 3.2626131396095577,
      "3": 3.2626131396095586,
      "5": 3.2626131396095586
    },
    "3": {
      "3": 0,
      "5": 2.8824527919702034,
      "1": 2.882452791970208,
      "4": 3.2626131396095577,
      "0": 3.2626131396095586,
      "2": 3.2626131396095586
    },
    "4": {
      "4": 0,
      "2": 3.1622669737506675,
      "0": 3.162266973750668,
      "5": 3.2626131396095572,
      "3": 3.2626131396095577,
      "1": 3.2626131396095794
    },
    "5": {
      "5": 0,
      "1": 2.882452791970201,
      "3": 2.8824527919702034,
      "4": 3.2626131396095572,
      "0": 3.2626131396095586,
      "2": 3.2626131396095586
    }
  },
  "gromov_delta": 1.8213867436244677,
  "mean_distance": 2.6387598640915915,
  "angle_sums": [
    9.42477796076938,
    9.42477796076938,
    9.42477796076938,
    9.42477796076938,
    9.42477796076938,
    9.42477796076938,
    9.42477796076938,
    9.42477796076938,
    9.42477796076938,
    9.42477796076938,
    9.42477796076938,
    9.42477796076938,
    9.42477796076938,
    9.42477796076938,
    6.003576181496811,
    9.42477796076938,
    9.42477796076938,
    9.42477796076938,
    9.42477796076938,
    9.42477796076938
  ],
  "mean_angle_sum": 9.253717871805751,
  "min_angle_sum": 6.003576181496811,
  "max_angle_sum": 9.42477796076938,
  "angle_sum_deviations": [
    6.283185307179586,
    6.283185307179586,
    6.283185307179586,
    6.283185307179586,
    6.283185307179586,
    6.283185307179586,
    6.283185307179586,
    6.283185307179586,
    6.283185307179586,
    6.283185307179586,
    6.283185307179586,
    6.283185307179586,
    6.283185307179586,
    6.283185307179586,
    2.861983527907018,
    6.283185307179586,
    6.283185307179586,
    6.283185307179586,
    6.283185307179586,
    6.283185307179586
  ],
  "triangle_inequality_violations": [],
  "embedding_coords": [
    [
      0.02616166774640623,
      -0.05074988884142194
    ],
    [
      0.1296713144408183,
      -0.005022765542041537
    ],
    [
      -0.056990450146436396,
      0.00268015080816257
    ],
    [
      -0.060583027938287265,
      0.11474777878793675
    ],
    [
      0.03087843029785909,
      0.04811084375819338
    ],
    [
      -0.06913793440035997,
      -0.10976611897082922
    ]
  ],
  "embedding_coords_3d": [
    [
      0.022428801768735535,
      -0.0101126953889887,
      -0.04784207559372792
    ],
    [
      -0.0520268385941047,
      -0.09658766010255693,
      -0.06884374639087412
    ],
    [
      0.025317165877017822,
      -0.03276949159996061,
      0.04710703634909708
    ],
    [
      -0.050602438981803236,
      0.028991621157452522,
      0.11441110174880054
    ],
    [
      -0.046532939959150976,
      0.041752298590259675,
      -0.002812886534606699
    ],
    [
      0.10141624988930556,
      0.06872592734379404,
      -0.04201942957868888
    ]
  ],
  "edge_weight_variance": 0.10094889493333331,
  "event_nodes": [
    [
      0,
      0
    ],
    [
      1,
      0
    ],
    [
      2,
      0
    ],
    [
      3,
      0
    ],
    [
      4,
      0
    ],
    [
      5,
      0
    ],
    [
      0,
      1
    ],
    [
      1,
      1
    ],
    [
      2,
      1
    ],
    [
      3,
      1
    ],
    [
      4,
      1
    ],
    [
      5,
      1
    ],
    [
      0,
      2
    ],
    [
      1,
      2
    ],
    [
      2,
      2
    ],
    [
      3,
      2
    ],
    [
      4,
      2
    ],
    [
      5,
      2
    ]
  ],
  "event_edges": [
    {
      "type": "spatial",
      "from": [
        0,
        0
      ],
      "to": [
        1,
        0
      ],
      "weight": 4.433770840474632
    },
    {
      "type": "spatial",
      "from": [
        0,
        0
      ],
      "to": [
        2,
        0
      ],
      "weight": 4.481243065120333
    },
    {
      "type": "spatial",
      "from": [
        0,
        0
      ],
      "to": [
        3,
        0
      ],
      "weight": 4.4337708404746
    },
    {
      "type": "spatial",
      "from": [
        0,
        0
      ],
      "to": [
        4,
        0
      ],
      "weight": 4.481243065120346
    },
    {
      "type": "spatial",
      "from": [
        0,
        0
      ],
      "to": [
        5,
        0
      ],
      "weight": 4.433770840474569
    },
    {
      "type": "spatial",
      "from": [
        1,
        0
      ],
      "to": [
        2,
        0
      ],
      "weight": 4.433770840474632
    },
    {
      "type": "spatial",
      "from": [
        1,
        0
      ],
      "to": [
        3,
        0
      ],
      "weight": 8.867541680949174
    },
    {
      "type": "spatial",
      "from": [
        1,
        0
      ],
      "to": [
        4,
        0
      ],
      "weight": 4.433770840474598
    },
    {
      "type": "spatial",
      "from": [
        1,
        0
      ],
      "to": [
        5,
        0
      ],
      "weight": 8.867541680949167
    },
    {
      "type": "spatial",
      "from": [
        2,
        0
      ],
      "to": [
        3,
        0
      ],
      "weight": 4.433770840474601
    },
    {
      "type": "spatial",
      "from": [
        2,
        0
      ],
      "to": [
        4,
        0
      ],
      "weight": 4.481243065120331
    },
    {
      "type": "spatial",
      "from": [
        2,
        0
      ],
      "to": [
        5,
        0
      ],
      "weight": 4.433770840474587
    },
    {
      "type": "spatial",
      "from": [
        3,
        0
      ],
      "to": [
        4,
        0
      ],
      "weight": 4.433770840474576
    },
    {
      "type": "spatial",
      "from": [
        3,
        0
      ],
      "to": [
        5,
        0
      ],
      "weight": 8.867541680949145
    },
    {
      "type": "spatial",
      "from": [
        4,
        0
      ],
      "to": [
        5,
        0
      ],
      "weight": 4.433770840474568
    },
    {
      "type": "temporal",
      "from": [
        0,
        0
      ],
      "to": [
        0,
        1
      ],
      "weight": 1.0
    },
    {
      "type": "temporal",
      "from": [
        1,
        0
      ],
      "to": [
        1,
        1
      ],
      "weight": 1.0
    },
    {
      "type": "temporal",
      "from": [
        2,
        0
      ],
      "to": [
        2,
        1
      ],
      "weight": 1.0
    },
    {
      "type": "temporal",
      "from": [
        3,
        0
      ],
      "to": [
        3,
        1
      ],
      "weight": 1.0
    },
    {
      "type": "temporal",
      "from": [
        4,
        0
      ],
      "to": [
        4,
        1
      ],
      "weight": 1.0
    },
    {
      "type": "temporal",
      "from": [
        5,
        0
      ],
      "to": [
        5,
        1
      ],
      "weight": 1.0
    },
    {
      "type": "spatial",
      "from": [
        0,
        1
      ],
      "to": [
        1,
        1
      ],
      "weight": 3.2204424072012645
    },
    {
      "type": "spatial",
      "from": [
        0,
        1
      ],
      "to": [
        2,
        1
      ],
      "weight": 3.4707608925789364
    },
    {
      "type": "spatial",
      "from": [
        0,
        1
      ],
      "to": [
        3,
        1
      ],
      "weight": 3.220442407201273
    },
    {
      "type": "spatial",
      "from": [
        0,
        1
      ],
      "to": [
        4,
        1
      ],
      "weight": 3.470760892578936
    },
    {
      "type": "spatial",
      "from": [
        0,
        1
      ],
      "to": [
        5,
        1
      ],
      "weight": 3.220442407201264
    },
    {
      "type": "spatial",
      "from": [
        1,
        1
      ],
      "to": [
        2,
        1
      ],
      "weight": 3.220442407201247
    },
    {
      "type": "spatial",
      "from": [
        1,
        1
      ],
      "to": [
        3,
        1
      ],
      "weight": 6.440884814402495
    },
    {
      "type": "spatial",
      "from": [
        1,
        1
      ],
      "to": [
        4,
        1
      ],
      "weight": 3.220442407201241
    },
    {
      "type": "spatial",
      "from": [
        1,
        1
      ],
      "to": [
        5,
        1
      ],
      "weight": 6.440884814402499
    },
    {
      "type": "spatial",
      "from": [
        2,
        1
      ],
      "to": [
        3,
        1
      ],
      "weight": 3.2204424072012534
    },
    {
      "type": "spatial",
      "from": [
        2,
        1
      ],
      "to": [
        4,
        1
      ],
      "weight": 3.4707608925789226
    },
    {
      "type": "spatial",
      "from": [
        2,
        1
      ],
      "to": [
        5,
        1
      ],
      "weight": 3.220442407201256
    },
    {
      "type": "spatial",
      "from": [
        3,
        1
      ],
      "to": [
        4,
        1
      ],
      "weight": 3.2204424072012543
    },
    {
      "type": "spatial",
      "from": [
        3,
        1
      ],
      "to": [
        5,
        1
      ],
      "weight": 6.4408848144025095
    },
    {
      "type": "spatial",
      "from": [
        4,
        1
      ],
      "to": [
        5,
        1
      ],
      "weight": 3.220442407201258
    },
    {
      "type": "temporal",
      "from": [
        0,
        1
      ],
      "to": [
        0,
        2
      ],
      "weight": 1.0
    },
    {
      "type": "temporal",
      "from": [
        1,
        1
      ],
      "to": [
        1,
        2
      ],
      "weight": 1.0
    },
    {
      "type": "temporal",
      "from": [
        2,
        1
      ],
      "to": [
        2,
        2
      ],
      "weight": 1.0
    },
    {
      "type": "temporal",
      "from": [
        3,
        1
      ],
      "to": [
        3,
        2
      ],
      "weight": 1.0
    },
    {
      "type": "temporal",
      "from": [
        4,
        1
      ],
      "to": [
        4,
        2
      ],
      "weight": 1.0
    },
    {
      "type": "temporal",
      "from": [
        5,
        1
      ],
      "to": [
        5,
        2
      ],
      "weight": 1.0
    },
    {
      "type": "spatial",
      "from": [
        0,
        2
      ],
      "to": [
        1,
        2
      ],
      "weight": 3.262613139609547
    },
    {
      "type": "spatial",
      "from": [
        0,
        2
      ],
      "to": [
        2,
        2
      ],
      "weight": 3.162266973750666
    },
    {
      "type": "spatial",
      "from": [
        0,
        2
      ],
      "to": [
        3,
        2
      ],
      "weight": 3.2626131396095586
    },
    {
      "type": "spatial",
      "from": [
        0,
        2
      ],
      "to": [
        4,
        2
      ],
      "weight": 3.162266973750668
    },
    {
      "type": "spatial",
      "from": [
        0,
        2
      ],
      "to": [
        5,
        2
      ],
      "weight": 3.2626131396095586
    },
    {
      "type": "spatial",
      "from": [
        1,
        2
      ],
      "to": [
        2,
        2
      ],
      "weight": 3.2626131396095577
    },
    {
      "type": "spatial",
      "from": [
        1,
        2
      ],
      "to": [
        3,
        2
      ],
      "weight": 6.525226279219106
    },
    {
      "type": "spatial",
      "from": [
        1,
        2
      ],
      "to": [
        4,
        2
      ],
      "weight": 3.2626131396095794
    },
    {
      "type": "spatial",
      "from": [
        1,
        2
      ],
      "to": [
        5,
        2
      ],
      "weight": 6.525226279219106
    },
    {
      "type": "spatial",
      "from": [
        2,
        2
      ],
      "to": [
        3,
        2
      ],
      "weight": 3.2626131396095586
    },
    {
      "type": "spatial",
      "from": [
        2,
        2
      ],
      "to": [
        4,
        2
      ],
      "weight": 3.1622669737506675
    },
    {
      "type": "spatial",
      "from": [
        2,
        2
      ],
      "to": [
        5,
        2
      ],
      "weight": 3.2626131396095586
    },
    {
      "type": "spatial",
      "from": [
        3,
        2
      ],
      "to": [
        4,
        2
      ],
      "weight": 3.2626131396095577
    },
    {
      "type": "spatial",
      "from": [
        3,
        2
      ],
      "to": [
        5,
        2
      ],
      "weight": 6.525226279219115
    },
    {
      "type": "spatial",
      "from": [
        4,
        2
      ],
      "to": [
        5,
        2
      ],
      "weight": 3.2626131396095572
    }
  ],
  "lorentzian_dissimilarity": [
    [
      0.0,
      19.658323865843126,
      20.08153940868908,
      19.658323865842842,
      20.081539408689192,
      19.658323865842565,
      -1.0,
      18.658323865843126,
      19.08153940868908,
      18.658323865842842,
      19.081539408689192,
      18.658323865842565,
      -4.0,
      15.658323865843126,
      16.08153940868908,
      15.658323865842842,
      16.081539408689192,
      15.658323865842565
    ],
    [
      19.658323865843126,
      0.0,
      19.658323865843126,
      78.6332954633709,
      19.658323865842828,
      78.63329546337077,
      18.658323865843126,
      -1.0,
      18.658323865843126,
      77.6332954633709,
      18.658323865842828,
      77.63329546337077,
      15.658323865843126,
      -4.0,
      15.658323865843126,
      74.6332954633709,
      15.658323865842828,
      74.63329546337077
    ],
    [
      20.08153940868908,
      19.658323865843126,
      0.0,
      19.65832386584285,
      20.081539408689064,
      19.658323865842725,
      19.08153940868908,
      18.658323865843126,
      -1.0,
      18.65832386584285,
      19.081539408689064,
      18.658323865842725,
      16.08153940868908,
      15.658323865843126,
      -4.0,
      15.65832386584285,
      16.081539408689064,
      15.658323865842725
    ],
    [
      19.658323865842842,
      78.6332954633709,
      19.65832386584285,
      0.0,
      19.65832386584263,
      78.63329546337039,
      18.658323865842842,
      77.6332954633709,
      18.65832386584285,
      -1.0,
      18.65832386584263,
      77.63329546337039,
      15.658323865842842,
      74.6332954633709,
      15.65832386584285,
      -4.0,
      15.658323865842629,
      74.63329546337039
    ],
    [
      20.081539408689192,
      19.658323865842828,
      20.081539408689064,
      19.65832386584263,
      0.0,
      19.658323865842558,
      19.081539408689192,
      18.658323865842828,
      19.081539408689064,
      18.65832386584263,
      -1.0,
      18.658323865842558,
      16.081539408689192,
      15.658323865842828,
      16.081539408689064,
      15.658323865842629,
      -4.0,
      15.658323865842558
    ],
    [
      19.658323865842565,
      78.63329546337077,
      19.658323865842725,
      78.63329546337039,
      19.658323865842558,
      0.0,
      18.658323865842565,
      77.63329546337077,
      18.658323865842725,
      77.63329546337039,
      18.658323865842558,
      -1.0,
      15.658323865842565,
      74.63329546337077,
      15.658323865842725,
      74.63329546337039,
      15.658323865842558,
      -4.0
    ],
    [
      -1.0,
      18.658323865843126,
      19.08153940868908,
      18.658323865842842,
      19.081539408689192,
      18.658323865842565,
      0.0,
      10.371249298100276,
      12.046181173455334,
      10.371249298100329,
      12.046181173455333,
      10.371249298100272,
      -1.0,
      9.371249298100276,
      11.046181173455334,
      9.371249298100329,
      11.046181173455333,
      9.371249298100272
    ],
    [
      18.658323865843126,
      -1.0,
      18.658323865843126,
      77.6332954633709,
      18.658323865842828,
      77.63329546337077,
      10.371249298100276,
      0.0,
      10.371249298100164,
      41.48499719240067,
      10.371249298100123,
      41.48499719240071,
      9.371249298100276,
      -1.0,
      9.371249298100164,
      40.48499719240067,
      9.371249298100123,
      40.48499719240071
    ],
    [
      19.08153940868908,
      18.658323865843126,
      -1.0,
      18.65832386584285,
      19.081539408689064,
      18.658323865842725,
      12.046181173455334,
      10.371249298100164,
      0.0,
      10.371249298100203,
      12.04618117345524,
      10.37124929810022,
      11.046181173455334,
      9.371249298100164,
      -1.0,
      9.371249298100203,
      11.04618117345524,
      9.37124929810022
    ],
    [
      18.658323865842842,
      77.6332954633709,
      18.65832386584285,
      -1.0,
      18.65832386584263,
      77.63329546337039,
      10.371249298100329,
      41.48499719240067,
      10.371249298100203,
      0.0,
      10.37124929810021,
      41.48499719240085,
      9.371249298100329,
      40.48499719240067,
      9.371249298100203,
      -1.0,
      9.37124929810021,
      40.48499719240085
    ],
    [
      19.081539408689192,
      18.658323865842828,
      19.081539408689064,
      18.65832386584263,
      -1.0,
      18.658323865842558,
      12.046181173455333,
      10.371249298100123,
      12.04618117345524,
      10.37124929810021,
      0.0,
      10.371249298100233,
      11.046181173455333,
      9.371249298100123,
      11.04618117345524,
      9.37124929810021,
      -1.0,
      9.371249298100233
    ],
    [
      18.658323865842565,
      77.63329546337077,
      18.658323865842725,
      77.63329546337039,
      18.658323865842558,
      -1.0,
      10.371249298100272,
      41.48499719240071,
      10.37124929810022,
      41.48499719240085,
      10.371249298100233,
      0.0,
      9.371249298100272,
      40.48499719240071,
      9.37124929810022,
      40.48499719240085,
      9.371249298100233,
      -1.0
    ],
    [
      -4.0,
      15.658323865843126,
      16.08153940868908,
      15.658323865842842,
      16.081539408689192,
      15.658323865842565,
      -1.0,
      9.371249298100276,
      11.046181173455334,
      9.371249298100329,
      11.046181173455333,
      9.371249298100272,
      0.0,
      10.644644498752866,
      9.999932413274196,
      10.64464449875294,
      9.999932413274207,
      10.64464449875294
    ],
    [
      15.658323865843126,
      -4.0,
      15.658323865843126,
      74.6332954633709,
      15.658323865842828,
      74.63329546337077,
      9.371249298100276,
      -1.0,
      9.371249298100164,
      40.48499719240067,
      9.371249298100123,
      40.48499719240071,
      10.644644498752866,
      0.0,
      10.644644498752935,
      42.578577995011614,
      10.644644498753077,
      42.578577995011614
    ],
    [
      16.08153940868908,
      15.658323865843126,
      -4.0,
      15.65832386584285,
      16.081539408689064,
      15.658323865842725,
      11.046181173455334,
      9.371249298100164,
      -1.0,
      9.371249298100203,
      11.04618117345524,
      9.37124929810022,
      9.999932413274196,
      10.644644498752935,
      0.0,
      10.64464449875294,
      9.999932413274205,
      10.64464449875294
    ],
    [
      15.658323865842842,
      74.6332954633709,
      15.65832386584285,
      -4.0,
      15.658323865842629,
      74.63329546337039,
      9.371249298100329,
      40.48499719240067,
      9.371249298100203,
      -1.0,
      9.37124929810021,
      40.48499719240085,
      10.64464449875294,
      42.578577995011614,
      10.64464449875294,
      0.0,
      10.644644498752935,
      42.57857799501174
    ],
    [
      16.081539408689192,
      15.658323865842828,
      16.081539408689064,
      15.658323865842629,
      -4.0,
      15.658323865842558,
      11.046181173455333,
      9.371249298100123,
      11.04618117345524,
      9.37124929810021,
      -1.0,
      9.371249298100233,
      9.999932413274207,
      10.644644498753077,
      9.999932413274205,
      10.644644498752935,
      0.0,
      10.644644498752932
    ],
    [
      15.658323865842565,
      74.63329546337077,
      15.658323865842725,
      74.63329546337039,
      15.658323865842558,
      -4.0,
      9.371249298100272,
      40.48499719240071,
