{
  "circuit_info": {
    "num_qubits": 4,
    "control_qubit": 0,
    "phase": 0.0,
    "massive_bulk_params": {
      "mass_hinge": "2",
      "mass_value": 1.0
    },
    "massless_bulk_params": {
      "mass_hinge": "None",
      "mass_value": 0.0
    }
  },
  "execution_info": {
    "device": "simulator",
    "shots": 100,
    "job_id": null,
    "total_shots": 100,
    "unique_states": 14
  },
  "superposition_state": {
    "counts": {
      "0100": 18,
      "1010": 18,
      "0110": 10,
      "1110": 6,
      "0101": 2,
      "0000": 8,
      "1000": 11,
      "0010": 8,
      "1100": 8,
      "0011": 3,
      "1001": 3,
      "1101": 1,
      "0001": 3,
      "0111": 1
    },
    "mutual_information_matrix": [
      [
        0.0,
        0.010360895118730958,
        0.010360895118730958,
        0.011720590673124923
      ],
      [
        0.010360895118730958,
        0.0,
        0.020362395495957378,
        0.006609899999568014
      ],
      [
        0.010360895118730958,
        0.020362395495957378,
        0.0,
        0.051833239274655205
      ],
      [
        0.011720590673124923,
        0.006609899999568014,
        0.051833239274655205,
        0.0
      ]
    ]
  },
  "bulk_reconstruction": {
    "method": "mi_embedding",
    "num_qubits": 4,
    "mi_matrix": [
      [
        0.0,
        0.010360895118730958,
        0.010360895118730958,
        0.011720590673124923
      ],
      [
        0.010360895118730958,
        0.0,
        0.020362395495957378,
        0.006609899999568014
      ],
      [
        0.010360895118730958,
        0.020362395495957378,
        0.0,
        0.051833239274655205
      ],
      [
        0.011720590673124923,
        0.006609899999568014,
        0.051833239274655205,
        0.0
      ]
    ],
    "mds_embedding": {
      "coordinates_3d": [
        [
          0.2979179833407728,
          0.516761884681245,
          0.12953766272785688
        ],
        [
          0.19103236720615369,
          -0.2061627240540049,
          -0.5396210181131761
        ],
        [
          -0.58260783773599,
          0.09174674970732342,
          -0.018448898273281278
        ],
        [
          0.0936574871899369,
          -0.40234591033596934,
          0.42853225365738773
        ]
      ],
      "stress": 2.000004420435938,
      "embedding_quality": "poor"
    }
  },
  "classical_comparison": {
    "massive": {
      "counts": {
        "0011": 11,
        "1000": 4,
        "0000": 6,
        "0001": 6,
        "1010": 3,
        "1101": 11,
        "0110": 8,
        "1011": 3,
        "1110": 6,
        "0010": 8,
        "1100": 10,
        "0100": 4,
        "0111": 10,
        "0101": 6,
        "1111": 2,
        "1001": 2
      },
      "mutual_information_matrix": [
        [
          0.0,
          1.1550801899681894e-07,
          5.7708038751496e-06,
          0.01012585699361191
        ],
        [
          1.1550801899681894e-07,
          0.0,
          0.01113601979691762,
          0.05777773679102716
        ],
        [
          5.7708038751496e-06,
          0.01113601979691762,
          0.0,
          0.03932953923161413
        ],
        [
          0.01012585699361191,
          0.05777773679102716,
          0.03932953923161413,
          0.0
        ]
      ],
      "bulk_reconstruction": {
        "method": "mi_embedding",
        "num_qubits": 4,
        "mi_matrix": [
          [
            0.0,
            1.1550801899681894e-07,
            5.7708038751496e-06,
            0.01012585699361191
          ],
          [
            1.1550801899681894e-07,
            0.0,
            0.01113601979691762,
            0.05777773679102716
          ],
          [
            5.7708038751496e-06,
            0.01113601979691762,
            0.0,
            0.03932953923161413
          ],
          [
            0.01012585699361191,
            0.05777773679102716,
            0.03932953923161413,
            0.0
          ]
        ],
        "mds_embedding": {
          "coordinates_3d": [
            [
              0.297256474906435,
              0.5253199734766312,
              0.14185283259221484
            ],
            [
              0.19920572818155688,
              -0.22306886045198174,
              -0.5162247393441273
            ],
            [
              -0.5938875237444499,
              0.10573267791789542,
              -0.027070661582127935
            ],
            [
              0.09742532065567468,
              -0.40798379094375764,
              0.4014425683348679
            ]
          ],
          "stress": 2.0000055355760966,
          "embedding_quality": "poor"
        }
      }
    },
    "massless": {
      "counts": {
        "0111": 3,
        "1001": 4,
        "0011": 14,
        "1100": 12,
        "0010": 8,
        "1011": 4,
        "0101": 8,
        "1000": 6,
        "1010": 7,
        "1101": 5,
        "0100": 7,
        "1110": 4,
        "1111": 6,
        "0110": 6,
        "0000": 4,
        "0001": 2
      },
      "mutual_information_matrix": [
        [
          0.0,
          0.011072174209797683,
          0.0024781831022709262,
          0.011072174209797676
        ],
        [
          0.011072174209797683,
          0.0,
          0.06645707491585791,
          0.018228681586825897
        ],
        [
          0.0024781831022709262,
          0.06645707491585791,
          0.0,
          0.007357450690169881
        ],
        [
          0.011072174209797676,
          0.018228681586825897,
          0.007357450690169881,
          0.0
        ]
      ],
      "bulk_reconstruction": {
        "method": "mi_embedding",
        "num_qubits": 4,
        "mi_matrix": [
          [
            0.0,
            0.011072174209797683,
            0.0024781831022709262,
            0.011072174209797676
          ],
          [
            0.011072174209797683,
            0.0,
            0.06645707491585791,
            0.018228681586825897
          ],
          [
            0.0024781831022709262,
            0.06645707491585791,
            0.0,
            0.007357450690169881
          ],
          [
            0.011072174209797676,
            0.018228681586825897,
            0.007357450690169881,
            0.0
          ]
        ],
        "mds_embedding": {
          "coordinates_3d": [
            [
              -0.2509173963035067,
              -0.22610070581834119,
              0.5128144908655773
            ],
            [
              0.0018347953498233662,
              -0.40126353158617,
              -0.42608027533716775
            ],
            [
              -0.3196331386965919,
              0.4511391954316229,
              -0.21564920357050021
            ],
            [
              0.5687157396507448,
              0.1762250419739703,
              0.12891498804334595
            ]
          ],
          "stress": 2.000006829541947,
          "embedding_quality": "poor"
        }
      }
    }
  },
  "interference_analysis": {
    "interference_detected": false,
    "interference_strength": 0.0,
    "max_interference_strength": 0.0,
    "interference_term_matrix": null,
    "supporting_qubit_pairs": [],
    "quantum_effects": [],
    "classical_vs_quantum_differences": {},
    "massive_mi_matrix": null,
    "massless_mi_matrix": null,
    "classical_mixture_matrix": null
  }
}