{
  "circuit_info": {
    "num_qubits": 4,
    "control_qubit": 0,
    "phase": 0.0,
    "massive_bulk_params": {
      "mass_hinge": "2",
      "mass_value": 1.0
    },
    "massless_bulk_params": {
      "mass_hinge": "None",
      "mass_value": 0.0
    }
  },
  "execution_info": {
    "device": "simulator",
    "shots": 100,
    "job_id": null,
    "total_shots": 100,
    "unique_states": 15
  },
  "superposition_state": {
    "counts": {
      "1010": 17,
      "1111": 1,
      "0110": 14,
      "1110": 15,
      "0100": 19,
      "1100": 8,
      "1000": 5,
      "0000": 11,
      "1011": 1,
      "0010": 2,
      "0001": 1,
      "0011": 2,
      "0111": 2,
      "0101": 1,
      "1101": 1
    },
    "mutual_information_matrix": [
      [
        0.0,
        0.004714536042565068,
        0.0008773928218299811,
        0.006278181484063668
      ],
      [
        0.004714536042565068,
        0.0,
        0.001079925250347143,
        0.07752045913135519
      ],
      [
        0.0008773928218299811,
        0.001079925250347143,
        0.0,
        0.022345192581590886
      ],
      [
        0.006278181484063668,
        0.07752045913135519,
        0.022345192581590886,
        0.0
      ]
    ]
  },
  "bulk_reconstruction": {
    "method": "mi_embedding",
    "num_qubits": 4,
    "mi_matrix": [
      [
        0.0,
        0.004714536042565068,
        0.0008773928218299811,
        0.006278181484063668
      ],
      [
        0.004714536042565068,
        0.0,
        0.001079925250347143,
        0.07752045913135519
      ],
      [
        0.0008773928218299811,
        0.001079925250347143,
        0.0,
        0.022345192581590886
      ],
      [
        0.006278181484063668,
        0.07752045913135519,
        0.022345192581590886,
        0.0
      ]
    ],
    "mds_embedding": {
      "coordinates_3d": [
        [
          -0.5205004363696232,
          0.295695822256683,
          0.15639048851859683
        ],
        [
          0.1513441959627234,
          0.12412067878592509,
          -0.5569350783766169
        ],
        [
          -0.08414505667542609,
          -0.6017896965801213,
          0.08650538811789096
        ],
        [
          0.4533012970811653,
          0.18197319553837363,
          0.3140392017418236
        ]
      ],
      "stress": 2.0000044042773997,
      "embedding_quality": "poor"
    }
  },
  "classical_comparison": {
    "massive": {
      "error": "'Cannot apply instruction with classical bits: measure'"
    },
    "massless": {
      "error": "'Cannot apply instruction with classical bits: measure'"
    }
  },
  "interference_analysis": {
    "interference_detected": false,
    "interference_strength": 0.0,
    "quantum_effects": [],
    "classical_vs_quantum_differences": {}
  }
}