{
  "spec": {
    "num_qubits": 4,
    "topology": "triangulated",
    "custom_edges": "0-1:1.0000,0-2:0.8382,0-3:1.0000,1-2:1.0000,1-3:0.7997,2-3:0.7997",
    "alpha": 0.8,
    "weight": 0.8938476762731536,
    "gamma": 0.1511489466265642,
    "sigma": 0.04828639897239015,
    "init_angle": 1.0285506598033647,
    "init_angles": null,
    "shots": 100,
    "device": "simulator",
    "geometry": "spherical",
    "curvature": 4.5,
    "timesteps": 1,
    "dimension": 2,
    "mass_hinge": null,
    "mass_value": 0.0,
    "solve_regge": false,
    "lorentzian": true,
    "excite": true,
    "fast": false,
    "fast_preset": "balanced",
    "ctc_mode": false,
    "ctc_perturbation": null,
    "ctc_perturbation_strength": 1.0,
    "test_ctc_recovery": false,
    "strong_curvature": true,
    "charge_injection": true,
    "charge_strength": 2.5,
    "charge_location": null,
    "spin_injection": true,
    "spin_strength": 2.0,
    "spin_location": null,
    "edge_floor": 0.001,
    "compute_entropies": true,
    "hyperbolic_triangulation": true,
    "trotter_steps": 8,
    "dt": 0.05,
    "analyze_curvature": true,
    "einstein_solver": true,
    "page_curve": true,
    "radiation_ordering": null,
    "page_curve_timesteps": 15,
    "entropy_method": "hybrid",
    "num_shadows": 100,
    "shots_per_shadow": 1000,
    "num_bases": 20,
    "shots_per_basis": 1000,
    "enhanced_entanglement": false,
    "entanglement_strength": 0.835077977702581,
    "interpolate_geometry": false,
    "smooth_charge_injection": false,
    "min_qubits_for_continuum": 10,
    "benchmark_against_classical_geometry": false,
    "geometry_fit_metric": "wasserstein,kl,euclidean",
    "verify_noise_robustness": false,
    "run_on_multiple_backends": false,
    "detect_and_flag_causal_loops": true,
    "restrict_information_flow_direction": "bidirectional",
    "filter_noncausal_edges": true,
    "use_ryu_takayanagi_test": true,
    "compare_MI_vs_subsystem_entropy": true,
    "embed_boundary_entropy_in_geometry": true,
    "entropy_engineering": true,
    "target_entropy_pattern": "quantum_gravity",
    "custom_target_entropies": null,
    "entropy_optimization_iterations": 200,
    "entropy_tolerance": 0.05,
    "continue_on_engineering_failure": true,
    "skip_entropy_engineering": false,
    "validate_engineered_geometry": true,
    "enhance_bell_violations": true,
    "bell_entanglement_strength": 4.0,
    "teleportation_circuits": true,
    "long_range_coupling": 3.0,
    "holographic_optimization": true,
    "rt_surface_encoding": true,
    "conformal_symmetry": true,
    "bulk_reconstruction": true,
    "scalable_entanglement": true,
    "parallel_execution": true,
    "memory_optimization": true,
    "circuit_compilation": "optimized",
    "real_hardware": false,
    "error_mitigation": true,
    "zero_noise_extrapolation": true,
    "zne_noise_factors": [
      1.0,
      2.0,
      3.0
    ],
    "zne_extrapolation_method": "polynomial",
    "hardware_calibration": true,
    "noise_characterization": true,
    "backend_name": "ibm_brisbane",
    "quantum_mode": true,
    "quantum_entanglement_strength": 5.0,
    "quantum_circuit_depth": 12,
    "geometric_teleportation": false,
    "teleportation_mode": "both",
    "bridge_strength": 1.0,
    "signal_state": "+",
    "emergent_geometry_teleportation": false,
    "teleportation_node_pairs": "auto",
    "teleportation_embedding_dim": 2,
    "teleportation_fidelity_threshold": 0.7,
    "superposition_gravity": true,
    "massive_bulk_mass_hinge": "0,1,2",
    "massive_bulk_mass_value": 2.0,
    "massless_bulk_mass_hinge": null,
    "massless_bulk_mass_value": 0.0,
    "superposition_control_qubit": 0,
    "superposition_phase": 0.0,
    "interference_analysis": true,
    "classical_mixture_comparison": true,
    "coherence_preservation": true,
    "bulk_reconstruction_method": "mi_embedding"
  },
  "uid": "3EOHZL",
  "counts_per_timestep": [
    null
  ],
  "job_ids_per_timestep": [
    null
  ],
  "entropy_per_timestep": [
    null
  ],
  "mutual_information_per_timestep": [
    {
      "I_0,1": 0.44763009411316856,
      "I_0,2": 0.5711754451039099,
      "I_0,3": 0.4476300941131699,
      "I_1,2": 0.44763009411316923,
      "I_1,3": 0.3391207036728048,
      "I_2,3": 0.44763009411316945
    }
  ],
  "boundary_entropies_per_timestep": [
    {
      "entropy_A": 0.6737746289305663,
      "entropy_B": 0.6737746289305624,
      "mi_AB": 1.347549257861121,
      "pure_state_check": true,
      "entropy_difference": 3.885780586188048e-15,
      "multiple_regions": {
        "size_1_region_0": {
          "region": [
            0
          ],
          "entropy": 0.7898019996461147,
          "rt_area": 3,
          "size": 1
        },
        "size_1_region_1": {
          "region": [
            1
          ],
          "entropy": 0.6737746289305624,
          "rt_area": 3,
          "size": 1
        },
        "size_1_region_2": {
          "region": [
            2
          ],
          "entropy": 0.7898019996461156,
          "rt_area": 3,
          "size": 1
        },
        "size_2_region_0": {
          "region": [
            0,
            1
          ],
          "entropy": 1.0159465344635088,
          "rt_area": 4,
          "size": 2
        },
        "size_2_region_1": {
          "region": [
            0,
            2
          ],
          "entropy": 1.0084285541883202,
          "rt_area": 4,
          "size": 2
        },
        "size_2_region_2": {
          "region": [
            0,
            3
          ],
          "entropy": 1.0159465344635075,
          "rt_area": 4,
          "size": 2
        },
        "size_3_region_0": {
          "region": [
            0,
            1,
            2
          ],
          "entropy": 0.6737746289305663,
          "rt_area": 3,
          "size": 3
        },
        "size_3_region_1": {
          "region": [
            0,
            1,
            3
          ],
          "entropy": 0.7898019996461194,
          "rt_area": 3,
          "size": 3
        },
        "size_3_region_2": {
          "region": [
            0,
            2,
            3
          ],
          "entropy": 0.6737746289305642,
          "rt_area": 3,
          "size": 3
        }
      }
    }
  ],
  "distance_matrix_per_timestep": [
    [
      [
        0.0,
        0.8037880704140402,
        0.5600588571442473,
        0.8037880704140372
      ],
      [
        0.8037880704140402,
        0.0,
        0.8037880704140387,
        1.6075761408280769
      ],
      [
        0.5600588571442473,
        0.8037880704140387,
        0.0,
        0.8037880704140382
      ],
      [
        0.8037880704140372,
        1.6075761408280769,
        0.8037880704140382,
        0.0
      ]
    ]
  ],
  "edge_mi": {
    "0,1": 0.44763009411316856,
    "0,3": 0.4476300941131699,
    "0,2": 0.5711754451039099,
    "1,2": 0.44763009411316923,
    "2,3": 0.44763009411316945
  },
  "distance_matrix": [
    [
      0.0,
      0.8037880704140402,
      0.5600588571442473,
      0.8037880704140372
    ],
    [
      0.8037880704140402,
      0.0,
      0.8037880704140387,
      1.0813991769434326
    ],
    [
      0.5600588571442473,
      0.8037880704140387,
      0.0,
      0.8037880704140382
    ],
    [
      0.8037880704140372,
      1.0813991769434326,
      0.8037880704140382,
      0.0
    ]
  ],
  "shortest_paths": {
    "0": {
      "0": 0,
      "2": 0.5600588571442473,
      "3": 0.8037880704140372,
      "1": 0.8037880704140402
    },
    "1": {
      "1": 0,
      "2": 0.8037880704140387,
      "0": 0.8037880704140402,
      "3": 1.0813991769434326
    },
    "2": {
      "2": 0,
      "0": 0.5600588571442473,
      "3": 0.8037880704140382,
      "1": 0.8037880704140387
    },
    "3": {
      "3": 0,
      "0": 0.8037880704140372,
      "2": 0.8037880704140382,
      "1": 1.0813991769434326
    }
  },
  "gromov_delta": 0.5406995884717178,
  "mean_distance": 0.6070762894679793,
  "angle_sums": [
    4.524718361020358,
    6.085117304549197,
    4.524718361020351,
    6.085117304549193
  ],
  "mean_angle_sum": 5.304917832784775,
  "min_angle_sum": 4.524718361020351,
  "max_angle_sum": 6.085117304549197,
  "angle_sum_deviations": [
    1.3831257074305645,
    2.9435246509594037,
    1.3831257074305583,
    2.9435246509594
  ],
  "triangle_inequality_violations": [],
  "embedding_coords": [
    [
      0.193616214192779,
      0.20934443030751101
    ],
    [
      -0.21292306600931576,
      0.13923229680658247
    ],
    [
      0.21564159401559782,
      -0.18703258497238343
    ],
    [
      -0.19633474219906105,
      -0.16154414214171006
    ]
  ],
  "embedding_coords_3d": [
    [
      -0.2576937262419025,
      0.11326939427629976,
      0.05828391961427814
    ],
    [
      0.12221932808913924,
      0.08016707328840271,
      -0.21127308592710362
    ],
    [
      -0.06672936949446547,
      -0.2789236979413005,
      0.01954028351279188
    ],
    [
      0.20220376764722875,
      0.08548723037659807,
      0.1334488828000336
    ]
  ],
  "edge_weight_variance": 0.008950632222222227,
  "event_nodes": [
    [
      0,
      0
    ],
    [
      1,
      0
    ],
    [
      2,
      0
    ],
    [
      3,
      0
    ]
  ],
  "event_edges": [
    {
      "type": "spatial",
      "from": [
        0,
        0
      ],
      "to": [
        1,
        0
      ],
      "weight": 0.8037880704140402
    },
    {
      "type": "spatial",
      "from": [
        0,
        0
      ],
      "to": [
        2,
        0
      ],
      "weight": 0.5600588571442473
    },
    {
      "type": "spatial",
      "from": [
        0,
        0
      ],
      "to": [
        3,
        0
      ],
      "weight": 0.8037880704140372
    },
    {
      "type": "spatial",
      "from": [
        1,
        0
      ],
      "to": [
        2,
        0
      ],
      "weight": 0.8037880704140387
    },
    {
      "type": "spatial",
      "from": [
        1,
        0
      ],
      "to": [
        3,
        0
      ],
      "weight": 1.6075761408280769
    },
    {
      "type": "spatial",
      "from": [
        2,
        0
      ],
      "to": [
        3,
        0
      ],
      "weight": 0.8037880704140382
    }
  ],
  "lorentzian_dissimilarity": [
    [
      0.0,
      0.646075262139926,
      0.3136659234657204,
      0.6460752621399213
    ],
    [
      0.646075262139926,
      0.0,
      0.6460752621399236,
      2.5843010485596927
    ],
    [
      0.3136659234657204,
      0.6460752621399236,
      0.0,
      0.6460752621399228
    ],
    [
      0.6460752621399213,
      2.5843010485596927,
      0.6460752621399228,
      0.0
    ]
  ],
  "lorentzian_embedding": [
    [
      1.93965929824744e-09,
      0.7227719811514332,
      0.2305061126844269
    ],
    [
      3.8186397369749695e-09,
      -0.11182020385527902,
      0.1879823220513163
    ],
    [
      3.543960210048086e-09,
      0.541811682523687,
      0.7086716647424445
    ],
    [
      4.179187517761261e-09,
      1.376404293934838,
      0.751196972493752
    ]
  ],
  "edge_length_evolution": [],
  "angle_deficit_evolution": [],
  "regge_action_evolution": [],
  "gromov_delta_evolution": [],
  "mass_hinge": null,
  "mass_value": 0.0,
  "matter": {
    "(0, 1)": 0.0,
    "(1, 2)": 0.0,
    "(0, 3)": 0.0,
    "(2, 3)": 0.0,
    "(0, 2)": 0.0,
    "(1, 3)": 0.0
  },
  "stationary_solution": null,
  "einstein_analysis_per_timestep": [
    {
      "ricci_tensor": [
        [
          0.16880103282683698,
          0.0
        ],
        [
          0.0,
          0.16880103282683698
        ]
      ],
      "metric_tensor": [
        [
          1.0337602065653675,
          0.0168801032826837
        ],
        [
          0.0168801032826837,
          1.0337602065653675
        ]
      ],
      "stress_energy_tensor": [
        [
          0.16880103282683698,
          0.0033760206565367394
        ],
        [
          0.0033760206565367394,
          0.16880103282683698
        ]
      ],
      "einstein_solution": {
        "einstein_tensor": [
          [
            0.0,
            0.0
          ],
          [
            0.0,
            0.0
          ]
        ],
        "ricci_scalar": 0.33760206565367396,
        "metric_tensor": [
          [
            1.0,
            0.0
          ],
          [
            0.0,
            1.0
          ]
        ],
        "lhs": [
          [
            0.0,
            0.0
          ],
          [
            0.0,
            0.0
          ]
        ],
        "rhs": [
          [
            0.16880103282683698,
            0.0033760206565367394
          ],
          [
            0.0033760206565367394,
            0.16880103282683698
          ]
        ],
        "equations_satisfied": false,
        "residual": 0.2387684493348326,
        "conservation_violation": 0.16880103282683698,
        "gravitational_constant": 0.039788735772973836,
        "cosmological_constant": 0.0
      },
      "entropy_first_derivative": 0.0,
      "entropy_second_derivative": 0.0,
      "entropy_curvature_correlation": 0.238720704966299,
      "emergent_gravitational_constant": 0.026865518773408398,
      "average_mutual_information": 0.33760206565367396,
      "ricci_scalar": 0.33760206565367396,
      "analysis_summary": {
        "einstein_equations_satisfied": false,
        "residual_magnitude": 0.2387684493348326,
        "conservation_violation": 0.16880103282683698,
        "entropy_evolution_rate": 0.0,
        "entropy_acceleration": 0.0,
        "entanglement_curvature_coupling": 0.238720704966299
      }
    }
  ],
  "bootstrap_analysis": {
    "gromov_delta": {
      "mean": 0.8037880704140399,
      "lower_ci": 0.8037880704140399,
      "upper_ci": 0.8037880704140399,
      "all_values": [
        0.8037880704140399
      ],
      "uncertainty": 0.0
    },
    "entropy": {
      "mean": null,
      "lower_ci": null,
      "upper_ci": null,
      "uncertainty": null
    },
    "distance_matrix": {
      "mean": [
        [
          0.0,
          0.8037880704140402,
          0.5600588571442473,
          0.8037880704140372
        ],
        [
          0.8037880704140402,
          0.0,
          0.8037880704140387,
          1.6075761408280769
        ],
        [
          0.5600588571442473,
          0.8037880704140387,
          0.0,
          0.8037880704140382
        ],
        [
          0.8037880704140372,
          1.6075761408280769,
          0.8037880704140382,
          0.0
        ]
      ],
      "lower_ci": [
        [
          0.0,
          0.8037880704140402,
          0.5600588571442473,
          0.8037880704140372
        ],
        [
          0.8037880704140402,
          0.0,
          0.8037880704140387,
          1.6075761408280769
        ],
        [
          0.5600588571442473,
          0.8037880704140387,
          0.0,
          0.8037880704140382
        ],
        [
          0.8037880704140372,
          1.6075761408280769,
          0.8037880704140382,
          0.0
        ]
      ],
      "upper_ci": [
        [
          0.0,
          0.8037880704140402,
          0.5600588571442473,
          0.8037880704140372
        ],
        [
          0.8037880704140402,
          0.0,
          0.8037880704140387,
          1.6075761408280769
        ],
        [
          0.5600588571442473,
          0.8037880704140387,
          0.0,
          0.8037880704140382
        ],
        [
          0.8037880704140372,
          1.6075761408280769,
          0.8037880704140382,
          0.0
        ]
      ]
    }
  },
  "topology_compatibility": {
    "current_topology": "triangulated",
    "explanation": "Triangulated topology is specifically designed for angle-sum curvature. Creates multiple triangles per vertex, enabling robust local curvature measurements. Each vertex has multiple incident triangles for well-defined angle sums.",
    "supports_local_curvature": true
  },
  "rt_surface_analysis": {
    "region_A": [
      0
    ],
    "region_B": [
      1,
      2,
      3
    ],
    "bulk_point": 2,
    "is_complementary": true,
    "rt_area_AB": 2.167634997972325,
    "rt_area_BA": 2.167634997972325,
    "area_consistent": true,
    "edges_consistent": true,
    "area_difference": 0.0,
    "rt_edges_AB": [
      [
        0,
        1
      ],
      [
        0,
        2
      ],
      [
        0,
        3
      ]
    ],
    "rt_edges_BA": [
      [
        0,
        1
      ],
      [
        0,
        2
      ],
      [
        0,
        3
      ]
    ],
    "edge_lengths": [
      0.8037880704140402,
      0.5600588571442473,
      0.8037880704140372,
      0.8037880704140387,
      1.6075761408280769,
      0.8037880704140382
    ],
    "all_edges": [
      [
        0,
        1
      ],
      [
        0,
        2
      ],
      [
        0,
        3
      ],
      [
        1,
        2
      ],
      [
        1,
        3
      ],
      [
        2,
        3
      ]
    ]
  },
  "bulk_excitation_analysis": {
    "ground_state_mi": [
      [
        0.0,
        0.44763009411316834,
        0.5711754451039102,
        0.4476300941131697
      ],
      [
        0.44763009411316834,
        0.0,
        0.4476300941131697,
        0.3391207036728048
      ],
      [
        0.5711754451039102,
        0.4476300941131697,
        0.0,
        0.4476300941131699
      ],
      [
        0.4476300941131697,
        0.3391207036728048,
        0.4476300941131699,
        0.0
      ]
    ],
    "excited_state_mi": [
      [
        0.0,
        0.49716083030300173,
        0.4746086756564041,
        0.4971608303030004
      ],
      [
        0.49716083030300173,
        0.0,
        0.6884645184314198,
        0.4849707452742904
      ],
      [
        0.4746086756564041,
        0.6884645184314198,
        0.0,
        0.6884645184314198
      ],
      [
        0.4971608303030004,
        0.4849707452742904,
        0.6884645184314198,
        0.0
      ]
    ],
    "mi_difference": [
      [
        0.0,
        0.04953073618983339,
        -0.09656676944750608,
        0.049530736189830726
      ],
      [
        0.04953073618983339,
        0.0,
        0.24083442431825008,
        0.14585004160148562
      ],
      [
        -0.09656676944750608,
        0.24083442431825008,
        0.0,
        0.24083442431824986
      ],
      [
        0.049530736189830726,
        0.14585004160148562,
        0.24083442431824986,
        0.0
      ]
    ],
    "avg_mi_change": 0.10289339150814447,
    "max_mi_change": 0.24083442431825008,
    "mi_change_boundary_A": NaN,
    "mi_change_boundary_B": 0.20917296341266187,
    "bulk_point": 2,
    "ground_state_counts": {
      "1101 1101": 5,
      "0100 0100": 2,
      "0110 0110": 4,
      "1111 1111": 5,
      "1000 1000": 6,
      "1011 1011": 12,
      "0010 0010": 5,
      "0001 0001": 3,
      "0000 0000": 17,
      "1001 1001": 7,
      "1010 1010": 3,
      "0101 0101": 5,
      "0111 0111": 9,
      "1100 1100": 4,
      "0011 0011": 4,
      "1110 1110": 9
    },
    "excited_state_counts": {
      "1000 0110": 2,
      "1110 0000": 6,
      "0010 1110": 1,
      "1110 1000": 1,
      "1010 0100": 1,
      "1011 0011": 1,
      "0011 1101": 4,
      "0100 1110": 4,
      "0101 1011": 5,
      "0010 1000": 2,
      "0001 1101": 1,
      "1001 0111": 1,
      "1110 1100": 1,
      "1100 0010": 4,
      "1101 0011": 2,
      "0000 1110": 7,
      "1100 0000": 2,
      "0100 1010": 3,
      "0101 0011": 1,
      "0101 0111": 1,
      "1010 0000": 5,
      "0111 1101": 1,
      "0001 1011": 3,
      "1010 1100": 1,
      "0111 1001": 3,
      "1000 0010": 3,
      "1111 0101": 3,
      "1100 0110": 1,
      "1101 0111": 4,
      "0000 1010": 3,
      "1111 0001": 2,
      "0100 0110": 1,
      "1000 0000": 3,
      "0001 0111": 2,
      "0010 0000": 3,
      "1001 0011": 1,
      "0110 1100": 1,
      "1001 1011": 1,
      "0010 1100": 2,
      "0001 1111": 1,
      "1111 1001": 1,
      "1011 0101": 1,
      "1011 0001": 1,
      "1011 1101": 1,
      "0010 1010": 1,
      "1110 0100": 1
    },
    "boundary_entropies": {
      "ground_state": {
        "entropy_A": 0.6737746289305663,
        "entropy_B": 0.6737746289305624,
        "mi_AB": 1.347549257861121
      },
      "excited_state": {
        "entropy_A": 0.8906348785192689,
        "entropy_B": 0.8906348785192673,
        "mi_AB": 1.7812697570385274
      },
      "rt_relation_test": {
        "entropy_ratio": 0.9999999999999942,
        "rt_area_ratio": 1.0,
        "rt_deviation": 5.773159728050814e-15,
        "excited_entropy_ratio": 0.9999999999999981,
        "rt_relation_change": 3.885780586188048e-15
      }
    }
  },
  "page_curve_analysis": null,
  "deutsch_ctc_analysis": null,
  "ctc_recovery_analysis": null,
  "einstein_analysis": null,
  "dynamic_evidence": {
    "angle_sums_per_timestep": [
      [
        4.524718361020358,
        3.141592653589793,
        4.524718361020351,
        0.0
      ]
    ],
    "gromov_delta_per_timestep": [
      0.8037880704140399
    ],
    "edge_mi_per_timestep": [
      {
        "0,1": 0.44763009411316856,
        "0,3": 0.4476300941131699,
        "0,2": 0.5711754451039099,
        "1,2": 0.44763009411316923,
        "2,3": 0.44763009411316945
      }
    ],
    "shortest_paths_per_timestep": [
      {
        "0": {
          "0": 0,
          "2": 0.5600588571442473,
          "3": 0.8037880704140372,
          "1": 0.8037880704140402
        },
        "1": {
          "1": 0,
          "2": 0.8037880704140387,
          "0": 0.8037880704140402,
          "3": 1.6075761408280769
        },
        "2": {
          "2": 0,
          "0": 0.5600588571442473,
          "3": 0.8037880704140382,
          "1": 0.8037880704140387
        },
        "3": {
          "3": 0,
          "0": 0.8037880704140372,
          "2": 0.8037880704140382,
          "1": 1.6075761408280769
        }
      }
    ],
    "mean_distance_per_timestep": [
      0.6728484099535599
    ],
    "triangle_violations_per_timestep": [
      0
    ],
    "embedding_coords_per_timestep": [
      [
        [
          0.04259418313576054,
          0.30008829074955246
        ],
        [
          -0.17714364643982886,
          -0.13686733813749388
        ],
        [
          0.2936446504077745,
          -0.07399556255398297
        ],
        [
          -0.15909518710370618,
          -0.08922539005807556
        ]
      ]
    ],
    "regge_evolution_data": null,
    "evolution_summary": {
      "total_timesteps": 1,
      "gromov_delta_range": [
        0.8037880704140399,
        0.8037880704140399
      ],
      "mean_distance_range": [
        0.6728484099535599,
        0.6728484099535599
      ],
      "total_triangle_violations": 0,
      "hyperbolic_evolution": [
        false
      ],
      "regge_corrected": false
    }
  },
  "quantum_state_outputs": [
    {
      "timestep": 1,
      "statevector": [
        {
          "real": -0.28057117674359916,
          "imag": -0.266357688738905
        },
        {
          "real": -0.05036747695484049,
          "imag": -0.17148230066998882
        },
        {
          "real": -0.23581078088868268,
          "imag": -0.1305513408773385
        },
        {
          "real": -0.22548951432187783,
          "imag": -0.0223899306761862
        },
        {
          "real": -0.050367476954840534,
          "imag": -0.1714823006699888
        },
        {
          "real": -0.12244792253189192,
          "imag": -0.19708180957451435
        },
        {
          "real": -0.22548951432187803,
          "imag": -0.02238993067618626
        },
        {
          "real": -0.016683742351970936,
          "imag": 0.2651850019951323
        },
        {
          "real": -0.23581078088868276,
          "imag": -0.1305513408773384
        },
        {
          "real": -0.22548951432187775,
          "imag": -0.022389930676186227
        },
        {
          "real": -0.14973043163010047,
          "imag": -0.09541837351269342
        },
        {
          "real": -0.12954033456966763,
          "imag": 0.25196342689145795
        },
        {
          "real": -0.2254895143218777,
          "imag": -0.022389930676186227
        },
        {
          "real": -0.016683742351970933,
          "imag": 0.2651850019951322
        },
        {
          "real": -0.1295403345696675,
          "imag": 0.25196342689145784
        },
        {
          "real": 0.16116557467696807,
          "imag": -0.15063484057124432
        }
      ],
      "mutual_information_matrix": [
        [
          0.0,
          0.44763009411316856,
          0.5711754451039099,
          0.4476300941131699
        ],
        [
          0.44763009411316856,
          0.0,
          0.44763009411316923,
          0.3391207036728048
        ],
        [
          0.5711754451039099,
          0.44763009411316923,
          0.0,
          0.44763009411316945
        ],
        [
          0.4476300941131699,
          0.3391207036728048,
          0.44763009411316945,
          0.0
        ]
      ],
      "circuit_depth": 42,
      "num_gates": 77
    }
  ],
  "emergent_geometry_teleportation": null,
  "superposition_gravity": null,
  "teleportation_geometry_correlation": null
}