{
  "spec": {
    "num_qubits": 4,
    "topology": "triangulated",
    "custom_edges": "0-1:1.0000,0-2:1.0000,0-3:1.0000,1-2:1.0000,1-3:1.0000,2-3:1.0000",
    "alpha": 0.8,
    "weight": 1.1194000138968192,
    "gamma": -2.2215886381625406e-08,
    "sigma": -5.719804672870113e-08,
    "init_angle": 5.698162912587512e-10,
    "init_angles": null,
    "shots": 100,
    "device": "ibm_brisbane",
    "geometry": "spherical",
    "curvature": 4.5,
    "timesteps": 2,
    "dimension": 2,
    "mass_hinge": null,
    "mass_value": 0.0,
    "solve_regge": false,
    "lorentzian": true,
    "excite": true,
    "fast": false,
    "fast_preset": "balanced",
    "ctc_mode": false,
    "ctc_perturbation": null,
    "ctc_perturbation_strength": 1.0,
    "test_ctc_recovery": false,
    "strong_curvature": true,
    "charge_injection": true,
    "charge_strength": 2.5,
    "charge_location": null,
    "spin_injection": true,
    "spin_strength": 2.0,
    "spin_location": null,
    "edge_floor": 0.001,
    "compute_entropies": true,
    "hyperbolic_triangulation": true,
    "trotter_steps": 8,
    "dt": 0.05,
    "analyze_curvature": true,
    "einstein_solver": true,
    "page_curve": true,
    "radiation_ordering": null,
    "page_curve_timesteps": 15,
    "entropy_method": "hybrid",
    "num_shadows": 100,
    "shots_per_shadow": 1000,
    "num_bases": 20,
    "shots_per_basis": 1000,
    "enhanced_entanglement": false,
    "entanglement_strength": 0.37362940072305434,
    "interpolate_geometry": false,
    "smooth_charge_injection": false,
    "min_qubits_for_continuum": 10,
    "benchmark_against_classical_geometry": false,
    "geometry_fit_metric": "wasserstein,kl,euclidean",
    "verify_noise_robustness": false,
    "run_on_multiple_backends": false,
    "detect_and_flag_causal_loops": true,
    "restrict_information_flow_direction": "bidirectional",
    "filter_noncausal_edges": true,
    "use_ryu_takayanagi_test": true,
    "compare_MI_vs_subsystem_entropy": true,
    "embed_boundary_entropy_in_geometry": true,
    "entropy_engineering": true,
    "target_entropy_pattern": "quantum_gravity",
    "custom_target_entropies": null,
    "entropy_optimization_iterations": 200,
    "entropy_tolerance": 0.05,
    "continue_on_engineering_failure": true,
    "skip_entropy_engineering": false,
    "validate_engineered_geometry": true,
    "enhance_bell_violations": true,
    "bell_entanglement_strength": 4.0,
    "teleportation_circuits": true,
    "long_range_coupling": 3.0,
    "holographic_optimization": true,
    "rt_surface_encoding": true,
    "conformal_symmetry": true,
    "bulk_reconstruction": true,
    "scalable_entanglement": true,
    "parallel_execution": true,
    "memory_optimization": true,
    "circuit_compilation": "optimized",
    "real_hardware": false,
    "error_mitigation": true,
    "zero_noise_extrapolation": true,
    "zne_noise_factors": [
      1.0,
      2.0,
      3.0
    ],
    "zne_extrapolation_method": "polynomial",
    "hardware_calibration": true,
    "noise_characterization": true,
    "backend_name": "ibm_brisbane",
    "quantum_mode": true,
    "quantum_entanglement_strength": 5.0,
    "quantum_circuit_depth": 12,
    "geometric_teleportation": false,
    "teleportation_mode": "both",
    "bridge_strength": 1.0,
    "signal_state": "+",
    "emergent_geometry_teleportation": false,
    "teleportation_node_pairs": "auto",
    "teleportation_embedding_dim": 2,
    "teleportation_fidelity_threshold": 0.7,
    "superposition_gravity": true,
    "massive_bulk_mass_hinge": "0,1,2",
    "massive_bulk_mass_value": 2.0,
    "massless_bulk_mass_hinge": null,
    "massless_bulk_mass_value": 0.0,
    "superposition_control_qubit": 0,
    "superposition_phase": 0.0,
    "interference_analysis": true,
    "classical_mixture_comparison": true,
    "coherence_preservation": true,
    "bulk_reconstruction_method": "mi_embedding"
  },
  "uid": "U8G1TJ",
  "counts_per_timestep": [
    {
      "1100": 13,
      "1010": 4,
      "1110": 9,
      "0101": 8,
      "0111": 7,
      "1000": 5,
      "0000": 6,
      "0100": 3,
      "1001": 5,
      "0011": 4,
      "0110": 7,
      "0010": 6,
      "1111": 6,
      "1101": 7,
      "1011": 5,
      "0001": 5
    },
    {
      "0110": 8,
      "1100": 5,
      "0111": 6,
      "0000": 5,
      "1111": 7,
      "1010": 7,
      "0010": 6,
      "1110": 5,
      "0101": 5,
      "1000": 7,
      "0011": 6,
      "0001": 10,
      "1001": 6,
      "0100": 3,
      "1101": 8,
      "1011": 6
    }
  ],
  "job_ids_per_timestep": [
    "d27tup1ogaas73ct7rgg",
    "d27tuqpogaas73ct7rig"
  ],
  "entropy_per_timestep": [
    3.9107334985255617,
    3.954695602438437
  ],
  "mutual_information_per_timestep": [
    {
      "I_0,1": 0.00025222976624325686,
      "I_0,2": 3.344973141648777e-05,
      "I_0,3": 0.004581633548483503,
      "I_1,2": 3.339016114188662e-05,
      "I_1,3": 0.002974932364759531,
      "I_2,3": 0.005669135181451939
    },
    {
      "I_0,1": 0.00025222976624325686,
      "I_0,2": 3.344973141648777e-05,
      "I_0,3": 0.004581633548483503,
      "I_1,2": 3.339016114188662e-05,
      "I_1,3": 0.002974932364759531,
      "I_2,3": 0.005669135181451939
    }
  ],
  "boundary_entropies_per_timestep": [
    {
      "entropy_A": -0.0,
      "entropy_B": -0.0,
      "mi_AB": 0.0,
      "pure_state_check": true,
      "entropy_difference": 0.0,
      "multiple_regions": {
        "size_1_region_0": {
          "region": [
            0
          ],
          "entropy": 0.6899437584583995,
          "rt_area": 3,
          "size": 1
        },
        "size_1_region_1": {
          "region": [
            1
          ],
          "entropy": 0.6730116670092565,
          "rt_area": 3,
          "size": 1
        },
        "size_2_region_0": {
          "region": [
            0,
            1
          ],
          "entropy": 0.5139566706172256,
          "rt_area": 4,
          "size": 2
        },
        "size_2_region_1": {
          "region": [
            0,
            2
          ],
          "entropy": 0.5269079614313803,
          "rt_area": 4,
          "size": 2
        },
        "size_3_region_0": {
          "region": [
            0,
            1,
            2
          ],
          "entropy": 0.34651533691866615,
          "rt_area": 3,
          "size": 3
        },
        "size_3_region_1": {
          "region": [
            0,
            1,
            3
          ],
          "entropy": 0.3669249912727096,
          "rt_area": 3,
          "size": 3
        }
      }
    },
    {
      "entropy_A": -0.0,
      "entropy_B": -0.0,
      "mi_AB": 0.0,
      "pure_state_check": true,
      "entropy_difference": 0.0,
      "multiple_regions": {
        "size_1_region_0": {
          "region": [
            0
          ],
          "entropy": 0.6929471672244782,
          "rt_area": 3,
          "size": 1
        },
        "size_1_region_1": {
          "region": [
            1
          ],
          "entropy": 0.6913460990017393,
          "rt_area": 3,
          "size": 1
        },
        "size_2_region_0": {
          "region": [
            0,
            1
          ],
          "entropy": 0.583258840128597,
          "rt_area": 4,
          "size": 2
        },
        "size_2_region_1": {
          "region": [
            0,
            2
          ],
          "entropy": 0.5392763414970504,
          "rt_area": 4,
          "size": 2
        },
        "size_3_region_0": {
          "region": [
            0,
            1,
            2
          ],
          "entropy": 0.42270908780599087,
          "rt_area": 3,
          "size": 3
        },
        "size_3_region_1": {
          "region": [
            0,
            1,
            3
          ],
          "entropy": 0.34651533691866615,
          "rt_area": 3,
          "size": 3
        }
      }
    }
  ],
  "distance_matrix_per_timestep": [
    [
      [
        0.0,
        8.285170115056792,
        10.30546680082473,
        5.385699674473094
      ],
      [
        8.285170115056792,
        0.0,
        10.307249277968047,
        13.670869789529885
      ],
      [
        10.30546680082473,
        10.307249277968047,
        0.0,
        5.172718698192764
      ],
      [
        5.385699674473094,
        13.670869789529885,
        5.172718698192764,
        0.0
      ]
    ],
    [
      [
        0.0,
        8.285170115056792,
        10.30546680082473,
        5.385699674473094
      ],
      [
        8.285170115056792,
        0.0,
        10.307249277968047,
        13.670869789529885
      ],
      [
        10.30546680082473,
        10.307249277968047,
        0.0,
        5.172718698192764
      ],
      [
        5.385699674473094,
        13.670869789529885,
        5.172718698192764,
        0.0
      ]
    ]
  ],
  "edge_mi": {
    "0,1": 0.00025222976624325686,
    "0,3": 0.004581633548483503,
    "0,2": 3.344973141648777e-05,
    "1,2": 3.339016114188662e-05,
    "2,3": 0.005669135181451939
  },
  "distance_matrix": [
    [
      0.0,
      8.285170115056792,
      10.30546680082473,
      5.385699674473094
    ],
    [
      8.285170115056792,
      0.0,
      10.307249277968047,
      5.8175339747775885
    ],
    [
      10.30546680082473,
      10.307249277968047,
      0.0,
      5.172718698192764
    ],
    [
      5.385699674473094,
      5.8175339747775885,
      5.172718698192764,
      0.0
    ]
  ],
  "shortest_paths": {
    "0": {
      "0": 0,
      "3": 5.385699674473094,
      "1": 8.285170115056792,
      "2": 10.30546680082473
    },
    "1": {
      "1": 0,
      "3": 5.8175339747775885,
      "0": 8.285170115056792,
      "2": 10.307249277968047
    },
    "2": {
      "2": 0,
      "3": 5.172718698192764,
      "0": 10.30546680082473,
      "1": 10.307249277968047
    },
    "3": {
      "3": 0,
      "2": 5.172718698192764,
      "0": 5.385699674473094,
      "1": 5.8175339747775885
    }
  },
  "gromov_delta": 6.163772981867994,
  "mean_distance": 5.659229817661627,
  "angle_sums": [
    3.141592653589793,
    3.267310576039699,
    9.42477796076938,
    9.42477796076938
  ],
  "mean_angle_sum": 6.314614787792063,
  "min_angle_sum": 3.141592653589793,
  "max_angle_sum": 9.42477796076938,
  "angle_sum_deviations": [
    0.0,
    0.1257179224499061,
    6.283185307179586,
    6.283185307179586
  ],
  "triangle_inequality_violations": [],
  "embedding_coords": [
    [
      0.04847856256171131,
      0.19012519458989027
    ],
    [
      -0.06559851351712681,
      -0.11251040926160667
    ],
    [
      -0.09328541136075058,
      -0.065300178919568
    ],
    [
      0.11040536231616607,
      -0.01231460640871558
    ]
  ],
  "embedding_coords_3d": [
    [
      -0.12735327191365797,
      0.04963516118818401,
      -0.03929615015897577
    ],
    [
      0.04090986444498157,
      -0.09388747143189449,
      -0.05709583459252848
    ],
    [
      -0.048562133185968165,
      -0.05634975141245411,
      -0.08269608985955668
    ],
    [
      0.13500554065464457,
      0.1006020616561646,
      0.17908807461106094
    ]
  ],
  "edge_weight_variance": 0.0,
  "event_nodes": [
    [
      0,
      0
    ],
    [
      1,
      0
    ],
    [
      2,
      0
    ],
    [
      3,
      0
    ],
    [
      0,
      1
    ],
    [
      1,
      1
    ],
    [
      2,
      1
    ],
    [
      3,
      1
    ]
  ],
  "event_edges": [
    {
      "type": "spatial",
      "from": [
        0,
        0
      ],
      "to": [
        1,
        0
      ],
      "weight": 8.285170115056792
    },
    {
      "type": "spatial",
      "from": [
        0,
        0
      ],
      "to": [
        2,
        0
      ],
      "weight": 10.30546680082473
    },
    {
      "type": "spatial",
      "from": [
        0,
        0
      ],
      "to": [
        3,
        0
      ],
      "weight": 5.385699674473094
    },
    {
      "type": "spatial",
      "from": [
        1,
        0
      ],
      "to": [
        2,
        0
      ],
      "weight": 10.307249277968047
    },
    {
      "type": "spatial",
      "from": [
        1,
        0
      ],
      "to": [
        3,
        0
      ],
      "weight": 13.670869789529885
    },
    {
      "type": "spatial",
      "from": [
        2,
        0
      ],
      "to": [
        3,
        0
      ],
      "weight": 5.172718698192764
    },
    {
      "type": "temporal",
      "from": [
        0,
        0
      ],
      "to": [
        0,
        1
      ],
      "weight": 1.0
    },
    {
      "type": "temporal",
      "from": [
        1,
        0
      ],
      "to": [
        1,
        1
      ],
      "weight": 1.0
    },
    {
      "type": "temporal",
      "from": [
        2,
        0
      ],
      "to": [
        2,
        1
      ],
      "weight": 1.0
    },
    {
      "type": "temporal",
      "from": [
        3,
        0
      ],
      "to": [
        3,
        1
      ],
      "weight": 1.0
    },
    {
      "type": "spatial",
      "from": [
        0,
        1
      ],
      "to": [
        1,
        1
      ],
      "weight": 8.285170115056792
    },
    {
      "type": "spatial",
      "from": [
        0,
        1
      ],
      "to": [
        2,
        1
      ],
      "weight": 10.30546680082473
    },
    {
      "type": "spatial",
      "from": [
        0,
        1
      ],
      "to": [
        3,
        1
      ],
      "weight": 5.385699674473094
    },
    {
      "type": "spatial",
      "from": [
        1,
        1
      ],
      "to": [
        2,
        1
      ],
      "weight": 10.307249277968047
    },
    {
      "type": "spatial",
      "from": [
        1,
        1
      ],
      "to": [
        3,
        1
      ],
      "weight": 13.670869789529885
    },
    {
      "type": "spatial",
      "from": [
        2,
        1
      ],
      "to": [
        3,
        1
      ],
      "weight": 5.172718698192764
    }
  ],
  "lorentzian_dissimilarity": [
    [
      0.0,
      68.64404383543017,
      106.20264598290069,
      29.00576098361959,
      -1.0,
      67.64404383543017,
      105.20264598290069,
      28.00576098361959
    ],
    [
      68.64404383543017,
      0.0,
      106.23938767817283,
      186.89268080228086,
      67.64404383543017,
      -1.0,
      105.23938767817283,
      185.89268080228086
    ],
    [
      106.20264598290069,
      106.23938767817283,
      0.0,
      26.75701873063304,
      105.20264598290069,
      105.23938767817283,
      -1.0,
      25.75701873063304
    ],
    [
      29.00576098361959,
      186.89268080228086,
      26.75701873063304,
      0.0,
      28.00576098361959,
      185.89268080228086,
      25.75701873063304,
      -1.0
    ],
    [
      -1.0,
      67.64404383543017,
      105.20264598290069,
      28.00576098361959,
      0.0,
      68.64404383543017,
      106.20264598290069,
      29.00576098361959
    ],
    [
      67.64404383543017,
      -1.0,
      105.23938767817283,
      185.89268080228086,
      68.64404383543017,
      0.0,
      106.23938767817283,
      186.89268080228086
    ],
    [
      105.20264598290069,
      105.23938767817283,
      -1.0,
      25.75701873063304,
      106.20264598290069,
      106.23938767817283,
      0.0,
      26.75701873063304
    ],
    [
      28.00576098361959,
      185.89268080228086,
      25.75701873063304,
      -1.0,
      29.00576098361959,
      186.89268080228086,
      26.75701873063304,
      0.0
    ]
  ],
  "lorentzian_embedding": [
    [
      0.1432961402606125,
      -0.645040072566658,
      3.489466428621933
    ],
    [
      1.132629613534866,
      -6.941161429291217,
      -1.9402448308328273
    ],
    [
      -3.959090273337928,
      3.4573069490133626,
      -6.791725814365475
    ],
    [
      4.683153179943657,
      6.332644990504111,
      2.835207468843079
    ],
    [
      0.14329130892053038,
      -0.6450412030243403,
      3.489464695346214
    ],
    [
      1.132634274672294,
      -6.941162765809897,
      -1.94023916728279
    ],
    [
      -3.959102145710906,
      3.4573062209467342,
      -6.791734326617022
    ],
    [
      4.683157201770905,
      6.332642757562364,
      2.835213280303753
    ]
  ],
  "edge_length_evolution": [],
  "angle_deficit_evolution": [],
  "regge_action_evolution": [],
  "gromov_delta_evolution": [],
  "mass_hinge": null,
  "mass_value": 0.0,
  "matter": [
    {
      "(0, 1)": 0.0,
      "(1, 2)": 0.0,
      "(0, 3)": 0.0,
      "(2, 3)": 0.0,
      "(0, 2)": 0.0,
      "(1, 3)": 0.0
    },
    {
      "(0, 1)": 0.0,
      "(1, 2)": 0.0,
      "(0, 3)": 0.0,
      "(2, 3)": 0.0,
      "(0, 2)": 0.0,
      "(1, 3)": 0.0
    }
  ],
  "stationary_solution": null,
  "einstein_analysis_per_timestep": [
    {
      "ricci_tensor": [
        [
          0.0008465481720935377,
          0.0
        ],
        [
          0.0,
          0.0008465481720935377
        ]
      ],
      "metric_tensor": [
        [
          1.0001693096344186,
          8.465481720935377e-05
        ],
        [
          8.465481720935377e-05,
          1.0001693096344186
        ]
      ],
      "stress_energy_tensor": [
        [
          0.0008465481720935377,
          1.6930963441870756e-05
        ],
        [
          1.6930963441870756e-05,
          0.0008465481720935377
        ]
      ],
      "einstein_solution": {
        "einstein_tensor": [
          [
            0.0,
            0.0
          ],
          [
            0.0,
            0.0
          ]
        ],
        "ricci_scalar": 0.0016930963441870754,
        "metric_tensor": [
          [
            1.0,
            0.0
          ],
          [
            0.0,
            1.0
          ]
        ],
        "lhs": [
          [
            0.0,
            0.0
          ],
          [
            0.0,
            0.0
          ]
        ],
        "rhs": [
          [
            0.0008465481720935377,
            1.6930963441870756e-05
          ],
          [
            1.6930963441870756e-05,
            0.0008465481720935377
          ]
        ],
        "equations_satisfied": false,
        "residual": 0.0011974393222188586,
        "conservation_violation": 0.0008465481720935377,
        "gravitational_constant": 0.039788735772973836,
        "cosmological_constant": 0.0
      },
      "entropy_first_derivative": 0.0,
      "entropy_second_derivative": 0.0,
      "entropy_curvature_correlation": 0.0011971949061977158,
      "emergent_gravitational_constant": 0.000134732326154095,
      "average_mutual_information": 0.0016930963441870754,
      "ricci_scalar": 0.0016930963441870754,
      "analysis_summary": {
        "einstein_equations_satisfied": false,
        "residual_magnitude": 0.0011974393222188586,
        "conservation_violation": 0.0008465481720935377,
        "entropy_evolution_rate": 0.0,
        "entropy_acceleration": 0.0,
        "entanglement_curvature_coupling": 0.0011971949061977158
      }
    },
    {
      "ricci_tensor": [
        [
          0.0008465481720935377,
          0.0
        ],
        [
          0.0,
          0.0008465481720935377
        ]
      ],
      "metric_tensor": [
        [
          1.0001693096344186,
          8.465481720935377e-05
        ],
        [
          8.465481720935377e-05,
          1.0001693096344186
        ]
      ],
      "stress_energy_tensor": [
        [
          0.0008465481720935377,
          1.6930963441870756e-05
        ],
        [
          1.6930963441870756e-05,
          0.0008465481720935377
        ]
      ],
      "einstein_solution": {
        "einstein_tensor": [
          [
            0.0,
            0.0
          ],
          [
            0.0,
            0.0
          ]
        ],
        "ricci_scalar": 0.0016930963441870754,
        "metric_tensor": [
          [
            1.0,
            0.0
          ],
          [
            0.0,
            1.0
          ]
        ],
        "lhs": [
          [
            0.0,
            0.0
          ],
          [
            0.0,
            0.0
          ]
        ],
        "rhs": [
          [
            0.0008465481720935377,
            1.6930963441870756e-05
          ],
          [
            1.6930963441870756e-05,
            0.0008465481720935377
          ]
        ],
        "equations_satisfied": false,
        "residual": 0.0011974393222188586,
        "conservation_violation": 0.0008465481720935377,
        "gravitational_constant": 0.039788735772973836,
        "cosmological_constant": 0.0
      },
      "entropy_first_derivative": 0.0,
      "entropy_second_derivative": 0.0,
      "entropy_curvature_correlation": 0.0011971949061977158,
      "emergent_gravitational_constant": 0.000134732326154095,
      "average_mutual_information": 0.0016930963441870754,
      "ricci_scalar": 0.0016930963441870754,
      "analysis_summary": {
        "einstein_equations_satisfied": false,
        "residual_magnitude": 0.0011974393222188586,
        "conservation_violation": 0.0008465481720935377,
        "entropy_evolution_rate": 0.0,
        "entropy_acceleration": 0.0,
        "entanglement_curvature_coupling": 0.0011971949061977158
      }
    }
  ],
  "bootstrap_analysis": {
    "gromov_delta": {
      "mean": 9.402700184652584,
      "lower_ci": 9.402700184652584,
      "upper_ci": 9.402700184652584,
      "all_values": [
        9.402700184652584,
        9.402700184652584
      ],
      "uncertainty": 0.0
    },
    "entropy": {
      "mean": 3.9327145504819994,
      "lower_ci": 3.9107334985255617,
      "upper_ci": 3.954695602438437,
      "uncertainty": 0.021981051956437625
    },
    "distance_matrix": {
      "mean": [
        [
          0.0,
          8.285170115056792,
          10.30546680082473,
          5.385699674473094
        ],
        [
          8.285170115056792,
          0.0,
          10.307249277968047,
          13.670869789529885
        ],
        [
          10.30546680082473,
          10.307249277968047,
          0.0,
          5.172718698192764
        ],
        [
          5.385699674473094,
          13.670869789529885,
          5.172718698192764,
          0.0
        ]
      ],
      "lower_ci": [
        [
          0.0,
          8.285170115056792,
          10.30546680082473,
          5.385699674473094
        ],
        [
          8.285170115056792,
          0.0,
          10.307249277968047,
          13.670869789529885
        ],
        [
          10.30546680082473,
          10.307249277968047,
          0.0,
          5.172718698192764
        ],
        [
          5.385699674473094,
          13.670869789529885,
          5.172718698192764,
          0.0
        ]
      ],
      "upper_ci": [
        [
          0.0,
          8.285170115056792,
          10.30546680082473,
          5.385699674473094
        ],
        [
          8.285170115056792,
          0.0,
          10.307249277968047,
          13.670869789529885
        ],
        [
          10.30546680082473,
          10.307249277968047,
          0.0,
          5.172718698192764
        ],
        [
          5.385699674473094,
          13.670869789529885,
          5.172718698192764,
          0.0
        ]
      ]
    }
  },
  "topology_compatibility": {
    "current_topology": "triangulated",
    "explanation": "Triangulated topology is specifically designed for angle-sum curvature. Creates multiple triangles per vertex, enabling robust local curvature measurements. Each vertex has multiple incident triangles for well-defined angle sums.",
    "supports_local_curvature": true
  },
  "rt_surface_analysis": {
    "region_A": [
      0
    ],
    "region_B": [
      1,
      2,
      3
    ],
    "bulk_point": 2,
    "is_complementary": true,
    "rt_area_AB": 23.976336590354617,
    "rt_area_BA": 23.976336590354617,
    "area_consistent": true,
    "edges_consistent": true,
    "area_difference": 0.0,
    "rt_edges_AB": [
      [
        0,
        1
      ],
      [
        0,
        2
      ],
      [
        0,
        3
      ]
    ],
    "rt_edges_BA": [
      [
        0,
        1
      ],
      [
        0,
        2
      ],
      [
        0,
        3
      ]
    ],
    "edge_lengths": [
      8.285170115056792,
      10.30546680082473,
      5.385699674473094,
      10.307249277968047,
      13.670869789529885,
      5.172718698192764
    ],
    "all_edges": [
      [
        0,
        1
      ],
      [
        0,
        2
      ],
      [
        0,
        3
      ],
      [
        1,
        2
      ],
      [
        1,
        3
      ],
      [
        2,
        3
      ]
    ]
  },
  "bulk_excitation_analysis": {
    "ground_state_mi": [
      [
        0.0,
        0.1522780633619219,
        0.13312084548072706,
        0.1522780633619228
      ],
      [
        0.1522780633619219,
        0.0,
        0.15227806336192434,
        0.11010516123190234
      ],
      [
        0.13312084548072706,
        0.15227806336192434,
        0.0,
        0.15227806336192412
      ],
      [
        0.1522780633619228,
        0.11010516123190234,
        0.15227806336192412,
        0.0
      ]
    ],
    "excited_state_mi": [
      [
        0.0,
        0.14788952486229368,
        0.11988483169009756,
        0.1478895248622924
      ],
      [
        0.14788952486229368,
        0.0,
        0.24845053704992243,
        0.12873395494719386
      ],
      [
        0.11988483169009756,
        0.24845053704992243,
        0.0,
        0.2484505370499216
      ],
      [
        0.1478895248622924,
        0.12873395494719386,
        0.2484505370499216,
        0.0
      ]
    ],
    "mi_difference": [
      [
        0.0,
        -0.004388538499628225,
        -0.013236013790629497,
        -0.00438853849963039
      ],
      [
        -0.004388538499628225,
        0.0,
        0.09617247368799808,
        0.018628793715291525
      ],
      [
        -0.013236013790629497,
        0.09617247368799808,
        0.0,
        0.09617247368799747
      ],
      [
        -0.00438853849963039,
        0.018628793715291525,
        0.09617247368799747,
        0.0
      ]
    ],
    "avg_mi_change": 0.0291233539851469,
    "max_mi_change": 0.09617247368799808,
    "mi_change_boundary_A": NaN,
    "mi_change_boundary_B": 0.07032458036376237,
    "bulk_point": 2,
    "ground_state_counts": {
      "counts": {
        "0011": 9,
        "1001": 15,
        "0001": 7,
        "0100": 5,
        "0101": 1,
        "1110": 9,
        "1010": 7,
        "1101": 4,
        "1011": 7,
        "0111": 8,
        "1111": 7,
        "0110": 6,
        "0000": 3,
        "0010": 5,
        "1100": 3,
        "1000": 4
      },
      "job_id": "d27tus1ogaas73ct7rk0",
      "mutual_information": {
        "I_0,1": 0.008525297022064268,
        "I_0,2": 0.029536293971277564,
        "I_0,3": 0.0003248107603491578,
        "I_1,2": 0.03141095124187115,
        "I_1,3": 0.007426110056353026,
        "I_2,3": 0.001392297058203094
      }
    },
    "excited_state_counts": {
      "counts": {
        "1001": 6,
        "1100": 6,
        "0111": 4,
        "1000": 7,
        "0110": 9,
        "0010": 10,
        "1111": 7,
        "0011": 4,
        "0000": 5,
        "1011": 6,
        "0001": 10,
        "1010": 8,
        "0100": 8,
        "1110": 5,
        "0101": 2,
        "1101": 3
      },
      "job_id": "d27tut929u8s73f8l890",
      "mutual_information": {
        "I_0,1": 0.0018869381104316026,
        "I_0,2": 0.007426110056353026,
        "I_0,3": 0.004018143048492375,
        "I_1,2": 0.0033219513652911065,
        "I_1,3": 0.0003638906329236583,
        "I_2,3": 1.6890290317730884e-05
      }
    },
    "boundary_entropies": {
      "ground_state": {
        "entropy_A": 0.21669347450495619,
        "entropy_B": 0.21669347450495374,
        "mi_AB": 0.43338694900990893
      },
      "excited_state": {
        "entropy_A": 0.28290638435173115,
        "entropy_B": 0.2829063843517281,
        "mi_AB": 0.5658127687034581
      },
      "rt_relation_test": {
        "entropy_ratio": 0.9999999999999887,
        "rt_area_ratio": 1.0,
        "rt_deviation": 1.1324274851176597e-14,
        "excited_entropy_ratio": 0.9999999999999892,
        "rt_relation_change": 5.551115123125783e-16
      }
    }
  },
  "page_curve_analysis": null,
  "deutsch_ctc_analysis": null,
  "ctc_recovery_analysis": null,
  "einstein_analysis": null,
  "dynamic_evidence": {
    "angle_sums_per_timestep": [
      [
        3.141592653589793,
        0.0,
        9.42477796076938,
        3.141592653589793
      ],
      [
        3.141592653589793,
        0.0,
        9.42477796076938,
        3.141592653589793
      ]
    ],
    "gromov_delta_per_timestep": [
      9.402700184652584,
      9.402700184652584
    ],
    "edge_mi_per_timestep": [
      {
        "0,1": 0.00025222976624325686,
        "0,3": 0.004581633548483503,
        "0,2": 3.344973141648777e-05,
        "1,2": 3.339016114188662e-05,
        "2,3": 0.005669135181451939
      },
      {
        "0,1": 0.00025222976624325686,
        "0,3": 0.004581633548483503,
        "0,2": 3.344973141648777e-05,
        "1,2": 3.339016114188662e-05,
        "2,3": 0.005669135181451939
      }
    ],
    "shortest_paths_per_timestep": [
      {
        "0": {
          "0": 0,
          "3": 5.385699674473094,
          "1": 8.285170115056792,
          "2": 10.30546680082473
        },
        "1": {
          "1": 0,
          "0": 8.285170115056792,
          "2": 10.307249277968047,
          "3": 13.670869789529885
        },
        "2": {
          "2": 0,
          "3": 5.172718698192764,
          "0": 10.30546680082473,
          "1": 10.307249277968047
        },
        "3": {
          "3": 0,
          "2": 5.172718698192764,
          "0": 5.385699674473094,
          "1": 13.670869789529885
        }
      },
      {
        "0": {
          "0": 0,
          "3": 5.385699674473094,
          "1": 8.285170115056792,
          "2": 10.30546680082473
        },
        "1": {
          "1": 0,
          "0": 8.285170115056792,
          "2": 10.307249277968047,
          "3": 13.670869789529885
        },
        "2": {
          "2": 0,
          "3": 5.172718698192764,
          "0": 10.30546680082473,
          "1": 10.307249277968047
        },
        "3": {
          "3": 0,
          "2": 5.172718698192764,
          "0": 5.385699674473094,
          "1": 13.670869789529885
        }
      }
    ],
    "mean_distance_per_timestep": [
      6.6408967945056645,
      6.6408967945056645
    ],
    "triangle_violations_per_timestep": [
      0,
      0
    ],
    "embedding_coords_per_timestep": [
      [
        [
          0.04594484139672635,
          0.1758767837543086
        ],
        [
          -0.13796073374529866,
          -0.09388134140663544
        ],
        [
          -0.11750405786653106,
          -0.024724498152485404
        ],
        [
          0.20951995021510333,
          -0.05727094419518773
        ]
      ],
      [
        [
          0.04594484139672635,
          0.1758767837543086
        ],
        [
          -0.13796073374529866,
          -0.09388134140663544
        ],
        [
          -0.11750405786653106,
          -0.024724498152485404
        ],
        [
          0.20951995021510333,
          -0.05727094419518773
        ]
      ]
    ],
    "regge_evolution_data": null,
    "evolution_summary": {
      "total_timesteps": 2,
      "gromov_delta_range": [
        9.402700184652584,
        9.402700184652584
      ],
      "mean_distance_range": [
        6.6408967945056645,
        6.6408967945056645
      ],
      "total_triangle_violations": 0,
      "hyperbolic_evolution": [
        false,
        false
      ],
      "regge_corrected": false
    }
  },
  "quantum_state_outputs": [
    {
      "timestep": 1,
      "statevector": null,
      "mutual_information_matrix": [
        [
          0.0,
          0.00025222976624325686,
          3.344973141648777e-05,
          0.004581633548483503
        ],
        [
          0.00025222976624325686,
          0.0,
          3.339016114188662e-05,
          0.002974932364759531
        ],
        [
          3.344973141648777e-05,
          3.339016114188662e-05,
          0.0,
          0.005669135181451939
        ],
        [
          0.004581633548483503,
          0.002974932364759531,
          0.005669135181451939,
          0.0
        ]
      ],
      "counts": {
        "1100": 13,
        "1010": 4,
        "1110": 9,
        "0101": 8,
        "0111": 7,
        "1000": 5,
        "0000": 6,
        "0100": 3,
        "1001": 5,
        "0011": 4,
        "0110": 7,
        "0010": 6,
        "1111": 6,
        "1101": 7,
        "1011": 5,
        "0001": 5
      },
      "job_id": "d27tup1ogaas73ct7rgg",
      "device": "ibm_brisbane"
    },
    {
      "timestep": 2,
      "statevector": null,
      "mutual_information_matrix": [
        [
          0.0,
          0.005207041204297429,
          0.0003107023456588127,
          0.0002349063594603868
        ],
        [
          0.005207041204297429,
          0.0,
          0.003314111111737527,
          0.00081697411279027
        ],
        [
          0.0003107023456588127,
          0.003314111111737527,
          0.0,
          0.0008524299007599719
        ],
        [
          0.0002349063594603868,
          0.00081697411279027,
          0.0008524299007599719,
          0.0
        ]
      ],
      "counts": {
        "0110": 8,
        "1100": 5,
        "0111": 6,
        "0000": 5,
        "1111": 7,
        "1010": 7,
        "0010": 6,
        "1110": 5,
        "0101": 5,
        "1000": 7,
        "0011": 6,
        "0001": 10,
        "1001": 6,
        "0100": 3,
        "1101": 8,
        "1011": 6
      },
      "job_id": "d27tuqpogaas73ct7rig",
      "device": "ibm_brisbane"
    }
  ],
  "emergent_geometry_teleportation": null,
  "superposition_gravity": null,
  "teleportation_geometry_correlation": null
}