{
  "spec": {
    "num_qubits": 4,
    "topology": "triangulated",
    "custom_edges": "0-1:1.0000,0-2:1.0000,0-3:1.0000,1-2:1.0000,1-3:1.0000,2-3:1.0000",
    "alpha": 0.8,
    "weight": 1.1660587178955997,
    "gamma": 0.3941177625901736,
    "sigma": 0.19211675147485874,
    "init_angle": 2.707353206431682,
    "init_angles": null,
    "shots": 100,
    "device": "simulator",
    "geometry": "spherical",
    "curvature": 4.5,
    "timesteps": 3,
    "dimension": 2,
    "mass_hinge": null,
    "mass_value": 0.0,
    "solve_regge": false,
    "lorentzian": true,
    "excite": true,
    "fast": false,
    "fast_preset": "balanced",
    "ctc_mode": false,
    "ctc_perturbation": null,
    "ctc_perturbation_strength": 1.0,
    "test_ctc_recovery": false,
    "strong_curvature": true,
    "charge_injection": true,
    "charge_strength": 2.5,
    "charge_location": null,
    "spin_injection": true,
    "spin_strength": 2.0,
    "spin_location": null,
    "edge_floor": 0.001,
    "compute_entropies": true,
    "hyperbolic_triangulation": true,
    "trotter_steps": 8,
    "dt": 0.05,
    "analyze_curvature": true,
    "einstein_solver": true,
    "page_curve": true,
    "radiation_ordering": null,
    "page_curve_timesteps": 15,
    "entropy_method": "hybrid",
    "num_shadows": 100,
    "shots_per_shadow": 1000,
    "num_bases": 20,
    "shots_per_basis": 1000,
    "enhanced_entanglement": false,
    "entanglement_strength": 0.9004189587973761,
    "interpolate_geometry": false,
    "smooth_charge_injection": false,
    "min_qubits_for_continuum": 10,
    "benchmark_against_classical_geometry": false,
    "geometry_fit_metric": "wasserstein,kl,euclidean",
    "verify_noise_robustness": false,
    "run_on_multiple_backends": false,
    "detect_and_flag_causal_loops": true,
    "restrict_information_flow_direction": "bidirectional",
    "filter_noncausal_edges": true,
    "use_ryu_takayanagi_test": true,
    "compare_MI_vs_subsystem_entropy": true,
    "embed_boundary_entropy_in_geometry": true,
    "entropy_engineering": true,
    "target_entropy_pattern": "quantum_gravity",
    "custom_target_entropies": null,
    "entropy_optimization_iterations": 200,
    "entropy_tolerance": 0.05,
    "continue_on_engineering_failure": true,
    "skip_entropy_engineering": false,
    "validate_engineered_geometry": true,
    "enhance_bell_violations": true,
    "bell_entanglement_strength": 4.0,
    "teleportation_circuits": true,
    "long_range_coupling": 3.0,
    "holographic_optimization": true,
    "rt_surface_encoding": true,
    "conformal_symmetry": true,
    "bulk_reconstruction": true,
    "scalable_entanglement": true,
    "parallel_execution": true,
    "memory_optimization": true,
    "circuit_compilation": "optimized",
    "real_hardware": false,
    "error_mitigation": true,
    "zero_noise_extrapolation": true,
    "zne_noise_factors": [
      1.0,
      2.0,
      3.0
    ],
    "zne_extrapolation_method": "polynomial",
    "hardware_calibration": true,
    "noise_characterization": true,
    "backend_name": "ibm_brisbane",
    "quantum_mode": true,
    "quantum_entanglement_strength": 5.0,
    "quantum_circuit_depth": 12,
    "geometric_teleportation": false,
    "teleportation_mode": "both",
    "bridge_strength": 1.0,
    "signal_state": "+",
    "emergent_geometry_teleportation": false,
    "teleportation_node_pairs": "auto",
    "teleportation_embedding_dim": 2,
    "teleportation_fidelity_threshold": 0.7,
    "superposition_gravity": true,
    "massive_bulk_mass_hinge": "2",
    "massive_bulk_mass_value": 1.0,
    "massless_bulk_mass_hinge": "None",
    "massless_bulk_mass_value": 0.0,
    "superposition_control_qubit": 0,
    "superposition_phase": 0.0,
    "interference_analysis": true,
    "classical_mixture_comparison": true,
    "coherence_preservation": true,
    "bulk_reconstruction_method": "mi_embedding"
  },
  "uid": "63XJA2",
  "counts_per_timestep": [
    null,
    null,
    null
  ],
  "job_ids_per_timestep": [
    null,
    null,
    null
  ],
  "entropy_per_timestep": [
    null,
    null,
    null
  ],
  "mutual_information_per_timestep": [
    {
      "I_0,1": 0.001974361486309476,
      "I_0,2": 0.012255407977559333,
      "I_0,3": 0.001974361486309655,
      "I_1,2": 0.0019743614863102135,
      "I_1,3": 0.000466177957388755,
      "I_2,3": 0.001974361486309804
    },
    {
      "I_0,1": 0.2619660455694267,
      "I_0,2": 0.3149530217193578,
      "I_0,3": 0.2619660455694266,
      "I_1,2": 0.26196604556942615,
      "I_1,3": 0.16511284406747717,
      "I_2,3": 0.2619660455694275
    },
    {
      "I_0,1": 0.2078495286171318,
      "I_0,2": 0.47389021285202537,
      "I_0,3": 0.20784952861713268,
      "I_1,2": 0.20784952861713257,
      "I_1,3": 0.3706709327679695,
      "I_2,3": 0.20784952861713246
    }
  ],
  "boundary_entropies_per_timestep": [
    {
      "entropy_A": 0.0021843038623466948,
      "entropy_B": 0.002184303862346229,
      "mi_AB": 0.0043686077246906175,
      "pure_state_check": true,
      "entropy_difference": 4.657732532997727e-16,
      "multiple_regions": {
        "size_1_region_0": {
          "region": [
            0
          ],
          "entropy": 0.008078918872430613,
          "rt_area": 3,
          "size": 1
        },
        "size_1_region_1": {
          "region": [
            1
          ],
          "entropy": 0.002184303862346146,
          "rt_area": 3,
          "size": 1
        },
        "size_1_region_2": {
          "region": [
            2
          ],
          "entropy": 0.008078918872430792,
          "rt_area": 3,
          "size": 1
        },
        "size_2_region_0": {
          "region": [
            0,
            1
          ],
          "entropy": 0.00828886124846711,
          "rt_area": 4,
          "size": 2
        },
        "size_2_region_1": {
          "region": [
            0,
            2
          ],
          "entropy": 0.0039024297673019514,
          "rt_area": 4,
          "size": 2
        },
        "size_2_region_2": {
          "region": [
            0,
            3
          ],
          "entropy": 0.008288861248466872,
          "rt_area": 4,
          "size": 2
        },
        "size_3_region_0": {
          "region": [
            0,
            1,
            2
          ],
          "entropy": 0.0021843038623466948,
          "rt_area": 3,
          "size": 3
        },
        "size_3_region_1": {
          "region": [
            0,
            1,
            3
          ],
          "entropy": 0.008078918872429465,
          "rt_area": 3,
          "size": 3
        },
        "size_3_region_2": {
          "region": [
            0,
            2,
            3
          ],
          "entropy": 0.002184303862347538,
          "rt_area": 3,
          "size": 3
        }
      }
    },
    {
      "entropy_A": 0.3556252963268825,
      "entropy_B": 0.35562529632687956,
      "mi_AB": 0.7112505926537542,
      "pure_state_check": true,
      "entropy_difference": 2.942091015256665e-15,
      "multiple_regions": {
        "size_1_region_0": {
          "region": [
            0
          ],
          "entropy": 0.43054538515282165,
          "rt_area": 3,
          "size": 1
        },
        "size_1_region_1": {
          "region": [
            1
          ],
          "entropy": 0.3556252963268799,
          "rt_area": 3,
          "size": 1
        },
        "size_1_region_2": {
          "region": [
            2
          ],
          "entropy": 0.43054538515282204,
          "rt_area": 3,
          "size": 1
        },
        "size_2_region_0": {
          "region": [
            0,
            1
          ],
          "entropy": 0.5242046359102749,
          "rt_area": 4,
          "size": 2
        },
        "size_2_region_1": {
          "region": [
            0,
            2
          ],
          "entropy": 0.5461377485862856,
          "rt_area": 4,
          "size": 2
        },
        "size_2_region_2": {
          "region": [
            0,
            3
          ],
          "entropy": 0.5242046359102746,
          "rt_area": 4,
          "size": 2
        },
        "size_3_region_0": {
          "region": [
            0,
            1,
            2
          ],
          "entropy": 0.3556252963268825,
          "rt_area": 3,
          "size": 3
        },
        "size_3_region_1": {
          "region": [
            0,
            1,
            3
          ],
          "entropy": 0.4305453851528252,
          "rt_area": 3,
          "size": 3
        },
        "size_3_region_2": {
          "region": [
            0,
            2,
            3
          ],
          "entropy": 0.35562529632688245,
          "rt_area": 3,
          "size": 3
        }
      }
    },
    {
      "entropy_A": 0.47502100608774606,
      "entropy_B": 0.4750210060877435,
      "mi_AB": 0.950042012175479,
      "pure_state_check": true,
      "entropy_difference": 2.55351295663786e-15,
      "multiple_regions": {
        "size_1_region_0": {
          "region": [
            0
          ],
          "entropy": 0.5266306461297716,
          "rt_area": 3,
          "size": 1
        },
        "size_1_region_1": {
          "region": [
            1
          ],
          "entropy": 0.47502100608774356,
          "rt_area": 3,
          "size": 1
        },
        "size_1_region_2": {
          "region": [
            2
          ],
          "entropy": 0.5266306461297718,
          "rt_area": 3,
          "size": 1
        },
        "size_2_region_0": {
          "region": [
            0,
            1
          ],
          "entropy": 0.7938021236003834,
          "rt_area": 4,
          "size": 2
        },
        "size_2_region_1": {
          "region": [
            0,
            2
          ],
          "entropy": 0.5793710794075183,
          "rt_area": 4,
          "size": 2
        },
        "size_2_region_2": {
          "region": [
            0,
            3
          ],
          "entropy": 0.7938021236003827,
          "rt_area": 4,
          "size": 2
        },
        "size_3_region_0": {
          "region": [
            0,
            1,
            2
          ],
          "entropy": 0.47502100608774606,
          "rt_area": 3,
          "size": 3
        },
        "size_3_region_1": {
          "region": [
            0,
            1,
            3
          ],
          "entropy": 0.5266306461297761,
          "rt_area": 3,
          "size": 3
        },
        "size_3_region_2": {
          "region": [
            0,
            2,
            3
          ],
          "entropy": 0.4750210060877447,
          "rt_area": 3,
          "size": 3
        }
      }
    }
  ],
  "distance_matrix_per_timestep": [
    [
      [
        0.0,
        6.227510230972292,
        4.401787971853668,
        6.227510230972201
      ],
      [
        6.227510230972292,
        0.0,
        6.227510230971918,
        12.455020461944043
      ],
      [
        4.401787971853668,
        6.227510230971918,
        0.0,
        6.2275102309721255
      ],
      [
        6.227510230972201,
        12.455020461944043,
        6.2275102309721255,
        0.0
      ]
    ],
    [
      [
        0.0,
        1.339540380682722,
        1.155331788677456,
        1.3395403806827224
      ],
      [
        1.339540380682722,
        0.0,
        1.3395403806827242,
        2.6790807613654435
      ],
      [
        1.155331788677456,
        1.3395403806827242,
        0.0,
        1.339540380682719
      ],
      [
        1.3395403806827224,
        2.6790807613654435,
        1.339540380682719,
        0.0
      ]
    ],
    [
      [
        0.0,
        1.570940881185356,
        0.7467796025704003,
        1.5709408811853518
      ],
      [
        1.570940881185356,
        0.0,
        1.5709408811853522,
        3.141881762370705
      ],
      [
        0.7467796025704003,
        1.5709408811853522,
        0.0,
        1.570940881185353
      ],
      [
        1.5709408811853518,
        3.141881762370705,
        1.570940881185353,
        0.0
      ]
    ]
  ],
  "edge_mi": {
    "0,1": 0.2078495286171318,
    "0,3": 0.20784952861713268,
    "0,2": 0.47389021285202537,
    "1,2": 0.20784952861713257,
    "2,3": 0.20784952861713246
  },
  "distance_matrix": [
    [
      0.0,
      1.570940881185356,
      0.7467796025704003,
      1.5709408811853518
    ],
    [
      1.570940881185356,
      0.0,
      1.5709408811853522,
      0.9924405836398454
    ],
    [
      0.7467796025704003,
      1.5709408811853522,
      0.0,
      1.570940881185353
    ],
    [
      1.5709408811853518,
      0.9924405836398454,
      1.570940881185353,
      0.0
    ]
  ],
  "shortest_paths": {
    "0": {
      "0": 0,
      "2": 0.7467796025704003,
      "3": 1.5709408811853518,
      "1": 1.570940881185356
    },
    "1": {
      "1": 0,
      "3": 0.9924405836398454,
      "2": 1.5709408811853522,
      "0": 1.570940881185356
    },
    "2": {
      "2": 0,
      "0": 0.7467796025704003,
      "1": 1.5709408811853522,
      "3": 1.570940881185353
    },
    "3": {
      "3": 0,
      "1": 0.9924405836398454,
      "0": 1.5709408811853518,
      "2": 1.570940881185353
    }
  },
  "gromov_delta": 1.197551079900154,
  "mean_distance": 1.0028729638689573,
  "angle_sums": [
    3.141592653589793,
    3.141592653589793,
    3.141592653589793,
    3.141592653589793
  ],
  "mean_angle_sum": 3.141592653589793,
  "min_angle_sum": 3.141592653589793,
  "max_angle_sum": 3.141592653589793,
  "angle_sum_deviations": [
    0.0,
    0.0,
    0.0,
    0.0
  ],
  "triangle_inequality_violations": [],
  "embedding_coords": [
    [
      -0.017537707122465933,
      0.07709119861866409
    ],
    [
      0.04649562052416268,
      -0.08542889389097218
    ],
    [
      0.01767426972714808,
      -0.07684143120625782
    ],
    [
      -0.04663218312884482,
      0.08517912647856594
    ]
  ],
  "embedding_coords_3d": [
    [
      0.013649241285148758,
      -0.010287435263306836,
      -0.09122385748688103
    ],
    [
      -0.04333006223984705,
      0.011844130632456209,
      0.08067895736410464
    ],
    [
      -0.014096777202631647,
      0.00970793667712753,
      0.08252325133147366
    ],
    [
      0.04377759815732994,
      -0.011264632046276899,
      -0.07197835120869733
    ]
  ],
  "edge_weight_variance": 0.0,
  "event_nodes": [
    [
      0,
      0
    ],
    [
      1,
      0
    ],
    [
      2,
      0
    ],
    [
      3,
      0
    ],
    [
      0,
      1
    ],
    [
      1,
      1
    ],
    [
      2,
      1
    ],
    [
      3,
      1
    ],
    [
      0,
      2
    ],
    [
      1,
      2
    ],
    [
      2,
      2
    ],
    [
      3,
      2
    ]
  ],
  "event_edges": [
    {
      "type": "spatial",
      "from": [
        0,
        0
      ],
      "to": [
        1,
        0
      ],
      "weight": 6.227510230972292
    },
    {
      "type": "spatial",
      "from": [
        0,
        0
      ],
      "to": [
        2,
        0
      ],
      "weight": 4.401787971853668
    },
    {
      "type": "spatial",
      "from": [
        0,
        0
      ],
      "to": [
        3,
        0
      ],
      "weight": 6.227510230972201
    },
    {
      "type": "spatial",
      "from": [
        1,
        0
      ],
      "to": [
        2,
        0
      ],
      "weight": 6.227510230971918
    },
    {
      "type": "spatial",
      "from": [
        1,
        0
      ],
      "to": [
        3,
        0
      ],
      "weight": 12.455020461944043
    },
    {
      "type": "spatial",
      "from": [
        2,
        0
      ],
      "to": [
        3,
        0
      ],
      "weight": 6.2275102309721255
    },
    {
      "type": "temporal",
      "from": [
        0,
        0
      ],
      "to": [
        0,
        1
      ],
      "weight": 1.0
    },
    {
      "type": "temporal",
      "from": [
        1,
        0
      ],
      "to": [
        1,
        1
      ],
      "weight": 1.0
    },
    {
      "type": "temporal",
      "from": [
        2,
        0
      ],
      "to": [
        2,
        1
      ],
      "weight": 1.0
    },
    {
      "type": "temporal",
      "from": [
        3,
        0
      ],
      "to": [
        3,
        1
      ],
      "weight": 1.0
    },
    {
      "type": "spatial",
      "from": [
        0,
        1
      ],
      "to": [
        1,
        1
      ],
      "weight": 1.339540380682722
    },
    {
      "type": "spatial",
      "from": [
        0,
        1
      ],
      "to": [
        2,
        1
      ],
      "weight": 1.155331788677456
    },
    {
      "type": "spatial",
      "from": [
        0,
        1
      ],
      "to": [
        3,
        1
      ],
      "weight": 1.3395403806827224
    },
    {
      "type": "spatial",
      "from": [
        1,
        1
      ],
      "to": [
        2,
        1
      ],
      "weight": 1.3395403806827242
    },
    {
      "type": "spatial",
      "from": [
        1,
        1
      ],
      "to": [
        3,
        1
      ],
      "weight": 2.6790807613654435
    },
    {
      "type": "spatial",
      "from": [
        2,
        1
      ],
      "to": [
        3,
        1
      ],
      "weight": 1.339540380682719
    },
    {
      "type": "temporal",
      "from": [
        0,
        1
      ],
      "to": [
        0,
        2
      ],
      "weight": 1.0
    },
    {
      "type": "temporal",
      "from": [
        1,
        1
      ],
      "to": [
        1,
        2
      ],
      "weight": 1.0
    },
    {
      "type": "temporal",
      "from": [
        2,
        1
      ],
      "to": [
        2,
        2
      ],
      "weight": 1.0
    },
    {
      "type": "temporal",
      "from": [
        3,
        1
      ],
      "to": [
        3,
        2
      ],
      "weight": 1.0
    },
    {
      "type": "spatial",
      "from": [
        0,
        2
      ],
      "to": [
        1,
        2
      ],
      "weight": 1.570940881185356
    },
    {
      "type": "spatial",
      "from": [
        0,
        2
      ],
      "to": [
        2,
        2
      ],
      "weight": 0.7467796025704003
    },
    {
      "type": "spatial",
      "from": [
        0,
        2
      ],
      "to": [
        3,
        2
      ],
      "weight": 1.5709408811853518
    },
    {
      "type": "spatial",
      "from": [
        1,
        2
      ],
      "to": [
        2,
        2
      ],
      "weight": 1.5709408811853522
    },
    {
      "type": "spatial",
      "from": [
        1,
        2
      ],
      "to": [
        3,
        2
      ],
      "weight": 3.141881762370705
    },
    {
      "type": "spatial",
      "from": [
        2,
        2
      ],
      "to": [
        3,
        2
      ],
      "weight": 1.570940881185353
    }
  ],
  "lorentzian_dissimilarity": [
    [
      0.0,
      38.78188367686457,
      19.37573734915563,
      38.78188367686344,
      -1.0,
      37.78188367686457,
      18.37573734915563,
      37.78188367686344,
      -4.0,
      34.78188367686457,
      15.375737349155632,
      34.78188367686344
    ],
    [
      38.78188367686457,
      0.0,
      38.781883676859906,
      155.1275347074448,
      37.78188367686457,
      -1.0,
      37.781883676859906,
      154.1275347074448,
      34.78188367686457,
      -4.0,
      34.781883676859906,
      151.1275347074448
    ],
    [
      19.37573734915563,
      38.781883676859906,
      0.0,
      38.7818836768625,
      18.37573734915563,
      37.781883676859906,
      -1.0,
      37.7818836768625,
      15.375737349155632,
      34.781883676859906,
      -4.0,
      34.7818836768625
    ],
    [
      38.78188367686344,
      155.1275347074448,
      38.7818836768625,
      0.0,
      37.78188367686344,
      154.1275347074448,
      37.7818836768625,
      -1.0,
      34.78188367686344,
      151.1275347074448,
      34.7818836768625,
      -4.0
    ],
    [
      -1.0,
      37.78188367686457,
      18.37573734915563,
      37.78188367686344,
      0.0,
      1.7943684314796118,
      1.3347915419286496,
      1.794368431479613,
      -1.0,
      0.7943684314796118,
      0.33479154192864957,
      0.7943684314796129
    ],
    [
      37.78188367686457,
      -1.0,
      37.781883676859906,
      154.1275347074448,
      1.7943684314796118,
      0.0,
      1.7943684314796176,
      7.1774737259184445,
      0.7943684314796118,
      -1.0,
      0.7943684314796176,
      6.1774737259184445
    ],
    [
      18.37573734915563,
      37.781883676859906,
      -1.0,
      37.7818836768625,
      1.3347915419286496,
      1.7943684314796176,
      0.0,
      1.794368431479604,
      0.33479154192864957,
      0.7943684314796176,
      -1.0,
      0.794368431479604
    ],
    [
      37.78188367686344,
      154.1275347074448,
      37.7818836768625,
      -1.0,
      1.794368431479613,
      7.1774737259184445,
      1.794368431479604,
      0.0,
      0.7943684314796129,
      6.1774737259184445,
      0.794368431479604,
      -1.0
    ],
    [
      -4.0,
      34.78188367686457,
      15.375737349155632,
      34.78188367686344,
      -1.0,
      0.7943684314796118,
      0.33479154192864957,
      0.7943684314796129,
      0.0,
      2.467855252179423,
      0.557679774815205,
      2.4678552521794095
    ],
    [
      34.78188367686457,
      -4.0,
      34.781883676859906,
      151.1275347074448,
      0.7943684314796118,
      -1.0,
      0.7943684314796176,
      6.1774737259184445,
      2.467855252179423,
      0.0,
      2.467855252179411,
      9.871421008717647
    ],
    [
      15.375737349155632,
      34.781883676859906,
      -4.0,
      34.7818836768625,
      0.33479154192864957,
      0.7943684314796176,
      -1.0,
      0.794368431479604,
      0.557679774815205,
      2.467855252179411,
      0.0,
      2.467855252179413
    ],
    [
      34.78188367686344,
      151.1275347074448,
      34.7818836768625,
      -4.0,
      0.7943684314796129,
      6.1774737259184445,
      0.794368431479604,
      -1.0,
      2.4678552521794095,
      9.871421008717647,
      2.467855252179413,
      0.0
    ]
  ],
  "lorentzian_embedding": [
    [
      1.269184424082043,
      1.4132114068773725,
      -3.402718544925418
    ],
    [
      3.7401809532018366,
      -4.664038057269606,
      -5.884780185208359
    ],
    [
      1.2691945027020697,
      1.4132145233814528,
      -3.4027192905599883
    ],
    [
      -1.2300563297705451,
      7.373143824947329,
      -0.6254105849817347
    ],
    [
      0.9795793754332988,
      0.2114359125965018,
      -0.37859765664209705
    ],
    [
      -3.528898362548992,
      -4.942266750254275,
      0.9260711753469317
    ],
    [
      0.97964564960953,
      0.21145885335806008,
      -0.3786051421375287
    ],
    [
      5.001223726342888,
      3.344213417461005,
      3.402280100346698
    ],
    [
      0.9987449754701017,
      0.290410606097925,
      -0.5772136836232158
    ],
    [
      -3.4275941929401212,
      -4.859471901759977,
      0.6481497698948314
    ],
    [
      0.9986720151389761,
      0.2903844349056987,
      -0.5772091478257336
    ],
    [
      4.950107415079526,
      3.469729424369578,
      3.155931965504997
    ]
  ],
  "edge_length_evolution": [],
  "angle_deficit_evolution": [],
  "regge_action_evolution": [],
  "gromov_delta_evolution": [],
  "mass_hinge": null,
  "mass_value": 0.0,
  "matter": [
    {
      "(0, 1)": 0.0,
      "(1, 2)": 0.0,
      "(0, 3)": 0.0,
      "(2, 3)": 0.0,
      "(0, 2)": 0.0,
      "(1, 3)": 0.0
    },
    {
      "(0, 1)": 0.0,
      "(1, 2)": 0.0,
      "(0, 3)": 0.0,
      "(2, 3)": 0.0,
      "(0, 2)": 0.0,
      "(1, 3)": 0.0
    },
    {
      "(0, 1)": 0.0,
      "(1, 2)": 0.0,
      "(0, 3)": 0.0,
      "(2, 3)": 0.0,
      "(0, 2)": 0.0,
      "(1, 3)": 0.0
    }
  ],
  "stationary_solution": null,
  "einstein_analysis_per_timestep": [
    {
      "ricci_tensor": [
        [
          0.0012886894925117024,
          0.0
        ],
        [
          0.0,
          0.0012886894925117024
        ]
      ],
      "metric_tensor": [
        [
          1.0002577378985023,
          0.00012886894925117024
        ],
        [
          0.00012886894925117024,
          1.0002577378985023
        ]
      ],
      "stress_energy_tensor": [
        [
          0.0012886894925117024,
          2.5773789850234048e-05
        ],
        [
          2.5773789850234048e-05,
          0.0012886894925117024
        ]
      ],
      "einstein_solution": {
        "einstein_tensor": [
          [
            0.0,
            0.0
          ],
          [
            0.0,
            0.0
          ]
        ],
        "ricci_scalar": 0.002577378985023405,
        "metric_tensor": [
          [
            1.0,
            0.0
          ],
          [
            0.0,
            1.0
          ]
        ],
        "lhs": [
          [
            0.0,
            0.0
          ],
          [
            0.0,
            0.0
          ]
        ],
        "rhs": [
          [
            0.0012886894925117024,
            2.5773789850234048e-05
          ],
          [
            2.5773789850234048e-05,
            0.0012886894925117024
          ]
        ],
        "equations_satisfied": false,
        "residual": 0.001822846617986995,
        "conservation_violation": 0.0012886894925117024,
        "gravitational_constant": 0.039788735772973836,
        "cosmological_constant": 0.0
      },
      "entropy_first_derivative": 0.0,
      "entropy_second_derivative": 0.0,
      "entropy_curvature_correlation": 0.0018224771580114681,
      "emergent_gravitational_constant": 0.0002051013028438235,
      "average_mutual_information": 0.002577378985023405,
      "ricci_scalar": 0.002577378985023405,
      "analysis_summary": {
        "einstein_equations_satisfied": false,
        "residual_magnitude": 0.001822846617986995,
        "conservation_violation": 0.0012886894925117024,
        "entropy_evolution_rate": 0.0,
        "entropy_acceleration": 0.0,
        "entanglement_curvature_coupling": 0.0018224771580114681
      }
    },
    {
      "ricci_tensor": [
        [
          0.09549562800403387,
          0.0
        ],
        [
          0.0,
          0.09549562800403387
        ]
      ],
      "metric_tensor": [
        [
          1.0190991256008068,
          0.009549562800403387
        ],
        [
          0.009549562800403387,
          1.0190991256008068
        ]
      ],
      "stress_energy_tensor": [
        [
          0.09549562800403387,
          0.0019099125600806775
        ],
        [
          0.0019099125600806775,
          0.09549562800403387
        ]
      ],
      "einstein_solution": {
        "einstein_tensor": [
          [
            0.0,
            0.0
          ],
          [
            0.0,
            0.0
          ]
        ],
        "ricci_scalar": 0.19099125600806774,
        "metric_tensor": [
          [
            1.0,
            0.0
          ],
          [
            0.0,
            1.0
          ]
        ],
        "lhs": [
          [
            0.0,
            0.0
          ],
          [
            0.0,
            0.0
          ]
        ],
        "rhs": [
          [
            0.09549562800403387,
            0.0019099125600806775
          ],
          [
            0.0019099125600806775,
            0.09549562800403387
          ]
        ],
        "equations_satisfied": false,
        "residual": 0.1350782198126106,
        "conservation_violation": 0.09549562800403387,
        "gravitational_constant": 0.039788735772973836,
        "cosmological_constant": 0.0
      },
      "entropy_first_derivative": 0.0,
      "entropy_second_derivative": 0.0,
      "entropy_curvature_correlation": 0.13505120727064082,
      "emergent_gravitational_constant": 0.015198601240506818,
      "average_mutual_information": 0.19099125600806774,
      "ricci_scalar": 0.19099125600806774,
      "analysis_summary": {
        "einstein_equations_satisfied": false,
        "residual_magnitude": 0.1350782198126106,
        "conservation_violation": 0.09549562800403387,
        "entropy_evolution_rate": 0.0,
        "entropy_acceleration": 0.0,
        "entanglement_curvature_coupling": 0.13505120727064082
      }
    },
    {
      "ricci_tensor": [
        [
          0.10474745375553278,
          0.0
        ],
        [
          0.0,
          0.10474745375553278
        ]
      ],
      "metric_tensor": [
        [
          1.0209494907511065,
          0.010474745375553278
        ],
        [
          0.010474745375553278,
          1.0209494907511065
        ]
      ],
      "stress_energy_tensor": [
        [
          0.10474745375553278,
          0.0020949490751106556
        ],
        [
          0.0020949490751106556,
          0.10474745375553278
        ]
      ],
      "einstein_solution": {
        "einstein_tensor": [
          [
            0.0,
            0.0
          ],
          [
            0.0,
            0.0
          ]
        ],
        "ricci_scalar": 0.20949490751106556,
        "metric_tensor": [
          [
            1.0,
            0.0
          ],
          [
            0.0,
            1.0
          ]
        ],
        "lhs": [
          [
            0.0,
            0.0
          ],
          [
            0.0,
            0.0
          ]
        ],
        "rhs": [
          [
            0.10474745375553278,
            0.0020949490751106556
          ],
          [
            0.0020949490751106556,
            0.10474745375553278
          ]
        ],
        "equations_satisfied": false,
        "residual": 0.14816489381695505,
        "conservation_violation": 0.10474745375553278,
        "gravitational_constant": 0.039788735772973836,
        "cosmological_constant": 0.0
      },
      "entropy_first_derivative": 0.0,
      "entropy_second_derivative": 0.0,
      "entropy_curvature_correlation": 0.14813526472512323,
      "emergent_gravitational_constant": 0.01667107504148276,
      "average_mutual_information": 0.20949490751106556,
      "ricci_scalar": 0.20949490751106556,
      "analysis_summary": {
        "einstein_equations_satisfied": false,
        "residual_magnitude": 0.14816489381695505,
        "conservation_violation": 0.10474745375553278,
        "entropy_evolution_rate": 0.0,
        "entropy_acceleration": 0.0,
        "entanglement_curvature_coupling": 0.14813526472512323
      }
    }
  ],
  "bootstrap_analysis": {
    "gromov_delta": {
      "mean": 3.045997164280068,
      "lower_ci": 1.3395403806827242,
      "upper_ci": 6.227510230972125,
      "all_values": [
        6.227510230972125,
        1.3395403806827242,
        1.5709408811853547
      ],
      "uncertainty": 3.1815130666920566
    },
    "entropy": {
      "mean": null,
      "lower_ci": null,
      "upper_ci": null,
      "uncertainty": null
    },
    "distance_matrix": {
      "mean": [
        [
          0.0,
          3.0459971642801236,
          2.1012997877005084,
          3.0459971642800916
        ],
        [
          3.0459971642801236,
          0.0,
          3.045997164279998,
          6.091994328560063
        ],
        [
          2.1012997877005084,
          3.045997164279998,
          0.0,
          3.0459971642800654
        ],
        [
          3.0459971642800916,
          6.091994328560063,
          3.0459971642800654,
          0.0
        ]
      ],
      "lower_ci": [
        [
          0.0,
          1.339540380682722,
          0.7467796025704003,
          1.3395403806827224
        ],
        [
          1.339540380682722,
          0.0,
          1.3395403806827242,
          2.679080761365443
        ],
        [
          0.7467796025704003,
          1.3395403806827242,
          0.0,
          1.3395403806827193
        ],
        [
          1.3395403806827224,
          2.679080761365443,
          1.3395403806827193,
          0.0
        ]
      ],
      "upper_ci": [
        [
          0.0,
          6.227510230972292,
          4.401787971853668,
          6.227510230972201
        ],
        [
          6.227510230972292,
          0.0,
          6.227510230971919,
          12.455020461944043
        ],
        [
          4.401787971853668,
          6.227510230971919,
          0.0,
          6.2275102309721255
        ],
        [
          6.227510230972201,
          12.455020461944043,
          6.2275102309721255,
          0.0
        ]
      ]
    }
  },
  "topology_compatibility": {
    "current_topology": "triangulated",
    "explanation": "Triangulated topology is specifically designed for angle-sum curvature. Creates multiple triangles per vertex, enabling robust local curvature measurements. Each vertex has multiple incident triangles for well-defined angle sums.",
    "supports_local_curvature": true
  },
  "rt_surface_analysis": {
    "region_A": [
      0
    ],
    "region_B": [
      1,
      2,
      3
    ],
    "bulk_point": 2,
    "is_complementary": true,
    "rt_area_AB": 3.8886613649411084,
    "rt_area_BA": 3.8886613649411084,
    "area_consistent": true,
    "edges_consistent": true,
    "area_difference": 0.0,
    "rt_edges_AB": [
      [
        0,
        1
      ],
      [
        0,
        2
      ],
      [
        0,
        3
      ]
    ],
    "rt_edges_BA": [
      [
        0,
        1
      ],
      [
        0,
        2
      ],
      [
        0,
        3
      ]
    ],
    "edge_lengths": [
      1.570940881185356,
      0.7467796025704003,
      1.5709408811853518,
      1.5709408811853522,
      3.141881762370705,
      1.570940881185353
    ],
    "all_edges": [
      [
        0,
        1
      ],
      [
        0,
        2
      ],
      [
        0,
        3
      ],
      [
        1,
        2
      ],
      [
        1,
        3
      ],
      [
        2,
        3
      ]
    ]
  },
  "bulk_excitation_analysis": {
    "ground_state_mi": [
      [
        0.0,
        0.2078495286171318,
        0.47389021285202515,
        0.20784952861713246
      ],
      [
        0.2078495286171318,
        0.0,
        0.2078495286171328,
        0.37067093276796903
      ],
      [
        0.47389021285202515,
        0.2078495286171328,
        0.0,
        0.20784952861713202
      ],
      [
        0.20784952861713246,
        0.37067093276796903,
        0.20784952861713202,
        0.0
      ]
    ],
    "excited_state_mi": [
      [
        0.0,
        0.17956717501132025,
        0.3471386507664168,
        0.17956717501132025
      ],
      [
        0.17956717501132025,
        0.0,
        0.3772437861060933,
        0.2812285582762304
      ],
      [
        0.3471386507664168,
        0.3772437861060933,
        0.0,
        0.37724378610609377
      ],
      [
        0.17956717501132025,
        0.2812285582762304,
        0.37724378610609377,
        0.0
      ]
    ],
    "mi_difference": [
      [
        0.0,
        -0.02828235360581155,
        -0.12675156208560834,
        -0.028282353605812216
      ],
      [
        -0.02828235360581155,
        0.0,
        0.16939425748896053,
        -0.08944237449173864
      ],
      [
        -0.12675156208560834,
        0.16939425748896053,
        0.0,
        0.16939425748896175
      ],
      [
        -0.028282353605812216,
        -0.08944237449173864,
        0.16939425748896175,
        0.0
      ]
    ],
    "avg_mi_change": 0.07644339484586163,
    "max_mi_change": 0.16939425748896175,
    "mi_change_boundary_A": NaN,
    "mi_change_boundary_B": 0.08311538016206121,
    "bulk_point": 2,
    "ground_state_counts": {
      "1101 1101": 14,
      "0100 0100": 3,
      "1111 1111": 61,
      "1000 1000": 1,
      "0101 0101": 3,
      "1010 1010": 5,
      "1110 1110": 4,
      "0111 0111": 3,
      "0000 0000": 2,
      "0010 0010": 1,
      "0001 0001": 2,
      "1011 1011": 1
    },
    "excited_state_counts": {
      "0101 1111": 25,
      "1100 0100": 1,
      "0011 1101": 2,
      "0001 1111": 29,
      "1010 0000": 2,
      "1100 0110": 1,
      "0011 1111": 3,
      "1101 0111": 4,
      "1100 0010": 2,
      "1001 0111": 6,
      "1101 1011": 1,
      "1000 0100": 1,
      "0101 0111": 1,
      "0100 1010": 2,
      "1011 0001": 2,
      "1110 0000": 2,
      "0111 1111": 1,
      "1110 0100": 2,
      "1000 0110": 1,
      "0110 1000": 1,
      "0101 1011": 3,
      "1101 1111": 1,
      "1001 1111": 3,
      "0010 1000": 2,
      "0001 1101": 1,
      "1000 0010": 1
    },
    "boundary_entropies": {
      "ground_state": {
        "entropy_A": 0.47502100608774606,
        "entropy_B": 0.4750210060877435,
        "mi_AB": 0.950042012175479
      },
      "excited_state": {
        "entropy_A": 0.5925139054320674,
        "entropy_B": 0.5925139054320642,
        "mi_AB": 1.1850278108641177
      },
      "rt_relation_test": {
        "entropy_ratio": 0.9999999999999947,
        "rt_area_ratio": 1.0,
        "rt_deviation": 5.329070518200751e-15,
        "excited_entropy_ratio": 0.9999999999999946,
        "rt_relation_change": 1.1102230246251565e-16
      }
    }
  },
  "page_curve_analysis": null,
  "deutsch_ctc_analysis": null,
  "ctc_recovery_analysis": null,
  "einstein_analysis": null,
  "dynamic_evidence": {
    "angle_sums_per_timestep": [
      [
        3.141592653589793,
        3.1415932179598167,
        3.141592653589793,
        0.0
      ],
      [
        9.42477796076938,
        3.141592653589793,
        9.42477796076938,
        0.0
      ],
      [
        3.141592653589793,
        3.1415926629855355,
        3.141592653589793,
        0.0
      ]
    ],
    "gromov_delta_per_timestep": [
      6.227510230972125,
      1.3395403806827242,
      1.5709408811853547
    ],
    "edge_mi_per_timestep": [
      {
        "0,1": 0.001974361486309476,
        "0,3": 0.001974361486309655,
        "0,2": 0.012255407977559333,
        "1,2": 0.0019743614863102135,
        "2,3": 0.001974361486309804
      },
      {
        "0,1": 0.2619660455694267,
        "0,3": 0.2619660455694266,
        "0,2": 0.3149530217193578,
        "1,2": 0.26196604556942615,
        "2,3": 0.2619660455694275
      },
      {
        "0,1": 0.2078495286171318,
        "0,3": 0.20784952861713268,
        "0,2": 0.47389021285202537,
        "1,2": 0.20784952861713257,
        "2,3": 0.20784952861713246
      }
    ],
    "shortest_paths_per_timestep": [
      {
        "0": {
          "0": 0,
          "2": 4.401787971853668,
          "3": 6.227510230972201,
          "1": 6.227510230972292
        },
        "1": {
          "1": 0,
          "2": 6.227510230971918,
          "0": 6.227510230972292,
          "3": 12.455020461944043
        },
        "2": {
          "2": 0,
          "0": 4.401787971853668,
          "1": 6.227510230971918,
          "3": 6.2275102309721255
        },
        "3": {
          "3": 0,
          "2": 6.2275102309721255,
          "0": 6.227510230972201,
          "1": 12.455020461944043
        }
      },
      {
        "0": {
          "0": 0,
          "2": 1.155331788677456,
          "1": 1.339540380682722,
          "3": 1.3395403806827224
        },
        "1": {
          "1": 0,
          "0": 1.339540380682722,
          "2": 1.3395403806827242,
          "3": 2.6790807613654435
        },
        "2": {
          "2": 0,
          "0": 1.155331788677456,
          "3": 1.339540380682719,
          "1": 1.3395403806827242
        },
        "3": {
          "3": 0,
          "2": 1.339540380682719,
          "0": 1.3395403806827224,
          "1": 2.6790807613654435
        }
      },
      {
        "0": {
          "0": 0,
          "2": 0.7467796025704003,
          "3": 1.5709408811853518,
          "1": 1.570940881185356
        },
        "1": {
