{
  "circuit_info": {
    "num_qubits": 4,
    "control_qubit": 0,
    "phase": 0.0,
    "massive_bulk_params": {
      "mass_hinge": "2",
      "mass_value": 1.0
    },
    "massless_bulk_params": {
      "mass_hinge": "None",
      "mass_value": 0.0
    }
  },
  "execution_info": {
    "device": "simulator",
    "shots": 100,
    "job_id": null,
    "total_shots": 100,
    "unique_states": 15
  },
  "superposition_state": {
    "counts": {
      "0011": 2,
      "1100": 6,
      "0100": 19,
      "0010": 6,
      "0110": 6,
      "1110": 9,
      "1010": 16,
      "0000": 13,
      "1001": 4,
      "1000": 9,
      "0101": 1,
      "1101": 2,
      "0111": 3,
      "1011": 2,
      "1111": 2
    },
    "mutual_information_matrix": [
      [
        0.0,
        0.005794403931108444,
        0.00022005101639890803,
        0.008665074553202555
      ],
      [
        0.005794403931108444,
        0.0,
        0.005041435627672487,
        0.042242138816883906
      ],
      [
        0.00022005101639890803,
        0.005041435627672487,
        0.0,
        0.029097577365225405
      ],
      [
        0.008665074553202555,
        0.042242138816883906,
        0.029097577365225405,
        0.0
      ]
    ]
  },
  "bulk_reconstruction": {
    "method": "mi_embedding",
    "num_qubits": 4,
    "mi_matrix": [
      [
        0.0,
        0.005794403931108444,
        0.00022005101639890803,
        0.008665074553202555
      ],
      [
        0.005794403931108444,
        0.0,
        0.005041435627672487,
        0.042242138816883906
      ],
      [
        0.00022005101639890803,
        0.005041435627672487,
        0.0,
        0.029097577365225405
      ],
      [
        0.008665074553202555,
        0.042242138816883906,
        0.029097577365225405,
        0.0
      ]
    ],
    "mds_embedding": {
      "coordinates_3d": [
        [
          -0.5123248199533017,
          0.3017121597333306,
          0.15940410717811906
        ],
        [
          0.12883981718698603,
          0.11107459690686626,
          -0.5754668602362206
        ],
        [
          -0.07410662873643323,
          -0.5958361734108633,
          0.09362039281496182
        ],
        [
          0.4575916315035917,
          0.18304941677141404,
          0.3224423602433053
        ]
      ],
      "stress": 2.000004142191135,
      "embedding_quality": "poor"
    }
  },
  "classical_comparison": {
    "massive": {
      "counts": {
        "0011": 13,
        "1100": 11,
        "1101": 6,
        "0110": 7,
        "1000": 7,
        "0000": 3,
        "1010": 3,
        "0010": 8,
        "1110": 5,
        "0100": 3,
        "1011": 9,
        "0111": 4,
        "1001": 7,
        "0001": 7,
        "0101": 3,
        "1111": 4
      },
      "mutual_information_matrix": [
        [
          0.0,
          0.004243666002613302,
          0.03990310500394835,
          0.0028258725892608173
        ],
        [
          0.004243666002613302,
          0.0,
          0.009206364403887272,
          0.05057844979168763
        ],
        [
          0.03990310500394835,
          0.009206364403887272,
          0.0,
          0.015702576065253854
        ],
        [
          0.0028258725892608173,
          0.05057844979168763,
          0.015702576065253854,
          0.0
        ]
      ],
      "bulk_reconstruction": {
        "method": "mi_embedding",
        "num_qubits": 4,
        "mi_matrix": [
          [
            0.0,
            0.004243666002613302,
            0.03990310500394835,
            0.0028258725892608173
          ],
          [
            0.004243666002613302,
            0.0,
            0.009206364403887272,
            0.05057844979168763
          ],
          [
            0.03990310500394835,
            0.009206364403887272,
            0.0,
            0.015702576065253854
          ],
          [
            0.0028258725892608173,
            0.05057844979168763,
            0.015702576065253854,
            0.0
          ]
        ],
        "mds_embedding": {
          "coordinates_3d": [
            [
              -0.5172062936938827,
              0.274257104468107,
              0.1556428446733854
            ],
            [
              0.146381737457551,
              0.11593132592757596,
              -0.5690355848319225
            ],
            [
              -0.0909444136185439,
              -0.584709047049233,
              0.08919891051593995
            ],
            [
              0.4617689698557447,
              0.19452061665301906,
              0.3241938296411035
            ]
          ],
          "stress": 2.000003644950464,
          "embedding_quality": "poor"
        }
      }
    },
    "massless": {
      "counts": {
        "1110": 7,
        "1011": 8,
        "0010": 8,
        "1010": 9,
        "0110": 4,
        "0011": 7,
        "1100": 8,
        "1101": 7,
        "0000": 4,
        "0101": 8,
        "0111": 3,
        "1001": 5,
        "0100": 4,
        "0001": 8,
        "1111": 6,
        "1000": 4
      },
      "mutual_information_matrix": [
        [
          0.0,
          0.010730257718487145,
          0.0002246104742174718,
          0.005041435627672321
        ],
        [
          0.010730257718487145,
          0.0,
          0.022982838133365283,
          0.0042919201696188965
        ],
        [
          0.0002246104742174718,
          0.022982838133365283,
          0.0,
          0.008023395644471375
        ],
        [
          0.005041435627672321,
          0.0042919201696188965,
          0.008023395644471375,
          0.0
        ]
      ],
      "bulk_reconstruction": {
        "method": "mi_embedding",
        "num_qubits": 4,
        "mi_matrix": [
          [
            0.0,
            0.010730257718487145,
            0.0002246104742174718,
            0.005041435627672321
          ],
          [
            0.010730257718487145,
            0.0,
            0.022982838133365283,
            0.0042919201696188965
          ],
          [
            0.0002246104742174718,
            0.022982838133365283,
            0.0,
            0.008023395644471375
          ],
          [
            0.005041435627672321,
            0.0042919201696188965,
            0.008023395644471375,
            0.0
          ]
        ],
        "mds_embedding": {
          "coordinates_3d": [
            [
              -0.25559538343956145,
              -0.22017456375588806,
              0.5095175370397997
            ],
            [
              0.010387285371438912,
              -0.432642682676601,
              -0.41860034541364355
            ],
            [
              -0.32212363450520753,
              0.4645860816249006,
              -0.2151321184211281
            ],
            [
              0.5673317325724416,
              0.18823116480850177,
              0.12421492679521204
            ]
          ],
          "stress": 2.000004698650573,
          "embedding_quality": "poor"
        }
      }
    }
  },
  "interference_analysis": {
    "interference_detected": false,
    "interference_strength": 0.0,
    "max_interference_strength": 0.0,
    "interference_term_matrix": null,
    "supporting_qubit_pairs": [],
    "quantum_effects": [],
    "classical_vs_quantum_differences": {},
    "massive_mi_matrix": null,
    "massless_mi_matrix": null,
    "classical_mixture_matrix": null
  }
}