{
  "spec": {
    "num_qubits": 6,
    "topology": "chain",
    "custom_edges": null,
    "alpha": 0.8,
    "weight": 1.0,
    "gamma": 0.3,
    "sigma": null,
    "init_angle": 0.0,
    "init_angles": null,
    "shots": 1024,
    "device": "simulator",
    "geometry": "euclidean",
    "curvature": 1.0,
    "timesteps": 10,
    "dimension": 2,
    "mass_hinge": "2,3",
    "mass_value": 2.0,
    "solve_regge": true,
    "lorentzian": true
  },
  "uid": "88EZMU",
  "counts": null,
  "mutual_information": [
    {
      "I_0,1": 0.9376216021809226,
      "I_0,2": 0.12680705780193335,
      "I_0,3": 1.3322676295501878e-15,
      "I_0,4": 1.3322676295501878e-15,
      "I_0,5": 1.3322676295501878e-15,
      "I_1,2": 0.31974777043712366,
      "I_1,3": 0.032996285522608026,
      "I_1,4": 8.881784197001252e-16,
      "I_1,5": 1.1102230246251565e-15,
      "I_2,3": 0.31974777043712366,
      "I_2,4": 0.03299628552260758,
      "I_2,5": 8.881784197001252e-16,
      "I_3,4": 0.31974777043712344,
      "I_3,5": 0.12680705780193358,
      "I_4,5": 0.9376216021809227
    },
    {
      "I_0,1": 0.9782568400894106,
      "I_0,2": 0.09422503026029072,
      "I_0,3": 6.661338147750939e-16,
      "I_0,4": 1.3322676295501878e-15,
      "I_0,5": 8.881784197001252e-16,
      "I_1,2": 0.2141197747242065,
      "I_1,3": 0.015148316531120587,
      "I_1,4": 2.220446049250313e-16,
      "I_1,5": 1.1102230246251565e-15,
      "I_2,3": 0.21411977472420674,
      "I_2,4": 0.015148316531121031,
      "I_2,5": 8.881784197001252e-16,
      "I_3,4": 0.21411977472420696,
      "I_3,5": 0.0942250302602905,
      "I_4,5": 0.9782568400894086
    },
    {
      "I_0,1": 0.0805107809230814,
      "I_0,2": 0.005773717243727827,
      "I_0,3": 2.609024107869118e-15,
      "I_0,4": 1.9984014443252818e-15,
      "I_0,5": 3.0531133177191805e-15,
      "I_1,2": 0.07013488061346485,
      "I_1,3": 0.00396994499077552,
      "I_1,4": -6.661338147750939e-16,
      "I_1,5": 3.0531133177191805e-16,
      "I_2,3": 0.07013488061346405,
      "I_2,4": 0.0039699449907768525,
      "I_2,5": 1.1102230246251565e-16,
      "I_3,4": 0.07013488061346651,
      "I_3,5": 0.005773717243726689,
      "I_4,5": 0.08051078092308885
    },
    {
      "I_0,1": 0.863992454182462,
      "I_0,2": 0.13730406249944638,
      "I_0,3": -8.881784197001252e-16,
      "I_0,4": -4.440892098500626e-16,
      "I_0,5": -4.440892098500626e-16,
      "I_1,2": 0.3981374178021846,
      "I_1,3": 0.05022957522478122,
      "I_1,4": 2.220446049250313e-16,
      "I_1,5": -1.3322676295501878e-15,
      "I_2,3": 0.39813741780218526,
      "I_2,4": 0.05022957522478144,
      "I_2,5": -8.881784197001252e-16,
      "I_3,4": 0.39813741780218526,
      "I_3,5": 0.1373040624994466,
      "I_4,5": 0.8639924541824624
    },
    {
      "I_0,1": 0.9953245875932082,
      "I_0,2": 0.05121267502763294,
      "I_0,3": -2.220446049250313e-16,
      "I_0,4": -2.220446049250313e-16,
      "I_0,5": -4.440892098500626e-16,
      "I_1,2": 0.10834369575846226,
      "I_1,3": 0.003969817032220213,
      "I_1,4": -4.440892098500626e-16,
      "I_1,5": -4.440892098500626e-16,
      "I_2,3": 0.10834369575846226,
      "I_2,4": 0.003969817032220657,
      "I_2,5": -4.440892098500626e-16,
      "I_3,4": 0.10834369575846203,
      "I_3,5": 0.05121267502763227,
      "I_4,5": 0.9953245875932074
    },
    {
      "I_0,1": 0.23785705075911812,
      "I_0,2": 0.02415684733944662,
      "I_0,3": -4.218847493575595e-15,
      "I_0,4": -3.3861802251067274e-15,
      "I_0,5": -3.608224830031759e-15,
      "I_1,2": 0.19378966091483052,
      "I_1,3": 0.016289475575419154,
      "I_1,4": -4.3298697960381105e-15,
      "I_1,5": -4.9960036108132044e-15,
      "I_2,3": 0.1937896609148309,
      "I_2,4": 0.016289475575419043,
      "I_2,5": -2.9976021664879227e-15,
      "I_3,4": 0.19378966091482908,
      "I_3,5": 0.024156847339447396,
      "I_4,5": 0.23785705075911828
    },
    {
      "I_0,1": 0.7524531479623903,
      "I_0,2": 0.12365827070980373,
      "I_0,3": -1.3322676295501878e-15,
      "I_0,4": -8.881784197001252e-16,
      "I_0,5": -1.7763568394002505e-15,
      "I_1,2": 0.42878286253617226,
      "I_1,3": 0.057911172187738336,
      "I_1,4": -6.661338147750939e-16,
      "I_1,5": -8.881784197001252e-16,
      "I_2,3": 0.4287828625361736,
      "I_2,4": 0.057911172187738336,
      "I_2,5": -1.7763568394002505e-15,
      "I_3,4": 0.42878286253617404,
      "I_3,5": 0.12365827070980395,
      "I_4,5": 0.7524531479623896
    },
    {
      "I_0,1": 0.9996766823859791,
      "I_0,2": 0.014789368682753379,
      "I_0,3": -1.7763568394002505e-15,
      "I_0,4": -2.4424906541753444e-15,
      "I_0,5": -1.9984014443252818e-15,
      "I_1,2": 0.030004281190687543,
      "I_1,3": 0.0003098647234074381,
      "I_1,4": -1.9984014443252818e-15,
      "I_1,5": -2.220446049250313e-15,
      "I_2,3": 0.03000428119068821,
      "I_2,4": 0.00030986472340721605,
      "I_2,5": -2.4424906541753444e-15,
      "I_3,4": 0.030004281190687765,
      "I_3,5": 0.0147893686827536,
      "I_4,5": 0.9996766823859727
    },
    {
      "I_0,1": 0.4192850003484653,
      "I_0,2": 0.05441476675355672,
      "I_0,3": -3.4416913763379853e-15,
      "I_0,4": -2.886579864025407e-15,
      "I_0,5": -4.218847493575595e-15,
      "I_1,2": 0.3140323309772304,
      "I_1,3": 0.034421747976255856,
      "I_1,4": -1.5543122344752192e-15,
      "I_1,5": -2.9976021664879227e-15,
      "I_2,3": 0.31403233097723215,
      "I_2,4": 0.03442174797625608,
      "I_2,5": -1.4432899320127035e-15,
      "I_3,4": 0.31403233097723104,
      "I_3,5": 0.05441476675355805,
      "I_4,5": 0.4192850003484708
    },
    {
      "I_0,1": 0.604760780931892,
      "I_0,2": 0.09286421227787056,
      "I_0,3": -2.886579864025407e-15,
      "I_0,4": -3.3306690738754696e-15,
      "I_0,5": -4.773959005888173e-15,
      "I_1,2": 0.40189587367744606,
      "I_1,3": 0.05189193009123505,
      "I_1,4": -2.886579864025407e-15,
      "I_1,5": -2.886579864025407e-15,
      "I_2,3": 0.40189587367744606,
      "I_2,4": 0.051891930091234384,
      "I_2,5": -2.886579864025407e-15,
      "I_3,4": 0.4018958736774474,
      "I_3,5": 0.09286421227787056,
      "I_4,5": 0.6047607809318905
    }
  ],
  "distance_matrix_per_timestep": [
    [
      [
        0.0,
        0.06440882055607113,
        1.2046316319350796,
        2.3448544433140883,
        3.4850772546930973,
        3.549486075249168
      ],
      [
        0.06440882055607113,
        0.0,
        1.1402228113790085,
        2.280445622758017,
        3.420668434137026,
        3.485077254693097
      ],
      [
        1.2046316319350796,
        1.1402228113790085,
        0.0,
        1.1402228113790085,
        2.280445622758018,
        2.3448544433140888
      ],
      [
        2.3448544433140883,
        2.280445622758017,
        1.1402228113790085,
        0.0,
        1.1402228113790092,
        1.2046316319350803
      ],
      [
        3.4850772546930977,
        3.4206684341370264,
        2.280445622758018,
        1.1402228113790092,
        0.0,
        0.06440882055607101
      ],
      [
        3.5494860752491686,
        3.4850772546930973,
        2.3448544433140888,
        1.2046316319350803,
        0.06440882055607101,
        0.0
      ]
    ],
    [
      [
        0.0,
        0.02198302574697203,
        1.5632027513051427,
        3.1044224768633124,
        4.645642202421481,
        4.667625228168455
      ],
      [
        0.02198302574697203,
        0.0,
        1.5412197255581708,
        3.0824394511163407,
        4.62365917667451,
        4.645642202421484
      ],
      [
        1.5632027513051427,
        1.5412197255581708,
        0.0,
        1.5412197255581697,
        3.0824394511163384,
        3.1044224768633124
      ],
      [
        3.104422476863313,
        3.0824394511163407,
        1.5412197255581697,
        0.0,
        1.5412197255581688,
        1.5632027513051427
      ],
      [
        4.645642202421482,
        4.62365917667451,
        3.0824394511163384,
        1.5412197255581688,
        0.0,
        0.021983025746974073
      ],
      [
        4.667625228168455,
        4.645642202421483,
        3.1044224768633124,
        1.5632027513051427,
        0.021983025746974073,
        0.0
      ]
    ],
    [
      [
        0.0,
        2.519364179014378,
        5.17669920406537,
        7.834034229116374,
        10.491369254167342,
        13.010733433181628
      ],
      [
        2.519364179014378,
        0.0,
        2.657335025050992,
        5.314670050101996,
        7.972005075152964,
        10.49136925416725
      ],
      [
        5.17669920406537,
        2.657335025050992,
        0.0,
        2.6573350250510037,
        5.314670050101972,
        7.8340342291162575
      ],
      [
        7.834034229116374,
        5.314670050101996,
        2.6573350250510037,
        0.0,
        2.6573350250509686,
        5.176699204065255
      ],
      [
        10.491369254167342,
        7.972005075152964,
        5.314670050101972,
        2.6573350250509686,
        0.0,
        2.5193641790142856
      ],
      [
        13.010733433181628,
        10.49136925416725,
        7.834034229116258,
        5.176699204065255,
        2.5193641790142856,
        0.0
      ]
    ],
    [
      [
        0.0,
        0.1461912438013329,
        1.0671493062315387,
        1.9881073686617428,
        2.909065431091947,
        3.0552566748932795
      ],
      [
        0.1461912438013329,
        0.0,
        0.9209580624302058,
        1.84191612486041,
        2.762874187290614,
        2.9090654310919466
      ],
      [
        1.0671493062315387,
        0.9209580624302058,
        0.0,
        0.9209580624302041,
        1.8419161248604081,
        1.9881073686617405
      ],
      [
        1.9881073686617428,
        1.84191612486041,
        0.9209580624302041,
        0.0,
        0.9209580624302041,
        1.0671493062315365
      ],
      [
        2.909065431091947,
        2.762874187290614,
        1.8419161248604081,
        0.9209580624302041,
        0.0,
        0.14619124380133236
      ],
      [
        3.055256674893279,
        2.909065431091946,
        1.9881073686617405,
        1.0671493062315365,
        0.14619124380133236,
        0.0
      ]
    ],
    [
      [
        0.0,
        0.00468637633464956,
        2.227133113074594,
        4.449579849814539,
        6.672026586554486,
        6.676712962889136
      ],
      [
        0.00468637633464956,
        0.0,
        2.2224467367399443,
        4.444893473479889,
        6.667340210219836,
        6.672026586554486
      ],
      [
        2.227133113074594,
        2.2224467367399443,
        0.0,
        2.2224467367399443,
        4.44489347347989,
        4.4495798498145405
      ],
      [
        4.449579849814538,
        4.444893473479889,
        2.2224467367399443,
        0.0,
        2.2224467367399465,
        2.227133113074597
      ],
      [
        6.672026586554484,
        6.667340210219835,
        4.44489347347989,
        2.2224467367399465,
        0.0,
        0.00468637633465034
      ],
      [
        6.676712962889135,
        6.672026586554486,
        4.449579849814541,
        2.227133113074597,
        0.00468637633465034,
        0.0
      ]
    ],
    [
      [
        0.0,
        1.4360854128218838,
        3.0770673430231574,
        4.718049273224429,
        6.35903120342571,
        7.7951166162475936
      ],
      [
        1.4360854128218838,
        0.0,
        1.6409819302012736,
        3.281963860402545,
        4.922945790603826,
        6.35903120342571
      ],
      [
        3.0770673430231574,
        1.6409819302012736,
        0.0,
        1.6409819302012716,
        3.281963860402553,
        4.718049273224436
      ],
      [
        4.718049273224429,
        3.281963860402545,
        1.6409819302012716,
        0.0,
        1.6409819302012811,
        3.077067343023164
      ],
      [
        6.35903120342571,
        4.922945790603826,
        3.281963860402553,
        1.6409819302012811,
        0.0,
        1.4360854128218832
      ],
      [
        7.795116616247593,
        6.359031203425709,
        4.718049273224436,
        3.077067343023164,
        1.4360854128218832,
        0.0
      ]
    ],
    [
      [
        0.0,
        0.28441654614145495,
        1.1312211822660103,
        1.9780258183905626,
        2.8248304545151135,
        3.1092470006565693
      ],
      [
        0.28441654614145495,
        0.0,
        0.8468046361245553,
        1.6936092722491074,
        2.5404139083736585,
        2.8248304545151144
      ],
      [
        1.1312211822660103,
        0.8468046361245553,
        0.0,
        0.8468046361245521,
        1.6936092722491032,
        1.978025818390559
      ],
      [
        1.9780258183905624,
        1.6936092722491074,
        0.8468046361245521,
        0.0,
        0.846804636124551,
        1.1312211822660068
      ],
      [
        2.8248304545151135,
        2.5404139083736585,
        1.6936092722491032,
        0.846804636124551,
        0.0,
        0.28441654614145584
      ],
      [
        3.1092470006565693,
        2.8248304545151144,
        1.978025818390559,
        1.1312211822660068,
        0.28441654614145584,
        0.0
      ]
    ],
    [
      [
        0.0,
        0.0003233698924293601,
        3.5067385710377432,
        7.013153772183035,
        10.51956897332834,
        10.519892343220777
      ],
      [
        0.0003233698924293601,
        0.0,
        3.506415201145314,
        7.012830402290605,
        10.519245603435913,
        10.519568973328349
      ],
      [
        3.5067385710377432,
        3.506415201145314,
        0.0,
        3.5064152011452916,
        7.012830402290598,
        7.013153772183034
      ],
      [
        7.013153772183035,
        7.012830402290605,
        3.5064152011452916,
        0.0,
        3.5064152011453062,
        3.506738571037742
      ],
      [
        10.519568973328342,
        10.519245603435913,
        7.012830402290598,
        3.5064152011453062,
        0.0,
        0.00032336989243569045
      ],
      [
        10.519892343220777,
        10.519568973328347,
        7.013153772183033,
        3.506738571037742,
        0.00032336989243569045,
        0.0
      ]
    ],
    [
      [
        0.0,
        0.8692043985231234,
        2.02746373200189,
        3.1857230654806505,
        4.343982398959415,
        5.213186797482526
      ],
      [
        0.8692043985231234,
        0.0,
        1.1582593334787665,
        2.3165186669575277,
        3.4747780004362925,
        4.343982398959403
      ],
      [
        2.02746373200189,
        1.1582593334787665,
        0.0,
        1.158259333478761,
        2.3165186669575255,
        3.1857230654806354
      ],
      [
        3.185723065480651,
        2.3165186669575277,
        1.158259333478761,
        0.0,
        1.1582593334787645,
        2.0274637320018747
      ],
      [
        4.343982398959415,
        3.474778000436292,
        2.3165186669575255,
        1.1582593334787645,
        0.0,
        0.86920439852311
      ],
      [
        5.213186797482526,
        4.343982398959402,
        3.1857230654806354,
        2.0274637320018747,
        0.86920439852311,
        0.0
      ]
    ],
    [
      [
        0.0,
        0.5029223025621999,
        1.4144845471798426,
        2.326046791797485,
        3.237609036415124,
        3.740531338977327
      ],
      [
        0.5029223025621999,
        0.0,
        0.9115622446176426,
        1.8231244892352851,
        2.734686733852924,
        3.237609036415127
      ],
      [
        1.4144845471798426,
        0.9115622446176426,
        0.0,
        0.9115622446176426,
        1.8231244892352818,
        2.3260467917974843
      ],
      [
        2.326046791797485,
        1.8231244892352851,
        0.9115622446176426,
        0.0,
        0.9115622446176392,
        1.4144845471798417
      ],
      [
        3.237609036415124,
        2.734686733852924,
        1.8231244892352818,
        0.9115622446176392,
        0.0,
        0.5029223025622025
      ],
      [
        3.740531338977327,
        3.237609036415127,
        2.3260467917974843,
        1.4144845471798417,
        0.5029223025622025,
        0.0
      ]
    ]
  ],
  "edge_mi": {
    "0,1": 0.604760780931892,
    "1,2": 0.40189587367744606,
    "2,3": 0.40189587367744606,
    "3,4": 0.4018958736774474,
    "4,5": 0.6047607809318905
  },
  "distance_matrix": [
    [
      0.0,
      0.5029223025621999,
      1.4144845471798426,
      2.326046791797485,
      3.237609036415124,
      3.740531338977327
    ],
    [
      0.5029223025621999,
      0.0,
      0.9115622446176426,
      1.8231244892352851,
      2.734686733852924,
      3.237609036415127
    ],
    [
      1.4144845471798426,
      0.9115622446176426,
      0.0,
      0.9115622446176426,
      1.8231244892352818,
      2.3260467917974843
    ],
    [
      2.326046791797485,
      1.8231244892352851,
      0.9115622446176426,
      0.0,
      0.9115622446176392,
      1.4144845471798417
    ],
    [
      3.237609036415124,
      2.734686733852924,
      1.8231244892352818,
      0.9115622446176392,
      0.0,
      0.5029223025622025
    ],
    [
      3.740531338977327,
      3.237609036415127,
      2.3260467917974843,
      1.4144845471798417,
      0.5029223025622025,
      0.0
    ]
  ],
  "shortest_paths": {
    "0": {
      "0": 0,
      "1": 0.5029223025621999,
      "2": 1.4144845471798426,
      "3": 2.326046791797485,
      "4": 3.237609036415124,
      "5": 3.740531338977327
    },
    "1": {
      "1": 0,
      "0": 0.5029223025621999,
      "2": 0.9115622446176426,
      "3": 1.8231244892352851,
      "4": 2.734686733852924,
      "5": 3.237609036415127
    },
    "2": {
      "2": 0,
      "1": 0.9115622446176426,
      "3": 0.9115622446176426,
      "0": 1.4144845471798426,
      "4": 1.8231244892352818,
      "5": 2.3260467917974843
    },
    "3": {
      "3": 0,
      "4": 0.9115622446176392,
      "2": 0.9115622446176426,
      "5": 1.4144845471798417,
      "1": 1.8231244892352851,
      "0": 2.326046791797485
    },
    "4": {
      "4": 0,
      "5": 0.5029223025622025,
      "3": 0.9115622446176392,
      "2": 1.8231244892352818,
      "1": 2.734686733852924,
      "0": 3.237609036415124
    },
    "5": {
      "5": 0,
      "4": 0.5029223025622025,
      "3": 1.4144845471798417,
      "2": 2.3260467917974843,
      "1": 3.237609036415127,
      "0": 3.740531338977327
    }
  },
  "gromov_delta": 3.237609036415127,
  "mean_distance": 1.5454599522812804,
  "angle_sums": [
    3.141592653589793,
    3.141592653589793,
    3.1415926684909543,
    3.1415926684909543,
    3.14159264741753,
    3.1415926637548104,
    3.1415926808354806,
    3.141592653589793,
    3.1415926746632175,
    3.141592653589793,
    3.1415926833921155,
    3.141592649597039,
    3.1415926684909543,
    3.141592646079352,
    3.141592653589793,
    3.141592653589793,
    3.141592653589793,
    3.141592653589793,
    3.1415926746632175,
    3.141592653589793
  ],
  "mean_angle_sum": 3.141592660409189,
  "min_angle_sum": 3.141592646079352,
  "max_angle_sum": 3.1415926833921155,
  "angle_sum_deviations": [
    0.0,
    0.0,
    1.4901161193847656e-08,
    1.4901161193847656e-08,
    -6.172263145032275e-09,
    1.0165017272356636e-08,
    2.7245687483912207e-08,
    0.0,
    2.107342433887993e-08,
    0.0,
    2.9802322387695312e-08,
    -3.9927541273243605e-09,
    1.4901161193847656e-08,
    -7.510441157876357e-09,
    0.0,
    0.0,
    0.0,
    0.0,
    2.107342433887993e-08,
    0.0
  ],
  "triangle_inequality_violations": [],
  "embedding_coords": [
    [
      -1.8206751446524119,
      0.41150702050094523
    ],
    [
      -1.3582253288330872,
      0.17753185533533136
    ],
    [
      -0.44481789894241036,
      0.09198516550455865
    ],
    [
      0.4792003689074138,
      0.06543279472133953
    ],
    [
      1.3283162587043855,
      -0.31022461650920946
    ],
    [
      1.8162017448161107,
      -0.4362322195529653
    ]
  ],
  "edge_weight_variance": null,
  "event_nodes": [
    [
      0,
      0
    ],
    [
      1,
      0
    ],
    [
      2,
      0
    ],
    [
      3,
      0
    ],
    [
      4,
      0
    ],
    [
      5,
      0
    ],
    [
      0,
      1
    ],
    [
      1,
      1
    ],
    [
      2,
      1
    ],
    [
      3,
      1
    ],
    [
      4,
      1
    ],
    [
      5,
      1
    ],
    [
      0,
      2
    ],
    [
      1,
      2
    ],
    [
      2,
      2
    ],
    [
      3,
      2
    ],
    [
      4,
      2
    ],
    [
      5,
      2
    ],
    [
      0,
      3
    ],
    [
      1,
      3
    ],
    [
      2,
      3
    ],
    [
      3,
      3
    ],
    [
      4,
      3
    ],
    [
      5,
      3
    ],
    [
      0,
      4
    ],
    [
      1,
      4
    ],
    [
      2,
      4
    ],
    [
      3,
      4
    ],
    [
      4,
      4
    ],
    [
      5,
      4
    ],
    [
      0,
      5
    ],
    [
      1,
      5
    ],
    [
      2,
      5
    ],
    [
      3,
      5
    ],
    [
      4,
      5
    ],
    [
      5,
      5
    ],
    [
      0,
      6
    ],
    [
      1,
      6
    ],
    [
      2,
      6
    ],
    [
      3,
      6
    ],
    [
      4,
      6
    ],
    [
      5,
      6
    ],
    [
      0,
      7
    ],
    [
      1,
      7
    ],
    [
      2,
      7
    ],
    [
      3,
      7
    ],
    [
      4,
      7
    ],
    [
      5,
      7
    ],
    [
      0,
      8
    ],
    [
      1,
      8
    ],
    [
      2,
      8
    ],
    [
      3,
      8
    ],
    [
      4,
      8
    ],
    [
      5,
      8
    ],
    [
      0,
      9
    ],
    [
      1,
      9
    ],
    [
      2,
      9
    ],
    [
      3,
      9
    ],
    [
      4,
      9
    ],
    [
      5,
      9
    ]
  ],
  "event_edges": [
    {
      "type": "spatial",
      "from": [
        0,
        0
      ],
      "to": [
        1,
        0
      ],
      "weight": 0.06440882055607113
    },
    {
      "type": "spatial",
      "from": [
        0,
        0
      ],
      "to": [
        2,
        0
      ],
      "weight": 1.2046316319350796
    },
    {
      "type": "spatial",
      "from": [
        0,
        0
      ],
      "to": [
        3,
        0
      ],
      "weight": 2.3448544433140883
    },
    {
      "type": "spatial",
      "from": [
        0,
        0
      ],
      "to": [
        4,
        0
      ],
      "weight": 3.4850772546930973
    },
    {
      "type": "spatial",
      "from": [
        0,
        0
      ],
      "to": [
        5,
        0
      ],
      "weight": 3.549486075249168
    },
    {
      "type": "spatial",
      "from": [
        1,
        0
      ],
      "to": [
        2,
        0
      ],
      "weight": 1.1402228113790085
    },
    {
      "type": "spatial",
      "from": [
        1,
        0
      ],
      "to": [
        3,
        0
      ],
      "weight": 2.280445622758017
    },
    {
      "type": "spatial",
      "from": [
        1,
        0
      ],
      "to": [
        4,
        0
      ],
      "weight": 3.420668434137026
    },
    {
      "type": "spatial",
      "from": [
        1,
        0
      ],
      "to": [
        5,
        0
      ],
      "weight": 3.485077254693097
    },
    {
      "type": "spatial",
      "from": [
        2,
        0
      ],
      "to": [
        3,
        0
      ],
      "weight": 1.1402228113790085
    },
    {
      "type": "spatial",
      "from": [
        2,
        0
      ],
      "to": [
        4,
        0
      ],
      "weight": 2.280445622758018
    },
    {
      "type": "spatial",
      "from": [
        2,
        0
      ],
      "to": [
        5,
        0
      ],
      "weight": 2.3448544433140888
    },
    {
      "type": "spatial",
      "from": [
        3,
        0
      ],
      "to": [
        4,
        0
      ],
      "weight": 1.1402228113790092
    },
    {
      "type": "spatial",
      "from": [
        3,
        0
      ],
      "to": [
        5,
        0
      ],
      "weight": 1.2046316319350803
    },
    {
      "type": "spatial",
      "from": [
        4,
        0
      ],
      "to": [
        5,
        0
      ],
      "weight": 0.06440882055607101
    },
    {
      "type": "temporal",
      "from": [
        0,
        0
      ],
      "to": [
        0,
        1
      ],
      "weight": 1.0
    },
    {
      "type": "temporal",
      "from": [
        1,
        0
      ],
      "to": [
        1,
        1
      ],
      "weight": 1.0
    },
    {
      "type": "temporal",
      "from": [
        2,
        0
      ],
      "to": [
        2,
        1
      ],
      "weight": 1.0
    },
    {
      "type": "temporal",
      "from": [
        3,
        0
      ],
      "to": [
        3,
        1
      ],
      "weight": 1.0
    },
    {
      "type": "temporal",
      "from": [
        4,
        0
      ],
      "to": [
        4,
        1
      ],
      "weight": 1.0
    },
    {
      "type": "temporal",
      "from": [
        5,
        0
      ],
      "to": [
        5,
        1
      ],
      "weight": 1.0
    },
    {
      "type": "spatial",
      "from": [
        0,
        1
      ],
      "to": [
        1,
        1
      ],
      "weight": 0.02198302574697203
    },
    {
      "type": "spatial",
      "from": [
        0,
        1
      ],
      "to": [
        2,
        1
      ],
      "weight": 1.5632027513051427
    },
    {
      "type": "spatial",
      "from": [
        0,
        1
      ],
      "to": [
        3,
        1
      ],
      "weight": 3.1044224768633124
    },
    {
      "type": "spatial",
      "from": [
        0,
        1
      ],
      "to": [
        4,
        1
      ],
      "weight": 4.645642202421481
    },
    {
      "type": "spatial",
      "from": [
        0,
        1
      ],
      "to": [
        5,
        1
      ],
      "weight": 4.667625228168455
    },
    {
      "type": "spatial",
      "from": [
        1,
        1
      ],
      "to": [
        2,
        1
      ],
      "weight": 1.5412197255581708
    },
    {
      "type": "spatial",
      "from": [
        1,
        1
      ],
      "to": [
        3,
        1
      ],
      "weight": 3.0824394511163407
    },
    {
      "type": "spatial",
      "from": [
        1,
        1
      ],
      "to": [
        4,
        1
      ],
      "weight": 4.62365917667451
    },
    {
      "type": "spatial",
      "from": [
        1,
        1
      ],
      "to": [
        5,
        1
      ],
      "weight": 4.645642202421484
    },
    {
      "type": "spatial",
      "from": [
        2,
        1
      ],
      "to": [
        3,
        1
      ],
      "weight": 1.5412197255581697
    },
    {
      "type": "spatial",
      "from": [
        2,
        1
      ],
      "to": [
        4,
        1
      ],
      "weight": 3.0824394511163384
    },
    {
      "type": "spatial",
      "from": [
        2,
        1
      ],
      "to": [
        5,
        1
      ],
      "weight": 3.1044224768633124
    },
    {
      "type": "spatial",
      "from": [
        3,
        1
      ],
      "to": [
        4,
        1
      ],
      "weight": 1.5412197255581688
    },
    {
      "type": "spatial",
      "from": [
        3,
        1
      ],
      "to": [
        5,
        1
      ],
      "weight": 1.5632027513051427
    },
    {
      "type": "spatial",
      "from": [
        4,
        1
      ],
      "to": [
        5,
        1
      ],
      "weight": 0.021983025746974073
    },
    {
      "type": "temporal",
      "from": [
        0,
        1
      ],
      "to": [
        0,
        2
      ],
      "weight": 1.0
    },
    {
      "type": "temporal",
      "from": [
        1,
        1
      ],
      "to": [
        1,
        2
      ],
      "weight": 1.0
    },
    {
      "type": "temporal",
      "from": [
        2,
        1
      ],
      "to": [
        2,
        2
      ],
      "weight": 1.0
    },
    {
      "type": "temporal",
      "from": [
        3,
        1
      ],
      "to": [
        3,
        2
      ],
      "weight": 1.0
    },
    {
      "type": "temporal",
      "from": [
        4,
        1
      ],
      "to": [
        4,
        2
      ],
      "weight": 1.0
    },
    {
      "type": "temporal",
      "from": [
        5,
        1
      ],
      "to": [
        5,
        2
      ],
      "weight": 1.0
    },
    {
      "type": "spatial",
      "from": [
        0,
        2
      ],
      "to": [
        1,
        2
      ],
      "weight": 2.519364179014378
    },
    {
      "type": "spatial",
      "from": [
        0,
        2
      ],
      "to": [
        2,
        2
      ],
      "weight": 5.17669920406537
    },
    {
      "type": "spatial",
      "from": [
        0,
        2
      ],
      "to": [
        3,
        2
      ],
      "weight": 7.834034229116374
    },
    {
      "type": "spatial",
      "from": [
        0,
        2
      ],
      "to": [
        4,
        2
      ],
      "weight": 10.491369254167342
    },
    {
      "type": "spatial",
      "from": [
        0,
        2
      ],
      "to": [
        5,
        2
      ],
      "weight": 13.010733433181628
    },
    {
      "type": "spatial",
      "from": [
        1,
        2
      ],
      "to": [
        2,
        2
      ],
      "weight": 2.657335025050992
    },
    {
      "type": "spatial",
      "from": [
        1,
        2
      ],
      "to": [
        3,
        2
      ],
      "weight": 5.314670050101996
    },
    {
      "type": "spatial",
      "from": [
        1,
        2
      ],
      "to": [
        4,
        2
      ],
      "weight": 7.972005075152964
    },
    {
      "type": "spatial",
      "from": [
        1,
        2
      ],
      "to": [
        5,
        2
      ],
      "weight": 10.49136925416725
    },
    {
      "type": "spatial",
      "from": [
        2,
        2
      ],
      "to": [
        3,
        2
      ],
      "weight": 2.6573350250510037
    },
    {
      "type": "spatial",
      "from": [
        2,
        2
      ],
      "to": [
        4,
        2
      ],
      "weight": 5.314670050101972
    },
    {
      "type": "spatial",
      "from": [
        2,
        2
      ],
      "to": [
        5,
        2
      ],
      "weight": 7.8340342291162575
    },
    {
      "type": "spatial",
      "from": [
        3,
        2
      ],
      "to": [
        4,
        2
      ],
      "weight": 2.6573350250509686
    },
    {
      "type": "spatial",
      "from": [
        3,
        2
      ],
      "to": [
        5,
        2
      ],
      "weight": 5.176699204065255
    },
    {
      "type": "spatial",
      "from": [
        4,
        2
      ],
      "to": [
        5,
        2
      ],
      "weight": 2.5193641790142856
    },
    {
      "type": "temporal",
      "from": [
        0,
        2
      ],
      "to": [
        0,
        3
      ],
      "weight": 1.0
    },
    {
      "type": "temporal",
      "from": [
        1,
        2
      ],
      "to": [
        1,
        3
      ],
      "weight": 1.0
    },
    {
      "type": "temporal",
      "from": [
        2,
        2
      ],
      "to": [
        2,
        3
      ],
      "weight": 1.0
    },
    {
      "type": "temporal",
      "from": [
        3,
        2
      ],
      "to": [
        3,
        3
      ],
      "weight": 1.0
    },
    {
      "type": "temporal",
      "from": [
        4,
        2
      ],
      "to": [
        4,
        3
      ],
      "weight": 1.0
    },
    {
      "type": "temporal",
      "from": [
        5,
        2
      ],
      "to": [
        5,
        3
      ],
      "weight": 1.0
    },
    {
      "type": "spatial",
      "from": [
        0,
        3
      ],
      "to": [
        1,
        3
      ],
      "weight": 0.1461912438013329
    },
    {
      "type": "spatial",
      "from": [
        0,
        3
      ],
      "to": [
        2,
        3
      ],
      "weight": 1.0671493062315387
    },
    {
      "type": "spatial",
      "from": [
        0,
        3
      ],
      "to": [
        3,
        3
      ],
      "weight": 1.9881073686617428
    },
    {
      "type": "spatial",
      "from": [
        0,
        3
      ],
      "to": [
        4,
        3
      ],
      "weight": 2.909065431091947
    },
    {
      "type": "spatial",
      "from": [
        0,
        3
      ],
      "to": [
        5,
        3
      ],
      "weight": 3.0552566748932795
    },
    {
      "type": "spatial",
      "from": [
        1,
        3
      ],
      "to": [
        2,
        3
      ],
      "weight": 0.9209580624302058
    },
    {
      "type": "spatial",
      "from": [
        1,
        3
      ],
      "to": [
        3,
        3
      ],
      "weight": 1.84191612486041
    },
    {
      "type": "spatial",
      "from": [
        1,
        3
      ],
      "to": [
        4,
        3
      ],
      "weight": 2.762874187290614
    },
    {
      "type": "spatial",
      "from": [
        1,
        3
      ],
      "to": [
        5,
        3
      ],
      "weight": 2.9090654310919466
    },
    {
      "type": "spatial",
      "from": [
        2,
        3
      ],
      "to": [
        3,
        3
      ],
      "weight": 0.9209580624302041
    },
    {
      "type": "spatial",
      "from": [
        2,
        3
      ],
      "to": [
        4,
        3
      ],
      "weight": 1.8419161248604081
    },
    {
      "type": "spatial",
      "from": [
        2,
        3
      ],
      "to": [
        5,
        3
      ],
      "weight": 1.9881073686617405
    },
    {
      "type": "spatial",
      "from": [
        3,
        3
      ],
      "to": [
        4,
        3
      ],
      "weight": 0.9209580624302041
    },
    {
      "type": "spatial",
      "from": [
        3,
        3
      ],
      "to": [
        5,
        3
      ],
      "weight": 1.0671493062315365
    },
    {
      "type": "spatial",
      "from": [
        4,
        3
      ],
      "to": [
        5,
        3
      ],
      "weight": 0.14619124380133236
    },
    {
      "type": "temporal",
      "from": [
        0,
        3
      ],
      "to": [
        0,
        4
      ],
      "weight": 1.0
    },
    {
      "type": "temporal",
      "from": [
        1,
        3
      ],
      "to": [
        1,
        4
      ],
      "weight": 1.0
    },
    {
      "type": "temporal",
      "from": [
        2,
        3
      ],
      "to": [
        2,
        4
      ],
      "weight": 1.0
    },
    {
      "type": "temporal",
      "from": [
        3,
        3
      ],
      "to": [
        3,
        4
      ],
      "weight": 1.0
    },
    {
      "type": "temporal",
      "from": [
        4,
        3
      ],
      "to": [
        4,
        4
      ],
      "weight": 1.0
    },
    {
      "type": "temporal",
      "from": [
        5,
        3
      ],
      "to": [
        5,
        4
      ],
      "weight": 1.0
    },
    {
      "type": "spatial",
      "from": [
        0,
        4
      ],
      "to": [
        1,
        4
      ],
      "weight": 0.00468637633464956
    },
    {
      "type": "spatial",
      "from": [
        0,
        4
      ],
      "to": [
        2,
        4
      ],
      "weight": 2.227133113074594
    },
    {
      "type": "spatial",
      "from": [
        0,
        4
      ],
      "to": [
        3,
        4
      ],
      "weight": 4.449579849814539
    },
    {
      "type": "spatial",
      "from": [
        0,
        4
      ],
      "to": [
        4,
        4
      ],
      "weight": 6.672026586554486
    },
    {
      "type": "spatial",
      "from": [
        0,
        4
      ],
      "to": [
        5,
        4
      ],
      "weight": 6.676712962889136
    },
    {
      "type": "spatial",
      "from": [
        1,
        4
      ],
      "to": [
        2,
        4
      ],
      "weight": 2.2224467367399443
    },
    {
      "type": "spatial",
      "from": [
        1,
        4
      ],
      "to": [
        3,
        4
      ],
      "weight": 4.444893473479889
    },
    {
      "type": "spatial",
      "from": [
        1,
        4
      ],
      "to": [
        4,
        4
      ],
      "weight": 6.667340210219836
    },
    {
      "type": "spatial",
      "from": [
        1,
        4
      ],
      "to": [
        5,
        4
      ],
      "weight": 6.672026586554486
    },
    {
      "type": "spatial",
      "from": [
        2,
        4
      ],
      "to": [
        3,
        4
      ],
      "weight": 2.2224467367399443
    },
    {
      "type": "spatial",
      "from": [
        2,
        4
      ],
      "to": [
        4,
        4
      ],
      "weight": 4.44489347347989
    },
    {
      "type": "spatial",
      "from": [
        2,
        4
      ],
      "to": [
        5,
        4
      ],
      "weight": 4.4495798498145405
    },
    {
      "type": "spatial",
      "from": [
        3,
        4
      ],
      "to": [
        4,
        4
      ],
      "weight": 2.2224467367399465
    },
    {
      "type": "spatial",
      "from": [
        3,
        4
      ],
      "to": [
        5,
        4
      ],
      "weight": 2.227133113074597
    },
    {
      "type": "spatial",
      "from": [
        4,
        4
      ],
      "to": [
        5,
        4
      ],
      "weight": 0.00468637633465034
    },
    {
      "type": "temporal",
      "from": [
        0,
        4
      ],
      "to": [
        0,
        5
      ],
      "weight": 1.0
    },
    {
      "type": "temporal",
      "from": [
        1,
        4
      ],
      "to": [
        1,
        5
      ],
      "weight": 1.0
    },
    {
      "type": "temporal",
      "from": [
        2,
        4
      ],
      "to": [
        2,
        5
      ],
      "weight": 1.0
    },
    {
      "type": "temporal",
      "from": [
        3,
        4
      ],
      "to": [
        3,
        5
      ],
      "weight": 1.0
    },
    {
      "type": "temporal",
      "from": [
        4,
        4
      ],
      "to": [
        4,
        5
      ],
      "weight": 1.0
    },
    {
      "type": "temporal",
      "from": [
        5,
        4
      ],
      "to": [
        5,
        5
      ],
      "weight": 1.0
    },
    {
      "type": "spatial",
      "from": [
        0,
        5
      ],
      "to": [
        1,
        5
      ],
      "weight": 1.4360854128218838
    },
    {
      "type": "spatial",
      "from": [
        0,
        5
      ],
      "to": [
        2,
        5
      ],
      "weight": 3.0770673430231574
    },
    {
      "type": "spatial",
      "from": [
        0,
        5
      ],
      "to": [
        3,
        5
      ],
      "weight": 4.718049273224429
    },
    {
      "type": "spatial",
      "from": [
        0,
        5
      ],
      "to": [
        4,
        5
      ],
      "weight": 6.35903120342571
    },
    {
      "type": "spatial",
      "from": [
        0,
        5
      ],
      "to": [
        5,
        5
      ],
      "weight": 7.7951166162475936
    },
    {
      "type": "spatial",
      "from": [
        1,
        5
      ],
      "to": [
        2,
        5
      ],
      "weight": 1.6409819302012736
    },
    {
      "type": "spatial",
      "from": [
        1,
        5
      ],
      "to": [
        3,
        5
      ],
      "weight": 3.281963860402545
    },
    {
      "type": "spatial",
      "from": [
        1,
        5
      ],
      "to": [
