{
  "spec": {
    "num_qubits": 7,
    "topology": "triangulated",
    "custom_edges": "0-1:1.0000,0-2:0.8341,0-3:1.0000,0-4:1.0000,0-5:0.7190,0-6:0.7190,1-2:1.0000,1-3:1.0000,1-4:0.4366,1-5:1.0000,1-6:0.4439,2-3:0.4411,2-4:1.0000,2-5:0.0500,2-6:0.0500,3-4:0.3253,3-5:0.0500,3-6:1.0000,4-5:0.0500,4-6:0.0500,5-6:1.0000",
    "alpha": 0.05,
    "weight": 1.0,
    "gamma": 0.3,
    "sigma": null,
    "init_angle": 0.0,
    "init_angles": null,
    "shots": 2000,
    "device": "ibm_brisbane",
    "geometry": "hyperbolic",
    "curvature": 12.0,
    "timesteps": 3,
    "dimension": 2,
    "mass_hinge": null,
    "mass_value": 0.0,
    "solve_regge": true,
    "lorentzian": true,
    "excite": false,
    "fast": false,
    "strong_curvature": false,
    "charge_injection": false,
    "charge_strength": 1.0,
    "charge_location": 3,
    "spin_injection": false,
    "spin_strength": 1.0,
    "spin_location": 3,
    "edge_floor": 0.05
  },
  "uid": "B7HGPX",
  "counts_per_timestep": [
    null,
    null,
    null,
    null,
    null
  ],
  "job_ids_per_timestep": [
    "d20sccbni11c73fd0k20",
    "d20sce3ni11c73fd0k4g",
    "d20scgbni11c73fd0k70"
  ],
  "entropy_per_timestep": [
    null,
    null,
    null,
    null,
    null
  ],
  "mutual_information_per_timestep": [
    {
      "I_0,1": 0.10690937738102467,
      "I_0,2": 0.10386735346300538,
      "I_0,3": 0.10936729988736735,
      "I_0,4": 0.10137520944145993,
      "I_0,5": 0.10341066351050258,
      "I_0,6": 0.1011347352124059,
      "I_1,2": 0.10924693618278564,
      "I_1,3": 0.10877339353380981,
      "I_1,4": 0.10257941627715156,
      "I_1,5": 0.1065998404603418,
      "I_1,6": 0.10817222200201217,
      "I_2,3": 0.10555200811599463,
      "I_2,4": 0.10529650578356008,
      "I_2,5": 0.10241852290900452,
      "I_2,6": 0.100931027678059,
      "I_3,4": 0.10897215757953327,
      "I_3,5": 0.10900418057163332,
      "I_3,6": 0.10633101457273268,
      "I_4,5": 0.10339029791048701,
      "I_4,6": 0.10349209574612661,
      "I_5,6": 0.1072595567887024
    },
    {
      "I_0,1": 0.1,
      "I_0,2": 0.1,
      "I_0,3": 0.1,
      "I_0,4": 0.1,
      "I_0,5": 0.1,
      "I_0,6": 0.1,
      "I_1,2": 0.1,
      "I_1,3": 0.1,
      "I_1,4": 0.1,
      "I_1,5": 0.1,
      "I_1,6": 0.1,
      "I_2,3": 0.1,
      "I_2,4": 0.1,
      "I_2,5": 0.1,
      "I_2,6": 0.1,
      "I_3,4": 0.1,
      "I_3,5": 0.1,
      "I_3,6": 0.1,
      "I_4,5": 0.1,
      "I_4,6": 0.1,
      "I_5,6": 0.1
    },
    {
      "I_0,1": 0.1,
      "I_0,2": 0.1,
      "I_0,3": 0.1,
      "I_0,4": 0.1,
      "I_0,5": 0.1,
      "I_0,6": 0.1,
      "I_1,2": 0.1,
      "I_1,3": 0.1,
      "I_1,4": 0.1,
      "I_1,5": 0.1,
      "I_1,6": 0.1,
      "I_2,3": 0.1,
      "I_2,4": 0.1,
      "I_2,5": 0.1,
      "I_2,6": 0.1,
      "I_3,4": 0.1,
      "I_3,5": 0.1,
      "I_3,6": 0.1,
      "I_4,5": 0.1,
      "I_4,6": 0.1,
      "I_5,6": 0.1
    }
  ],
  "distance_matrix_per_timestep": [
    [
      [
        0.0,
        2678231.731315429,
        1135001.0711557246,
        1467222.3400070586,
        2145786.9841555106,
        1801233.5482321505,
        1158825.5932771026
      ],
      [
        2678231.731315429,
        0.0,
        2303728.309763124,
        4113251.992102834,
        566378.7198925675,
        896317.3707416912,
        2310151.011794053
      ],
      [
        1135001.0711557246,
        2303728.309763124,
        0.0,
        1864727.4553932028,
        2805273.907477125,
        2493693.6695482717,
        27603.28575095127
      ],
      [
        1467222.3400070586,
        4113251.992102834,
        1864727.4553932028,
        0.0,
        3548633.6858866024,
        3216667.5369881606,
        1842154.0931328218
      ],
      [
        2145786.9841555106,
        566378.7198925675,
        2805273.907477125,
        3548633.6858866024,
        0.0,
        349607.1163167566,
        2778208.6803933787
      ],
      [
        1801233.5482321505,
        896317.3707416912,
        2493693.6695482717,
        3216667.5369881606,
        349607.1163167566,
        0.0,
        2473170.6141336206
      ],
      [
        1158825.5932771026,
        2310151.011794053,
        27603.28575095127,
        1842154.0931328218,
        2778208.6803933787,
        2473170.6141336206,
        0.0
      ]
    ],
    [
      [
        0.0,
        100.0,
        100.0,
        100.0,
        100.0,
        100.0,
        100.0
      ],
      [
        100.0,
        0.0,
        100.0,
        100.0,
        100.0,
        100.0,
        100.0
      ],
      [
        100.0,
        100.0,
        0.0,
        100.0,
        100.0,
        100.0,
        100.0
      ],
      [
        100.0,
        100.0,
        100.0,
        0.0,
        100.0,
        100.0,
        100.0
      ],
      [
        100.0,
        100.0,
        100.0,
        100.0,
        0.0,
        100.0,
        100.0
      ],
      [
        100.0,
        100.0,
        100.0,
        100.0,
        100.0,
        0.0,
        100.0
      ],
      [
        100.0,
        100.0,
        100.0,
        100.0,
        100.0,
        100.0,
        0.0
      ]
    ],
    [
      [
        0.0,
        99.68584073702198,
        99.68584073702198,
        99.68584073702198,
        99.68584073702198,
        99.68584073702198,
        99.68584073702198
      ],
      [
        99.68584073702198,
        0.0,
        99.68584073702198,
        99.68584073702198,
        99.68584073702198,
        99.68584073702198,
        99.68584073702198
      ],
      [
        99.68584073702198,
        99.68584073702198,
        0.0,
        99.68584073702198,
        99.68584073702198,
        99.68584073702198,
        99.68584073702198
      ],
      [
        99.68584073702198,
        99.68584073702198,
        99.68584073702198,
        0.0,
        99.68584073702198,
        99.68584073702198,
        99.68584073702198
      ],
      [
        99.68584073702198,
        99.68584073702198,
        99.68584073702198,
        99.68584073702198,
        0.0,
        99.68584073702198,
        99.68584073702198
      ],
      [
        99.68584073702198,
        99.68584073702198,
        99.68584073702198,
        99.68584073702198,
        99.68584073702198,
        0.0,
        99.68584073702198
      ],
      [
        99.68584073702198,
        99.68584073702198,
        99.68584073702198,
        99.68584073702198,
        99.68584073702198,
        99.68584073702198,
        0.0
      ]
    ]
  ],
  "edge_mi": {
    "0,1": 0.1,
    "0,6": 0.1,
    "0,2": 0.1,
    "0,3": 0.1,
    "0,4": 0.1,
    "1,2": 0.1,
    "1,6": 0.1,
    "1,4": 0.1,
    "1,5": 0.1,
    "2,3": 0.1,
    "2,4": 0.1,
    "2,5": 0.1,
    "2,6": 0.1,
    "3,4": 0.1,
    "3,6": 0.1,
    "4,5": 0.1,
    "4,6": 0.1,
    "5,6": 0.1
  },
  "distance_matrix": [
    [
      0.0,
      2.3025850929940455,
      2.3025850929940455,
      2.3025850929940455,
      2.3025850929940455,
      2.3025850929940455,
      2.3025850929940455
    ],
    [
      2.3025850929940455,
      0.0,
      2.3025850929940455,
      2.3025850929940455,
      2.3025850929940455,
      2.3025850929940455,
      2.3025850929940455
    ],
    [
      2.3025850929940455,
      2.3025850929940455,
      0.0,
      2.3025850929940455,
      2.3025850929940455,
      2.3025850929940455,
      2.3025850929940455
    ],
    [
      2.3025850929940455,
      2.3025850929940455,
      2.3025850929940455,
      0.0,
      2.3025850929940455,
      2.3025850929940455,
      2.3025850929940455
    ],
    [
      2.3025850929940455,
      2.3025850929940455,
      2.3025850929940455,
      2.3025850929940455,
      0.0,
      2.3025850929940455,
      2.3025850929940455
    ],
    [
      2.3025850929940455,
      2.3025850929940455,
      2.3025850929940455,
      2.3025850929940455,
      2.3025850929940455,
      0.0,
      2.3025850929940455
    ],
    [
      2.3025850929940455,
      2.3025850929940455,
      2.3025850929940455,
      2.3025850929940455,
      2.3025850929940455,
      2.3025850929940455,
      0.0
    ]
  ],
  "shortest_paths": {
    "0": {
      "0": 0,
      "1": 2.3025850929940455,
      "2": 2.3025850929940455,
      "3": 2.3025850929940455,
      "4": 2.3025850929940455,
      "5": 2.3025850929940455,
      "6": 2.3025850929940455
    },
    "1": {
      "1": 0,
      "0": 2.3025850929940455,
      "2": 2.3025850929940455,
      "3": 2.3025850929940455,
      "4": 2.3025850929940455,
      "5": 2.3025850929940455,
      "6": 2.3025850929940455
    },
    "2": {
      "2": 0,
      "0": 2.3025850929940455,
      "1": 2.3025850929940455,
      "3": 2.3025850929940455,
      "4": 2.3025850929940455,
      "5": 2.3025850929940455,
      "6": 2.3025850929940455
    },
    "3": {
      "3": 0,
      "0": 2.3025850929940455,
      "1": 2.3025850929940455,
      "2": 2.3025850929940455,
      "4": 2.3025850929940455,
      "5": 2.3025850929940455,
      "6": 2.3025850929940455
    },
    "4": {
      "4": 0,
      "0": 2.3025850929940455,
      "1": 2.3025850929940455,
      "2": 2.3025850929940455,
      "3": 2.3025850929940455,
      "5": 2.3025850929940455,
      "6": 2.3025850929940455
    },
    "5": {
      "5": 0,
      "0": 2.3025850929940455,
      "1": 2.3025850929940455,
      "2": 2.3025850929940455,
      "3": 2.3025850929940455,
      "4": 2.3025850929940455,
      "6": 2.3025850929940455
    },
    "6": {
      "6": 0,
      "0": 2.3025850929940455,
      "1": 2.3025850929940455,
      "2": 2.3025850929940455,
      "3": 2.3025850929940455,
      "4": 2.3025850929940455,
      "5": 2.3025850929940455
    }
  },
  "gromov_delta": 1.1512925464970227,
  "mean_distance": 1.9736443654234674,
  "angle_sums": [
    0.11116706656349909,
    0.11116706656349909,
    0.11116706656349909,
    0.11116706656349909,
    0.11116706656349909,
    0.11116706656349909,
    0.11116706656349909,
    0.11116706656349909,
    0.11116706656349909,
    0.11116706656349909,
    0.11116706656349909,
    0.11116706656349909,
    0.11116706656349909,
    0.11116706656349909,
    0.11116706656349909,
    0.11116706656349909,
    0.11116706656349909,
    0.11116706656349909,
    0.11116706656349909,
    0.11116706656349909,
    0.11116706656349909,
    0.11116706656349909,
    0.11116706656349909,
    0.11116706656349909,
    0.11116706656349909,
    0.11116706656349909,
    0.11116706656349909,
    0.11116706656349909,
    0.11116706656349909,
    0.11116706656349909,
    0.11116706656349909,
    0.11116706656349909,
    0.11116706656349909,
    0.11116706656349909,
    0.11116706656349909
  ],
  "mean_angle_sum": 0.1111670665634991,
  "min_angle_sum": 0.11116706656349909,
  "max_angle_sum": 0.11116706656349909,
  "angle_sum_deviations": [
    -3.030425587026294,
    -3.030425587026294,
    -3.030425587026294,
    -3.030425587026294,
    -3.030425587026294,
    -3.030425587026294,
    -3.030425587026294,
    -3.030425587026294,
    -3.030425587026294,
    -3.030425587026294,
    -3.030425587026294,
    -3.030425587026294,
    -3.030425587026294,
    -3.030425587026294,
    -3.030425587026294,
    -3.030425587026294,
    -3.030425587026294,
    -3.030425587026294,
    -3.030425587026294,
    -3.030425587026294,
    -3.030425587026294,
    -3.030425587026294,
    -3.030425587026294,
    -3.030425587026294,
    -3.030425587026294,
    -3.030425587026294,
    -3.030425587026294,
    -3.030425587026294,
    -3.030425587026294,
    -3.030425587026294,
    -3.030425587026294,
    -3.030425587026294,
    -3.030425587026294,
    -3.030425587026294,
    -3.030425587026294
  ],
  "triangle_inequality_violations": [],
  "embedding_coords": [
    [
      -194.99352214179828,
      178.77700968316276
    ],
    [
      -258.0585864805566,
      -40.356030342312685
    ],
    [
      -131.06835505752156,
      -229.6274570584206
    ],
    [
      97.2688276163587,
      -243.64333266616362
    ],
    [
      251.81779734951945,
      -76.24003053843106
    ],
    [
      216.8170115479858,
      149.66718357083732
    ],
    [
      18.21682716601237,
      261.4226573513279
    ]
  ],
  "embedding_coords_3d": [
    [
      -176.26168598299756,
      -202.3951204421766,
      17.204957398471176
    ],
    [
      -211.92374462476783,
      66.51052616973178,
      -151.97598012904936
    ],
    [
      250.68610006821115,
      62.73922308356237,
      75.33681988059459
    ],
    [
      -111.35823136027598,
      182.17754758838632,
      171.24107783241553
    ],
    [
      82.69482329704222,
      196.32862021403255,
      -164.59131962386007
    ],
    [
      49.57347686760429,
      -131.65013224420258,
      229.2557414646601
    ],
    [
      116.5892617351837,
      -173.7106643693338,
      -176.47129682323194
    ]
  ],
  "edge_weight_variance": 0.15104684235827662,
  "event_nodes": [
    [
      0,
      0
    ],
    [
      1,
      0
    ],
    [
      2,
      0
    ],
    [
      3,
      0
    ],
    [
      4,
      0
    ],
    [
      5,
      0
    ],
    [
      6,
      0
    ],
    [
      0,
      1
    ],
    [
      1,
      1
    ],
    [
      2,
      1
    ],
    [
      3,
      1
    ],
    [
      4,
      1
    ],
    [
      5,
      1
    ],
    [
      6,
      1
    ],
    [
      0,
      2
    ],
    [
      1,
      2
    ],
    [
      2,
      2
    ],
    [
      3,
      2
    ],
    [
      4,
      2
    ],
    [
      5,
      2
    ],
    [
      6,
      2
    ]
  ],
  "event_edges": [
    {
      "type": "spatial",
      "from": [
        0,
        0
      ],
      "to": [
        1,
        0
      ],
      "weight": 2.235773743741111
    },
    {
      "type": "spatial",
      "from": [
        0,
        0
      ],
      "to": [
        2,
        0
      ],
      "weight": 2.264640641387273
    },
    {
      "type": "spatial",
      "from": [
        0,
        0
      ],
      "to": [
        3,
        0
      ],
      "weight": 2.2130433378124117
    },
    {
      "type": "spatial",
      "from": [
        0,
        0
      ],
      "to": [
        4,
        0
      ],
      "weight": 2.2889267005416913
    },
    {
      "type": "spatial",
      "from": [
        0,
        0
      ],
      "to": [
        5,
        0
      ],
      "weight": 4.474447007612307
    },
    {
      "type": "spatial",
      "from": [
        0,
        0
      ],
      "to": [
        6,
        0
      ],
      "weight": 2.2913016391403325
    },
    {
      "type": "spatial",
      "from": [
        1,
        0
      ],
      "to": [
        2,
        0
      ],
      "weight": 2.214144489493176
    },
    {
      "type": "spatial",
      "from": [
        1,
        0
      ],
      "to": [
        3,
        0
      ],
      "weight": 4.448817081553523
    },
    {
      "type": "spatial",
      "from": [
        1,
        0
      ],
      "to": [
        4,
        0
      ],
      "weight": 2.277117987452963
    },
    {
      "type": "spatial",
      "from": [
        1,
        0
      ],
      "to": [
        5,
        0
      ],
      "weight": 2.238673263871196
    },
    {
      "type": "spatial",
      "from": [
        1,
        0
      ],
      "to": [
        6,
        0
      ],
      "weight": 2.224030673792462
    },
    {
      "type": "spatial",
      "from": [
        2,
        0
      ],
      "to": [
        3,
        0
      ],
      "weight": 2.248551479610665
    },
    {
      "type": "spatial",
      "from": [
        2,
        0
      ],
      "to": [
        4,
        0
      ],
      "weight": 2.250975043834764
    },
    {
      "type": "spatial",
      "from": [
        2,
        0
      ],
      "to": [
        5,
        0
      ],
      "weight": 2.2786876949517048
    },
    {
      "type": "spatial",
      "from": [
        2,
        0
      ],
      "to": [
        6,
        0
      ],
      "weight": 2.2933178896960267
    },
    {
      "type": "spatial",
      "from": [
        3,
        0
      ],
      "to": [
        4,
        0
      ],
      "weight": 2.216662864432236
    },
    {
      "type": "spatial",
      "from": [
        3,
        0
      ],
      "to": [
        5,
        0
      ],
      "weight": 4.47370188918608
    },
    {
      "type": "spatial",
      "from": [
        3,
        0
      ],
      "to": [
        6,
        0
      ],
      "weight": 2.2411982716291927
    },
    {
      "type": "spatial",
      "from": [
        4,
        0
      ],
      "to": [
        5,
        0
      ],
      "weight": 2.2692441519631097
    },
    {
      "type": "spatial",
      "from": [
        4,
        0
      ],
      "to": [
        6,
        0
      ],
      "weight": 2.2682600387956615
    },
    {
      "type": "spatial",
      "from": [
        5,
        0
      ],
      "to": [
        6,
        0
      ],
      "weight": 2.2325036175568873
    },
    {
      "type": "temporal",
      "from": [
        0,
        0
      ],
      "to": [
        0,
        1
      ],
      "weight": 1.0
    },
    {
      "type": "temporal",
      "from": [
        1,
        0
      ],
      "to": [
        1,
        1
      ],
      "weight": 1.0
    },
    {
      "type": "temporal",
      "from": [
        2,
        0
      ],
      "to": [
        2,
        1
      ],
      "weight": 1.0
    },
    {
      "type": "temporal",
      "from": [
        3,
        0
      ],
      "to": [
        3,
        1
      ],
      "weight": 1.0
    },
    {
      "type": "temporal",
      "from": [
        4,
        0
      ],
      "to": [
        4,
        1
      ],
      "weight": 1.0
    },
    {
      "type": "temporal",
      "from": [
        5,
        0
      ],
      "to": [
        5,
        1
      ],
      "weight": 1.0
    },
    {
      "type": "temporal",
      "from": [
        6,
        0
      ],
      "to": [
        6,
        1
      ],
      "weight": 1.0
    },
    {
      "type": "spatial",
      "from": [
        0,
        1
      ],
      "to": [
        1,
        1
      ],
      "weight": 2.3025850929940455
    },
    {
      "type": "spatial",
      "from": [
        0,
        1
      ],
      "to": [
        2,
        1
      ],
      "weight": 2.3025850929940455
    },
    {
      "type": "spatial",
      "from": [
        0,
        1
      ],
      "to": [
        3,
        1
      ],
      "weight": 2.3025850929940455
    },
    {
      "type": "spatial",
      "from": [
        0,
        1
      ],
      "to": [
        4,
        1
      ],
      "weight": 2.3025850929940455
    },
    {
      "type": "spatial",
      "from": [
        0,
        1
      ],
      "to": [
        5,
        1
      ],
      "weight": 4.605170185988091
    },
    {
      "type": "spatial",
      "from": [
        0,
        1
      ],
      "to": [
        6,
        1
      ],
      "weight": 2.3025850929940455
    },
    {
      "type": "spatial",
      "from": [
        1,
        1
      ],
      "to": [
        2,
        1
      ],
      "weight": 2.3025850929940455
    },
    {
      "type": "spatial",
      "from": [
        1,
        1
      ],
      "to": [
        3,
        1
      ],
      "weight": 4.605170185988091
    },
    {
      "type": "spatial",
      "from": [
        1,
        1
      ],
      "to": [
        4,
        1
      ],
      "weight": 2.3025850929940455
    },
    {
      "type": "spatial",
      "from": [
        1,
        1
      ],
      "to": [
        5,
        1
      ],
      "weight": 2.3025850929940455
    },
    {
      "type": "spatial",
      "from": [
        1,
        1
      ],
      "to": [
        6,
        1
      ],
      "weight": 2.3025850929940455
    },
    {
      "type": "spatial",
      "from": [
        2,
        1
      ],
      "to": [
        3,
        1
      ],
      "weight": 2.3025850929940455
    },
    {
      "type": "spatial",
      "from": [
        2,
        1
      ],
      "to": [
        4,
        1
      ],
      "weight": 2.3025850929940455
    },
    {
      "type": "spatial",
      "from": [
        2,
        1
      ],
      "to": [
        5,
        1
      ],
      "weight": 2.3025850929940455
    },
    {
      "type": "spatial",
      "from": [
        2,
        1
      ],
      "to": [
        6,
        1
      ],
      "weight": 2.3025850929940455
    },
    {
      "type": "spatial",
      "from": [
        3,
        1
      ],
      "to": [
        4,
        1
      ],
      "weight": 2.3025850929940455
    },
    {
      "type": "spatial",
      "from": [
        3,
        1
      ],
      "to": [
        5,
        1
      ],
      "weight": 4.605170185988091
    },
    {
      "type": "spatial",
      "from": [
        3,
        1
      ],
      "to": [
        6,
        1
      ],
      "weight": 2.3025850929940455
    },
    {
      "type": "spatial",
      "from": [
        4,
        1
      ],
      "to": [
        5,
        1
      ],
      "weight": 2.3025850929940455
    },
    {
      "type": "spatial",
      "from": [
        4,
        1
      ],
      "to": [
        6,
        1
      ],
      "weight": 2.3025850929940455
    },
    {
      "type": "spatial",
      "from": [
        5,
        1
      ],
      "to": [
        6,
        1
      ],
      "weight": 2.3025850929940455
    },
    {
      "type": "temporal",
      "from": [
        0,
        1
      ],
      "to": [
        0,
        2
      ],
      "weight": 1.0
    },
    {
      "type": "temporal",
      "from": [
        1,
        1
      ],
      "to": [
        1,
        2
      ],
      "weight": 1.0
    },
    {
      "type": "temporal",
      "from": [
        2,
        1
      ],
      "to": [
        2,
        2
      ],
      "weight": 1.0
    },
    {
      "type": "temporal",
      "from": [
        3,
        1
      ],
      "to": [
        3,
        2
      ],
      "weight": 1.0
    },
    {
      "type": "temporal",
      "from": [
        4,
        1
      ],
      "to": [
        4,
        2
      ],
      "weight": 1.0
    },
    {
      "type": "temporal",
      "from": [
        5,
        1
      ],
      "to": [
        5,
        2
      ],
      "weight": 1.0
    },
    {
      "type": "temporal",
      "from": [
        6,
        1
      ],
      "to": [
        6,
        2
      ],
      "weight": 1.0
    },
    {
      "type": "spatial",
      "from": [
        0,
        2
      ],
      "to": [
        1,
        2
      ],
      "weight": 2.3025850929940455
    },
    {
      "type": "spatial",
      "from": [
        0,
        2
      ],
      "to": [
        2,
        2
      ],
      "weight": 2.3025850929940455
    },
    {
      "type": "spatial",
      "from": [
        0,
        2
      ],
      "to": [
        3,
        2
      ],
      "weight": 2.3025850929940455
    },
    {
      "type": "spatial",
      "from": [
        0,
        2
      ],
      "to": [
        4,
        2
      ],
      "weight": 2.3025850929940455
    },
    {
      "type": "spatial",
      "from": [
        0,
        2
      ],
      "to": [
        5,
        2
      ],
      "weight": 4.605170185988091
    },
    {
      "type": "spatial",
      "from": [
        0,
        2
      ],
      "to": [
        6,
        2
      ],
      "weight": 2.3025850929940455
    },
    {
      "type": "spatial",
      "from": [
        1,
        2
      ],
      "to": [
        2,
        2
      ],
      "weight": 2.3025850929940455
    },
    {
      "type": "spatial",
      "from": [
        1,
        2
      ],
      "to": [
        3,
        2
      ],
      "weight": 4.605170185988091
    },
    {
      "type": "spatial",
      "from": [
        1,
        2
      ],
      "to": [
        4,
        2
      ],
      "weight": 2.3025850929940455
    },
    {
      "type": "spatial",
      "from": [
        1,
        2
      ],
      "to": [
        5,
        2
      ],
      "weight": 2.3025850929940455
    },
    {
      "type": "spatial",
      "from": [
        1,
        2
      ],
      "to": [
        6,
        2
      ],
      "weight": 2.3025850929940455
    },
    {
      "type": "spatial",
      "from": [
        2,
        2
      ],
      "to": [
        3,
        2
      ],
      "weight": 2.3025850929940455
    },
    {
      "type": "spatial",
      "from": [
        2,
        2
      ],
      "to": [
        4,
        2
      ],
      "weight": 2.3025850929940455
    },
    {
      "type": "spatial",
      "from": [
        2,
        2
      ],
      "to": [
        5,
        2
      ],
      "weight": 2.3025850929940455
    },
    {
      "type": "spatial",
      "from": [
        2,
        2
      ],
      "to": [
        6,
        2
      ],
      "weight": 2.3025850929940455
    },
    {
      "type": "spatial",
      "from": [
        3,
        2
      ],
      "to": [
        4,
        2
      ],
      "weight": 2.3025850929940455
    },
    {
      "type": "spatial",
      "from": [
        3,
        2
      ],
      "to": [
        5,
        2
      ],
      "weight": 4.605170185988091
    },
    {
      "type": "spatial",
      "from": [
        3,
        2
      ],
      "to": [
        6,
        2
      ],
      "weight": 2.3025850929940455
    },
    {
      "type": "spatial",
      "from": [
        4,
        2
      ],
      "to": [
        5,
        2
      ],
      "weight": 2.3025850929940455
    },
    {
      "type": "spatial",
      "from": [
        4,
        2
      ],
      "to": [
        6,
        2
      ],
      "weight": 2.3025850929940455
    },
    {
      "type": "spatial",
      "from": [
        5,
        2
      ],
      "to": [
        6,
        2
      ],
      "weight": 2.3025850929940455
    }
  ],
  "lorentzian_dissimilarity": [
    [
      0.0,
      4.998684233202143,
      5.128597234622959,
      4.8975608150359005,
      5.239185440452673,
      20.020676023930726,
      5.250063201527174,
      -1.0,
      3.998684233202143,
      4.128597234622959,
      3.8975608150359005,
      4.239185440452673,
      19.020676023930726,
      4.250063201527174,
      -4.0,
      0.9986842332021428,
      1.1285972346229594,
      0.8975608150359005,
      1.2391854404526734,
      16.020676023930726,
      1.2500632015271744
    ],
    [
      4.998684233202143,
      0.0,
      4.902435820352997,
      19.791973425122407,
      5.185266328781832,
      5.011657982371713,
      4.946312437969754,
      3.998684233202143,
      -1.0,
      3.9024358203529967,
      18.791973425122407,
      4.185266328781832,
      4.011657982371713,
      3.9463124379697536,
      0.9986842332021428,
      -4.0,
      0.9024358203529967,
      15.791973425122407,
      1.1852663287818324,
      1.0116579823717133,
      0.9463124379697536
    ],
    [
      5.128597234622959,
      4.902435820352997,
      0.0,
      5.055983756459311,
      5.066888647966919,
      5.192417611124314,
      5.259306943199837,
      4.128597234622959,
      3.9024358203529967,
      -1.0,
      4.055983756459311,
      4.066888647966919,
      4.192417611124314,
      4.259306943199837,
      1.1285972346229594,
      0.9024358203529967,
      -4.0,
      1.0559837564593106,
      1.0668886479669188,
      1.1924176111243137,
      1.259306943199837
    ],
    [
      4.8975608150359005,
      19.791973425122407,
      5.055983756459311,
      0.0,
      4.913594254552925,
      20.014008593307096,
      5.022969692753681,
      3.8975608150359005,
      18.791973425122407,
      4.055983756459311,
      -1.0,
      3.913594254552925,
      19.014008593307096,
      4.022969692753681,
      0.8975608150359005,
      15.791973425122407,
      1.0559837564593106,
      -4.0,
      0.9135942545529252,
      16.014008593307096,
      1.0229696927536809
    ],
    [
      5.239185440452673,
      5.185266328781832,
      5.066888647966919,
      4.913594254552925,
      0.0,
      5.149469021218773,
      5.145003603597296,
      4.239185440452673,
      4.185266328781832,
      4.066888647966919,
      3.913594254552925,
      -1.0,
      4.149469021218773,
      4.145003603597296,
      1.2391854404526734,
      1.1852663287818324,
      1.0668886479669188,
      0.9135942545529252,
      -4.0,
      1.1494690212187733,
      1.1450036035972957
    ],
    [
      20.020676023930726,
      5.011657982371713,
      5.192417611124314,
      20.014008593307096,
      5.149469021218773,
      0.0,
      4.984072402404588,
      19.020676023930726,
      4.011657982371713,
      4.192417611124314,
      19.014008593307096,
      4.149469021218773,
      -1.0,
      3.984072402404588,
      16.020676023930726,
      1.0116579823717133,
      1.1924176111243137,
      16.014008593307096,
      1.1494690212187733,
      -4.0,
      0.9840724024045882
    ],
    [
      5.250063201527174,
      4.946312437969754,
      5.259306943199837,
      5.022969692753681,
      5.145003603597296,
      4.984072402404588,
      0.0,
      4.250063201527174,
      3.9463124379697536,
      4.259306943199837,
      4.022969692753681,
      4.145003603597296,
      3.984072402404588,
      -1.0,
      1.2500632015271744,
      0.9463124379697536,
      1.259306943199837,
      1.0229696927536809,
      1.1450036035972957,
      0.9840724024045882,
      -4.0
    ],
    [
      -1.0,
      3.998684233202143,
      4.128597234622959,
      3.8975608150359005,
      4.239185440452673,
      19.020676023930726,
      4.250063201527174,
      0.0,
      5.301898110478397,
      5.301898110478397,
      5.301898110478397,
      5.301898110478397,
      21.207592441913587,
      5.301898110478397,
      -1.0,
      4.301898110478397,
      4.301898110478397,
      4.301898110478397,
      4.301898110478397,
      20.207592441913587,
      4.301898110478397
    ],
    [
      3.998684233202143,
      -1.0,
      3.9024358203529967,
      18.791973425122407,
      4.185266328781832,
      4.011657982371713,
      3.9463124379697536,
      5.301898110478397,
      0.0,
      5.301898110478397,
      21.207592441913587,
      5.301898110478397,
      5.301898110478397,
      5.301898110478397,
      4.301898110478397,
      -1.0,
      4.301898110478397,
      20.207592441913587,
      4.301898110478397,
      4.301898110478397,
      4.301898110478397
    ],
    [
      4.128597234622959,
      3.9024358203529967,
      -1.0,
      4.055983756459311,
      4.066888647966919,
      4.192417611124314,
      4.259306943199837,
      5.301898110478397,
      5.301898110478397,
      0.0,
      5.301898110478397,
      5.301898110478397,
      5.301898110478397,
      5.301898110478397,
      4.301898110478397,
      4.301898110478397,
      -1.0,
      4.301898110478397,
      4.301898110478397,
      4.301898110478397,
      4.301898110478397
    ],
    [
      3.8975608150359005,
      18.791973425122407,
      4.055983756459311,
      -1.0,
      3.913594254552925,
      19.014008593307096,
      4.022969692753681,
      5.301898110478397,
      21.207592441913587,
      5.301898110478397,
      0.0,
      5.301898110478397,
      21.207592441913587,
      5.301898110478397,
      4.301898110478397,
      20.207592441913587,
      4.301898110478397,
      -1.0,
      4.301898110478397,
      20.207592441913587,
      4.301898110478397
    ],
    [
      4.239185440452673,
      4.185266328781832,
      4.066888647966919,
      3.913594254552925,
      -1.0,
      4.149469021218773,
      4.145003603597296,
      5.301898110478397,
      5.301898110478397,
      5.301898110478397,
      5.301898110478397,
      0.0,
      5.301898110478397,
      5.301898110478397,
      4.301898110478397,
      4.301898110478397,
      4.301898110478397,
      4.301898110478397,
      -1.0,
      4.301898110478397,
      4.301898110478397
    ],
    [
      19.020676023930726,
      4.011657982371713,
      4.192417611124314,
      19.014008593307096,
      4.149469021218773,
      -1.0,
      3.984072402404588,
      21.207592441913587,
      5.301898110478397,
      5.301898110478397,
      21.207592441913587,
      5.301898110478397,
      0.0,
      5.301898110478397,
      20.207592441913587,
      4.301898110478397,
      4.301898110478397,
      20.207592441913587,
      4.301898110478397,
      -1.0,
      4.301898110478397
    ],
    [
      4.250063201527174,
      3.9463124379697536,
      4.259306943199837,
      4.022969692753681,
      4.145003603597296,
      3.984072402404588,
      -1.0,
      5.301898110478397,
      5.301898110478397,
      5.301898110478397,
      5.301898110478397,
      5.301898110478397,
      5.301898110478397,
      0.0,
      4.301898110478397,
      4.301898110478397,
      4.301898110478397,
      4.301898110478397,
      4.301898110478397,
      4.301898110478397,
      -1.0
    ],
    [
      -4.0,
      0.9986842332021428,
      1.1285972346229594,
      0.8975608150359005,
      1.2391854404526734,
      16.020676023930726,
      1.2500632015271744,
      -1.0,
      4.301898110478397,
      4.301898110478397,
      4.301898110478397,
      4.301898110478397,
      20.207592441913587,
      4.301898110478397,
      0.0,
      5.301898110478397,
      5.301898110478397,
      5.301898110478397,
      5.301898110478397,
      21.207592441913587,
      5.301898110478397
    ],
    [
      0.9986842332021428,
      -4.0,
      0.9024358203529967,
      15.791973425122407,
      1.1852663287818324,
      1.0116579823717133,
      0.9463124379697536,
      4.301898110478397,
      -1.0,
      4.301898110478397,
      20.207592441913587,
      4.301898110478397,
      4.301898110478397,
      4.301898110478397,
      5.301898110478397,
      0.0,
      5.301898110478397,
      21.207592441913587,
      5.301898110478397,
      5.301898110478397,
      5.301898110478397
    ],
    [
      1.1285972346229594,
      0.9024358203529967,
      -4.0,
      1.0559837564593106,
      1.0668886479669188,
      1.1924176111243137,
      1.259306943199837,
      4.301898110478397,
      4.301898110478397,
      -1.0,
      4.301898110478397,
      4.301898110478397,
      4.301898110478397,
      4.301898110478397,
      5.301898110478397,
      5.301898110478397,
      0.0,
      5.301898110478397,
      5.301898110478397,
      5.301898110478397,
      5.301898110478397
    ],
    [
      0.8975608150359005,
      15.791973425122407,
      1.0559837564593106,
      -4.0,
      0.9135942545529252,
      16.014008593307096,
      1.0229696927536809,
      4.301898110478397,
      20.207592441913587,
      4.301898110478397,
      -1.0,
      4.301898110478397,
      20.207592441913587,
      4.301898110478397,
      5.301898110478397,
      21.207592441913587,
      5.301898110478397,
      0.0,
      5.301898110478397,
      21.207592441913587,
      5.301898110478397
    ],
    [
      1.2391854404526734,
      1.1852663287818324,
      1.0668886479669188,
      0.9135942545529252,
      -4.0,
      1.1494690212187733,
      1.1450036035972957,
      4.301898110478397,
      4.301898110478397,
      4.301898110478397,
      4.301898110478397,
      -1.0,
      4.301898110478397,
      4.301898110478397,
      5.301898110478397,
      5.301898110478397,
      5.301898110478397,
      5.301898110478397,
      0.0,
      5.301898110478397,
      5.301898110478397
    ],
    [
      16.020676023930726,
      1.0116579823717133,
      1.1924176111243137,
      16.014008593307096,
      1.1494690212187733,
      -4.0,
      0.9840724024045882,
      20.207592441913587,
      4.301898110478397,
      4.301898110478397,
      20.207592441913587,
      4.301898110478397,
      -1.0,
      4.301898110478397,
      21.207592441913587,
      5.301898110478397,
      5.301898110478397,
      21.207592441913587,
      5.301898110478397,
      0.0,
      5.301898110478397
    ],
    [
      1.2500632015271744,
      0.9463124379697536,
      1.259306943199837,
      1.0229696927536809,
      1.1450036035972957,
      0.9840724024045882,
      -4.0,
      4.301898110478397,
      4.301898110478397,
      4.301898110478397,
      4.301898110478397,
      4.301898110478397,
      4.301898110478397,
      -1.0,
      5.301898110478397,
      5.301898110478397,
      5.301898110478397,
      5.301898110478397,
      5.301898110478397,
      5.301898110478397,
      0.0
    ]
  ],
  "lorentzian_embedding": [
    [
      -0.4296212730341039,
      1.2089328531392074,
      1.4539168348637246
    ],
    [
      0.02548995001937399,
      -1.5243244039740478,
      0.9320057707004578
    ],
    [
      0.30766525645415893,
      0.04993901522000932,
      -0.4593620135210896
    ],
    [
      -0.5113314044968854,
      2.4930811073064603,
      -0.7485680784835509
    ],
    [
      0.283149119456038,
      0.10784692179106599,
      -0.6267625859517794
    ],
    [
      0.2136102149819108,
      -1.9933542171898957,
      -1.5920573005227674
    ],
    [
      0.29789867600790065,
      0.04641721333576623,
      -0.5678526426615939
    ],
    [
      0.8214196722321526,
      1.0239208609162158,
      1.3896896805776129
    ],
    [
      1.3183482751535958,
      -1.7468974769649093,
      0.879242672789911
    ],
    [
      0.960295193433628,
      -0.010508015903864331,
      -0.700621424344391
    ],
    [
      0.7535769749886599,
      2.3371430758424596,
      -0.7771238469094363
    ],
    [
      0.9529776690958042,
      0.02437079215416741,
      -0.8218161209770155
    ],
    [
      1.455171513951286,
      -2.2264630866386876,
      -1.6139043748273956
    ],
    [
      0.9610808866622679,
      -0.007927125649485245,
      -0.7815704421167625
    ],
    [
      1.9883951413157712,
      0.8585027261759659,
      1.4440583091927213
    ],
    [
      2.4788435111403584,
      -1.983094273089309,
      0.9333837114974144
    ],
    [
      1.5787815224796031,
      -0.14553680660017695,
      -0.5107413429968314
    ],
    [
      1.8210622511483288,
      2.2245897023194603,
      -0.8303887755095519
    ],
    [
      1.5862437804116454,
      -0.11730164288841355,
      -0.6175027776377116
    ],
    [
      2.5487743225831374,
      -2.4349916310728648,
      -1.6787989779708419
    ],
    [
      1.588173254869964,
      -0.14467536175986528,
      -0.5805434459452216
    ]
  ],
  "edge_length_evolution": [
    [
      2678231.731315429,
      1135001.0711557246,
      1467222.3400070586,
      2145786.9841555106,
      1801233.5482321505,
      1158825.5932771026,
      2303728.309763124,
      4113251.992102834,
      566378.7198925675,
      896317.3707416912,
      2310151.011794053,
      1864727.4553932028,
      2805273.907477125,
      2493693.6695482717,
      27603.28575095127,
      3548633.6858866024,
      3216667.5369881606,
      1842154.0931328218,
      349607.1163167566,
      2778208.6803933787,
      2473170.6141336206
    ],
    [
      100.0,
      100.0,
      100.0,
      100.0,
      100.0,
      100.0,
      100.0,
      100.0,
      100.0,
      100.0,
      100.0,
      100.0,
      100.0,
      100.0,
      100.0,
      100.0,
      100.0,
      100.0,
      100.0,
      100.0,
      100.0
    ],
    [
      99.68584073702198,
      99.68584073702198,
      99.68584073702198,
      99.68584073702198,
      99.68584073702198,
      99.68584073702198,
      99.68584073702198,
      99.68584073702198,
      99.68584073702198,
      99.68584073702198,
      99.68584073702198,
      99.68584073702198,
      99.68584073702198,
      99.68584073702198,
      99.68584073702198,
      99.68584073702198,
      99.68584073702198,
      99.68584073702198,
      99.68584073702198,
      99.68584073702198,
      99.68584073702198
    ]
  ],
  "angle_deficit_evolution": [
    [
      3.141592653589793,
      3.141592653589793,
      3.141592653589793,
      3.141592653589793,
      3.141592653589793,
