{
  "spec": {
    "num_qubits": 7,
    "topology": "triangulated",
    "custom_edges": "0-1:1.0000,0-2:0.8064,0-3:1.0000,0-4:1.0000,0-5:0.6722,0-6:0.6722,1-2:1.0000,1-3:1.0000,1-4:0.3427,1-5:1.0000,1-6:0.3512,2-3:0.3480,2-4:1.0000,2-5:0.0500,2-6:0.0500,3-4:0.2128,3-5:0.0500,3-6:1.0000,4-5:0.0500,4-6:0.0500,5-6:1.0000",
    "alpha": 0.8,
    "weight": 1.0,
    "gamma": 0.3,
    "sigma": null,
    "init_angle": 0.0,
    "init_angles": null,
    "shots": 2000,
    "device": "ibm_brisbane",
    "geometry": "hyperbolic",
    "curvature": 14.0,
    "timesteps": 2,
    "dimension": 2,
    "mass_hinge": null,
    "mass_value": 0.0,
    "solve_regge": false,
    "lorentzian": false,
    "excite": false,
    "fast": false,
    "strong_curvature": false,
    "charge_injection": false,
    "charge_strength": 1.0,
    "charge_location": 3,
    "spin_injection": false,
    "spin_strength": 1.0,
    "spin_location": 3,
    "edge_floor": 0.001,
    "compute_entropies": true,
    "hyperbolic_triangulation": true,
    "trotter_steps": 4,
    "dt": 0.1
  },
  "uid": "ECQ4HC",
  "counts_per_timestep": [
    null,
    null,
    null
  ],
  "job_ids_per_timestep": [
    "d2174ltofqqs73dccjkg",
    "d2174ntofqqs73dccjn0"
  ],
  "entropy_per_timestep": [
    null,
    null,
    null
  ],
  "mutual_information_per_timestep": [
    {
      "I_0,1": 0.1019967378215836,
      "I_0,2": 0.10514234438413612,
      "I_0,3": 0.10592414568862044,
      "I_0,4": 0.10046450412719998,
      "I_0,5": 0.10607544851901439,
      "I_0,6": 0.10170524123687293,
      "I_1,2": 0.1006505159298528,
      "I_1,3": 0.10948885537253333,
      "I_1,4": 0.1096563203307456,
      "I_1,5": 0.10808397348116462,
      "I_1,6": 0.10304613769173371,
      "I_2,3": 0.10097672114006384,
      "I_2,4": 0.10684233026512158,
      "I_2,5": 0.10440152493739602,
      "I_2,6": 0.1012203823484478,
      "I_3,4": 0.1049517691011127,
      "I_3,5": 0.10034388521115219,
      "I_3,6": 0.10909320402078783,
      "I_4,5": 0.10258779981600018,
      "I_4,6": 0.10662522284353983,
      "I_5,6": 0.10311711076089411
    },
    {
      "I_0,1": 0.1,
      "I_0,2": 0.1,
      "I_0,3": 0.1,
      "I_0,4": 0.1,
      "I_0,5": 0.1,
      "I_0,6": 0.1,
      "I_1,2": 0.1,
      "I_1,3": 0.1,
      "I_1,4": 0.1,
      "I_1,5": 0.1,
      "I_1,6": 0.1,
      "I_2,3": 0.1,
      "I_2,4": 0.1,
      "I_2,5": 0.1,
      "I_2,6": 0.1,
      "I_3,4": 0.1,
      "I_3,5": 0.1,
      "I_3,6": 0.1,
      "I_4,5": 0.1,
      "I_4,6": 0.1,
      "I_5,6": 0.1
    }
  ],
  "boundary_entropies_per_timestep": [
    {
      "entropy_A": 0.5,
      "entropy_B": 0.7,
      "mi_AB": 0.2,
      "pure_state_check": false,
      "entropy_difference": 0.2,
      "multiple_regions": {
        "size_1_region_0": {
          "region": [
            0
          ],
          "entropy": 0.4,
          "rt_area": 6,
          "size": 1
        },
        "size_1_region_1": {
          "region": [
            0
          ],
          "entropy": 0.4,
          "rt_area": 6,
          "size": 1
        },
        "size_2_region_0": {
          "region": [
            0,
            1
          ],
          "entropy": 0.5,
          "rt_area": 10,
          "size": 2
        },
        "size_2_region_1": {
          "region": [
            0,
            1
          ],
          "entropy": 0.5,
          "rt_area": 10,
          "size": 2
        },
        "size_3_region_0": {
          "region": [
            0,
            1,
            2
          ],
          "entropy": 0.6000000000000001,
          "rt_area": 12,
          "size": 3
        },
        "size_3_region_1": {
          "region": [
            0,
            1,
            2
          ],
          "entropy": 0.6000000000000001,
          "rt_area": 12,
          "size": 3
        },
        "size_4_region_0": {
          "region": [
            0,
            1,
            2,
            3
          ],
          "entropy": 0.7,
          "rt_area": 12,
          "size": 4
        },
        "size_4_region_1": {
          "region": [
            0,
            1,
            2,
            3
          ],
          "entropy": 0.7,
          "rt_area": 12,
          "size": 4
        },
        "size_5_region_0": {
          "region": [
            0,
            1,
            2,
            3,
            4
          ],
          "entropy": 0.8,
          "rt_area": 10,
          "size": 5
        },
        "size_5_region_1": {
          "region": [
            0,
            1,
            2,
            3,
            4
          ],
          "entropy": 0.8,
          "rt_area": 10,
          "size": 5
        },
        "size_6_region_0": {
          "region": [
            0,
            1,
            2,
            3,
            4,
            5
          ],
          "entropy": 0.9000000000000001,
          "rt_area": 6,
          "size": 6
        },
        "size_6_region_1": {
          "region": [
            0,
            1,
            2,
            3,
            4,
            5
          ],
          "entropy": 0.9000000000000001,
          "rt_area": 6,
          "size": 6
        }
      }
    },
    {
      "entropy_A": 0.3,
      "entropy_B": 0.4,
      "mi_AB": 0.1,
      "pure_state_check": false,
      "entropy_difference": 0.1,
      "multiple_regions": {
        "size_1_region_0": {
          "region": [
            0
          ],
          "entropy": 0.25,
          "rt_area": 6,
          "size": 1
        },
        "size_1_region_1": {
          "region": [
            0
          ],
          "entropy": 0.25,
          "rt_area": 6,
          "size": 1
        },
        "size_2_region_0": {
          "region": [
            0,
            1
          ],
          "entropy": 0.30000000000000004,
          "rt_area": 10,
          "size": 2
        },
        "size_2_region_1": {
          "region": [
            0,
            1
          ],
          "entropy": 0.30000000000000004,
          "rt_area": 10,
          "size": 2
        },
        "size_3_region_0": {
          "region": [
            0,
            1,
            2
          ],
          "entropy": 0.35000000000000003,
          "rt_area": 12,
          "size": 3
        },
        "size_3_region_1": {
          "region": [
            0,
            1,
            2
          ],
          "entropy": 0.35000000000000003,
          "rt_area": 12,
          "size": 3
        },
        "size_4_region_0": {
          "region": [
            0,
            1,
            2,
            3
          ],
          "entropy": 0.4,
          "rt_area": 12,
          "size": 4
        },
        "size_4_region_1": {
          "region": [
            0,
            1,
            2,
            3
          ],
          "entropy": 0.4,
          "rt_area": 12,
          "size": 4
        },
        "size_5_region_0": {
          "region": [
            0,
            1,
            2,
            3,
            4
          ],
          "entropy": 0.45,
          "rt_area": 10,
          "size": 5
        },
        "size_5_region_1": {
          "region": [
            0,
            1,
            2,
            3,
            4
          ],
          "entropy": 0.45,
          "rt_area": 10,
          "size": 5
        },
        "size_6_region_0": {
          "region": [
            0,
            1,
            2,
            3,
            4,
            5
          ],
          "entropy": 0.5,
          "rt_area": 6,
          "size": 6
        },
        "size_6_region_1": {
          "region": [
            0,
            1,
            2,
            3,
            4,
            5
          ],
          "entropy": 0.5,
          "rt_area": 6,
          "size": 6
        }
      }
    }
  ],
  "distance_matrix_per_timestep": [
    [
      [
        0.0,
        2.0,
        2.0,
        2.0,
        2.0,
        2.0,
        2.0
      ],
      [
        2.0,
        0.0,
        2.0,
        2.0,
        2.0,
        2.0,
        2.0
      ],
      [
        2.0,
        2.0,
        0.0,
        2.0,
        2.0,
        2.0,
        2.0
      ],
      [
        2.0,
        2.0,
        2.0,
        0.0,
        2.0,
        2.0,
        2.0
      ],
      [
        2.0,
        2.0,
        2.0,
        2.0,
        0.0,
        2.0,
        2.0
      ],
      [
        2.0,
        2.0,
        2.0,
        2.0,
        2.0,
        0.0,
        2.0
      ],
      [
        2.0,
        2.0,
        2.0,
        2.0,
        2.0,
        2.0,
        0.0
      ]
    ],
    [
      [
        0.0,
        2.0,
        2.0,
        2.0,
        2.0,
        2.0,
        2.0
      ],
      [
        2.0,
        0.0,
        2.0,
        2.0,
        2.0,
        2.0,
        2.0
      ],
      [
        2.0,
        2.0,
        0.0,
        2.0,
        2.0,
        2.0,
        2.0
      ],
      [
        2.0,
        2.0,
        2.0,
        0.0,
        2.0,
        2.0,
        2.0
      ],
      [
        2.0,
        2.0,
        2.0,
        2.0,
        0.0,
        2.0,
        2.0
      ],
      [
        2.0,
        2.0,
        2.0,
        2.0,
        2.0,
        0.0,
        2.0
      ],
      [
        2.0,
        2.0,
        2.0,
        2.0,
        2.0,
        2.0,
        0.0
      ]
    ]
  ],
  "edge_mi": {
    "0,1": 0.1,
    "0,6": 0.1,
    "0,2": 0.1,
    "0,3": 0.1,
    "0,4": 0.1,
    "1,2": 0.1,
    "1,6": 0.1,
    "1,4": 0.1,
    "1,5": 0.1,
    "2,3": 0.1,
    "2,4": 0.1,
    "2,5": 0.1,
    "2,6": 0.1,
    "3,4": 0.1,
    "3,6": 0.1,
    "4,5": 0.1,
    "4,6": 0.1,
    "5,6": 0.1
  },
  "distance_matrix": [
    [
      0.0,
      2.3025850929940455,
      2.3025850929940455,
      2.3025850929940455,
      2.3025850929940455,
      2.3025850929940455,
      2.3025850929940455
    ],
    [
      2.3025850929940455,
      0.0,
      2.3025850929940455,
      2.3025850929940455,
      2.3025850929940455,
      2.3025850929940455,
      2.3025850929940455
    ],
    [
      2.3025850929940455,
      2.3025850929940455,
      0.0,
      2.3025850929940455,
      2.3025850929940455,
      2.3025850929940455,
      2.3025850929940455
    ],
    [
      2.3025850929940455,
      2.3025850929940455,
      2.3025850929940455,
      0.0,
      2.3025850929940455,
      2.3025850929940455,
      2.3025850929940455
    ],
    [
      2.3025850929940455,
      2.3025850929940455,
      2.3025850929940455,
      2.3025850929940455,
      0.0,
      2.3025850929940455,
      2.3025850929940455
    ],
    [
      2.3025850929940455,
      2.3025850929940455,
      2.3025850929940455,
      2.3025850929940455,
      2.3025850929940455,
      0.0,
      2.3025850929940455
    ],
    [
      2.3025850929940455,
      2.3025850929940455,
      2.3025850929940455,
      2.3025850929940455,
      2.3025850929940455,
      2.3025850929940455,
      0.0
    ]
  ],
  "shortest_paths": {
    "0": {
      "0": 0,
      "1": 2.3025850929940455,
      "2": 2.3025850929940455,
      "3": 2.3025850929940455,
      "4": 2.3025850929940455,
      "5": 2.3025850929940455,
      "6": 2.3025850929940455
    },
    "1": {
      "1": 0,
      "0": 2.3025850929940455,
      "2": 2.3025850929940455,
      "3": 2.3025850929940455,
      "4": 2.3025850929940455,
      "5": 2.3025850929940455,
      "6": 2.3025850929940455
    },
    "2": {
      "2": 0,
      "0": 2.3025850929940455,
      "1": 2.3025850929940455,
      "3": 2.3025850929940455,
      "4": 2.3025850929940455,
      "5": 2.3025850929940455,
      "6": 2.3025850929940455
    },
    "3": {
      "3": 0,
      "0": 2.3025850929940455,
      "1": 2.3025850929940455,
      "2": 2.3025850929940455,
      "4": 2.3025850929940455,
      "5": 2.3025850929940455,
      "6": 2.3025850929940455
    },
    "4": {
      "4": 0,
      "0": 2.3025850929940455,
      "1": 2.3025850929940455,
      "2": 2.3025850929940455,
      "3": 2.3025850929940455,
      "5": 2.3025850929940455,
      "6": 2.3025850929940455
    },
    "5": {
      "5": 0,
      "0": 2.3025850929940455,
      "1": 2.3025850929940455,
      "2": 2.3025850929940455,
      "3": 2.3025850929940455,
      "4": 2.3025850929940455,
      "6": 2.3025850929940455
    },
    "6": {
      "6": 0,
      "0": 2.3025850929940455,
      "1": 2.3025850929940455,
      "2": 2.3025850929940455,
      "3": 2.3025850929940455,
      "4": 2.3025850929940455,
      "5": 2.3025850929940455
    }
  },
  "gromov_delta": 1.1512925464970227,
  "mean_distance": 1.9736443654234674,
  "angle_sums": [
    0.08077127788584,
    0.08077127788584,
    0.08077127788584,
    0.08077127788584,
    0.08077127788584,
    0.08077127788584,
    0.08077127788584,
    0.08077127788584,
    0.08077127788584,
    0.08077127788584,
    0.08077127788584,
    0.08077127788584,
    0.08077127788584,
    0.08077127788584,
    0.08077127788584,
    0.08077127788584,
    0.08077127788584,
    0.08077127788584,
    0.08077127788584,
    0.08077127788584,
    0.08077127788584,
    0.08077127788584,
    0.08077127788584,
    0.08077127788584,
    0.08077127788584,
    0.08077127788584,
    0.08077127788584,
    0.08077127788584,
    0.08077127788584,
    0.08077127788584,
    0.08077127788584,
    0.08077127788584,
    0.08077127788584,
    0.08077127788584,
    0.08077127788584
  ],
  "mean_angle_sum": 0.08077127788584,
  "min_angle_sum": 0.08077127788584,
  "max_angle_sum": 0.08077127788584,
  "angle_sum_deviations": [
    -3.060821375703953,
    -3.060821375703953,
    -3.060821375703953,
    -3.060821375703953,
    -3.060821375703953,
    -3.060821375703953,
    -3.060821375703953,
    -3.060821375703953,
    -3.060821375703953,
    -3.060821375703953,
    -3.060821375703953,
    -3.060821375703953,
    -3.060821375703953,
    -3.060821375703953,
    -3.060821375703953,
    -3.060821375703953,
    -3.060821375703953,
    -3.060821375703953,
    -3.060821375703953,
    -3.060821375703953,
    -3.060821375703953,
    -3.060821375703953,
    -3.060821375703953,
    -3.060821375703953,
    -3.060821375703953,
    -3.060821375703953,
    -3.060821375703953,
    -3.060821375703953,
    -3.060821375703953,
    -3.060821375703953,
    -3.060821375703953,
    -3.060821375703953,
    -3.060821375703953,
    -3.060821375703953,
    -3.060821375703953
  ],
  "triangle_inequality_violations": [],
  "embedding_coords": [
    [
      -342.0602412894104,
      313.61301851223635
    ],
    [
      -452.6898195836105,
      -70.79308750747053
    ],
    [
      -229.92185926966067,
      -402.8155525646565
    ],
    [
      170.63027673398634,
      -427.4023887816087
    ],
    [
      441.7421439246901,
      -133.74127999454
    ],
    [
      380.34329792669206,
      262.5481726932355
    ],
    [
      31.956201557313175,
      458.5911176428041
    ]
  ],
  "embedding_coords_3d": [
    [
      -309.20060407739265,
      -355.044223899426,
      30.18116609440716
    ],
    [
      -371.75946372510094,
      116.67365346301085,
      -266.5982944568492
    ],
    [
      439.7569054364631,
      110.05798321170616,
      132.15685579336025
    ],
    [
      -195.34609698961327,
      319.57828753039723,
      300.39338619371955
    ],
    [
      145.0643636756381,
      344.40228816213414,
      -288.7282915159554
    ],
    [
      86.96245532996022,
      -230.94242058198995,
      402.163484104658
    ],
    [
      204.52244035004531,
      -304.7255678858324,
      -309.5683062133403
    ]
  ],
  "edge_weight_variance": 0.15937678721088433,
  "event_nodes": [
    [
      0,
      0
    ],
    [
      1,
      0
    ],
    [
      2,
      0
    ],
    [
      3,
      0
    ],
    [
      4,
      0
    ],
    [
      5,
      0
    ],
    [
      6,
      0
    ],
    [
      0,
      1
    ],
    [
      1,
      1
    ],
    [
      2,
      1
    ],
    [
      3,
      1
    ],
    [
      4,
      1
    ],
    [
      5,
      1
    ],
    [
      6,
      1
    ]
  ],
  "event_edges": [
    {
      "type": "spatial",
      "from": [
        0,
        0
      ],
      "to": [
        1,
        0
      ],
      "weight": 2.282814448350643
    },
    {
      "type": "spatial",
      "from": [
        0,
        0
      ],
      "to": [
        2,
        0
      ],
      "weight": 2.2524401861017798
    },
    {
      "type": "spatial",
      "from": [
        0,
        0
      ],
      "to": [
        3,
        0
      ],
      "weight": 2.2450320477498984
    },
    {
      "type": "spatial",
      "from": [
        0,
        0
      ],
      "to": [
        4,
        0
      ],
      "weight": 2.2979508066344403
    },
    {
      "type": "spatial",
      "from": [
        0,
        0
      ],
      "to": [
        5,
        0
      ],
      "weight": 4.507661270097145
    },
    {
      "type": "spatial",
      "from": [
        0,
        0
      ],
      "to": [
        6,
        0
      ],
      "weight": 2.285676441003132
    },
    {
      "type": "spatial",
      "from": [
        1,
        0
      ],
      "to": [
        2,
        0
      ],
      "weight": 2.296101000929814
    },
    {
      "type": "spatial",
      "from": [
        1,
        0
      ],
      "to": [
        3,
        0
      ],
      "weight": 4.464658541072728
    },
    {
      "type": "spatial",
      "from": [
        1,
        0
      ],
      "to": [
        4,
        0
      ],
      "weight": 2.2104041648241437
    },
    {
      "type": "spatial",
      "from": [
        1,
        0
      ],
      "to": [
        5,
        0
      ],
      "weight": 2.2248468217465023
    },
    {
      "type": "spatial",
      "from": [
        1,
        0
      ],
      "to": [
        6,
        0
      ],
      "weight": 2.2725784522924197
    },
    {
      "type": "spatial",
      "from": [
        2,
        0
      ],
      "to": [
        3,
        0
      ],
      "weight": 2.292865272468086
    },
    {
      "type": "spatial",
      "from": [
        2,
        0
      ],
      "to": [
        4,
        0
      ],
      "weight": 2.2364010801852525
    },
    {
      "type": "spatial",
      "from": [
        2,
        0
      ],
      "to": [
        5,
        0
      ],
      "weight": 2.2595109969602367
    },
    {
      "type": "spatial",
      "from": [
        2,
        0
      ],
      "to": [
        6,
        0
      ],
      "weight": 2.290455135803144
    },
    {
      "type": "spatial",
      "from": [
        3,
        0
      ],
      "to": [
        4,
        0
      ],
      "weight": 2.254254376248584
    },
    {
      "type": "spatial",
      "from": [
        3,
        0
      ],
      "to": [
        5,
        0
      ],
      "weight": 4.487442618334705
    },
    {
      "type": "spatial",
      "from": [
        3,
        0
      ],
      "to": [
        6,
        0
      ],
      "weight": 2.2155526793684657
    },
    {
      "type": "spatial",
      "from": [
        4,
        0
      ],
      "to": [
        5,
        0
      ],
      "weight": 2.27703626349128
    },
    {
      "type": "spatial",
      "from": [
        4,
        0
      ],
      "to": [
        6,
        0
      ],
      "weight": 2.2384351831978955
    },
    {
      "type": "spatial",
      "from": [
        5,
        0
      ],
      "to": [
        6,
        0
      ],
      "weight": 2.2718899389662393
    },
    {
      "type": "temporal",
      "from": [
        0,
        0
      ],
      "to": [
        0,
        1
      ],
      "weight": 1.0
    },
    {
      "type": "temporal",
      "from": [
        1,
        0
      ],
      "to": [
        1,
        1
      ],
      "weight": 1.0
    },
    {
      "type": "temporal",
      "from": [
        2,
        0
      ],
      "to": [
        2,
        1
      ],
      "weight": 1.0
    },
    {
      "type": "temporal",
      "from": [
        3,
        0
      ],
      "to": [
        3,
        1
      ],
      "weight": 1.0
    },
    {
      "type": "temporal",
      "from": [
        4,
        0
      ],
      "to": [
        4,
        1
      ],
      "weight": 1.0
    },
    {
      "type": "temporal",
      "from": [
        5,
        0
      ],
      "to": [
        5,
        1
      ],
      "weight": 1.0
    },
    {
      "type": "temporal",
      "from": [
        6,
        0
      ],
      "to": [
        6,
        1
      ],
      "weight": 1.0
    },
    {
      "type": "spatial",
      "from": [
        0,
        1
      ],
      "to": [
        1,
        1
      ],
      "weight": 2.3025850929940455
    },
    {
      "type": "spatial",
      "from": [
        0,
        1
      ],
      "to": [
        2,
        1
      ],
      "weight": 2.3025850929940455
    },
    {
      "type": "spatial",
      "from": [
        0,
        1
      ],
      "to": [
        3,
        1
      ],
      "weight": 2.3025850929940455
    },
    {
      "type": "spatial",
      "from": [
        0,
        1
      ],
      "to": [
        4,
        1
      ],
      "weight": 2.3025850929940455
    },
    {
      "type": "spatial",
      "from": [
        0,
        1
      ],
      "to": [
        5,
        1
      ],
      "weight": 4.605170185988091
    },
    {
      "type": "spatial",
      "from": [
        0,
        1
      ],
      "to": [
        6,
        1
      ],
      "weight": 2.3025850929940455
    },
    {
      "type": "spatial",
      "from": [
        1,
        1
      ],
      "to": [
        2,
        1
      ],
      "weight": 2.3025850929940455
    },
    {
      "type": "spatial",
      "from": [
        1,
        1
      ],
      "to": [
        3,
        1
      ],
      "weight": 4.605170185988091
    },
    {
      "type": "spatial",
      "from": [
        1,
        1
      ],
      "to": [
        4,
        1
      ],
      "weight": 2.3025850929940455
    },
    {
      "type": "spatial",
      "from": [
        1,
        1
      ],
      "to": [
        5,
        1
      ],
      "weight": 2.3025850929940455
    },
    {
      "type": "spatial",
      "from": [
        1,
        1
      ],
      "to": [
        6,
        1
      ],
      "weight": 2.3025850929940455
    },
    {
      "type": "spatial",
      "from": [
        2,
        1
      ],
      "to": [
        3,
        1
      ],
      "weight": 2.3025850929940455
    },
    {
      "type": "spatial",
      "from": [
        2,
        1
      ],
      "to": [
        4,
        1
      ],
      "weight": 2.3025850929940455
    },
    {
      "type": "spatial",
      "from": [
        2,
        1
      ],
      "to": [
        5,
        1
      ],
      "weight": 2.3025850929940455
    },
    {
      "type": "spatial",
      "from": [
        2,
        1
      ],
      "to": [
        6,
        1
      ],
      "weight": 2.3025850929940455
    },
    {
      "type": "spatial",
      "from": [
        3,
        1
      ],
      "to": [
        4,
        1
      ],
      "weight": 2.3025850929940455
    },
    {
      "type": "spatial",
      "from": [
        3,
        1
      ],
      "to": [
        5,
        1
      ],
      "weight": 4.605170185988091
    },
    {
      "type": "spatial",
      "from": [
        3,
        1
      ],
      "to": [
        6,
        1
      ],
      "weight": 2.3025850929940455
    },
    {
      "type": "spatial",
      "from": [
        4,
        1
      ],
      "to": [
        5,
        1
      ],
      "weight": 2.3025850929940455
    },
    {
      "type": "spatial",
      "from": [
        4,
        1
      ],
      "to": [
        6,
        1
      ],
      "weight": 2.3025850929940455
    },
    {
      "type": "spatial",
      "from": [
        5,
        1
      ],
      "to": [
        6,
        1
      ],
      "weight": 2.3025850929940455
    }
  ],
  "lorentzian_dissimilarity": [
    [
      0.0,
      5.21124180559845,
      5.0734867919662205,
      5.040168895424102,
      5.280577909711875,
      20.319010125933808,
      5.224316792956743,
      -1.0,
      4.21124180559845,
      4.0734867919662205,
      4.040168895424102,
      4.280577909711875,
      19.319010125933808,
      4.224316792956743
    ],
    [
      5.21124180559845,
      0.0,
      5.272079806470894,
      19.93317588837366,
      4.885886571871921,
      4.949943380235513,
      5.16461282182381,
      4.21124180559845,
      -1.0,
      4.272079806470894,
      18.93317588837366,
      3.8858865718719207,
      3.9499433802355126,
      4.16461282182381
    ],
    [
      5.0734867919662205,
      5.272079806470894,
      0.0,
      5.257231157690149,
      5.001489791453764,
      5.105389945384243,
      5.246184729126998,
      4.0734867919662205,
      4.272079806470894,
      -1.0,
      4.257231157690149,
      4.001489791453764,
      4.105389945384243,
      4.246184729126998
    ],
    [
      5.040168895424102,
      19.93317588837366,
      5.257231157690149,
      0.0,
      5.081662792835892,
      20.137141252846632,
      4.908673675056788,
      4.040168895424102,
      18.93317588837366,
      4.257231157690149,
      -1.0,
      4.081662792835892,
      19.137141252846632,
      3.9086736750567876
    ],
    [
      5.280577909711875,
      4.885886571871921,
      5.001489791453764,
      5.081662792835892,
      0.0,
      5.184894145254331,
      5.010592069378196,
      4.280577909711875,
      3.8858865718719207,
      4.001489791453764,
      4.081662792835892,
      -1.0,
      4.184894145254331,
      4.010592069378196
    ],
    [
      20.319010125933808,
      4.949943380235513,
      5.105389945384243,
      20.137141252846632,
      5.184894145254331,
      0.0,
      5.161483894776023,
      19.319010125933808,
      3.9499433802355126,
      4.105389945384243,
      19.137141252846632,
      4.184894145254331,
      -1.0,
      4.161483894776023
    ],
    [
      5.224316792956743,
      5.16461282182381,
      5.246184729126998,
      4.908673675056788,
      5.010592069378196,
      5.161483894776023,
      0.0,
      4.224316792956743,
      4.16461282182381,
      4.246184729126998,
      3.9086736750567876,
      4.010592069378196,
      4.161483894776023,
      -1.0
    ],
    [
      -1.0,
      4.21124180559845,
      4.0734867919662205,
      4.040168895424102,
      4.280577909711875,
      19.319010125933808,
      4.224316792956743,
      0.0,
      5.301898110478397,
      5.301898110478397,
      5.301898110478397,
      5.301898110478397,
      21.207592441913587,
      5.301898110478397
    ],
    [
      4.21124180559845,
      -1.0,
      4.272079806470894,
      18.93317588837366,
      3.8858865718719207,
      3.9499433802355126,
      4.16461282182381,
      5.301898110478397,
      0.0,
      5.301898110478397,
      21.207592441913587,
      5.301898110478397,
      5.301898110478397,
      5.301898110478397
    ],
    [
      4.0734867919662205,
      4.272079806470894,
      -1.0,
      4.257231157690149,
      4.001489791453764,
      4.105389945384243,
      4.246184729126998,
      5.301898110478397,
      5.301898110478397,
      0.0,
      5.301898110478397,
      5.301898110478397,
      5.301898110478397,
      5.301898110478397
    ],
    [
      4.040168895424102,
      18.93317588837366,
      4.257231157690149,
      -1.0,
      4.081662792835892,
      19.137141252846632,
      3.9086736750567876,
      5.301898110478397,
      21.207592441913587,
      5.301898110478397,
      0.0,
      5.301898110478397,
      21.207592441913587,
      5.301898110478397
    ],
    [
      4.280577909711875,
      3.8858865718719207,
      4.001489791453764,
      4.081662792835892,
      -1.0,
      4.184894145254331,
      4.010592069378196,
      5.301898110478397,
      5.301898110478397,
      5.301898110478397,
      5.301898110478397,
      0.0,
      5.301898110478397,
      5.301898110478397
    ],
    [
      19.319010125933808,
      3.9499433802355126,
      4.105389945384243,
      19.137141252846632,
      4.184894145254331,
      -1.0,
      4.161483894776023,
      21.207592441913587,
      5.301898110478397,
      5.301898110478397,
      21.207592441913587,
      5.301898110478397,
      0.0,
      5.301898110478397
    ],
    [
      4.224316792956743,
      4.16461282182381,
      4.246184729126998,
      3.9086736750567876,
      4.010592069378196,
      4.161483894776023,
      -1.0,
      5.301898110478397,
      5.301898110478397,
      5.301898110478397,
      5.301898110478397,
      5.301898110478397,
      5.301898110478397,
      0.0
    ]
  ],
  "lorentzian_embedding": [
    [
      -0.3104584962625522,
      0.12001125254459574,
      1.5572036408959637
    ],
    [
      1.518986918604498,
      -1.9627297235896408,
      -0.3663907311614322
    ],
    [
      0.49613512395311976,
      0.40193557068966224,
      -0.7465825626125374
    ],
    [
      0.9823018848538888,
      2.3431311165778506,
      0.4890773548764944
    ],
    [
      0.4568631748724717,
      0.3394292437295288,
      -0.706352061268502
    ],
    [
      -0.19697971653644422,
      -0.7706256971365324,
      -2.776034418715328
    ],
    [
      0.4614509928922538,
      0.46637069203511244,
      -0.766941766078529
    ],
    [
      -0.3312237045743169,
      0.11524711327220999,
      1.594996130723806
    ],
    [
      1.5960534613705815,
      -2.03749733975558,
      -0.3472036131866429
    ],
    [
      0.49025980611820014,
      0.4188541907907675,
      -0.7613858088875467
    ],
    [
      1.0604728325695718,
      2.404837213135315,
      0.5134724695874633
    ],
    [
      0.48012964825058424,
      0.36830756720010704,
      -0.7244953323452046
    ],
    [
      -0.18134301119437382,
      -0.7916106813171936,
      -2.8113727294762088
    ],
    [
      0.47735283504207554,
      0.4644821484704478,
      -0.7802145617126639
    ]
  ],
  "edge_length_evolution": [],
  "angle_deficit_evolution": [],
  "regge_action_evolution": [],
  "gromov_delta_evolution": [],
  "mass_hinge": null,
  "mass_value": 0.0,
  "matter": {
    "(3, 4)": 0.0,
    "(4, 6)": 0.0,
    "(0, 2)": 0.0,
    "(0, 5)": 0.0,
    "(1, 6)": 0.0,
    "(2, 5)": 0.0,
    "(1, 3)": 0.0,
    "(4, 5)": 0.0,
    "(5, 6)": 0.0,
    "(3, 6)": 0.0,
    "(0, 1)": 0.0,
    "(2, 4)": 0.0,
    "(1, 2)": 0.0,
    "(0, 4)": 0.0,
    "(1, 5)": 0.0,
    "(3, 5)": 0.0,
    "(0, 3)": 0.0,
    "(1, 4)": 0.0,
    "(0, 6)": 0.0,
    "(2, 3)": 0.0,
    "(2, 6)": 0.0
  },
  "stationary_solution": null,
  "bootstrap_analysis": {
    "gromov_delta": {
      "mean": 1.0,
      "lower_ci": 1.0,
      "upper_ci": 1.0,
      "all_values": [
        1.0,
        1.0
      ],
      "uncertainty": 0.0
    },
    "entropy": {
      "mean": null,
      "lower_ci": null,
      "upper_ci": null,
      "uncertainty": null
    },
    "distance_matrix": {
      "mean": [
        [
          0.0,
          2.0,
          2.0,
          2.0,
          2.0,
          2.0,
          2.0
        ],
        [
          2.0,
          0.0,
          2.0,
          2.0,
          2.0,
          2.0,
          2.0
        ],
        [
          2.0,
          2.0,
          0.0,
          2.0,
          2.0,
          2.0,
          2.0
        ],
        [
          2.0,
          2.0,
          2.0,
          0.0,
          2.0,
          2.0,
          2.0
        ],
        [
          2.0,
          2.0,
          2.0,
          2.0,
          0.0,
          2.0,
          2.0
        ],
        [
          2.0,
          2.0,
          2.0,
          2.0,
          2.0,
          0.0,
          2.0
        ],
        [
          2.0,
          2.0,
          2.0,
          2.0,
          2.0,
          2.0,
          0.0
        ]
      ],
      "lower_ci": [
        [
          0.0,
          2.0,
          2.0,
          2.0,
          2.0,
          2.0,
          2.0
        ],
        [
          2.0,
          0.0,
          2.0,
          2.0,
          2.0,
          2.0,
          2.0
        ],
        [
          2.0,
          2.0,
          0.0,
          2.0,
          2.0,
          2.0,
          2.0
        ],
        [
          2.0,
          2.0,
          2.0,
          0.0,
          2.0,
          2.0,
          2.0
        ],
        [
          2.0,
          2.0,
          2.0,
          2.0,
          0.0,
          2.0,
          2.0
        ],
        [
          2.0,
          2.0,
          2.0,
          2.0,
          2.0,
          0.0,
          2.0
        ],
        [
          2.0,
          2.0,
          2.0,
          2.0,
          2.0,
          2.0,
          0.0
        ]
      ],
      "upper_ci": [
        [
          0.0,
          2.0,
          2.0,
          2.0,
          2.0,
          2.0,
          2.0
        ],
        [
          2.0,
          0.0,
          2.0,
          2.0,
          2.0,
          2.0,
          2.0
        ],
        [
          2.0,
          2.0,
          0.0,
          2.0,
          2.0,
          2.0,
          2.0
        ],
        [
          2.0,
          2.0,
          2.0,
          0.0,
          2.0,
          2.0,
          2.0
        ],
        [
          2.0,
          2.0,
          2.0,
          2.0,
          0.0,
          2.0,
          2.0
        ],
        [
          2.0,
          2.0,
          2.0,
          2.0,
          2.0,
          0.0,
          2.0
        ],
        [
          2.0,
          2.0,
          2.0,
          2.0,
          2.0,
          2.0,
          0.0
        ]
      ]
    }
  },
  "topology_compatibility": {
    "current_topology": "triangulated",
    "explanation": "Triangulated topology is specifically designed for angle-sum curvature. Creates multiple triangles per vertex, enabling robust local curvature measurements. Each vertex has multiple incident triangles for well-defined angle sums.",
    "supports_local_curvature": true
  },
  "rt_surface_analysis": {
    "region_A": [
      0,
      1,
      2
    ],
    "region_B": [
      3,
      4,
      5,
      6
    ],
    "bulk_point": 3,
    "is_complementary": true,
    "rt_area_AB": 24.0,
    "rt_area_BA": 24.0,
    "area_consistent": true,
    "edges_consistent": true,
    "area_difference": 0.0,
    "rt_edges_AB": [
      [
        0,
        3
      ],
      [
        0,
        4
      ],
      [
        0,
        5
      ],
      [
        0,
        6
      ],
      [
        1,
        3
      ],
      [
        1,
        4
      ],
      [
        1,
        5
      ],
      [
        1,
        6
      ],
      [
        2,
        3
      ],
      [
        2,
        4
      ],
      [
        2,
        5
      ],
      [
        2,
        6
      ]
    ],
    "rt_edges_BA": [
      [
        0,
        3
      ],
      [
        0,
        4
      ],
      [
        0,
        5
      ],
      [
        0,
        6
      ],
      [
        1,
        3
      ],
      [
        1,
        4
      ],
      [
        1,
        5
      ],
      [
        1,
        6
      ],
      [
        2,
        3
      ],
      [
        2,
        4
      ],
      [
        2,
        5
      ],
      [
        2,
        6
      ]
    ],
    "edge_lengths": [
      2.0,
      2.0,
      2.0,
      2.0,
      2.0,
      2.0,
      2.0,
      2.0,
      2.0,
      2.0,
      2.0,
      2.0,
      2.0,
      2.0,
      2.0,
      2.0,
      2.0,
      2.0,
      2.0,
      2.0,
      2.0
    ],
    "all_edges": [
      [
        0,
        1
      ],
      [
        0,
        2
      ],
      [
        0,
        3
      ],
      [
        0,
        4
      ],
      [
        0,
        5
      ],
      [
        0,
        6
      ],
      [
        1,
        2
      ],
      [
        1,
        3
      ],
      [
        1,
        4
      ],
      [
        1,
        5
      ],
      [
        1,
        6
      ],
      [
        2,
        3
      ],
      [
        2,
        4
      ],
      [
        2,
        5
      ],
      [
        2,
        6
      ],
      [
        3,
        4
      ],
      [
        3,
        5
      ],
      [
        3,
        6
      ],
      [
        4,
        5
      ],
      [
        4,
        6
      ],
      [
        5,
        6
      ]
    ]
  },
  "bulk_excitation_analysis": null,
  "dynamic_evidence": {
    "angle_sums_per_timestep": [
      [
        0.1422219371315628,
        0.1422219371315628,
        0.1422219371315628,
        0.1422219371315628,
        0.1422219371315628,
        0.1422219371315628,
        0.1422219371315628,
        0.1422219371315628,
        0.1422219371315628,
        0.1422219371315628,
        0.1422219371315628,
        0.1422219371315628,
        0.1422219371315628,
        0.1422219371315628,
        0.1422219371315628,
        0.1422219371315628,
        0.1422219371315628,
        0.1422219371315628,
        0.1422219371315628,
        0.1422219371315628,
        0.1422219371315628,
        0.1422219371315628,
        0.1422219371315628,
        0.1422219371315628,
        0.1422219371315628,
        0.1422219371315628,
        0.1422219371315628,
        0.1422219371315628,
        0.1422219371315628,
        0.1422219371315628,
        0.1422219371315628,
        0.1422219371315628,
        0.1422219371315628,
        0.1422219371315628,
        0.1422219371315628
      ],
      [
        3.141592653589793,
        3.141592653589793,
        3.141592653589793,
        3.141592653589793,
        3.141592653589793,
        3.141592653589793,
        3.141592653589793,
        3.141592653589793,
        3.141592653589793,
        3.141592653589793,
        3.141592653589793,
        3.141592653589793,
        3.141592653589793,
        3.141592653589793,
        3.141592653589793,
        3.141592653589793,
        3.141592653589793,
        3.141592653589793,
        3.141592653589793,
        3.141592653589793,
        3.141592653589793,
        3.141592653589793,
        3.141592653589793,
        3.141592653589793,
        3.141592653589793,
        3.141592653589793,
        3.141592653589793,
        3.141592653589793,
        3.141592653589793,
        3.141592653589793,
        3.141592653589793,
        3.141592653589793,
        3.141592653589793,
        3.141592653589793,
        3.141592653589793
      ]
    ],
    "gromov_delta_per_timestep": [
      1.0,
      0.5
    ],
    "edge_mi_per_timestep": [
      {},
      {}
    ],
    "shortest_paths_per_timestep": [
      {},
      {}
    ],
    "mean_distance_per_timestep": [
      1.7142857142857142,
      2.0
    ],
    "triangle_violations_per_timestep": [
      0,
      0
    ],
    "embedding_coords_per_timestep": [
      null,
      null
    ],
    "regge_evolution_data": null,
    "evolution_summary": {
      "total_timesteps": 2,
      "gromov_delta_range": [
        0.5,
        1.0
      ],
      "mean_distance_range": [
        1.7142857142857142,
        2.0
      ],
      "total_triangle_violations": 0,
      "hyperbolic_evolution": [
        false,
        false
      ],
      "regge_corrected": false
    }
  }
}