{
  "spec": {
    "num_qubits": 4,
    "topology": "triangulated",
    "custom_edges": "0-1:1.0000,0-2:0.9585,0-3:1.0000,1-2:1.0000,1-3:0.9298,2-3:0.9298",
    "alpha": 0.05,
    "weight": 1.0,
    "gamma": 0.3,
    "sigma": null,
    "init_angle": 0.0,
    "init_angles": null,
    "shots": 100,
    "device": "ibm_brisbane",
    "geometry": "hyperbolic",
    "curvature": 3.0,
    "timesteps": 1,
    "dimension": 2,
    "mass_hinge": null,
    "mass_value": 0.0,
    "solve_regge": false,
    "lorentzian": false,
    "excite": false,
    "fast": false,
    "strong_curvature": false,
    "charge_injection": false,
    "charge_strength": 1.0,
    "charge_location": 3,
    "spin_injection": false,
    "spin_strength": 1.0,
    "spin_location": 3
  },
  "uid": "QA9AQE",
  "counts_per_timestep": [
    {
      "1000": 8,
      "0101": 4,
      "1010": 11,
      "1101": 8,
      "1110": 13,
      "1100": 3,
      "0011": 5,
      "0010": 6,
      "1111": 13,
      "0111": 9,
      "1011": 9,
      "0001": 1,
      "1001": 5,
      "0110": 4,
      "0000": 1
    }
  ],
  "job_ids_per_timestep": [
    "d20op5c3s4ss73clca90"
  ],
  "entropy_per_timestep": [
    3.6557784501946813
  ],
  "mutual_information_per_timestep": [
    {
      "I_0,1": 0.0031229851347656865,
      "I_0,2": 0.019077918605384138,
      "I_0,3": 0.0075934036172355356,
      "I_1,2": 0.0013780102368220522,
      "I_1,3": 0.010704867227376506,
      "I_2,3": 0.0006146824470596359
    }
  ],
  "distance_matrix_per_timestep": [
    [
      [
        0.0,
        5.768965960613854,
        3.959223706680627,
        4.880475353672879
      ],
      [
        5.768965960613854,
        0.0,
        6.587114677664959,
        10.649441314286733
      ],
      [
        3.959223706680627,
        6.587114677664959,
        0.0,
        7.394404769754879
      ],
      [
        4.880475353672879,
        10.649441314286733,
        7.394404769754879,
        0.0
      ]
    ]
  ],
  "edge_mi": {
    "0,1": 0.0031229851347656865,
    "0,3": 0.0075934036172355356,
    "0,2": 0.019077918605384138,
    "1,2": 0.0013780102368220522,
    "2,3": 0.0006146824470596359
  },
  "distance_matrix": [
    [
      0.0,
      5.768965960613854,
      3.959223706680627,
      4.880475353672879
    ],
    [
      5.768965960613854,
      0.0,
      6.587114677664959,
      4.537056759878079
    ],
    [
      3.959223706680627,
      6.587114677664959,
      0.0,
      7.394404769754879
    ],
    [
      4.880475353672879,
      4.537056759878079,
      7.394404769754879,
      0.0
    ]
  ],
  "shortest_paths": {
    "0": {
      "0": 0,
      "2": 3.959223706680627,
      "3": 4.880475353672879,
      "1": 5.768965960613854
    },
    "1": {
      "1": 0,
      "3": 4.537056759878079,
      "0": 5.768965960613854,
      "2": 6.587114677664959
    },
    "2": {
      "2": 0,
      "0": 3.959223706680627,
      "1": 6.587114677664959,
      "3": 7.394404769754879
    },
    "3": {
      "3": 0,
      "1": 4.537056759878079,
      "0": 4.880475353672879,
      "2": 7.394404769754879
    }
  },
  "gromov_delta": 4.722231343770879,
  "mean_distance": 4.14090515353316,
  "angle_sums": [
    0.1650445085474721,
    0.11313111062408988,
    0.5886301842442679,
    0.09921347744904196
  ],
  "mean_angle_sum": 0.24150482021621797,
  "min_angle_sum": 0.09921347744904196,
  "max_angle_sum": 0.5886301842442679,
  "angle_sum_deviations": [
    -2.976548145042321,
    -3.028461542965703,
    -2.552962469345525,
    -3.0423791761407513
  ],
  "triangle_inequality_violations": [],
  "embedding_coords": [
    [
      -13.084839859009564,
      -1846.9829321126963
    ],
    [
      39.57492949759632,
      7896.277371963254
    ],
    [
      -122.05165262456846,
      -32911.52490780722
    ],
    [
      95.56156298598171,
      26862.23046795667
    ]
  ],
  "embedding_coords_3d": [
    [
      1488.6437525018812,
      -20.426017590073105,
      1093.178442728141
    ],
    [
      -6354.078425750453,
      85.03958541799445,
      -4687.345409492693
    ],
    [
      26456.887697519815,
      -348.4504245027406,
      19572.81362761381
    ],
    [
      -21591.453024271243,
      283.8368566748193,
      -15978.64666084926
    ]
  ],
  "edge_weight_variance": 0.0010106213888888898,
  "event_nodes": [
    [
      0,
      0
    ],
    [
      1,
      0
    ],
    [
      2,
      0
    ],
    [
      3,
      0
    ]
  ],
  "event_edges": [
    {
      "type": "spatial",
      "from": [
        0,
        0
      ],
      "to": [
        1,
        0
      ],
      "weight": 5.768965960613854
    },
    {
      "type": "spatial",
      "from": [
        0,
        0
      ],
      "to": [
        2,
        0
      ],
      "weight": 3.959223706680627
    },
    {
      "type": "spatial",
      "from": [
        0,
        0
      ],
      "to": [
        3,
        0
      ],
      "weight": 4.880475353672879
    },
    {
      "type": "spatial",
      "from": [
        1,
        0
      ],
      "to": [
        2,
        0
      ],
      "weight": 6.587114677664959
    },
    {
      "type": "spatial",
      "from": [
        1,
        0
      ],
      "to": [
        3,
        0
      ],
      "weight": 10.649441314286733
    },
    {
      "type": "spatial",
      "from": [
        2,
        0
      ],
      "to": [
        3,
        0
      ],
      "weight": 7.394404769754879
    }
  ],
  "lorentzian_dissimilarity": [
    [
      0.0,
      33.28096825472132,
      15.675452359541884,
      23.819039677808416
    ],
    [
      33.28096825472132,
      0.0,
      43.39007977670914,
      113.41060030643715
    ],
    [
      15.675452359541884,
      43.39007977670914,
      0.0,
      54.677221898973706
    ],
    [
      23.819039677808416,
      113.41060030643715,
      54.677221898973706,
      0.0
    ]
  ],
  "lorentzian_embedding": [
    [
      0.0,
      1.306933890864543,
      0.06775452705389991
    ],
    [
      0.0,
      -3.7330407183422163,
      -2.80018706035658
    ],
    [
      0.0,
      -1.0990425123971788,
      3.233195289672777
    ],
    [
      0.0,
      6.0543185590402455,
      1.3775963278182257
    ]
  ],
  "edge_length_evolution": [],
  "angle_deficit_evolution": [],
  "regge_action_evolution": [],
  "gromov_delta_evolution": [],
  "mass_hinge": null,
  "mass_value": 0.0,
  "matter": {
    "(0, 1)": 0.0,
    "(1, 2)": 0.0,
    "(0, 3)": 0.0,
    "(2, 3)": 0.0,
    "(0, 2)": 0.0,
    "(1, 3)": 0.0
  },
  "stationary_solution": null,
  "bootstrap_analysis": {
    "gromov_delta": {
      "mean": 5.768965960613855,
      "lower_ci": 5.768965960613855,
      "upper_ci": 5.768965960613855,
      "all_values": [
        5.768965960613855
      ],
      "uncertainty": 0.0
    },
    "entropy": {
      "mean": 3.6557784501946813,
      "lower_ci": 3.6557784501946813,
      "upper_ci": 3.6557784501946813,
      "uncertainty": 0.0
    },
    "distance_matrix": {
      "mean": [
        [
          0.0,
          5.768965960613854,
          3.959223706680627,
          4.880475353672879
        ],
        [
          5.768965960613854,
          0.0,
          6.587114677664959,
          10.649441314286733
        ],
        [
          3.959223706680627,
          6.587114677664959,
          0.0,
          7.394404769754879
        ],
        [
          4.880475353672879,
          10.649441314286733,
          7.394404769754879,
          0.0
        ]
      ],
      "lower_ci": [
        [
          0.0,
          5.768965960613854,
          3.959223706680627,
          4.880475353672879
        ],
        [
          5.768965960613854,
          0.0,
          6.587114677664959,
          10.649441314286733
        ],
        [
          3.959223706680627,
          6.587114677664959,
          0.0,
          7.394404769754879
        ],
        [
          4.880475353672879,
          10.649441314286733,
          7.394404769754879,
          0.0
        ]
      ],
      "upper_ci": [
        [
          0.0,
          5.768965960613854,
          3.959223706680627,
          4.880475353672879
        ],
        [
          5.768965960613854,
          0.0,
          6.587114677664959,
          10.649441314286733
        ],
        [
          3.959223706680627,
          6.587114677664959,
          0.0,
          7.394404769754879
        ],
        [
          4.880475353672879,
          10.649441314286733,
          7.394404769754879,
          0.0
        ]
      ]
    }
  },
  "topology_compatibility": {
    "current_topology": "triangulated",
    "explanation": "Triangulated topology is specifically designed for angle-sum curvature. Creates multiple triangles per vertex, enabling robust local curvature measurements. Each vertex has multiple incident triangles for well-defined angle sums.",
    "supports_local_curvature": true
  },
  "rt_surface_analysis": {
    "boundary_A": [
      0,
      1,
      2
    ],
    "boundary_B": [
      3,
      4,
      5,
      6
    ],
    "bulk_point": 3,
    "rt_area_A": 16.31530434495944,
    "rt_area_B": 0.0,
    "rt_area_ratio": 0.0,
    "edge_lengths": [
      5.768965960613854,
      3.959223706680627,
      4.880475353672879,
      6.587114677664959,
      10.649441314286733,
      7.394404769754879
    ],
    "all_edges": [
      [
        0,
        1
      ],
      [
        0,
        2
      ],
      [
        0,
        3
      ],
      [
        1,
        2
      ],
      [
        1,
        3
      ],
      [
        2,
        3
      ]
    ]
  },
  "bulk_excitation_analysis": null,
  "dynamic_evidence": {
    "angle_sums_per_timestep": [
      [
        0.1650445085474721,
        0.0,
        0.5886301842442679,
        0.0793091292229289
      ]
    ],
    "gromov_delta_per_timestep": [
      5.768965960613855
    ],
    "edge_mi_per_timestep": [
      {
        "0,1": 0.0031229851347656865,
        "0,3": 0.0075934036172355356,
        "0,2": 0.019077918605384138,
        "1,2": 0.0013780102368220522,
        "2,3": 0.0006146824470596359
      }
    ],
    "shortest_paths_per_timestep": [
      {
        "0": {
          "0": 0,
          "2": 3.959223706680627,
          "3": 4.880475353672879,
          "1": 5.768965960613854
        },
        "1": {
          "1": 0,
          "0": 5.768965960613854,
          "2": 6.587114677664959,
          "3": 10.649441314286733
        },
        "2": {
          "2": 0,
          "0": 3.959223706680627,
          "1": 6.587114677664959,
          "3": 7.394404769754879
        },
        "3": {
          "3": 0,
          "0": 4.880475353672879,
          "2": 7.394404769754879,
          "1": 10.649441314286733
        }
      }
    ],
    "mean_distance_per_timestep": [
      4.904953222834242
    ],
    "triangle_violations_per_timestep": [
      0
    ],
    "embedding_coords_per_timestep": [
      [
        [
          -1151.3822433703292,
          619.2208149678995
        ],
        [
          6522449.271171484,
          -3506760.2203676165
        ],
        [
          17527.059989885023,
          -9423.786428973757
        ],
        [
          -6538824.948917999,
          3515564.785981622
        ]
      ]
    ],
    "regge_evolution_data": null,
    "evolution_summary": {
      "total_timesteps": 1,
      "gromov_delta_range": [
        5.768965960613855,
        5.768965960613855
      ],
      "mean_distance_range": [
        4.904953222834242,
        4.904953222834242
      ],
      "total_triangle_violations": 0,
      "hyperbolic_evolution": [
        false
      ],
      "regge_corrected": false
    }
  }
}