{
  "spec": {
    "num_qubits": 16,
    "topology": "star",
    "custom_edges": "0-1:1.0000,0-2:0.9862,0-3:1.0000,0-4:1.0000,0-5:0.9766,0-6:0.9766,0-7:1.0000,0-8:1.0000,0-9:0.9531,0-10:1.0000,0-11:0.9537,0-12:0.9534,0-13:1.0000,0-14:0.8087,0-15:0.8275,1-2:0.9438,1-3:0.8987,1-4:1.0000,1-5:0.9092,1-6:0.8588,1-7:1.0000,1-8:0.9774,1-9:1.0000,1-10:0.8575,1-11:0.9456,1-12:1.0000,1-13:0.8849,1-14:1.0000,1-15:0.9399,2-3:0.9708,2-4:0.9398,2-5:1.0000,2-6:0.9987,2-7:0.8942,2-8:1.0000,2-9:0.8779,2-10:1.0000,2-11:0.8040,2-12:0.8672,2-13:1.0000,2-14:1.0000,2-15:1.0000,3-4:0.9884,3-5:0.9699,3-6:0.8521,3-7:0.9280,3-8:0.9539,3-9:1.0000,3-10:1.0000,3-11:0.8237,3-12:1.0000,3-13:0.9615,3-14:0.9323,3-15:1.0000,4-5:1.0000,4-6:1.0000,4-7:0.9161,4-8:0.9691,4-9:1.0000,4-10:1.0000,4-11:0.9521,4-12:0.9814,4-13:0.8894,4-14:0.8804,4-15:1.0000,5-6:1.0000,5-7:0.9928,5-8:1.0000,5-9:1.0000,5-10:0.9355,5-11:1.0000,5-12:1.0000,5-13:0.9964,5-14:1.0000,5-15:0.7380,6-7:1.0000,6-8:1.0000,6-9:0.9701,6-10:1.0000,6-11:0.8012,6-12:0.9780,6-13:1.0000,6-14:1.0000,6-15:0.9482,7-8:0.9192,7-9:0.9498,7-10:1.0000,7-11:1.0000,7-12:0.9470,7-13:1.0000,7-14:1.0000,7-15:1.0000,8-9:0.9298,8-10:0.9672,8-11:0.9608,8-12:0.8536,8-13:1.0000,8-14:1.0000,8-15:1.0000,9-10:0.9765,9-11:0.8585,9-12:0.9579,9-13:0.9657,9-14:0.9198,9-15:0.9839,10-11:1.0000,10-12:1.0000,10-13:1.0000,10-14:1.0000,10-15:0.9926,11-12:0.8081,11-13:0.9973,11-14:1.0000,11-15:1.0000,12-13:0.9808,12-14:1.0000,12-15:0.9965,13-14:0.8831,13-15:1.0000,14-15:1.0000",
    "alpha": 0.8,
    "weight": 1.0,
    "gamma": 0.3,
    "sigma": null,
    "init_angle": 0.0,
    "init_angles": null,
    "shots": 1024,
    "device": "simulator",
    "geometry": "hyperbolic",
    "curvature": 1.0,
    "timesteps": 4,
    "dimension": 3,
    "mass_hinge": null,
    "mass_value": 0.0,
    "solve_regge": false,
    "lorentzian": false
  },
  "uid": "0JQ808",
  "counts": null,
  "mutual_information": [
    {
      "I_0,1": 0.006955511049734131,
      "I_0,2": 0.08927382924776062,
      "I_0,3": 0.021572062702754025,
      "I_0,4": 0.25410074906004076,
      "I_0,5": 0.007277664374520487,
      "I_0,6": 0.035774354776941575,
      "I_0,7": 0.11576968032843582,
      "I_0,8": 0.08003038163163567,
      "I_0,9": 0.008247706310545944,
      "I_0,10": 0.030862256199089222,
      "I_0,11": 0.26685615661020834,
      "I_0,12": 0.05141120415114453,
      "I_0,13": 0.1364107986635894,
      "I_0,14": 0.004292794139037159,
      "I_0,15": 0.09227103390957248,
      "I_1,2": 0.05014070210253996,
      "I_1,3": 0.08013675145168209,
      "I_1,4": 0.02483729130716328,
      "I_1,5": 0.051539357710913336,
      "I_1,6": 0.18176062897443734,
      "I_1,7": 0.011172726853837078,
      "I_1,8": 0.024677930147643856,
      "I_1,9": 0.2208528473446567,
      "I_1,10": 0.025983106659518196,
      "I_1,11": 0.01367993124922684,
      "I_1,12": 0.0313054045420007,
      "I_1,13": 0.14911296468669866,
      "I_1,14": 0.19508645015862736,
      "I_1,15": 0.008112178743307386,
      "I_2,3": 0.011472377613976792,
      "I_2,4": 0.051756367566618944,
      "I_2,5": 0.02058695732245608,
      "I_2,6": 0.06357825062956846,
      "I_2,7": 0.019831976771941373,
      "I_2,8": 0.013528189297463245,
      "I_2,9": 0.10740660457992512,
      "I_2,10": 0.00940201142812358,
      "I_2,11": 0.06359000986554342,
      "I_2,12": 0.15600254784822054,
      "I_2,13": 0.004735899256817611,
      "I_2,14": 0.1191075841465633,
      "I_2,15": 0.08677580963993992,
      "I_3,4": 0.032075383388191714,
      "I_3,5": 0.09790608819630298,
      "I_3,6": 0.030787561657844242,
      "I_3,7": 2.886579864025407e-15,
      "I_3,8": 0.007617803497808384,
      "I_3,9": 0.05432565002413314,
      "I_3,10": 0.05349625011450565,
      "I_3,11": 0.08490297259757151,
      "I_3,12": 0.08669724984423266,
      "I_3,13": 0.09661871149904344,
      "I_3,14": 0.02792960709979686,
      "I_3,15": 0.0582298388317678,
      "I_4,5": 0.0002839872288009637,
      "I_4,6": 0.0011863768102253758,
      "I_4,7": 0.023415668784633192,
      "I_4,8": 0.024056263017582014,
      "I_4,9": 0.022792700764702856,
      "I_4,10": 0.02693393508819253,
      "I_4,11": 0.06238020280776624,
      "I_4,12": 0.0754141877941108,
      "I_4,13": 0.17669051617374532,
      "I_4,14": 0.003405814382663408,
      "I_4,15": 0.10911342294339943,
      "I_5,6": 0.001959857295749101,
      "I_5,7": 0.00506977121085761,
      "I_5,8": 0.0017668162055641812,
      "I_5,9": 0.07352934062791006,
      "I_5,10": 0.3575917215405333,
      "I_5,11": 0.023682676466679098,
      "I_5,12": 0.01727424912966935,
      "I_5,13": 0.024846366722338198,
      "I_5,14": 0.21111272444778084,
      "I_5,15": 0.002045636839102194,
      "I_6,7": 0.012875775803825595,
      "I_6,8": 0.11369331297456764,
      "I_6,9": 0.01932001084602808,
      "I_6,10": 5.329070518200751e-15,
      "I_6,11": 0.17737293487562156,
      "I_6,12": 0.007520580871535509,
      "I_6,13": 0.026761333639612417,
      "I_6,14": 0.030853123763890045,
      "I_6,15": 0.007052644849316447,
      "I_7,8": 0.32374299931464345,
      "I_7,9": 0.09094739763292048,
      "I_7,10": 0.0018490056751812034,
      "I_7,11": 0.027483142927938964,
      "I_7,12": 0.010719764726356384,
      "I_7,13": 0.02558110719826212,
      "I_7,14": 0.018059039678796296,
      "I_7,15": 0.023085200259374217,
      "I_8,9": 0.011541330954798923,
      "I_8,10": 0.014431955051732892,
      "I_8,11": 0.04562645311525071,
      "I_8,12": 0.004728277047922003,
      "I_8,13": 0.07623784791288424,
      "I_8,14": 0.006130186105281377,
      "I_8,15": 0.03559288394685112,
      "I_9,10": 0.017696385571719597,
      "I_9,11": 0.010250012153587118,
      "I_9,12": 0.24944252028081215,
      "I_9,13": 0.014356006913816666,
      "I_9,14": 0.2785339561286717,
      "I_9,15": 0.06318392931527206,
      "I_10,11": 0.016483268381966787,
      "I_10,12": 0.0001175402551774063,
      "I_10,13": 0.14531827991440893,
      "I_10,14": 0.07753492407254425,
      "I_10,15": 0.006750370053612231,
      "I_11,12": 0.0551779211232486,
      "I_11,13": 0.038254575204643704,
      "I_11,14": 0.0016653655507963272,
      "I_11,15": 0.09732194142143924,
      "I_12,13": 0.0189493999323187,
      "I_12,14": 0.03943087488686947,
      "I_12,15": 0.45321368913385507,
      "I_13,14": 0.023284100051741863,
      "I_13,15": 0.05191819790553831,
      "I_14,15": 0.0025268784575247505
    },
    {
      "I_0,1": 0.0036028327950163863,
      "I_0,2": 0.06780904435546842,
      "I_0,3": 0.05079565625738214,
      "I_0,4": 0.13008671272120753,
      "I_0,5": 0.04623884082885055,
      "I_0,6": 0.049594924664161155,
      "I_0,7": 0.04938673026401541,
      "I_0,8": 0.08850695081817328,
      "I_0,9": 0.004159046731788241,
      "I_0,10": 0.014875797455279338,
      "I_0,11": 0.36879397136258674,
      "I_0,12": 0.04133293781107894,
      "I_0,13": 0.042544603583561935,
      "I_0,14": 0.010264788912573986,
      "I_0,15": 0.25140852297018035,
      "I_1,2": 0.019378101339760256,
      "I_1,3": 0.011690189776506932,
      "I_1,4": 0.0491163137392967,
      "I_1,5": 0.010164484205545499,
      "I_1,6": 0.09283466980093058,
      "I_1,7": 0.028675564141973586,
      "I_1,8": 0.00021569808719301697,
      "I_1,9": 0.3866437358504857,
      "I_1,10": 0.022959873739998304,
      "I_1,11": 0.006647805714436128,
      "I_1,12": 0.06648354085650299,
      "I_1,13": 0.027420621436483383,
      "I_1,14": 0.2350556528500507,
      "I_1,15": 0.01698682183530975,
      "I_2,3": 0.07264046128927881,
      "I_2,4": 0.08455142295329643,
      "I_2,5": 0.1721936985691357,
      "I_2,6": 0.0947828685317158,
      "I_2,7": 0.03318614865119218,
      "I_2,8": 0.09257580643851382,
      "I_2,9": 0.025560737976060288,
      "I_2,10": 0.11778946589704864,
      "I_2,11": 0.09039378824152733,
      "I_2,12": 0.09365595279959216,
      "I_2,13": 0.02191288527897206,
      "I_2,14": 0.1000247358639923,
      "I_2,15": 0.10995105461887422,
      "I_3,4": 0.0337654872994988,
      "I_3,5": 0.22684944326792578,
      "I_3,6": 0.019143180094900236,
      "I_3,7": 0.15091013945683351,
      "I_3,8": 0.0995543414329152,
      "I_3,9": 0.014624922900380755,
      "I_3,10": 0.09774935122568329,
      "I_3,11": 0.07702957951277867,
      "I_3,12": 0.04461150170721928,
      "I_3,13": 0.06941635150414394,
      "I_3,14": 0.03189201441299194,
      "I_3,15": 0.03465820435311584,
      "I_4,5": 0.007864021615676897,
      "I_4,6": 0.0824304472386006,
      "I_4,7": 0.0122587060595718,
      "I_4,8": 0.03401532439164967,
      "I_4,9": 0.016440818892601516,
      "I_4,10": 0.06701592962908065,
      "I_4,11": 0.12977362278234783,
      "I_4,12": 0.1386458522070848,
      "I_4,13": 0.0844665422188613,
      "I_4,14": 0.031395583828456086,
      "I_4,15": 0.15961234440005168,
      "I_5,6": 0.028994300225881453,
      "I_5,7": 0.05340247650906815,
      "I_5,8": 0.039411806319109566,
      "I_5,9": 0.014121822985863064,
      "I_5,10": 0.13835876303930328,
      "I_5,11": 0.07338370847893394,
      "I_5,12": 0.06550402347319317,
      "I_5,13": 0.10533987212439344,
      "I_5,14": 0.0781575207035381,
      "I_5,15": 0.025731941215630272,
      "I_6,7": 0.02438064313117616,
      "I_6,8": 0.06797096255321167,
      "I_6,9": 0.029939580704134938,
      "I_6,10": 0.01514631553422685,
      "I_6,11": 0.14342937413603063,
      "I_6,12": 0.04387064868891777,
      "I_6,13": 0.031718184619578205,
      "I_6,14": 0.08133352401782545,
      "I_6,15": 0.026495961815541147,
      "I_7,8": 0.29453292569386735,
      "I_7,9": 0.0797265536224061,
      "I_7,10": 0.009604122397722348,
      "I_7,11": 0.06583147254567412,
      "I_7,12": 0.03734620461456073,
      "I_7,13": 0.049381791214684334,
      "I_7,14": 0.04015169291671716,
      "I_7,15": 0.0559669594928196,
      "I_8,9": 0.00037099692325637257,
      "I_8,10": 0.057049911576211976,
      "I_8,11": 0.034927676829682675,
      "I_8,12": 0.008599240493951,
      "I_8,13": 0.1307040879600989,
      "I_8,14": 0.016968267203163023,
      "I_8,15": 0.06151673619689357,
      "I_9,10": 0.014960661723789848,
      "I_9,11": 0.011186481672940785,
      "I_9,12": 0.07845387447605368,
      "I_9,13": 0.006972007778089706,
      "I_9,14": 0.1752079432763447,
      "I_9,15": 0.020007067748909035,
      "I_10,11": 0.012495019347883884,
      "I_10,12": 0.07869262575160008,
      "I_10,13": 0.3500820003581433,
      "I_10,14": 0.10989543023975745,
      "I_10,15": 0.05221587012342899,
      "I_11,12": 0.03775275341270978,
      "I_11,13": 0.033444757129816205,
      "I_11,14": 0.01702079969465653,
      "I_11,15": 0.1342882301255064,
      "I_12,13": 0.07015286485793681,
      "I_12,14": 0.13386623809346743,
      "I_12,15": 0.19328959799418532,
      "I_13,14": 0.04738582743527653,
      "I_13,15": 0.03189198735738974,
      "I_14,15": 0.034219891498295185
    },
    {
      "I_0,1": 0.0132822152592047,
      "I_0,2": 0.031223310992455566,
      "I_0,3": 0.03168146388618376,
      "I_0,4": 0.10102621724569705,
      "I_0,5": 0.026455322483671218,
      "I_0,6": 0.0181410048333861,
      "I_0,7": 0.03181588493958465,
      "I_0,8": 0.05021008714094899,
      "I_0,9": 0.004793894646021313,
      "I_0,10": 0.018764344624371265,
      "I_0,11": 0.19202075564214827,
      "I_0,12": 0.08052250234149239,
      "I_0,13": 0.08834285877901493,
      "I_0,14": 0.012307550581403426,
      "I_0,15": 0.22002872267469042,
      "I_1,2": 0.019951760697022758,
      "I_1,3": 0.026882885943442902,
      "I_1,4": 0.04349104296070294,
      "I_1,5": 0.006072105267610262,
      "I_1,6": 0.03137006620375926,
      "I_1,7": 0.013983306004120344,
      "I_1,8": 0.011301631975822346,
      "I_1,9": 0.3170098089348268,
      "I_1,10": 0.00729311008891087,
      "I_1,11": 0.012688860618329967,
      "I_1,12": 0.014151884780278179,
      "I_1,13": 0.013625327047154911,
      "I_1,14": 0.030837498682441566,
      "I_1,15": 0.005901473243419941,
      "I_2,3": 0.05091967708920153,
      "I_2,4": 0.06882533682474734,
      "I_2,5": 0.07075297956808835,
      "I_2,6": 0.2374968516670357,
      "I_2,7": 0.01613308744775077,
      "I_2,8": 0.027500590568115824,
      "I_2,9": 0.016441832562859693,
      "I_2,10": 0.13888757418372633,
      "I_2,11": 0.08942748250402621,
      "I_2,12": 0.1212726978518528,
      "I_2,13": 0.03045582437887262,
      "I_2,14": 0.2067838646820963,
      "I_2,15": 0.06425221054224206,
      "I_3,4": 0.024926964798924978,
      "I_3,5": 0.06441525621815058,
      "I_3,6": 0.017449094785064734,
      "I_3,7": 0.06044189308139081,
      "I_3,8": 0.14010488602492122,
      "I_3,9": 0.011185651625233106,
      "I_3,10": 0.068897677445106,
      "I_3,11": 0.10775691675865762,
      "I_3,12": 0.042288795847113425,
      "I_3,13": 0.1184739376572701,
      "I_3,14": 0.05161872934954226,
      "I_3,15": 0.03208736867171691,
      "I_4,5": 0.009113667568760198,
      "I_4,6": 0.09379180993563674,
      "I_4,7": 0.006655060947259983,
      "I_4,8": 0.015626772315987525,
      "I_4,9": 0.0032789686979077803,
      "I_4,10": 0.02206388488933242,
      "I_4,11": 0.09726855466158812,
      "I_4,12": 0.08930324174002457,
      "I_4,13": 0.07426983267122367,
      "I_4,14": 0.016029441830229807,
      "I_4,15": 0.10692282349834126,
      "I_5,6": 0.03290293232414676,
      "I_5,7": 0.008561298263239925,
      "I_5,8": 0.026488109638090673,
      "I_5,9": 0.02311237863732618,
      "I_5,10": 0.14879948647765318,
      "I_5,11": 0.04209806232415536,
      "I_5,12": 0.09892549637168369,
      "I_5,13": 0.09766532212526258,
      "I_5,14": 0.02403489993442509,
      "I_5,15": 0.05601461845034472,
      "I_6,7": 0.00887701626414139,
      "I_6,8": 0.014072765597628045,
      "I_6,9": 0.022347920141306155,
      "I_6,10": 0.0310434539622102,
      "I_6,11": 0.03441048313568085,
      "I_6,12": 0.07924997475852447,
      "I_6,13": 0.04000376444148768,
      "I_6,14": 0.18530409615768106,
      "I_6,15": 0.029191718256477595,
      "I_7,8": 0.34732608769918594,
      "I_7,9": 0.02541664473654448,
      "I_7,10": 0.009828342099801102,
      "I_7,11": 0.04089718333969161,
      "I_7,12": 0.0319016764804978,
      "I_7,13": 0.056954264999094395,
      "I_7,14": 0.01532423770330471,
      "I_7,15": 0.04709131096076602,
      "I_8,9": 0.023336590354709363,
      "I_8,10": 0.013307706684411613,
      "I_8,11": 0.0820412697975732,
      "I_8,12": 0.03088246781577797,
      "I_8,13": 0.05756796352322158,
      "I_8,14": 0.01612426059879768,
      "I_8,15": 0.07602915007996969,
      "I_9,10": 0.011775660031906332,
      "I_9,11": 0.005989236879528015,
      "I_9,12": 0.03817111854479904,
      "I_9,13": 0.003755579855509117,
      "I_9,14": 0.02363568196659349,
      "I_9,15": 0.029090565994642992,
      "I_10,11": 0.12096901768869195,
      "I_10,12": 0.06201372871955524,
      "I_10,13": 0.054304546019114275,
      "I_10,14": 0.04331691512305991,
      "I_10,15": 0.02389171772597365,
      "I_11,12": 0.03921871779848862,
      "I_11,13": 0.10309799422791555,
      "I_11,14": 0.024099649895458652,
      "I_11,15": 0.0975902795094088,
      "I_12,13": 0.06763994015105967,
      "I_12,14": 0.055578518741149496,
      "I_12,15": 0.14750372264954148,
      "I_13,14": 0.023800231766180957,
      "I_13,15": 0.03623271067365419,
      "I_14,15": 0.016303114558124276
    },
    {
      "I_0,1": 0.024311099067863662,
      "I_0,2": 0.030093449397144978,
      "I_0,3": 0.03966296289552407,
      "I_0,4": 0.045519598315793,
      "I_0,5": 0.022716613814824704,
      "I_0,6": 0.025799676227846735,
      "I_0,7": 0.019953967024033847,
      "I_0,8": 0.033737930035644625,
      "I_0,9": 0.01845344407786209,
      "I_0,10": 0.014814658387432456,
      "I_0,11": 0.11912802907984466,
      "I_0,12": 0.04851222238795039,
      "I_0,13": 0.029379766657886774,
      "I_0,14": 0.01130417537887185,
      "I_0,15": 0.04932815379890121,
      "I_1,2": 0.07091388080136252,
      "I_1,3": 0.017504288878288143,
      "I_1,4": 0.017261819121534572,
      "I_1,5": 0.013478283364031007,
      "I_1,6": 0.03326715799730473,
      "I_1,7": 0.0011853691139178668,
      "I_1,8": 0.014789813763838922,
      "I_1,9": 0.11986319992024241,
      "I_1,10": 0.005865728739563814,
      "I_1,11": 0.03909615153972856,
      "I_1,12": 0.002433840414498123,
      "I_1,13": 0.0063063987926899046,
      "I_1,14": 0.01922843241628658,
      "I_1,15": 0.006377284259080129,
      "I_2,3": 0.007192556578026865,
      "I_2,4": 0.008725285536308025,
      "I_2,5": 0.04458046276094718,
      "I_2,6": 0.13226171277257226,
      "I_2,7": 0.0036380756389458035,
      "I_2,8": 0.0166878564996773,
      "I_2,9": 0.029581326430210053,
      "I_2,10": 0.017006561140644028,
      "I_2,11": 0.04708423559659147,
      "I_2,12": 0.019202249418295292,
      "I_2,13": 0.01279170263146967,
      "I_2,14": 0.15363522388035133,
      "I_2,15": 0.0218954960468567,
      "I_3,4": 0.008570433586811532,
      "I_3,5": 0.003596040218204477,
      "I_3,6": 0.0019817429882389437,
      "I_3,7": 0.02563412900047135,
      "I_3,8": 0.05437288549242747,
      "I_3,9": 0.0034121713131198828,
      "I_3,10": 0.046127585402771176,
      "I_3,11": 0.11767673115252864,
      "I_3,12": 0.0038321885047016835,
      "I_3,13": 0.03806646952150161,
      "I_3,14": 0.0017625119868867056,
      "I_3,15": 0.00835624840745064,
      "I_4,5": 0.01518577571737545,
      "I_4,6": 0.018506017986402723,
      "I_4,7": 0.010474559454896282,
      "I_4,8": 0.051925606900141696,
      "I_4,9": 0.022900404440118427,
      "I_4,10": 0.01890873109895863,
      "I_4,11": 0.05138705580695824,
      "I_4,12": 0.0735510857917212,
      "I_4,13": 0.013788587143708675,
      "I_4,14": 0.007913183333945861,
      "I_4,15": 0.1956211868756681,
      "I_5,6": 0.027323598035640995,
      "I_5,7": 0.031682784099245076,
      "I_5,8": 0.013243758799478256,
      "I_5,9": 0.021092867597416465,
      "I_5,10": 0.08785165951615004,
      "I_5,11": 0.016605272430027185,
      "I_5,12": 0.018847515240886903,
      "I_5,13": 0.06714329363791105,
      "I_5,14": 0.013739439505442208,
      "I_5,15": 0.059013338746411126,
      "I_6,7": 0.009908687131869431,
      "I_6,8": 0.0031657189450811085,
      "I_6,9": 0.017876598212004158,
      "I_6,10": 0.005414275660159618,
      "I_6,11": 0.03224890755868004,
      "I_6,12": 0.02879424109420703,
      "I_6,13": 0.022733196848416348,
      "I_6,14": 0.09317651388083092,
      "I_6,15": 0.015816346446790863,
      "I_7,8": 0.0940694728924083,
      "I_7,9": 0.027970698935220417,
      "I_7,10": 0.0026304462225708036,
      "I_7,11": 0.026196159116869566,
      "I_7,12": 0.02986836261311776,
      "I_7,13": 0.04945129659911118,
      "I_7,14": 0.01166448935966935,
      "I_7,15": 0.05340083351863467,
      "I_8,9": 0.02699050781615786,
      "I_8,10": 0.01597030262063992,
      "I_8,11": 0.0781083371767457,
      "I_8,12": 0.03315584927099424,
      "I_8,13": 0.007827231091778852,
      "I_8,14": 0.00305812287484164,
      "I_8,15": 0.056192580196730235,
      "I_9,10": 0.01856178454946611,
      "I_9,11": 0.008177711912891183,
      "I_9,12": 0.029819658070162847,
      "I_9,13": 0.0019016973238237256,
      "I_9,14": 0.015372152289182761,
      "I_9,15": 0.018893016554431874,
      "I_10,11": 0.08117543483608514,
      "I_10,12": 0.013236184110715588,
      "I_10,13": 0.006845061977130529,
      "I_10,14": 0.007896001538888031,
      "I_10,15": 0.008451123260023063,
      "I_11,12": 0.007634711316198306,
      "I_11,13": 0.03339236044637062,
      "I_11,14": 0.0191377546494913,
      "I_11,15": 0.03158009852009558,
      "I_12,13": 0.016378070567549585,
      "I_12,14": 0.004566382378372147,
      "I_12,15": 0.06043776828085412,
      "I_13,14": 0.0025296818434974444,
      "I_13,15": 0.02001467944646529,
      "I_14,15": 0.0028101216816001084
    }
  ],
  "distance_matrix_per_timestep": [
    [
      [
        0.0,
        4.968220976833299,
        2.4160468995863753,
        3.836356194838192,
        1.3700244407656736,
        4.9229452959255084,
        3.3305239892874066,
        2.156152576032579,
        2.525348946007334,
        4.797820140255225,
        3.4782213239260273,
        1.321045505041649,
        2.967899150680866,
        1.9920843676185833,
        5.450817443594546,
        2.3830250121919336
      ],
      [
        4.968220976833299,
        0.0,
        7.384267876419674,
        8.804577171671491,
        6.338245417598973,
        9.891166272758808,
        8.298744966120706,
        7.124373552865878,
        7.493569922840633,
        9.766041117088523,
        8.446442300759326,
        6.289266481874948,
        7.936120127514165,
        6.960305344451882,
        10.419038420427846,
        7.351245989025233
      ],
      [
        2.4160468995863753,
        7.384267876419674,
        0.0,
        6.252403094424567,
        3.786071340352049,
        7.338992195511883,
        5.746570888873782,
        4.572199475618954,
        4.941395845593709,
        7.213867039841601,
        5.894268223512403,
        3.737092404628024,
        5.383946050267241,
        4.408131267204959,
        7.8668643431809215,
        4.799071911778309
      ],
      [
        3.836356194838192,
        8.804577171671491,
        6.252403094424567,
        0.0,
        5.206380635603866,
        8.7593014907637,
        7.166880184125599,
        5.992508770870771,
        6.361705140845526,
        8.634176335093418,
        7.314577518764219,
        5.157401699879841,
        6.804255345519058,
        5.828440562456775,
        9.287173638432737,
        6.219381207030126
      ],
      [
        1.3700244407656736,
        6.338245417598973,
        3.786071340352049,
        5.206380635603866,
        0.0,
        6.292969736691182,
        4.700548430053081,
        3.5261770167982527,
        3.8953733867730076,
        6.167844581020899,
        4.8482457646917005,
        2.691069945807323,
        4.33792359144654,
        3.362108808384257,
        6.820841884360219,
        3.7530494529576073
      ],
      [
        4.9229452959255084,
        9.891166272758808,
        7.338992195511883,
        8.7593014907637,
        6.292969736691182,
        0.0,
        8.253469285212915,
        7.079097871958087,
        7.448294241932842,
        9.720765436180734,
        8.401166619851535,
        6.243990800967158,
        7.8908444466063745,
        6.915029663544091,
        10.373762739520053,
        7.305970308117442
      ],
      [
        3.3305239892874066,
        8.298744966120706,
        5.746570888873782,
        7.166880184125599,
        4.700548430053081,
        8.253469285212915,
        0.0,
        5.486676565319986,
        5.855872935294741,
        8.128344129542631,
        6.808745313213434,
        4.651569494329055,
        6.298423139968273,
        5.32260835690599,
        8.781341432881952,
        5.71354900147934
      ],
      [
        2.156152576032579,
        7.124373552865878,
        4.572199475618954,
        5.992508770870771,
        3.5261770167982527,
        7.079097871958087,
        5.486676565319986,
        0.0,
        4.6815015220399125,
        6.9539727162878044,
        5.634373899958606,
        3.477198081074228,
        5.124051726713445,
        4.148236943651162,
        7.606970019627125,
        4.539177588224513
      ],
      [
        2.525348946007334,
        7.493569922840633,
        4.941395845593709,
        6.361705140845526,
        3.8953733867730076,
        7.448294241932842,
        5.855872935294741,
        4.6815015220399125,
        0.0,
        7.323169086262559,
        6.003570269933361,
        3.846394451048983,
        5.4932480966882,
        4.517433313625917,
        7.97616638960188,
        4.908373958199268
      ],
      [
        4.797820140255225,
        9.766041117088523,
        7.213867039841601,
        8.634176335093418,
        6.167844581020899,
        9.720765436180734,
        8.128344129542631,
        6.9539727162878044,
        7.323169086262559,
        0.0,
        8.276041464181253,
        6.118865645296874,
        7.765719290936091,
        6.789904507873809,
        10.24863758384977,
        7.180845152447159
      ],
      [
        3.4782213239260273,
        8.446442300759326,
        5.894268223512403,
        7.314577518764219,
        4.8482457646917005,
        8.401166619851535,
        6.808745313213434,
        5.634373899958606,
        6.003570269933361,
        8.276041464181253,
        0.0,
        4.799266828967676,
        6.446120474606893,
        5.470305691544611,
        8.929038767520574,
        5.861246336117961
      ],
      [
        1.321045505041649,
        6.289266481874948,
        3.737092404628024,
        5.157401699879841,
        2.691069945807323,
        6.243990800967158,
        4.651569494329055,
        3.477198081074228,
        3.846394451048983,
        6.118865645296874,
        4.799266828967676,
        0.0,
        4.288944655722515,
        3.313129872660232,
        6.771862948636195,
        3.704070517233583
      ],
      [
        2.967899150680866,
        7.936120127514165,
        5.383946050267241,
        6.804255345519058,
        4.33792359144654,
        7.8908444466063745,
        6.298423139968273,
        5.124051726713445,
        5.4932480966882,
        7.765719290936091,
        6.446120474606893,
        4.288944655722515,
        0.0,
        4.959983518299449,
        8.418716594275413,
        5.3509241628728
      ],
      [
        1.9920843676185833,
        6.960305344451882,
        4.408131267204959,
        5.828440562456775,
        3.362108808384257,
        6.915029663544091,
        5.32260835690599,
        4.148236943651162,
        4.517433313625917,
        6.789904507873809,
        5.470305691544611,
        3.313129872660232,
        4.959983518299449,
        0.0,
        7.4429018112131295,
        4.375109379810517
      ],
      [
        5.450817443594546,
        10.419038420427846,
        7.8668643431809215,
        9.287173638432737,
        6.820841884360219,
        10.373762739520053,
        8.781341432881952,
        7.606970019627125,
        7.97616638960188,
        10.24863758384977,
        8.929038767520574,
        6.771862948636195,
        8.418716594275413,
        7.4429018112131295,
        0.0,
        7.833842455786479
      ],
      [
        2.3830250121919336,
        7.351245989025233,
        4.799071911778309,
        6.219381207030126,
        3.7530494529576073,
        7.305970308117442,
        5.71354900147934,
        4.539177588224513,
        4.908373958199268,
        7.180845152447159,
        5.861246336117961,
        3.704070517233583,
        5.3509241628728,
        4.375109379810517,
        7.833842455786479,
        0.0
      ]
    ],
    [
      [
        0.0,
        5.626034855449178,
        2.6910596953591717,
        2.979944434798057,
        2.0395540299537775,
        3.073935123512459,
        3.0038667758061797,
        3.008073509009914,
        2.4246741897340405,
        5.482469381980512,
        4.208019718548485,
        0.997517134064036,
        3.186095571177794,
        3.157202257303954,
        4.579035792524531,
        1.3806760813712937
      ],
      [
        5.626034855449178,
        0.0,
        8.31709455080835,
        8.605979290247234,
        7.665588885402956,
        8.699969978961636,
        8.629901631255358,
        8.634108364459092,
        8.050709045183218,
        11.10850423742969,
        9.834054573997662,
        6.623551989513214,
        8.812130426626972,
        8.783237112753131,
        10.20507064797371,
        7.006710936820472
      ],
      [
        2.6910596953591717,
        8.31709455080835,
        0.0,
        5.671004130157229,
        4.730613725312949,
        5.764994818871631,
        5.694926471165351,
        5.699133204369086,
        5.115733885093212,
        8.173529077339683,
        6.899079413907657,
        3.6885768294232077,
        5.877155266536965,
        5.848261952663126,
        7.270095487883703,
        4.071735776730465
      ],
      [
        2.979944434798057,
        8.605979290247234,
        5.671004130157229,
        0.0,
        5.019498464751834,
        6.053879558310516,
        5.9838112106042365,
        5.9880179438079715,
        5.404618624532097,
        8.462413816778568,
        7.187964153346542,
        3.977461568862093,
        6.166040005975851,
        6.137146692102011,
        7.5589802273225875,
        4.360620516169351
      ],
      [
        2.0395540299537775,
        7.665588885402956,
        4.730613725312949,
        5.019498464751834,
        0.0,
        5.113489153466237,
        5.043420805759958,
        5.047627538963692,
        4.4642282196878185,
        7.52202341193429,
        6.247573748502262,
        3.0370711640178136,
        5.225649601131572,
        5.196756287257731,
        6.618589822478308,
        3.420230111325071
      ],
      [
        3.073935123512459,
        8.699969978961636,
        5.764994818871631,
        6.053879558310516,
        5.113489153466237,
        0.0,
        6.077801899318638,
        6.082008632522373,
        5.498609313246499,
        8.55640450549297,
        7.281954842060944,
        4.071452257576495,
        6.260030694690252,
        6.231137380816413,
        7.65297091603699,
        4.4546112048837525
      ],
      [
        3.0038667758061797,
        8.629901631255358,
        5.694926471165351,
        5.9838112106042365,
        5.043420805759958,
        6.077801899318638,
        0.0,
        6.011940284816093,
        5.42854096554022,
        8.486336157786692,
        7.211886494354665,
        4.001383909870215,
        6.1899623469839735,
        6.161069033110134,
        7.58290256833071,
        4.384542857177474
      ],
      [
        3.008073509009914,
        8.634108364459092,
        5.699133204369086,
        5.9880179438079715,
        5.047627538963692,
        6.082008632522373,
        6.011940284816093,
        0.0,
        5.432747698743954,
        8.490542890990426,
        7.2160932275583995,
        4.00559064307395,
        6.194169080187708,
        6.165275766313869,
        7.587109301534445,
        4.388749590381208
      ],
      [
        2.4246741897340405,
        8.050709045183218,
        5.115733885093212,
        5.404618624532097,
        4.4642282196878185,
        5.498609313246499,
        5.42854096554022,
        5.432747698743954,
        0.0,
        7.907143571714553,
        6.632693908282525,
        3.4221913237980766,
        5.610769760911834,
        5.5818764470379945,
        7.003709982258571,
        3.8053502711053344
      ],
      [
        5.482469381980512,
        11.10850423742969,
        8.173529077339683,
        8.462413816778568,
        7.52202341193429,
        8.55640450549297,
        8.486336157786692,
        8.490542890990426,
        7.907143571714553,
        0.0,
        9.690489100528996,
        6.479986516044548,
        8.668564953158306,
        8.639671639284465,
        10.061505174505044,
        6.863145463351806
      ],
      [
        4.208019718548485,
        9.834054573997662,
        6.899079413907657,
        7.187964153346542,
        6.247573748502262,
        7.281954842060944,
        7.211886494354665,
        7.2160932275583995,
        6.632693908282525,
        9.690489100528996,
        0.0,
        5.2055368526125205,
        7.394115289726279,
        7.365221975852439,
        8.787055511073016,
        5.588695799919779
      ],
      [
        0.997517134064036,
        6.623551989513214,
        3.6885768294232077,
        3.977461568862093,
        3.0370711640178136,
        4.071452257576495,
        4.001383909870215,
        4.00559064307395,
        3.4221913237980766,
        6.479986516044548,
        5.2055368526125205,
        0.0,
        4.1836127052418295,
        4.15471939136799,
        5.576552926588566,
        2.3781932154353296
      ],
      [
        3.186095571177794,
        8.812130426626972,
        5.877155266536965,
        6.166040005975851,
        5.225649601131572,
        6.260030694690252,
        6.1899623469839735,
        6.194169080187708,
        5.610769760911834,
        8.668564953158306,
        7.394115289726279,
        4.1836127052418295,
        0.0,
        6.343297828481748,
        7.7651313637023245,
        4.566771652549088
      ],
      [
        3.157202257303954,
        8.783237112753131,
        5.848261952663126,
        6.137146692102011,
        5.196756287257731,
        6.231137380816413,
        6.161069033110134,
        6.165275766313869,
        5.5818764470379945,
        8.639671639284465,
        7.365221975852439,
        4.15471939136799,
        6.343297828481748,
        0.0,
        7.736238049828485,
        4.537878338675248
      ],
      [
        4.579035792524531,
        10.20507064797371,
        7.270095487883703,
        7.5589802273225875,
        6.618589822478308,
        7.65297091603699,
        7.58290256833071,
        7.587109301534445,
        7.003709982258571,
        10.061505174505044,
        8.787055511073016,
        5.576552926588566,
        7.7651313637023245,
        7.736238049828485,
        0.0,
        5.959711873895825
      ],
      [
        1.3806760813712937,
        7.006710936820472,
        4.071735776730465,
        4.360620516169351,
        3.420230111325071,
        4.4546112048837525,
        4.384542857177474,
        4.388749590381208,
        3.8053502711053344,
        6.863145463351806,
        5.588695799919779,
        2.3781932154353296,
        4.566771652549088,
        4.537878338675248,
        5.959711873895825,
        0.0
      ]
    ],
    [
      [
        0.0,
        4.321329337158271,
        3.466590315948128,
        3.4520235045749654,
        2.2923752191350077,
        3.632297912805376,
        4.009580442588606,
        3.447789587515753,
        2.991539333407274,
        5.3404121194272545,
        3.9757967724315844,
        1.6501518104941328,
        2.5192186014270117,
        2.4265299122436943,
        4.39754233653712,
        1.5139971835394497
      ],
      [
        4.321329337158271,
        0.0,
        7.787919653106399,
        7.773352841733236,
        6.613704556293278,
        7.953627249963647,
        8.330909779746877,
        7.769118924674023,
        7.312868670565544,
        9.661741456585524,
        8.297126109589854,
        5.971481147652403,
        6.840547938585282,
        6.747859249401965,
        8.71887167369539,
        5.83532652069772
      ],
      [
        3.466590315948128,
        7.787919653106399,
        0.0,
        6.918613820523094,
        5.758965535083136,
        7.098888228753504,
        7.4761707585367345,
        6.914379903463882,
        6.458129649355403,
        8.807002435375383,
        7.4423870883797125,
        5.1167421264422615,
        5.98580891737514,
        5.8931202281918225,
        7.864132652485248,
        4.980587499487578
      ],
      [
        3.4520235045749654,
        7.773352841733236,
        6.918613820523094,
        0.0,
        5.744398723709973,
        7.084321417380341,
        7.461603947163572,
        6.899813092090719,
        6.44356283798224,
        8.79243562400222,
        7.42782027700655,
        5.102175315069099,
        5.971242106001977,
        5.87855341681866,
        7.849565841112085,
        4.9660206881144155
      ],
      [
        2.2923752191350077,
        6.613704556293278,
        5.758965535083136,
        5.744398723709973,
        0.0,
        5.924673131940384,
        6.301955661723614,
        5.7401648066507605,
        5.2839145525422815,
        7.632787338562262,
        6.268171991566592,
        3.9425270296291406,
        4.8115938205620195,
        4.718905131378702,
        6.689917555672127,
        3.8063724026744574
      ],
      [
        3.632297912805376,
        7.953627249963647,
        7.098888228753504,
        7.084321417380341,
        5.924673131940384,
        0.0,
        7.641878355393983,
        7.080087500321129,
        6.62383724621265,
        8.97271003223263,
        7.60809468523696,
        5.282449723299509,
        6.151516514232387,
        6.05882782504907,
        8.029840249342495,
        5.146295096344826
      ],
      [
        4.009580442588606,
        8.330909779746877,
        7.4761707585367345,
        7.461603947163572,
        6.301955661723614,
        7.641878355393983,
        0.0,
        7.457370030104359,
        7.00111977599588,
        9.34999256201586,
        7.985377215020191,
        5.659732253082739,
        6.528799044015618,
        6.436110354832301,
        8.407122779125725,
        5.523577626128056
      ],
      [
        3.447789587515753,
        7.769118924674023,
        6.914379903463882,
        6.899813092090719,
        5.7401648066507605,
        7.080087500321129,
        7.457370030104359,
        0.0,
        6.439328920923027,
        8.788201706943008,
        7.423586359947338,
        5.097941398009886,
        5.967008188942765,
        5.874319499759448,
        7.845331924052873,
        4.961786771055203
      ],
      [
        2.991539333407274,
        7.312868670565544,
        6.458129649355403,
        6.44356283798224,
        5.2839145525422815,
        6.62383724621265,
        7.00111977599588,
        6.439328920923027,
        0.0,
        8.331951452834529,
        6.967336105838859,
        4.641691143901407,
        5.510757934834286,
        5.418069245650969,
        7.389081669944394,
        4.505536516946724
      ],
      [
        5.3404121194272545,
        9.661741456585524,
        8.807002435375383,
        8.79243562400222,
        7.632787338562262,
        8.97271003223263,
        9.34999256201586,
        8.788201706943008,
        8.331951452834529,
        0.0,
        9.316208891858839,
        6.990563929921388,
        7.859630720854266,
        7.766942031670949,
        9.737954455964374,
        6.854409302966705
      ],
      [
        3.9757967724315844,
        8.297126109589854,
        7.4423870883797125,
        7.42782027700655,
        6.268171991566592,
        7.60809468523696,
        7.985377215020191,
        7.423586359947338,
        6.967336105838859,
        9.316208891858839,
        0.0,
        5.625948582925718,
        6.495015373858596,
        6.402326684675279,
        8.373339108968704,
        5.4897939559710345
      ],
      [
        1.6501518104941328,
        5.971481147652403,
        5.1167421264422615,
        5.102175315069099,
        3.9425270296291406,
        5.282449723299509,
        5.659732253082739,
        5.097941398009886,
        4.641691143901407,
        6.990563929921388,
        5.625948582925718,
        0.0,
        4.169370411921145,
        4.076681722737828,
        6.047694147031253,
        3.1641489940335825
      ],
      [
        2.5192186014270117,
        6.840547938585282,
        5.98580891737514,
        5.971242106001977,
        4.8115938205620195,
        6.151516514232387,
        6.528799044015618,
        5.967008188942765,
        5.510757934834286,
        7.859630720854266,
        6.495015373858596,
        4.169370411921145,
        0.0,
        4.945748513670706,
        6.916760937964131,
        4.033215784966462
      ],
      [
        2.4265299122436943,
        6.747859249401965,
        5.8931202281918225,
        5.87855341681866,
        4.718905131378702,
        6.05882782504907,
        6.436110354832301,
        5.874319499759448,
        5.418069245650969,
        7.766942031670949,
        6.402326684675279,
        4.076681722737828,
        4.945748513670706,
        0.0,
        6.824072248780814,
        3.940527095783144
      ],
      [
        4.39754233653712,
        8.71887167369539,
        7.864132652485248,
        7.849565841112085,
