{
  "spec": {
    "num_qubits": 8,
    "topology": "star",
    "custom_edges": "0-1:1.0000,0-2:0.9862,0-3:1.0000,0-4:1.0000,0-5:0.9766,0-6:0.9766,0-7:1.0000,1-2:1.0000,1-3:0.9531,1-4:1.0000,1-5:0.9537,1-6:0.9534,1-7:1.0000,2-3:0.8087,2-4:0.8275,2-5:0.9438,2-6:0.8987,2-7:1.0000,3-4:0.9092,3-5:0.8588,3-6:1.0000,3-7:0.9774,4-5:1.0000,4-6:0.8575,4-7:0.9456,5-6:1.0000,5-7:0.8849,6-7:1.0000",
    "alpha": 0.8,
    "weight": 1.0,
    "gamma": 0.3,
    "sigma": null,
    "init_angle": 0.0,
    "init_angles": null,
    "shots": 1024,
    "device": "simulator",
    "geometry": "hyperbolic",
    "curvature": 1.0,
    "timesteps": 1,
    "dimension": 3,
    "mass_hinge": "0,1,2",
    "mass_value": 5.0
  },
  "uid": "OARAUE",
  "counts": null,
  "mutual_information": [
    {
      "I_0,1": 0.053116020477872894,
      "I_0,2": 0.09013821842109804,
      "I_0,3": 0.06326755672876483,
      "I_0,4": 0.044602663514349716,
      "I_0,5": 0.01654270408038716,
      "I_0,6": 0.2262950870726912,
      "I_0,7": 0.021559062804038742,
      "I_1,2": 0.18047654420182258,
      "I_1,3": 0.00830736248159436,
      "I_1,4": 0.5722316403106564,
      "I_1,5": 0.32684608055556963,
      "I_1,6": 0.0608299023559945,
      "I_1,7": 0.024411233074321137,
      "I_2,3": 0.01913335331584487,
      "I_2,4": 0.10343435241646382,
      "I_2,5": 0.05133779191998078,
      "I_2,6": 0.38048525449493065,
      "I_2,7": 0.06956644846093307,
      "I_3,4": 0.04018058437256422,
      "I_3,5": 7.184937841353545e-07,
      "I_3,6": 0.005760832861145815,
      "I_3,7": 0.6146120161175668,
      "I_4,5": 0.11341703948002635,
      "I_4,6": 0.02000189739359981,
      "I_4,7": 0.0660356309400173,
      "I_5,6": 0.0030010711263116496,
      "I_5,7": 0.0005190918706392544,
      "I_6,7": 0.015444979876008014
    }
  ],
  "distance_matrix_per_timestep": [
    [
      [
        0.0,
        2.935276692322974,
        2.406411026491193,
        2.760382613152438,
        3.109961701686606,
        4.101810115422274,
        1.485915436376401,
        3.836959003086583
      ],
      [
        2.935276692322974,
        0.0,
        5.341687718814168,
        5.695659305475412,
        6.04523839400958,
        7.037086807745248,
        4.421192128699375,
        6.772235695409558
      ],
      [
        2.406411026491193,
        5.341687718814168,
        0.0,
        5.166793639643631,
        5.5163727281777994,
        6.508221141913467,
        3.892326462867594,
        6.243370029577776
      ],
      [
        2.760382613152438,
        5.695659305475412,
        5.166793639643631,
        0.0,
        5.870344314839044,
        6.862192728574712,
        4.246298049528839,
        6.597341616239021
      ],
      [
        3.109961701686606,
        6.04523839400958,
        5.5163727281777994,
        5.870344314839044,
        0.0,
        7.21177181710888,
        4.595877138063007,
        6.94692070477319
      ],
      [
        4.101810115422274,
        7.037086807745248,
        6.508221141913467,
        6.862192728574712,
        7.21177181710888,
        0.0,
        5.587725551798675,
        7.938769118508857
      ],
      [
        1.485915436376401,
        4.421192128699375,
        3.892326462867594,
        4.246298049528839,
        4.595877138063007,
        5.587725551798675,
        0.0,
        5.322874439462984
      ],
      [
        3.836959003086583,
        6.772235695409558,
        6.243370029577776,
        6.597341616239021,
        6.94692070477319,
        7.938769118508857,
        5.322874439462984,
        0.0
      ]
    ]
  ],
  "edge_mi": {
    "0,1": 0.053116020477872894,
    "0,2": 0.09013821842109804,
    "0,3": 0.06326755672876483,
    "0,4": 0.044602663514349716,
    "0,5": 0.01654270408038716,
    "0,6": 0.2262950870726912,
    "0,7": 0.021559062804038742
  },
  "distance_matrix": [
    [
      0.0,
      2.935276692322974,
      2.406411026491193,
      2.760382613152438,
      3.109961701686606,
      4.053542612887586,
      1.485915436376401,
      3.247146691510589
    ],
    [
      2.935276692322974,
      0.0,
      1.7121544586736805,
      3.7625363022604805,
      0.5582114040006971,
      1.1182659205646122,
      2.6784623140749515,
      3.2757722239023295
    ],
    [
      2.406411026491193,
      1.7121544586736805,
      0.0,
      3.1522369685722356,
      2.268818143684373,
      2.8304203792382925,
      0.9663078554012712,
      2.6654728902140845
    ],
    [
      2.760382613152438,
      3.7625363022604805,
      3.1522369685722356,
      0.0,
      3.204324898259783,
      4.880802222825093,
      4.118544823973506,
      0.486764078358151
    ],
    [
      3.109961701686606,
      0.5582114040006971,
      2.268818143684373,
      3.204324898259783,
      0.0,
      1.6764773245653093,
      3.235125999085644,
      2.717560819901632
    ],
    [
      4.053542612887586,
      1.1182659205646122,
      2.8304203792382925,
      4.880802222825093,
      1.6764773245653093,
      0.0,
      3.7967282346395637,
      4.394038144466942
    ],
    [
      1.485915436376401,
      2.6784623140749515,
      0.9663078554012712,
      4.118544823973506,
      3.235125999085644,
      3.7967282346395637,
      0.0,
      3.6317807456153557
    ],
    [
      3.247146691510589,
      3.2757722239023295,
      2.6654728902140845,
      0.486764078358151,
      2.717560819901632,
      4.394038144466942,
      3.6317807456153557,
      0.0
    ]
  ],
  "shortest_paths": {
    "0": {
      "0": 0,
      "6": 1.485915436376401,
      "2": 2.406411026491193,
      "3": 2.760382613152438,
      "1": 2.935276692322974,
      "4": 3.109961701686606,
      "7": 3.247146691510589,
      "5": 4.053542612887586
    },
    "1": {
      "1": 0,
      "4": 0.5582114040006971,
      "5": 1.1182659205646122,
      "2": 1.7121544586736805,
      "6": 2.6784623140749515,
      "0": 2.935276692322974,
      "7": 3.2757722239023295,
      "3": 3.7625363022604805
    },
    "2": {
      "2": 0,
      "6": 0.9663078554012712,
      "1": 1.7121544586736805,
      "4": 2.268818143684373,
      "0": 2.406411026491193,
      "7": 2.6654728902140845,
      "5": 2.8304203792382925,
      "3": 3.1522369685722356
    },
    "3": {
      "3": 0,
      "7": 0.486764078358151,
      "0": 2.760382613152438,
      "2": 3.1522369685722356,
      "4": 3.204324898259783,
      "1": 3.7625363022604805,
      "6": 4.118544823973506,
      "5": 4.880802222825093
    },
    "4": {
      "4": 0,
      "1": 0.5582114040006971,
      "5": 1.6764773245653093,
      "2": 2.268818143684373,
      "7": 2.717560819901632,
      "0": 3.109961701686606,
      "3": 3.204324898259783,
      "6": 3.235125999085644
    },
    "5": {
      "5": 0,
      "1": 1.1182659205646122,
      "4": 1.6764773245653093,
      "2": 2.8304203792382925,
      "6": 3.7967282346395637,
      "0": 4.053542612887586,
      "7": 4.394038144466942,
      "3": 4.880802222825093
    },
    "6": {
      "6": 0,
      "2": 0.9663078554012712,
      "0": 1.485915436376401,
      "1": 2.6784623140749515,
      "4": 3.235125999085644,
      "7": 3.6317807456153557,
      "5": 3.7967282346395637,
      "3": 4.118544823973506
    },
    "7": {
      "7": 0,
      "3": 0.486764078358151,
      "2": 2.6654728902140845,
      "4": 2.717560819901632,
      "0": 3.247146691510589,
      "1": 3.2757722239023295,
      "6": 3.6317807456153557,
      "5": 4.394038144466942
    }
  },
  "gromov_delta": 4.394038144466942,
  "mean_distance": 2.4102950914595556,
  "angle_sums": [
    3.141592653589793,
    3.141592653589793,
    1.291308056581542,
    3.141592653589793,
    3.141592653589793,
    4.974749287714599,
    3.141592653589793,
    3.141592653589793,
    3.141592653589793,
    3.141592653589793,
    4.56621384538815,
    3.141592653589793,
    4.7587451292442875,
    9.42477796076938,
    9.42477796076938,
    3.141592653589793,
    3.141592653589793,
    3.141592653589793,
    4.508369487811169,
    6.045102557959762,
    9.42477796076938,
    3.141592653589793,
    3.141592653589793,
    3.141592653589793,
    3.141592653589793,
    3.141592653589793,
    3.141592653589793,
    3.141592653589793,
    3.141592653589793,
    3.141592653589793,
    3.141592653589793,
    3.141592653589793,
    3.141592653589793,
    3.141592653589793,
    2.108232748310484,
    3.141592653589793,
    3.0287670279456482,
    2.7084506635364605,
    3.141592653589793,
    3.141592653589793,
    3.014826075497022,
    3.0843386468528196,
    3.0209204168046813,
    3.0812342584114774,
    2.6576909987059887,
    3.141592653589793,
    2.7302531566066706,
    3.141592653589793,
    3.141592653589793,
    3.141592653589793,
    3.141592653589793,
    1.7175616999531478,
    2.9351443276766336,
    2.5637758581844308,
    3.141592653589793,
    3.141592653589793
  ],
  "mean_angle_sum": 2.2429461890849174,
  "min_angle_sum": 0.782463882439229,
  "max_angle_sum": 3.1415926895643786,
  "angle_sum_deviations": [
    -1.2202691944533661,
    -1.8154603025717193,
    -0.47350864902242984,
    2.107342433887993e-08,
    -1.1619346920782048,
    -1.9308494515107668,
    -1.6513484581713525,
    -1.4839912242858087,
    -1.5387257095001756,
    -0.2050565293279396,
    -1.623638061658825,
    -1.8496025328209895,
    -1.9792459520821906,
    -0.5116057964510192,
    3.597458553272759e-08,
    -1.162275265347546,
    -1.2301688241130733,
    -1.84139159939548,
    -1.2828939666446333,
    -2.210453931386504,
    -1.2210170641730254,
    -1.3232560597056708,
    -0.030801336450338113,
    -2.452360536864262e-08,
    -2.9802322387695312e-08,
    -1.2567022047601937,
    2.5809568260370952e-08,
    0.0,
    -1.9636229076415699,
    1.4901161193847656e-08,
    0.0,
    -0.03680812471660344,
    0.0,
    -6.172263145032275e-09,
    0.0,
    -1.88138040537844,
    -1.6730251705415353,
    -1.632404253230812,
    -2.3630059242663037e-08,
    2.107342433887993e-08,
    -1.1625897160967276,
    0.0,
    -1.5405292071340462,
    1.4901161193847656e-08,
    -1.5612061465741238,
    2.107342433887993e-08,
    0.0,
    -2.0316517393126796,
    0.0,
    -2.359128771150564,
    0.0,
    -2.791733244578154e-08,
    -1.3190477530397047,
    0.0,
    -1.8874115430950675,
    -2.271199511211074
  ],
  "triangle_inequality_violations": [],
  "embedding_coords": [
    [
      0.47072889568207654,
      1.9282085461194034
    ],
    [
      -1.041837585349596,
      -0.9156089331020182
    ],
    [
      -0.671854385605002,
      0.6621539047755535
    ],
    [
      2.5347585841846048,
      -0.05955133164341323
    ],
    [
      -0.4296158714889608,
      -1.3176782886207608
    ],
    [
      -2.02998616041246,
      -1.65837764156967
    ],
    [
      -0.9488351314217832,
      1.7946524896297131
    ],
    [
      2.116641654411121,
      -0.43379874558880777
    ]
  ],
  "edge_weight_variance": 0.003339405242346938,
  "event_nodes": [
    [
      0,
      0
    ],
    [
      1,
      0
    ],
    [
      2,
      0
    ],
    [
      3,
      0
    ],
    [
      4,
      0
    ],
    [
      5,
      0
    ],
    [
      6,
      0
    ],
    [
      7,
      0
    ]
  ],
  "event_edges": [
    {
      "type": "spatial",
      "from": [
        0,
        0
      ],
      "to": [
        1,
        0
      ],
      "weight": 2.935276692322974
    },
    {
      "type": "spatial",
      "from": [
        0,
        0
      ],
      "to": [
        2,
        0
      ],
      "weight": 2.406411026491193
    },
    {
      "type": "spatial",
      "from": [
        0,
        0
      ],
      "to": [
        3,
        0
      ],
      "weight": 2.760382613152438
    },
    {
      "type": "spatial",
      "from": [
        0,
        0
      ],
      "to": [
        4,
        0
      ],
      "weight": 3.109961701686606
    },
    {
      "type": "spatial",
      "from": [
        0,
        0
      ],
      "to": [
        5,
        0
      ],
      "weight": 4.101810115422274
    },
    {
      "type": "spatial",
      "from": [
        0,
        0
      ],
      "to": [
        6,
        0
      ],
      "weight": 1.485915436376401
    },
    {
      "type": "spatial",
      "from": [
        0,
        0
      ],
      "to": [
        7,
        0
      ],
      "weight": 3.836959003086583
    },
    {
      "type": "spatial",
      "from": [
        1,
        0
      ],
      "to": [
        2,
        0
      ],
      "weight": 5.341687718814168
    },
    {
      "type": "spatial",
      "from": [
        1,
        0
      ],
      "to": [
        3,
        0
      ],
      "weight": 5.695659305475412
    },
    {
      "type": "spatial",
      "from": [
        1,
        0
      ],
      "to": [
        4,
        0
      ],
      "weight": 6.04523839400958
    },
    {
      "type": "spatial",
      "from": [
        1,
        0
      ],
      "to": [
        5,
        0
      ],
      "weight": 7.037086807745248
    },
    {
      "type": "spatial",
      "from": [
        1,
        0
      ],
      "to": [
        6,
        0
      ],
      "weight": 4.421192128699375
    },
    {
      "type": "spatial",
      "from": [
        1,
        0
      ],
      "to": [
        7,
        0
      ],
      "weight": 6.772235695409558
    },
    {
      "type": "spatial",
      "from": [
        2,
        0
      ],
      "to": [
        3,
        0
      ],
      "weight": 5.166793639643631
    },
    {
      "type": "spatial",
      "from": [
        2,
        0
      ],
      "to": [
        4,
        0
      ],
      "weight": 5.5163727281777994
    },
    {
      "type": "spatial",
      "from": [
        2,
        0
      ],
      "to": [
        5,
        0
      ],
      "weight": 6.508221141913467
    },
    {
      "type": "spatial",
      "from": [
        2,
        0
      ],
      "to": [
        6,
        0
      ],
      "weight": 3.892326462867594
    },
    {
      "type": "spatial",
      "from": [
        2,
        0
      ],
      "to": [
        7,
        0
      ],
      "weight": 6.243370029577776
    },
    {
      "type": "spatial",
      "from": [
        3,
        0
      ],
      "to": [
        4,
        0
      ],
      "weight": 5.870344314839044
    },
    {
      "type": "spatial",
      "from": [
        3,
        0
      ],
      "to": [
        5,
        0
      ],
      "weight": 6.862192728574712
    },
    {
      "type": "spatial",
      "from": [
        3,
        0
      ],
      "to": [
        6,
        0
      ],
      "weight": 4.246298049528839
    },
    {
      "type": "spatial",
      "from": [
        3,
        0
      ],
      "to": [
        7,
        0
      ],
      "weight": 6.597341616239021
    },
    {
      "type": "spatial",
      "from": [
        4,
        0
      ],
      "to": [
        5,
        0
      ],
      "weight": 7.21177181710888
    },
    {
      "type": "spatial",
      "from": [
        4,
        0
      ],
      "to": [
        6,
        0
      ],
      "weight": 4.595877138063007
    },
    {
      "type": "spatial",
      "from": [
        4,
        0
      ],
      "to": [
        7,
        0
      ],
      "weight": 6.94692070477319
    },
    {
      "type": "spatial",
      "from": [
        5,
        0
      ],
      "to": [
        6,
        0
      ],
      "weight": 5.587725551798675
    },
    {
      "type": "spatial",
      "from": [
        5,
        0
      ],
      "to": [
        7,
        0
      ],
      "weight": 7.938769118508857
    },
    {
      "type": "spatial",
      "from": [
        6,
        0
      ],
      "to": [
        7,
        0
      ],
      "weight": 5.322874439462984
    }
  ],
  "lorentzian_dissimilarity": [
    [
      0.0,
      8.6158492604945,
      5.7908140284183975,
      7.6197121709942826,
      9.67186178595745,
      16.824846222980486,
      2.2079446840616703,
      14.722254391367187
    ],
    [
      8.6158492604945,
      0.0,
      28.533627685330107,
      32.440534924048656,
      36.544907240407525,
      49.520590739742204,
      19.546939838873314,
      45.86317631417938
    ],
    [
      5.7908140284183975,
      28.533627685330107,
      0.0,
      26.695756514661877,
      30.43036807618378,
      42.35694243204943,
      15.150205293539358,
      38.97966932623
    ],
    [
      7.6197121709942826,
      32.440534924048656,
      26.695756514661877,
      0.0,
      34.460942374763086,
      47.08968904410365,
      18.031047125432423,
      43.5249164013593
    ],
    [
      9.67186178595745,
      36.544907240407525,
      30.43036807618378,
      34.460942374763086,
      0.0,
      52.009652742045915,
      21.122086668170216,
      48.25970727840643
    ],
    [
      16.824846222980486,
      49.520590739742204,
      42.35694243204943,
      47.08968904410365,
      52.009652742045915,
      0.0,
      31.22267684222381,
      63.02405511698989
    ],
    [
      2.2079446840616703,
      19.546939838873314,
      15.150205293539358,
      18.031047125432423,
      21.122086668170216,
      31.22267684222381,
      0.0,
      28.332992298288374
    ],
    [
      14.722254391367187,
      45.86317631417938,
      38.97966932623,
      43.5249164013593,
      48.25970727840643,
      63.02405511698989,
      28.332992298288374,
      0.0
    ]
  ],
  "lorentzian_embedding": [
    [
      0.00010010860049264107,
      0.4735987684719572,
      -0.6070057285626242
    ],
    [
      -1.731531394860655e-05,
      -1.5903297837594996,
      1.997688406850848
    ],
    [
      -1.0128090410334765e-05,
      2.0712881521653896,
      -2.3252574406505926
    ],
    [
      -1.1627331495307274e-05,
      2.711675333579872,
      -2.6836005815182853
    ],
    [
      -1.8064550631847567e-05,
      -1.727696384369988,
      2.2430494095304225
    ],
    [
      -2.0850657957790456e-05,
      -2.4753814693686516,
      -4.5186499833356155
    ],
    [
      -8.32914869358921e-06,
      0.3275161057332545,
      -0.490114495521015
    ],
    [
      -1.828281349927871e-05,
      4.616892467593596,
      1.569341031485802
    ]
  ],
  "edge_length_evolution": [
    [
      2.93527669268272,
      2.4064110263986476,
      2.624971327516312,
      3.109961700907046,
      3.9642815244404894,
      1.4859154363146785,
      3.6979596575989957,
      5.34168771811664,
      5.5544456323601885,
      6.045238394641783,
      6.912536492698412,
      4.4211921275255675,
      6.631418332403383,
      5.0321792813826045,
      5.380292743341206,
      6.369933116909257,
      3.7706126406974385,
      6.105477315974375,
      5.732145326316307,
      6.721780908356019,
      4.122526794148048,
      6.4573258730041845,
      7.069885658035122,
      4.470672492731295,
      6.8054310280035,
      5.460356260938433,
      7.795061555522366,
      5.195893148294009
    ],
    [
      2.933150657663117,
      2.3947851486123954,
      2.4903034123151406,
      3.1076885649747483,
      3.8263206122074074,
      1.47131762329178,
      3.559665357880657,
      5.3399573042426365,
      5.41369313097089,
      6.035217565620553,
      6.7888255297724225,
      4.419474644396464,
      6.490300988707546,
      4.8989568181097685,
      5.2391676518649195,
      6.232229603957698,
      3.64609351100428,
      5.968694692981881,
      5.594241772373366,
      6.582490381483561,
      4.0005025508732714,
      6.318460394462595,
      6.927665165821437,
      4.342102258209325,
      6.663954892737742,
      5.334466686797618,
      7.652242048385531,
      5.070398894051479
    ],
    [
      2.9291583659233753,
      2.3798720871664782,
      2.356487568206428,
      3.1049009908566907,
      3.688993741089093,
      1.450767292414134,
      3.4208287374717967,
      5.338469304748753,
      5.273454668103964,
      6.021958895322125,
      6.6660586573905976,
      4.417470070098247,
      6.349595655027217,
      4.767233279303664,
      5.097123796765884,
      6.09618273539333,
      3.5222840065564105,
      5.833111076881646,
      5.457533982918342,
      6.444384870916913,
      3.8803402390481905,
      6.180810404740214,
      6.786179758624654,
      4.213741534111396,
      6.523356717093189,
      5.210152453128985,
      7.510362129955813,
      4.9464903549023935
    ],
    [
      2.9249189862872833,
      2.3623860237939813,
      2.2236146489762274,
      3.1019358598287523,
      3.552609101666211,
      1.426828776034843,
      3.28226439055793,
      5.336834339047926,
      5.13377312282812,
      6.006600521127262,
      6.544321551265003,
      4.416207685854051,
      6.210050169040055,
      4.637107012424389,
      4.954925297812743,
      5.96136962226879,
      3.3998454962219578,
      5.69880125049102,
      5.322251061286601,
      6.307528461900602,
      3.762139089493968,
      6.044441916674414,
      6.645599707349115,
      4.086296366991884,
      6.384041854389044,
      5.087490342768772,
      7.369472583000871,
      4.824247530479333
    ],
    [
      2.9203032211556503,
      2.342991484770454,
      2.091778966489183,
      3.098906522812082,
      3.4173001757119223,
      1.4008611210166386,
      3.1441120720891633,
      5.335081038254091,
      4.994691073660087,
      5.989762336984808,
      6.423691555680685,
      4.415976314893474,
      6.071520795917033,
      4.5086793163778065,
      4.813038689824881,
      5.827861417793648,
      3.2791803331903417,
      5.5658413422673245,
      5.1885831558478905,
      6.171986769522139,
      3.645995543738362,
      5.90942214982082,
      6.506019419846585,
      3.9601926740201314,
      6.246568060622394,
      4.966550823658346,
      7.229625187834002,
      4.703746872823192
    ],
    [
      2.9150264935730728,
      2.3221322244520337,
      1.9610785486737532,
      3.0959499105858534,
      3.2832147319970124,
      1.3730811646019125,
      3.006519292278207,
      5.333218624403618,
      4.856253174805128,
      5.971859287777468,
      6.304245509513854,
      4.415976314893474,
      5.933702597350459,
      4.382054541012822,
      4.671809820038568,
      5.695729613757388,
      3.1605826378223094,
      5.4343085613269215,
      5.05674315670861,
      6.037826510865333,
      3.532005586629738,
      5.775819409810033,
      6.36751373821665,
      3.8357473496488743,
      6.110570629406566,
      4.847401289887645,
      7.090872603487859,
      4.585063177386685
    ],
    [
      2.9091792340479152,
      2.3001424420397933,
      1.831618358777807,
      3.093379703023897,
      3.150525583152616,
      1.3439481243126632,
      2.8696410264720678,
      5.331237334441775,
      4.718509436469139,
      5.953211713279716,
      6.186072427553588,
      4.415976314893474,
      5.796659886727563,
      4.257340232346316,
      4.531521081413762,
      5.5650460924684495,
      3.044294707183941,
      5.304281086599086,
      4.9271120246927715,
      5.905115183944336,
      3.420266420626471,
      5.643702826958464,
      6.230139136878248,
      3.7132259530625795,
      5.975891371269402,
      4.730108672775797,
      6.953268991243858,
      4.468270059425397
    ],
    [
      2.902816834744517,
      2.277285494613324,
      1.7035097205867487,
      3.091003994419127,
      3.0194069097297414,
      1.3135326833182936,
      2.73361402858426,
      5.329096486012086,
      4.581513720787261,
      5.93407556976829,
      6.0692675529928,
      4.415976314893474,
      5.660462907180905,
      4.134647040658071,
      4.392415013200379,
      5.435882923580124,
      2.930520049332485,
      5.1758379986711995,
      4.799579105239274,
      5.773920469853483,
      3.310875233768684,
      5.513141699219057,
      6.0939213298236945,
      3.59285661019596,
      5.842603928404264,
      4.614737467091939,
      6.816869484499323,
      4.35343892407587
    ],
    [
      2.8959926537623937,
      2.2537829293673175,
      1.576870282855379,
      3.088558833236852,
      2.8900407835546376,
      1.2818190741584665,
      2.598585108800984,
      5.32676918408115,
      4.445323367092955,
      5.9146710497321395,
      5.953929792643426,
      4.415976314893474,
      5.525187633965842,
      4.014088735379456,
      4.254710664826537,
      5.308312084257344,
      2.8194345117378923,
      5.049059160685235,
      4.673971586111783,
      5.644310537939713,
      3.2039275982686064,
      5.384205725526837,
      5.958900259770553,
      3.474844388888784,
      5.710783264116889,
      4.501348567920408,
      6.681729848773362,
      4.240638451525414
    ],
    [
      2.8887605574019877,
      2.2298269338739414,
      1.4518244069452808,
      3.086054367758384,
      2.7626207097392297,
      1.2490643250383742,
      2.464712372622667,
      5.324244734596504,
      4.309999295260349,
      5.895193620242066,
      5.840161879930053,
      4.415976314893474,
      5.390916117260028,
      3.8957820953557745,
      4.1186099576905955,
      5.1824050691395565,
      2.711190970194135,
      4.924024910461228,
      4.550398928888849,
      5.516353848797221,
      3.099516853005243,
      5.256964766733426,
      5.825132448268513,
      3.359375762639722,
      5.580505633888906,
      4.389998742373433,
      6.547906246650797,
      4.129934106904447
    ],
    [
      2.8811666208561433,
      2.2055839515247415,
      1.3285036190186073,
      3.0834980555995277,
      2.6373542370510457,
      1.2154922692086794,
      2.3321555086972308,
      5.321508563361613,
      4.175606065851208,
      5.87581501264044,
      5.728070574628171,
      4.415976314893474,
      5.257736799862397,
      3.7798467460447283,
      3.9842995262133085,
      5.058232459623763,
      2.605919575030806,
      4.800815715631238,
      4.428973730583438,
      5.390118372320428,
      2.9977341789536496,
      5.131488046959342,
      5.6926702554502135,
      3.246618168182688,
      5.451847982426771,
      4.280740112977986,
      6.415454975951854,
      4.021387646156857
    ],
    [
      2.8732525910785798,
      2.181200315031633,
      1.2070471627540045,
      3.0808964978347415,
      2.514466313022838,
      1.1813027004449286,
      2.20107810521598,
      5.318543625846006,
      4.042211930836936,
      5.856688847710417,
      5.617766875958643,
      4.415976314893474,
      5.125744821539634,
      3.6664051396979693,
      3.8519531243988325,
      4.935863489198204,
      2.503729605128099,
      4.679511833391398,
      4.309811785185229,
      5.26567115228162,
      2.8986683029463185,
      5.007843675199196,
      5.561562954697696,
      3.136722263091387,
      5.324887696621526,
      4.173619631280954,
      6.2844322018763386,
      3.915056658985766
    ],
    [
      2.865058370690004,
      2.156806086924035,
      1.0876026638392053,
      3.0782569582391077,
      2.394202636450149,
      1.1466777883308226,
      2.071649414073565,
      5.315331497686934,
      3.9098888356642347,
      5.837954695275572,
      5.509366309537481,
      4.415976314893474,
      4.995042279125572,
      3.5555826601593012,
      3.7217330019541213,
      4.815365583818131,
      2.40471064164362,
      4.5601929472738725,
      4.193032248162178,
      5.143077844325493,
      2.802405322934341,
      4.886098133546734,
      5.431857462504197,
      3.029823480716168,
      5.199702332765636,
      4.0686785881425545,
      6.154893670242053,
      3.8109941428388003
    ],
    [
      2.8566239633976798,
      2.132517778141528,
      0.9703269854144313,
      3.0755887055498685,
      2.2768333181244276,
      1.1117869118291528,
      1.944045933577693,
      5.311853244347938,
      3.778712368375577,
      5.819741273220559,
      5.402989330829789,
      4.415976314893474,
      4.8657384351986,
      3.4475079394873234,
      3.5937906284686436,
      4.696803884769949,
      2.308933401479025,
      4.442937787517372,
      4.078757973565871,
      5.022402230734359,
      2.709028710290196,
      4.76631573448557,
      5.303598830563264,
      2.9260433061955746,
      5.076369326320643,
      3.965952175142168,
      6.026894403603711,
      3.7092481208693764
    ],
    [
      2.8479911196391394,
      2.1084403385825827,
      0.8553873986335985,
      3.0729042677842684,
      2.1626572131937793,
      1.0767906182505949,
      1.8184530605456102,
      5.308090119979724,
      3.648761651054059,
      5.802169261320395,
      5.298761906942232,
      4.415976314893474,
      4.737949868081986,
      3.34231351870219,
      3.468266993960217,
      4.580240759926445,
      2.2164504328796215,
      4.32782374031038,
      3.967116126296646,
      4.903705715417943,
      2.618619561412,
      4.6485580496287415,
      5.17683055712346,
      2.825490589519412,
      4.954965691329995,
      3.8654691079034054,
      5.900488382315147,
      3.609861313184339
    ],
    [
      2.839204853834377,
      2.0846686633076295,
      0.7429632717087089,
      3.0702206882216005,
      2.0520074605029377,
      1.041844236826168,
      1.6950670521723357,
      5.30402412146559,
      3.5201191689711084,
      5.78535412961805,
      5.1968163703571975,
      4.415976314893474,
      4.611800556962941,
      3.240137063066634,
      3.345292632954358,
      4.465735307847606,
      2.1272967966003526,
      4.2149264502289085,
      3.8582392280060898,
      4.787046802253985,
      2.5312571994866784,
      4.532883311748941,
      5.051594749025922,
      2.7282631983243744,
      4.835567715837558,
      3.767251318055898,
      5.775728212903545,
      3.512870866815908
    ],
    [
      2.8303150108413164,
      2.0612887716802417,
      0.6332486259797401,
      3.067560911699017,
      1.9452591073411716,
      1.007101673406911,
      1.5740976075962165,
      5.2996384063344575,
      3.392870533363027,
      5.76940943326993,
      5.097292692674189,
      4.415976314893474,
      4.487421898287465,
      3.1411234847784533,
      3.2249874726268404,
      4.353342857433012,
      2.041490806087158,
      4.104319419297405,
      3.752266893915842,
      4.67248055886271,
      2.447020277473336,
      4.419345790608125,
      4.927932146434625,
      2.634450396373591,
      4.718250658994847,
      3.6713137155362996,
      5.6526647864530934,
      3.418308145292234
    ],
    [
      2.8213781362397174,
      2.038378764058921,
      0.5264561909023074,
      3.064955523167263,
      1.8428403652697627,
      0.9727201168090284,
      1.4557715544921586,
      5.2949175652682765,
      3.267104174712286,
      5.754451265173698,
      5.0003404243358265,
      4.415976314893474,
      4.364952653654106,
      3.045428604115418,
      3.107460576870583,
      4.243114463338608,
      1.9590348651101905,
      3.99607360496804,
      3.6493487026439104,
      4.560058065607051,
      2.365988625447757,
      4.307995140396652,
      4.80588200094665,
      2.544136585206672,
      4.603088454528479,
      3.5776640163683715,
      5.5313469300516145,
      3.3261985728529613
    ],
    [
      2.8124601082081067,
      2.0160096260053395,
      0.4228241906714619,
      3.0624452699246447,
      1.7452504239203892,
      0.9388670203113657,
      1.3403385041444296,
      5.289847716402419,
      3.1429109647843894,
      5.7406052183954746,
      4.90612173314221,
      4.415976314893474,
      4.2445388359511185,
      2.9532255715051283,
      2.992809838687276,
      4.135096393355138,
      1.8799164134517896,
      3.890257017385179,
      3.5496490127727434,
      4.44982584499105,
      2.288246263958974,
      4.198875711380414,
      4.685481768311293,
      2.45740770437415,
      4.490153423187572,
      3.4863026216424733,
      5.411821054745273,
      3.2365615200296887
    ],
    [
      2.803640513776644,
      1.994245923074413,
      0.3226285154249965,
      3.060085320022107,
      1.653089916531505,
      0.9057325989182607,
      1.2280801864322168,
      5.284416351469079,
      3.0203837676456295,
      5.728019113019229,
      4.81481635847161,
      4.415976314893474,
      4.126333551081752,
      2.8647166756752065,
      2.8811216573117875,
      4.029329596722374,
      1.8041089637181646,
      3.7869343122815815,
      3.4533553588997004,
      4.341825257271669,
      2.213886376277082,
      4.092025808109566,
      4.566766528265782,
      2.3743634669721674,
      4.379515991878345,
      3.3972225177995723,
      5.294130803878165,
      3.149410203246492
    ],
    [
      2.795021320269492,
      1.973146397880987,
      0.2262068229407358,
      3.0579537510180215,
      1.5671185178414981,
      0.8735577268216218,
      1.119327292505413,
      5.278611792284298,
      2.89961692327838,
      5.71689140893105,
      4.726630167377762,
      4.415976314893474,
      4.010496831632023,
      2.7801570200188612,
      2.772470617540378,
      3.9258491277241836,
      1.7315731718094944,
      3.6861663663347732,
      3.36069409553896,
      4.2360918280031905,
      2.1430198786555983,
      3.987476855091408,
      4.449767946421984,
      2.295145214045015,
      4.2712444037395745,
      3.310409136612427,
      5.178316706157026,
      3.0647515415027615
    ],
    [
      2.786748496187906,
      1.9527644111821092,
      0.13401439071244792,
      3.056172756439412,
      1.4883817678737667,
      0.8427213845691773,
      1.0144938922746318,
      5.272421945727332,
      2.7807056763475124,
      5.707559479015921,
      4.6418112350893495,
      4.415976314893474,
      3.8971955414104733,
      2.6999097366299454,
      2.6669191510851107,
      3.824683464626792,
      1.662257783070755,
      3.588009796460515,
      3.2719629442163627,
      4.132654425130409,
      2.0757914126311903,
      3.8852523807108637,
      4.3345123502845215,
      2.220023240449259,
      4.165404359340327,
      3.2258400288491242,
      5.064415838238275,
      2.982585831421804
    ],
    [
      2.779095759918625,
      1.9331478719923163,
      0.046797338512001616,
      3.054990955507916,
      1.4185851273657797,
      0.8145484045764818,
      0.9141635094610909,
      5.265831522880782,
      2.6637456054316844,
      5.701308087719251,
      4.560684272556881,
      4.415976314893474,
      3.7866035767772277,
      2.624617937184297,
      2.5645170277117555,
      3.725853565203681,
      1.5960998637246235,
      3.4925163041483684,
      3.1876129666563306,
      4.03153406583702,
      2.012413311856761,
      3.7853665904822145,
      4.2210166757352825,
      2.1502028034548752,
      4.062058327929747,
      3.143483866570513,
      4.952461502027507,
      2.9029057636919493
    ],
    [
      2.7726885336055065,
      1.9143338244689851,
      -0.03307160893644019,
      3.054990955507916,
      1.3620505348623002,
      0.7872866349206954,
      0.8194293043138883,
      5.258814423482517,
      2.5488328135172953,
      5.696331484140322,
      4.483741792659031,
      4.415976314893474,
      3.67890437631234,
      2.5565364363194325,
      2.4652989803436203,
      3.629371094471437,
      1.533017120916185,
      3.399731371904562,
      3.1085618030582682,
      3.932741595188233,
      1.9532535543939955,
      3.687821767642506,
      4.109274597673659,
      2.0837688458658197,
      3.9612612698936056,
      3.0632936185486423,
      4.842482923017213,
      2.8256895588716766
    ],
    [
      2.766317578290641,
      1.8963706081807832,
      -0.10811962493655224,
      3.054990955507916,
      1.3194826043175203,
      0.7600034451131243,
      0.7337697595667263,
      5.25130280418047,
      2.4360598111900438,
      5.691768883042779,
      4.412070806952129,
      4.415976314893474,
      3.5742842023645887,
      2.49299228422295,
      2.369287820630294,
      3.5352306074674873,
      1.4729431939378275,
      3.3096875275878936,
      3.038171353993502,
      3.8362680938579103,
      1.899273199065193,
      3.592598570379936,
      3.9992423382112023,
      2.019780934876712,
      3.8630748511335242,
      2.9852273239884806,
      4.7345050310713965,
      2.750922327495336
    ],
    [
      2.759991977847486,
      1.8793130196261856,
      -0.1808612045104852,
      3.056165095699027,
      1.2828398413858606,
      0.7338837924744811,
      0.6505129831073674,
      5.2432653406668255,
      2.32551177303786,
      5.6876420233611364,
      4.3469993372106615,
      4.415976314893474,
      3.472931761027688,
      2.43134553124723,
      2.2765057553178822,
      3.443429084654153,
      1.4158098841347984,
      3.222424521717343,
      2.9707814731636595,
      3.7420951799057836,
      1.851657159707711,
      3.499664299771382,
      3.8909008329954395,
      1.958195856098995,
      3.7675544939422134,
      2.9092369277712806,
      4.628547682042177,
      2.678585913651543
    ],
    [
      2.753693012918627,
      1.8632127631577893,
      -0.25123361659737753,
      3.0579223158589355,
      1.247582500695272,
      0.7084159156663676,
      0.569743651388398,
      5.234766740485604,
      2.217264399765202,
      5.683969298750681,
      4.2839858562614515,
      4.415976314893474,
      3.3750402839697795,
      2.371555203800118,
      2.186976302935206,
      3.353965268879229,
      1.3615305184173248,
      3.137990250676895,
      2.905764490908355,
      3.650225200359485,
      1.805666637216418,
      3.4089997829375194,
      3.7843375280490177,
      1.8989420998224678,
      3.6747732724137783,
      2.8352601087133893,
      4.524625305406492,
      2.608651496064424
    ],
    [
      2.7474168803647636,
      1.8481324763627347,
      -0.31916571363539803,
      3.0601305851569185,
      1.2137477854973344,
      0.6836047909109254,
      0.49157735182257756,
      5.225916396277214,
      2.11141231660398,
      5.680781929246799,
      4.223075707193378,
      4.415976314893474,
      3.2808153241746814,
      2.3135976963774048,
      2.1007132440331073,
      3.266841261014128,
      1.3100496483941224,
      3.0564309828738354,
      2.8429789671469514,
      3.5606874851942396,
      1.7612574286782485,
      3.320613946294122,
      3.679694580337051,
      1.841974718912489,
      3.584808035275994,
      2.7632677504750793,
      4.422753023443934,
      2.541120826267257
    ],
    [
      2.7411637751556084,
      1.834151038565932,
      -0.38458499653695183,
      3.062719439663894,
      1.1813703305758685,
      0.6595066966957029,
      0.4161411502125626,
      5.21681072142053,
      2.0080489609640333,
      5.6781286601063545,
      4.1643147661259095,
      4.415976314893474,
      3.1904711763683355,
      2.257445559741488,
      2.017721005695415,
      3.1820540302734255,
      1.2613263264155945,
      2.9777919927271586,
      2.7823417895875546,
      3.4735093253639664,
      1.718383705735711,
      3.2345105070978244,
      3.5770993205623047,
      1.7872477495190604,
      3.4977387930744483,
      2.693228965169544,
      4.322940303910603,
      2.4759940050251203
    ],
    [
      2.734936773174241,
      1.8213853202000538,
      -0.4474163236162881,
      3.0656381211018084,
      1.1504821454754341,
      0.6361897370364796,
      0.3435754061802003,
      5.207536358753173,
      1.9072664650895488,
      5.67609721818889,
      4.107749753263034,
      4.415976314893474,
      3.104234191061967,
      2.2030676154602116,
      1.9379951958737496,
      3.0995953574368604,
      1.2153555680847368,
      2.902118949246583,
      2.7237862044309504,
      3.3887159267928215,
      1.676998404989705,
      3.15068756361911,
      3.4766672225048865,
      1.7347151091915478,
      3.4136508862058257,
      2.6251111068424557,
      4.225190621586994,
      2.413269696405471
    ],
    [
      2.72874226894436,
      1.8131335866459648,
      -0.5075799793716755,
      3.0718927753639633,
      1.1211127214705152,
