{
  "spec": {
    "num_qubits": 7,
    "topology": "triangulated",
    "custom_edges": "0-1:1.0000,0-2:0.8064,0-3:1.0000,0-4:1.0000,0-5:0.6722,0-6:0.6722,1-2:1.0000,1-3:1.0000,1-4:0.3427,1-5:1.0000,1-6:0.3512,2-3:0.3480,2-4:1.0000,2-5:0.0500,2-6:0.0500,3-4:0.2128,3-5:0.0500,3-6:1.0000,4-5:0.0500,4-6:0.0500,5-6:1.0000",
    "alpha": 0.8,
    "weight": 1.0,
    "gamma": 0.3,
    "sigma": null,
    "init_angle": 0.0,
    "init_angles": null,
    "shots": 2000,
    "device": "simulator",
    "geometry": "hyperbolic",
    "curvature": 14.0,
    "timesteps": 2,
    "dimension": 2,
    "mass_hinge": null,
    "mass_value": 0.0,
    "solve_regge": false,
    "lorentzian": false,
    "excite": false,
    "fast": false,
    "strong_curvature": false,
    "charge_injection": false,
    "charge_strength": 1.0,
    "charge_location": 3,
    "spin_injection": false,
    "spin_strength": 1.0,
    "spin_location": 3,
    "edge_floor": 0.001,
    "compute_entropies": true,
    "hyperbolic_triangulation": true,
    "trotter_steps": 4,
    "dt": 0.1
  },
  "uid": "OJ2EY6",
  "counts_per_timestep": [
    null,
    null
  ],
  "job_ids_per_timestep": [
    null,
    null
  ],
  "entropy_per_timestep": [
    null,
    null
  ],
  "mutual_information_per_timestep": [
    {
      "I_0,1": 0.1285172051828245,
      "I_0,2": 0.20990925637371816,
      "I_0,3": 0.2499827462064652,
      "I_0,4": 0.20990925637371838,
      "I_0,5": 0.21838141434126923,
      "I_0,6": 0.20990925637371793,
      "I_1,2": 0.20990925637371793,
      "I_1,3": 0.21838141434126968,
      "I_1,4": 0.2099092563737175,
      "I_1,5": 0.24998274620646566,
      "I_1,6": 0.20990925637371816,
      "I_2,3": 0.14815149531044436,
      "I_2,4": 0.4375328178657356,
      "I_2,5": 0.14815149531044458,
      "I_2,6": 0.4375328178657354,
      "I_3,4": 0.14815149531044458,
      "I_3,5": 0.14146489028520493,
      "I_3,6": 0.14815149531044502,
      "I_4,5": 0.14815149531044458,
      "I_4,6": 0.4375328178657354,
      "I_5,6": 0.14815149531044458
    },
    {
      "I_0,1": 0.08839749964297017,
      "I_0,2": 0.06728580046960064,
      "I_0,3": 0.13770431824807194,
      "I_0,4": 0.06728580046960042,
      "I_0,5": 0.12783293761695802,
      "I_0,6": 0.06728580046960109,
      "I_1,2": 0.0672858004696002,
      "I_1,3": 0.12783293761695735,
      "I_1,4": 0.06728580046960064,
      "I_1,5": 0.13770431824807217,
      "I_1,6": 0.06728580046960086,
      "I_2,3": 0.06518811708280325,
      "I_2,4": 0.38790126349090936,
      "I_2,5": 0.06518811708280259,
      "I_2,6": 0.38790126349090914,
      "I_3,4": 0.06518811708280325,
      "I_3,5": 0.11685633598108947,
      "I_3,6": 0.06518811708280392,
      "I_4,5": 0.06518811708280325,
      "I_4,6": 0.38790126349090914,
      "I_5,6": 0.06518811708280348
    }
  ],
  "boundary_entropies_per_timestep": [
    {
      "entropy_A": 2.37051324561822,
      "entropy_B": 2.3705132456182216,
      "mi_AB": 4.741026491236435,
      "pure_state_check": true,
      "entropy_difference": 1.7763568394002505e-15,
      "multiple_regions": {
        "size_1_region_0": {
          "region": [
            0
          ],
          "entropy": 0.9987912943336164,
          "rt_area": 6,
          "size": 1
        },
        "size_1_region_1": {
          "region": [
            1
          ],
          "entropy": 0.9987912943336165,
          "rt_area": 6,
          "size": 1
        },
        "size_1_region_2": {
          "region": [
            2
          ],
          "entropy": 0.9998868871504849,
          "rt_area": 6,
          "size": 1
        },
        "size_2_region_0": {
          "region": [
            0,
            1
          ],
          "entropy": 1.8690653834844084,
          "rt_area": 10,
          "size": 2
        },
        "size_2_region_1": {
          "region": [
            0,
            2
          ],
          "entropy": 1.7887689251103835,
          "rt_area": 10,
          "size": 2
        },
        "size_2_region_2": {
          "region": [
            0,
            3
          ],
          "entropy": 1.739002848976831,
          "rt_area": 10,
          "size": 2
        },
        "size_3_region_0": {
          "region": [
            0,
            1,
            2
          ],
          "entropy": 2.37051324561822,
          "rt_area": 12,
          "size": 3
        },
        "size_3_region_1": {
          "region": [
            0,
            1,
            3
          ],
          "entropy": 2.166856377566671,
          "rt_area": 12,
          "size": 3
        },
        "size_3_region_2": {
          "region": [
            0,
            1,
            4
          ],
          "entropy": 2.3705132456182194,
          "rt_area": 12,
          "size": 3
        },
        "size_4_region_0": {
          "region": [
            0,
            1,
            2,
            3
          ],
          "entropy": 2.188192606858164,
          "rt_area": 12,
          "size": 4
        },
        "size_4_region_1": {
          "region": [
            0,
            1,
            2,
            4
          ],
          "entropy": 2.3686650650711263,
          "rt_area": 12,
          "size": 4
        },
        "size_4_region_2": {
          "region": [
            0,
            1,
            2,
            5
          ],
          "entropy": 2.188192606858163,
          "rt_area": 12,
          "size": 4
        },
        "size_5_region_0": {
          "region": [
            0,
            1,
            2,
            3,
            4
          ],
          "entropy": 1.841929692689725,
          "rt_area": 10,
          "size": 5
        },
        "size_5_region_1": {
          "region": [
            0,
            1,
            2,
            3,
            5
          ],
          "entropy": 1.5622409564352422,
          "rt_area": 10,
          "size": 5
        },
        "size_5_region_2": {
          "region": [
            0,
            1,
            2,
            3,
            6
          ],
          "entropy": 1.8419296926897262,
          "rt_area": 10,
          "size": 5
        },
        "size_6_region_0": {
          "region": [
            0,
            1,
            2,
            3,
            4,
            5
          ],
          "entropy": 0.9998868871504922,
          "rt_area": 6,
          "size": 6
        },
        "size_6_region_1": {
          "region": [
            0,
            1,
            2,
            3,
            4,
            6
          ],
          "entropy": 0.9901943008496864,
          "rt_area": 6,
          "size": 6
        },
        "size_6_region_2": {
          "region": [
            0,
            1,
            2,
            3,
            5,
            6
          ],
          "entropy": 0.9998868871504942,
          "rt_area": 6,
          "size": 6
        }
      }
    },
    {
      "entropy_A": 2.486532754202162,
      "entropy_B": 2.486532754202164,
      "mi_AB": 4.973065508404319,
      "pure_state_check": true,
      "entropy_difference": 1.7763568394002505e-15,
      "multiple_regions": {
        "size_1_region_0": {
          "region": [
            0
          ],
          "entropy": 0.996143273796747,
          "rt_area": 6,
          "size": 1
        },
        "size_1_region_1": {
          "region": [
            1
          ],
          "entropy": 0.9961432737967473,
          "rt_area": 6,
          "size": 1
        },
        "size_1_region_2": {
          "region": [
            2
          ],
          "entropy": 0.9282919050282314,
          "rt_area": 6,
          "size": 1
        },
        "size_2_region_0": {
          "region": [
            0,
            1
          ],
          "entropy": 1.903889047950524,
          "rt_area": 10,
          "size": 2
        },
        "size_2_region_1": {
          "region": [
            0,
            2
          ],
          "entropy": 1.857149378355378,
          "rt_area": 10,
          "size": 2
        },
        "size_2_region_2": {
          "region": [
            0,
            3
          ],
          "entropy": 1.8561260673037276,
          "rt_area": 10,
          "size": 2
        },
        "size_3_region_0": {
          "region": [
            0,
            1,
            2
          ],
          "entropy": 2.486532754202162,
          "rt_area": 12,
          "size": 3
        },
        "size_3_region_1": {
          "region": [
            0,
            1,
            3
          ],
          "entropy": 2.282829180258345,
          "rt_area": 12,
          "size": 3
        },
        "size_3_region_2": {
          "region": [
            0,
            1,
            4
          ],
          "entropy": 2.486532754202162,
          "rt_area": 12,
          "size": 3
        },
        "size_4_region_0": {
          "region": [
            0,
            1,
            2,
            3
          ],
          "entropy": 2.28178662856724,
          "rt_area": 12,
          "size": 4
        },
        "size_4_region_1": {
          "region": [
            0,
            1,
            2,
            4
          ],
          "entropy": 2.4845732388608184,
          "rt_area": 12,
          "size": 4
        },
        "size_4_region_2": {
          "region": [
            0,
            1,
            2,
            5
          ],
          "entropy": 2.281786628567239,
          "rt_area": 12,
          "size": 4
        },
        "size_5_region_0": {
          "region": [
            0,
            1,
            2,
            3,
            4
          ],
          "entropy": 1.8607908997004854,
          "rt_area": 10,
          "size": 5
        },
        "size_5_region_1": {
          "region": [
            0,
            1,
            2,
            3,
            5
          ],
          "entropy": 1.46868254656556,
          "rt_area": 10,
          "size": 5
        },
        "size_5_region_2": {
          "region": [
            0,
            1,
            2,
            3,
            6
          ],
          "entropy": 1.8607908997004856,
          "rt_area": 10,
          "size": 5
        },
        "size_6_region_0": {
          "region": [
            0,
            1,
            2,
            3,
            4,
            5
          ],
          "entropy": 0.9282919050282383,
          "rt_area": 6,
          "size": 6
        },
        "size_6_region_1": {
          "region": [
            0,
            1,
            2,
            3,
            4,
            6
          ],
          "entropy": 0.9976871117550588,
          "rt_area": 6,
          "size": 6
        },
        "size_6_region_2": {
          "region": [
            0,
            1,
            2,
            3,
            5,
            6
          ],
          "entropy": 0.9282919050282391,
          "rt_area": 6,
          "size": 6
        }
      }
    }
  ],
  "distance_matrix_per_timestep": [
    [
      [
        0.0,
        2.0516924911363175,
        1.561079954158285,
        1.3863633786756864,
        1.5610799541582838,
        3.4380558698120023,
        1.561079954158286
      ],
      [
        2.0516924911363175,
        0.0,
        1.561079954158286,
        3.438055869812004,
        1.561079954158288,
        1.3863633786756846,
        1.561079954158285
      ],
      [
        1.561079954158285,
        1.561079954158286,
        0.0,
        1.9095199117941648,
        0.8266035637332086,
        1.9095199117941632,
        0.8266035637332091
      ],
      [
        1.3863633786756864,
        3.438055869812004,
        1.9095199117941648,
        0.0,
        1.9095199117941632,
        3.819039823588324,
        1.9095199117941604
      ],
      [
        1.5610799541582838,
        1.561079954158288,
        0.8266035637332086,
        1.9095199117941632,
        0.0,
        1.9095199117941632,
        0.8266035637332091
      ],
      [
        3.4380558698120023,
        1.3863633786756846,
        1.9095199117941632,
        3.819039823588324,
        1.9095199117941632,
        0.0,
        1.9095199117941632
      ],
      [
        1.561079954158286,
        1.561079954158285,
        0.8266035637332091,
        1.9095199117941604,
        0.8266035637332091,
        1.9095199117941632,
        0.0
      ]
    ],
    [
      [
        0.0,
        2.425911594320341,
        2.6988060531572997,
        1.9826465139130065,
        2.6988060531573033,
        4.408558108233346,
        2.698806053157293
      ],
      [
        2.425911594320341,
        0.0,
        2.6988060531573064,
        4.408558108233348,
        2.6988060531572997,
        1.9826465139130047,
        2.6988060531572966
      ],
      [
        2.6988060531572997,
        2.6988060531573064,
        0.0,
        2.7304780799909247,
        0.947004447282151,
        2.730478079990935,
        0.9470044472821516
      ],
      [
        1.9826465139130065,
        4.408558108233348,
        2.7304780799909247,
        0.0,
        2.7304780799909247,
        5.460956159981835,
        2.7304780799909145
      ],
      [
        2.6988060531573033,
        2.6988060531572997,
        0.947004447282151,
        2.7304780799909247,
        0.0,
        2.7304780799909247,
        0.9470044472821516
      ],
      [
        4.408558108233346,
        1.9826465139130047,
        2.730478079990935,
        5.460956159981835,
        2.7304780799909247,
        0.0,
        2.730478079990921
      ],
      [
        2.698806053157293,
        2.6988060531572966,
        0.9470044472821516,
        2.7304780799909145,
        0.9470044472821516,
        2.730478079990921,
        0.0
      ]
    ]
  ],
  "edge_mi": {
    "0,1": 0.08839749964297017,
    "0,6": 0.06728580046960109,
    "0,2": 0.06728580046960064,
    "0,3": 0.13770431824807194,
    "0,4": 0.06728580046960042,
    "1,2": 0.0672858004696002,
    "1,6": 0.06728580046960086,
    "1,4": 0.06728580046960064,
    "1,5": 0.13770431824807217,
    "2,3": 0.06518811708280325,
    "2,4": 0.38790126349090936,
    "2,5": 0.06518811708280259,
    "2,6": 0.38790126349090914,
    "3,4": 0.06518811708280325,
    "3,6": 0.06518811708280392,
    "4,5": 0.06518811708280325,
    "4,6": 0.38790126349090914,
    "5,6": 0.06518811708280348
  },
  "distance_matrix": [
    [
      0.0,
      2.425911594320341,
      2.6988060531572997,
      1.9826465139130065,
      2.6988060531573033,
      2.057031042412593,
      2.698806053157293
    ],
    [
      2.425911594320341,
      0.0,
      2.6988060531573064,
      2.0570310424125977,
      2.6988060531572997,
      1.9826465139130047,
      2.6988060531572966
    ],
    [
      2.6988060531572997,
      2.6988060531573064,
      0.0,
      2.7304780799909247,
      0.947004447282151,
      2.730478079990935,
      0.9470044472821516
    ],
    [
      1.9826465139130065,
      2.0570310424125977,
      2.7304780799909247,
      0.0,
      2.7304780799909247,
      2.1468099962658447,
      2.7304780799909145
    ],
    [
      2.6988060531573033,
      2.6988060531572997,
      0.947004447282151,
      2.7304780799909247,
      0.0,
      2.7304780799909247,
      0.9470044472821516
    ],
    [
      2.057031042412593,
      1.9826465139130047,
      2.730478079990935,
      2.1468099962658447,
      2.7304780799909247,
      0.0,
      2.730478079990921
    ],
    [
      2.698806053157293,
      2.6988060531572966,
      0.9470044472821516,
      2.7304780799909145,
      0.9470044472821516,
      2.730478079990921,
      0.0
    ]
  ],
  "shortest_paths": {
    "0": {
      "0": 0,
      "3": 1.9826465139130065,
      "5": 2.057031042412593,
      "1": 2.425911594320341,
      "6": 2.698806053157293,
      "2": 2.6988060531572997,
      "4": 2.6988060531573033
    },
    "1": {
      "1": 0,
      "5": 1.9826465139130047,
      "3": 2.0570310424125977,
      "0": 2.425911594320341,
      "6": 2.6988060531572966,
      "4": 2.6988060531572997,
      "2": 2.6988060531573064
    },
    "2": {
      "2": 0,
      "4": 0.947004447282151,
      "6": 0.9470044472821516,
      "0": 2.6988060531572997,
      "1": 2.6988060531573064,
      "3": 2.7304780799909247,
      "5": 2.730478079990935
    },
    "3": {
      "3": 0,
      "0": 1.9826465139130065,
      "1": 2.0570310424125977,
      "5": 2.1468099962658447,
      "6": 2.7304780799909145,
      "2": 2.7304780799909247,
      "4": 2.7304780799909247
    },
    "4": {
      "4": 0,
      "2": 0.947004447282151,
      "6": 0.9470044472821516,
      "1": 2.6988060531572997,
      "0": 2.6988060531573033,
      "3": 2.7304780799909247,
      "5": 2.7304780799909247
    },
    "5": {
      "5": 0,
      "1": 1.9826465139130047,
      "0": 2.057031042412593,
      "3": 2.1468099962658447,
      "6": 2.730478079990921,
      "4": 2.7304780799909247,
      "2": 2.730478079990935
    },
    "6": {
      "6": 0,
      "2": 0.9470044472821516,
      "4": 0.9470044472821516,
      "0": 2.698806053157293,
      "1": 2.6988060531572966,
      "3": 2.7304780799909145,
      "5": 2.730478079990921
    }
  },
  "gromov_delta": 2.2569758563498548,
  "mean_distance": 1.9619916262846195,
  "angle_sums": [
    0.05045747849614941,
    0.14084040980260307,
    0.05045747849614941,
    0.14084040980260873,
    0.05045747849612058,
    0.10130693267329186,
    0.6742116749222038,
    0.08903438575344894,
    0.6742116749222025,
    0.10130693267329427,
    0.13068182586031393,
    0.10130693267332694,
    0.08903438575339068,
    0.6742116749222029,
    0.0890343857533879,
    0.08903438575344924,
    0.6742116749222038,
    0.10130693267329399,
    0.6742116749222022,
    0.0890343857533879,
    0.13068182586031232,
    0.0890343857533879,
    0.10130693267328705,
    0.6742116749222022,
    0.10130693267332883,
    0.6741591413308667,
    0.0761258534470621,
    0.674159141330866,
    0.6741591413313988,
    0.9961765758414083,
    0.674159141330866,
    0.07612585344700427,
    0.674159141330866,
    0.07612585344701044,
    0.674159141330866
  ],
  "mean_angle_sum": 0.318606967173599,
  "min_angle_sum": 0.05045747849612058,
  "max_angle_sum": 0.9961765758414083,
  "angle_sum_deviations": [
    -3.0911351750936436,
    -3.00075224378719,
    -3.0911351750936436,
    -3.0007522437871845,
    -3.0911351750936724,
    -3.040285720916501,
    -2.467380978667589,
    -3.052558267836344,
    -2.467380978667591,
    -3.040285720916499,
    -3.010910827729479,
    -3.040285720916466,
    -3.0525582678364023,
    -2.46738097866759,
    -3.0525582678364054,
    -3.0525582678363437,
    -2.467380978667589,
    -3.0402857209164993,
    -2.467380978667591,
    -3.0525582678364054,
    -3.010910827729481,
    -3.0525582678364054,
    -3.040285720916506,
    -2.467380978667591,
    -3.040285720916464,
    -2.4674335122589266,
    -3.065466800142731,
    -2.467433512258927,
    -2.4674335122583946,
    -2.1454160777483846,
    -2.467433512258927,
    -3.0654668001427887,
    -2.467433512258927,
    -3.0654668001427825,
    -2.467433512258927
  ],
  "triangle_inequality_violations": [],
  "embedding_coords": [
    [
      1342.519329694799,
      -383.25610919585966
    ],
    [
      1336.847903916287,
      396.2829602580432
    ],
    [
      -1964.653394782726,
      -14.83268431781301
    ],
    [
      1607.966648991552,
      -122.58323699245429
    ],
    [
      -1964.678722751547,
      -11.028936800534355
    ],
    [
      1606.694537452423,
      142.56264711106186
    ],
    [
      -1964.6963025207874,
      -7.1446400624436786
    ]
  ],
  "embedding_coords_3d": [
    [
      -310.237494524357,
      -719.6348118874301,
      1156.4584998394937
    ],
    [
      -461.2162316705001,
      -1193.8342515362187,
      559.7177480116234
    ],
    [
      560.3957404647796,
      1403.1247885121288,
      -1255.8187105578781
    ],
    [
      -338.0558690003086,
      -1130.927539726712,
      1097.2645004963979
    ],
    [
      568.8048558526727,
      1398.1905583647183,
      -1257.539760474703
    ],
    [
      -585.7961852698755,
      -1157.966417952568,
      955.4955021568455
    ],
    [
      566.1051841475891,
      1401.047674226082,
      -1255.5777794717787
    ]
  ],
  "edge_weight_variance": 0.15937678721088433,
  "event_nodes": [
    [
      0,
      0
    ],
    [
      1,
      0
    ],
    [
      2,
      0
    ],
    [
      3,
      0
    ],
    [
      4,
      0
    ],
    [
      5,
      0
    ],
    [
      6,
      0
    ],
    [
      0,
      1
    ],
    [
      1,
      1
    ],
    [
      2,
      1
    ],
    [
      3,
      1
    ],
    [
      4,
      1
    ],
    [
      5,
      1
    ],
    [
      6,
      1
    ]
  ],
  "event_edges": [
    {
      "type": "spatial",
      "from": [
        0,
        0
      ],
      "to": [
        1,
        0
      ],
      "weight": 2.0516924911363175
    },
    {
      "type": "spatial",
      "from": [
        0,
        0
      ],
      "to": [
        2,
        0
      ],
      "weight": 1.561079954158285
    },
    {
      "type": "spatial",
      "from": [
        0,
        0
      ],
      "to": [
        3,
        0
      ],
      "weight": 1.3863633786756864
    },
    {
      "type": "spatial",
      "from": [
        0,
        0
      ],
      "to": [
        4,
        0
      ],
      "weight": 1.5610799541582838
    },
    {
      "type": "spatial",
      "from": [
        0,
        0
      ],
      "to": [
        5,
        0
      ],
      "weight": 3.4380558698120023
    },
    {
      "type": "spatial",
      "from": [
        0,
        0
      ],
      "to": [
        6,
        0
      ],
      "weight": 1.561079954158286
    },
    {
      "type": "spatial",
      "from": [
        1,
        0
      ],
      "to": [
        2,
        0
      ],
      "weight": 1.561079954158286
    },
    {
      "type": "spatial",
      "from": [
        1,
        0
      ],
      "to": [
        3,
        0
      ],
      "weight": 3.438055869812004
    },
    {
      "type": "spatial",
      "from": [
        1,
        0
      ],
      "to": [
        4,
        0
      ],
      "weight": 1.561079954158288
    },
    {
      "type": "spatial",
      "from": [
        1,
        0
      ],
      "to": [
        5,
        0
      ],
      "weight": 1.3863633786756846
    },
    {
      "type": "spatial",
      "from": [
        1,
        0
      ],
      "to": [
        6,
        0
      ],
      "weight": 1.561079954158285
    },
    {
      "type": "spatial",
      "from": [
        2,
        0
      ],
      "to": [
        3,
        0
      ],
      "weight": 1.9095199117941648
    },
    {
      "type": "spatial",
      "from": [
        2,
        0
      ],
      "to": [
        4,
        0
      ],
      "weight": 0.8266035637332086
    },
    {
      "type": "spatial",
      "from": [
        2,
        0
      ],
      "to": [
        5,
        0
      ],
      "weight": 1.9095199117941632
    },
    {
      "type": "spatial",
      "from": [
        2,
        0
      ],
      "to": [
        6,
        0
      ],
      "weight": 0.8266035637332091
    },
    {
      "type": "spatial",
      "from": [
        3,
        0
      ],
      "to": [
        4,
        0
      ],
      "weight": 1.9095199117941632
    },
    {
      "type": "spatial",
      "from": [
        3,
        0
      ],
      "to": [
        5,
        0
      ],
      "weight": 3.819039823588324
    },
    {
      "type": "spatial",
      "from": [
        3,
        0
      ],
      "to": [
        6,
        0
      ],
      "weight": 1.9095199117941604
    },
    {
      "type": "spatial",
      "from": [
        4,
        0
      ],
      "to": [
        5,
        0
      ],
      "weight": 1.9095199117941632
    },
    {
      "type": "spatial",
      "from": [
        4,
        0
      ],
      "to": [
        6,
        0
      ],
      "weight": 0.8266035637332091
    },
    {
      "type": "spatial",
      "from": [
        5,
        0
      ],
      "to": [
        6,
        0
      ],
      "weight": 1.9095199117941632
    },
    {
      "type": "temporal",
      "from": [
        0,
        0
      ],
      "to": [
        0,
        1
      ],
      "weight": 1.0
    },
    {
      "type": "temporal",
      "from": [
        1,
        0
      ],
      "to": [
        1,
        1
      ],
      "weight": 1.0
    },
    {
      "type": "temporal",
      "from": [
        2,
        0
      ],
      "to": [
        2,
        1
      ],
      "weight": 1.0
    },
    {
      "type": "temporal",
      "from": [
        3,
        0
      ],
      "to": [
        3,
        1
      ],
      "weight": 1.0
    },
    {
      "type": "temporal",
      "from": [
        4,
        0
      ],
      "to": [
        4,
        1
      ],
      "weight": 1.0
    },
    {
      "type": "temporal",
      "from": [
        5,
        0
      ],
      "to": [
        5,
        1
      ],
      "weight": 1.0
    },
    {
      "type": "temporal",
      "from": [
        6,
        0
      ],
      "to": [
        6,
        1
      ],
      "weight": 1.0
    },
    {
      "type": "spatial",
      "from": [
        0,
        1
      ],
      "to": [
        1,
        1
      ],
      "weight": 2.425911594320341
    },
    {
      "type": "spatial",
      "from": [
        0,
        1
      ],
      "to": [
        2,
        1
      ],
      "weight": 2.6988060531572997
    },
    {
      "type": "spatial",
      "from": [
        0,
        1
      ],
      "to": [
        3,
        1
      ],
      "weight": 1.9826465139130065
    },
    {
      "type": "spatial",
      "from": [
        0,
        1
      ],
      "to": [
        4,
        1
      ],
      "weight": 2.6988060531573033
    },
    {
      "type": "spatial",
      "from": [
        0,
        1
      ],
      "to": [
        5,
        1
      ],
      "weight": 4.408558108233346
    },
    {
      "type": "spatial",
      "from": [
        0,
        1
      ],
      "to": [
        6,
        1
      ],
      "weight": 2.698806053157293
    },
    {
      "type": "spatial",
      "from": [
        1,
        1
      ],
      "to": [
        2,
        1
      ],
      "weight": 2.6988060531573064
    },
    {
      "type": "spatial",
      "from": [
        1,
        1
      ],
      "to": [
        3,
        1
      ],
      "weight": 4.408558108233348
    },
    {
      "type": "spatial",
      "from": [
        1,
        1
      ],
      "to": [
        4,
        1
      ],
      "weight": 2.6988060531572997
    },
    {
      "type": "spatial",
      "from": [
        1,
        1
      ],
      "to": [
        5,
        1
      ],
      "weight": 1.9826465139130047
    },
    {
      "type": "spatial",
      "from": [
        1,
        1
      ],
      "to": [
        6,
        1
      ],
      "weight": 2.6988060531572966
    },
    {
      "type": "spatial",
      "from": [
        2,
        1
      ],
      "to": [
        3,
        1
      ],
      "weight": 2.7304780799909247
    },
    {
      "type": "spatial",
      "from": [
        2,
        1
      ],
      "to": [
        4,
        1
      ],
      "weight": 0.947004447282151
    },
    {
      "type": "spatial",
      "from": [
        2,
        1
      ],
      "to": [
        5,
        1
      ],
      "weight": 2.730478079990935
    },
    {
      "type": "spatial",
      "from": [
        2,
        1
      ],
      "to": [
        6,
        1
      ],
      "weight": 0.9470044472821516
    },
    {
      "type": "spatial",
      "from": [
        3,
        1
      ],
      "to": [
        4,
        1
      ],
      "weight": 2.7304780799909247
    },
    {
      "type": "spatial",
      "from": [
        3,
        1
      ],
      "to": [
        5,
        1
      ],
      "weight": 5.460956159981835
    },
    {
      "type": "spatial",
      "from": [
        3,
        1
      ],
      "to": [
        6,
        1
      ],
      "weight": 2.7304780799909145
    },
    {
      "type": "spatial",
      "from": [
        4,
        1
      ],
      "to": [
        5,
        1
      ],
      "weight": 2.7304780799909247
    },
    {
      "type": "spatial",
      "from": [
        4,
        1
      ],
      "to": [
        6,
        1
      ],
      "weight": 0.9470044472821516
    },
    {
      "type": "spatial",
      "from": [
        5,
        1
      ],
      "to": [
        6,
        1
      ],
      "weight": 2.730478079990921
    }
  ],
  "lorentzian_dissimilarity": [
    [
      0.0,
      4.209442078185148,
      2.436970623274833,
      1.9220034177330645,
      2.4369706232748296,
      11.820228163948764,
      2.4369706232748363,
      -1.0,
      3.2094420781851483,
      1.4369706232748332,
      0.9220034177330645,
      1.4369706232748296,
      10.820228163948764,
      1.4369706232748363
    ],
    [
      4.209442078185148,
      0.0,
      2.4369706232748363,
      11.820228163948777,
      2.4369706232748425,
      1.9220034177330596,
      2.436970623274833,
      3.2094420781851483,
      -1.0,
      1.4369706232748363,
      10.820228163948777,
      1.4369706232748425,
      0.9220034177330596,
      1.4369706232748332
    ],
    [
      2.436970623274833,
      2.4369706232748363,
      0.0,
      3.646266293538395,
      0.6832734515764407,
      3.646266293538389,
      0.6832734515764415,
      1.4369706232748332,
      1.4369706232748363,
      -1.0,
      2.646266293538395,
      -0.3167265484235593,
      2.646266293538389,
      -0.3167265484235585
    ],
    [
      1.9220034177330645,
      11.820228163948777,
      3.646266293538395,
      0.0,
      3.646266293538389,
      14.585065174153536,
      3.646266293538378,
      0.9220034177330645,
      10.820228163948777,
      2.646266293538395,
      -1.0,
      2.646266293538389,
      13.585065174153536,
      2.646266293538378
    ],
    [
      2.4369706232748296,
      2.4369706232748425,
      0.6832734515764407,
      3.646266293538389,
      0.0,
      3.646266293538389,
      0.6832734515764415,
      1.4369706232748296,
      1.4369706232748425,
      -0.3167265484235593,
      2.646266293538389,
      -1.0,
      2.646266293538389,
      -0.3167265484235585
    ],
    [
      11.820228163948764,
      1.9220034177330596,
      3.646266293538389,
      14.585065174153536,
      3.646266293538389,
      0.0,
      3.646266293538389,
      10.820228163948764,
      0.9220034177330596,
      2.646266293538389,
      13.585065174153536,
      2.646266293538389,
      -1.0,
      2.646266293538389
    ],
    [
      2.4369706232748363,
      2.436970623274833,
      0.6832734515764415,
      3.646266293538378,
      0.6832734515764415,
      3.646266293538389,
      0.0,
      1.4369706232748363,
      1.4369706232748332,
      -0.3167265484235585,
      2.646266293538378,
      -0.3167265484235585,
      2.646266293538389,
      -1.0
    ],
    [
      -1.0,
      3.2094420781851483,
      1.4369706232748332,
      0.9220034177330645,
      1.4369706232748296,
      10.820228163948764,
      1.4369706232748363,
      0.0,
      5.8850470634578596,
      7.283554112558481,
      3.9308871991313974,
      7.283554112558501,
      19.43538459366998,
      7.283554112558446
    ],
    [
      3.2094420781851483,
      -1.0,
      1.4369706232748363,
      10.820228163948777,
      1.4369706232748425,
      0.9220034177330596,
      1.4369706232748332,
      5.8850470634578596,
      0.0,
      7.283554112558518,
      19.435384593669994,
      7.283554112558481,
      3.9308871991313903,
      7.283554112558465
    ],
    [
      1.4369706232748332,
      1.4369706232748363,
      -1.0,
      2.646266293538395,
      -0.3167265484235593,
      2.646266293538389,
      -0.3167265484235585,
      7.283554112558481,
      7.283554112558518,
      0.0,
      7.4555105453109265,
      0.8968174231721724,
      7.4555105453109825,
      0.8968174231721735
    ],
    [
      0.9220034177330645,
      10.820228163948777,
      2.646266293538395,
      -1.0,
      2.646266293538389,
      13.585065174153536,
      2.646266293538378,
      3.9308871991313974,
      19.435384593669994,
      7.4555105453109265,
      0.0,
      7.4555105453109265,
      29.822042181243553,
      7.455510545310871
    ],
    [
      1.4369706232748296,
      1.4369706232748425,
      -0.3167265484235593,
      2.646266293538389,
      -1.0,
      2.646266293538389,
      -0.3167265484235585,
      7.283554112558501,
      7.283554112558481,
      0.8968174231721724,
      7.4555105453109265,
      0.0,
      7.4555105453109265,
      0.8968174231721735
    ],
    [
      10.820228163948764,
      0.9220034177330596,
      2.646266293538389,
      13.585065174153536,
      2.646266293538389,
      -1.0,
      2.646266293538389,
      19.43538459366998,
      3.9308871991313903,
      7.4555105453109825,
      29.822042181243553,
      7.4555105453109265,
      0.0,
      7.455510545310907
    ],
    [
      1.4369706232748363,
      1.4369706232748332,
      -0.3167265484235585,
      2.646266293538378,
      -0.3167265484235585,
      2.646266293538389,
      -1.0,
      7.283554112558446,
      7.283554112558465,
      0.8968174231721735,
      7.455510545310871,
      0.8968174231721735,
      7.455510545310907,
      0.0
    ]
  ],
  "lorentzian_embedding": [
    [
      -0.23758327113675176,
      -0.1604884605325821,
      0.7762979495664764
    ],
    [
      -0.3135336419456339,
      -0.9822945148603139,
      -1.1951814552236868
    ],
    [
      -0.30845982768005137,
      0.20697367875218683,
      -0.5351751949218817
    ],
    [
      -0.1966751493060796,
      1.269958264524678,
      0.9945244691187766
    ],
    [
      -0.30846441566664373,
      0.20699422343216448,
      -0.5351843500843853
    ],
    [
      -0.32607761423531056,
      -0.12997367322589506,
      -2.3638913076922825
    ],
    [
      -0.3084619609210667,
      0.20697208459354244,
      -0.5351742246527099
    ],
    [
      1.387728084676196,
      -0.6919161009435234,
      1.33742519908087
    ],
    [
      1.2935725854285316,
      -1.7107247894711917,
      -1.1065894565259382
    ],
    [
      0.9522903451685133,
      0.9608148696801033,
      -0.8008446336671633
    ],
    [
      1.8257518027191946,
      1.4213211852942216,
      1.9379904513729336
    ],
    [
      0.9523041276381884,
      0.9608108883142994,
      -0.8008431338209732
    ],
    [
      1.6353127404274113,
      -0.6391129240413542,
      -3.004733716759052
    ],
    [
      0.9522941922707667,
      0.9608128886592529,
      -0.8008426734969383
    ]
  ],
  "edge_length_evolution": [],
  "angle_deficit_evolution": [],
  "regge_action_evolution": [],
  "gromov_delta_evolution": [],
  "mass_hinge": null,
  "mass_value": 0.0,
  "matter": {
    "(3, 4)": 0.0,
    "(4, 6)": 0.0,
    "(0, 2)": 0.0,
    "(0, 5)": 0.0,
    "(1, 6)": 0.0,
    "(2, 5)": 0.0,
    "(1, 3)": 0.0,
    "(4, 5)": 0.0,
    "(5, 6)": 0.0,
    "(3, 6)": 0.0,
    "(0, 1)": 0.0,
    "(2, 4)": 0.0,
    "(1, 2)": 0.0,
    "(0, 4)": 0.0,
    "(1, 5)": 0.0,
    "(3, 5)": 0.0,
    "(0, 3)": 0.0,
    "(1, 4)": 0.0,
    "(0, 6)": 0.0,
    "(2, 3)": 0.0,
    "(2, 6)": 0.0
  },
  "stationary_solution": null,
  "bootstrap_analysis": {
    "gromov_delta": {
      "mean": 3.4394000172567054,
      "lower_ci": 2.9353661573623215,
      "upper_ci": 3.9434338771510897,
      "all_values": [
        2.9353661573623215,
        3.9434338771510897
      ],
      "uncertainty": 0.5040338598943843
    },
    "entropy": {
      "mean": null,
      "lower_ci": null,
      "upper_ci": null,
      "uncertainty": null
    },
    "distance_matrix": {
      "mean": [
        [
          0.0,
          2.238802042728329,
          2.129943003657792,
          1.6845049462943464,
          2.1299430036577935,
          3.923306989022674,
          2.1299430036577895
        ],
        [
          2.238802042728329,
          0.0,
          2.129943003657796,
          3.923306989022676,
          2.129943003657794,
          1.6845049462943447,
          2.129943003657791
        ],
        [
          2.129943003657792,
          2.129943003657796,
          0.0,
          2.319998995892545,
          0.8868040055076798,
          2.319998995892549,
          0.8868040055076803
        ],
        [
          1.6845049462943464,
          3.923306989022676,
          2.319998995892545,
          0.0,
          2.319998995892544,
          4.63999799178508,
          2.3199989958925373
        ],
        [
          2.1299430036577935,
          2.129943003657794,
          0.8868040055076798,
          2.319998995892544,
          0.0,
          2.319998995892544,
          0.8868040055076803
        ],
        [
          3.923306989022674,
          1.6845049462943447,
          2.319998995892549,
          4.63999799178508,
          2.319998995892544,
          0.0,
          2.319998995892542
        ],
        [
          2.1299430036577895,
          2.129943003657791,
          0.8868040055076803,
          2.3199989958925373,
          0.8868040055076803,
          2.319998995892542,
          0.0
        ]
      ],
      "lower_ci": [
        [
          0.0,
          2.0516924911363175,
          1.561079954158285,
          1.3863633786756864,
          1.5610799541582838,
          3.4380558698120023,
          1.561079954158286
        ],
        [
          2.0516924911363175,
          0.0,
          1.561079954158286,
          3.438055869812004,
          1.561079954158288,
          1.3863633786756846,
          1.561079954158285
        ],
        [
          1.561079954158285,
          1.561079954158286,
          0.0,
          1.9095199117941648,
          0.8266035637332086,
          1.9095199117941632,
          0.8266035637332091
        ],
        [
          1.3863633786756864,
          3.438055869812004,
          1.9095199117941648,
          0.0,
          1.9095199117941632,
          3.819039823588324,
          1.9095199117941604
        ],
        [
          1.5610799541582838,
          1.561079954158288,
          0.8266035637332086,
          1.9095199117941632,
          0.0,
          1.9095199117941632,
          0.8266035637332091
        ],
        [
          3.4380558698120023,
          1.3863633786756846,
          1.9095199117941632,
          3.819039823588324,
          1.9095199117941632,
          0.0,
          1.9095199117941632
        ],
        [
          1.561079954158286,
          1.561079954158285,
          0.8266035637332091,
          1.9095199117941604,
          0.8266035637332091,
          1.9095199117941632,
          0.0
        ]
      ],
      "upper_ci": [
        [
          0.0,
          2.425911594320341,
          2.6988060531572997,
          1.9826465139130065,
          2.6988060531573033,
          4.408558108233346,
          2.698806053157293
        ],
        [
          2.425911594320341,
          0.0,
          2.6988060531573064,
          4.408558108233348,
          2.6988060531572997,
          1.9826465139130047,
          2.6988060531572966
        ],
        [
          2.6988060531572997,
          2.6988060531573064,
          0.0,
          2.7304780799909247,
          0.947004447282151,
          2.730478079990935,
          0.9470044472821516
        ],
        [
          1.9826465139130065,
          4.408558108233348,
          2.7304780799909247,
          0.0,
          2.7304780799909247,
          5.460956159981835,
          2.7304780799909145
        ],
        [
          2.6988060531573033,
          2.6988060531572997,
          0.947004447282151,
          2.7304780799909247,
          0.0,
          2.7304780799909247,
          0.9470044472821516
        ],
        [
