{
  "spec": {
    "num_qubits": 8,
    "topology": "complete",
    "custom_edges": "0-1:1.0000,0-2:0.9862,0-3:1.0000,0-4:1.0000,0-5:0.9766,0-6:0.9766,0-7:1.0000,1-2:1.0000,1-3:0.9531,1-4:1.0000,1-5:0.9537,1-6:0.9534,1-7:1.0000,2-3:0.8087,2-4:0.8275,2-5:0.9438,2-6:0.8987,2-7:1.0000,3-4:0.9092,3-5:0.8588,3-6:1.0000,3-7:0.9774,4-5:1.0000,4-6:0.8575,4-7:0.9456,5-6:1.0000,5-7:0.8849,6-7:1.0000",
    "alpha": 0.8,
    "weight": 1.0,
    "gamma": 0.3,
    "sigma": null,
    "init_angle": 0.0,
    "init_angles": "1.5708,0,0,0,0,0,0,0",
    "shots": 1024,
    "device": "simulator",
    "geometry": "hyperbolic",
    "curvature": 1.0,
    "timesteps": 4
  },
  "uid": "KX9CCF",
  "counts": null,
  "mutual_information": [
    {
      "I_0,1": 4.50284254327471e-12,
      "I_0,2": 1.3504974916145329e-11,
      "I_0,3": 4.5117798386229424e-12,
      "I_0,4": 7.431888437992029e-12,
      "I_0,5": 4.307831868999301e-12,
      "I_0,6": 1.5866641334127962e-11,
      "I_0,7": 3.948008586718288e-12,
      "I_1,2": 0.1837943554269844,
      "I_1,3": 0.005048214947229512,
      "I_1,4": 0.5839202130901039,
      "I_1,5": 0.33094895352642095,
      "I_1,6": 0.051600639742391374,
      "I_1,7": 0.025664489053225825,
      "I_2,3": 0.016514894679619085,
      "I_2,4": 0.10520777399303316,
      "I_2,5": 0.051871606630470635,
      "I_2,6": 0.4523827760801663,
      "I_2,7": 0.070016942757259,
      "I_3,4": 0.042006198936969774,
      "I_3,5": -1.1102230246251565e-16,
      "I_3,6": 0.00034910972011492625,
      "I_3,7": 0.6509343261940669,
      "I_4,5": 0.11342468805684358,
      "I_4,6": 0.022560760612419406,
      "I_4,7": 0.06603563094001641,
      "I_5,6": 0.0036696379603062823,
      "I_5,7": 0.0005191152185611836,
      "I_6,7": 0.019711374243899016
    },
    {
      "I_0,1": 2.0437873615719582e-11,
      "I_0,2": 3.5921932095561715e-11,
      "I_0,3": 4.569455924752219e-12,
      "I_0,4": 1.4347412147230898e-11,
      "I_0,5": 2.0090151764406983e-11,
      "I_0,6": 1.4728995800794564e-11,
      "I_0,7": 1.67580394005995e-11,
      "I_1,2": 0.5399374673688959,
      "I_1,3": 0.07837059246716582,
      "I_1,4": 0.1601785667649105,
      "I_1,5": 0.3225747534097708,
      "I_1,6": 0.1917149067011077,
      "I_1,7": 0.03058404219204669,
      "I_2,3": 0.023575209277508558,
      "I_2,4": 0.13550222973745663,
      "I_2,5": 0.11301894313114003,
      "I_2,6": 0.18490963686630635,
      "I_2,7": 0.06015177718335174,
      "I_3,4": 0.5433247751054278,
      "I_3,5": 7.930194848593253e-05,
      "I_3,6": 0.22857610418939678,
      "I_3,7": 0.514758015471226,
      "I_4,5": 0.012306929183075077,
      "I_4,6": 0.4120599614722107,
      "I_4,7": 0.16856593686706778,
      "I_5,6": 0.0012282124760468749,
      "I_5,7": 0.0003576326662408924,
      "I_6,7": 0.06596003888437552
    },
    {
      "I_0,1": 4.374989259758877e-11,
      "I_0,2": 3.898636968813207e-11,
      "I_0,3": 4.544697951303078e-12,
      "I_0,4": 1.1832868018757381e-11,
      "I_0,5": 3.999212072614e-11,
      "I_0,6": 1.760447343457372e-11,
      "I_0,7": 1.526767601234269e-11,
      "I_1,2": 0.2920852513022263,
      "I_1,3": 0.09945634676362802,
      "I_1,4": 0.1587377121129765,
      "I_1,5": 0.22009750792283622,
      "I_1,6": 0.27562604753022435,
      "I_1,7": 0.14122498840286268,
      "I_2,3": 0.017556473166772335,
      "I_2,4": 0.12288830850047949,
      "I_2,5": 0.08584293382353336,
      "I_2,6": 0.5034877161495981,
      "I_2,7": 0.07424084454050406,
      "I_3,4": 0.5540572532511929,
      "I_3,5": 0.06137429983482168,
      "I_3,6": 0.10793007013663858,
      "I_3,7": 0.29669801143800534,
      "I_4,5": 0.05503860027899998,
      "I_4,6": 0.15458606501342298,
      "I_4,7": 0.08467803799916718,
      "I_5,6": 0.03179642365728608,
      "I_5,7": 0.36342145950319615,
      "I_6,7": 0.04752572897564167
    },
    {
      "I_0,1": 2.7623126008791132e-11,
      "I_0,2": 4.794598051915955e-11,
      "I_0,3": 1.6866508190105378e-12,
      "I_0,4": 3.717137708747487e-12,
      "I_0,5": 2.8809621355208037e-11,
      "I_0,6": 3.8450687078750434e-11,
      "I_0,7": 1.599975707478052e-11,
      "I_1,2": 0.24749336342187034,
      "I_1,3": 0.09033952016755809,
      "I_1,4": 0.08473119671333795,
      "I_1,5": 0.17328239024101721,
      "I_1,6": 0.27399238289818406,
      "I_1,7": 0.20089033606298234,
      "I_2,3": 0.028560080917778397,
      "I_2,4": 0.026431153072081104,
      "I_2,5": 0.17676557915350855,
      "I_2,6": 0.4807858621533727,
      "I_2,7": 0.15480766870212626,
      "I_3,4": 0.5604303367103227,
      "I_3,5": 0.05429541973158725,
      "I_3,6": 0.0660728094054881,
      "I_3,7": 0.17131431792708063,
      "I_4,5": 0.045091321135235285,
      "I_4,6": 0.06799180697665697,
      "I_4,7": 0.08589455899117393,
      "I_5,6": 0.18833918047862452,
      "I_5,7": 0.2893867338612286,
      "I_6,7": 0.12668442015821735
    }
  ],
  "distance_matrix_per_timestep": [
    [
      [
        0.0,
        23.025850929940457,
        23.025850929940457,
        23.025850929940457,
        23.025850929940457,
        23.025850929940457,
        23.025850929940457,
        23.025850929940457
      ],
      [
        23.025850929940457,
        0.0,
        1.6939377799402617,
        3.684898270094932,
        0.5379909269085215,
        1.1057911344514508,
        2.487164387730211,
        3.255551746810167
      ],
      [
        23.025850929940457,
        1.6939377799402617,
        0.0,
        3.088364550114936,
        2.231928706848783,
        2.7997289143917126,
        0.7932266077899492,
        2.659018026830171
      ],
      [
        23.025850929940457,
        3.6848982700949326,
        3.088364550114936,
        0.0,
        3.146907343186411,
        4.7906894045463835,
        3.8815911579048854,
        0.429346523284765
      ],
      [
        23.025850929940457,
        0.5379909269085215,
        2.231928706848783,
        3.146907343186411,
        0.0,
        1.6437820613599723,
        3.025155314638732,
        2.717560819901646
      ],
      [
        23.025850929940457,
        1.1057911344514508,
        2.7997289143917126,
        4.790689404546383,
        1.6437820613599723,
        0.0,
        3.592955522181662,
        4.361342881261618
      ],
      [
        23.025850929940457,
        2.487164387730211,
        0.7932266077899492,
        3.8815911579048854,
        3.0251553146387327,
        3.592955522181662,
        0.0,
        3.4522446346201203
      ],
      [
        23.025850929940457,
        3.255551746810167,
        2.659018026830171,
        0.429346523284765,
        2.717560819901646,
        4.361342881261618,
        3.4522446346201203,
        0.0
      ]
    ],
    [
      [
        0.0,
        23.025850929940457,
        23.025850929940457,
        23.025850929940457,
        23.025850929940457,
        23.025850929940457,
        23.025850929940457,
        23.025850929940457
      ],
      [
        23.025850929940457,
        0.0,
        0.6163019472980013,
        2.441514069093027,
        1.831466043779831,
        1.1314203760876078,
        1.651745871384576,
        3.1055724307076833
      ],
      [
        23.025850929940457,
        0.6163019472980013,
        0.0,
        2.6088152084839837,
        1.9987671831707876,
        1.747722323385609,
        1.687888022605383,
        2.8108842911400354
      ],
      [
        23.025850929940457,
        2.441514069093027,
        2.6088152084839837,
        0.0,
        0.6100480253131959,
        3.5729344451806346,
        1.4758860641901845,
        0.6640583616146561
      ],
      [
        23.025850929940457,
        1.831466043779831,
        1.9987671831707876,
        0.6100480253131959,
        0.0,
        2.9628864198674387,
        0.8865864026682636,
        1.2741063869278522
      ],
      [
        23.025850929940457,
        1.1314203760876078,
        1.747722323385609,
        3.5729344451806346,
        2.9628864198674387,
        0.0,
        2.7831662474721837,
        4.236992806795291
      ],
      [
        23.025850929940457,
        1.651745871384576,
        1.687888022605383,
        1.4758860641901845,
        0.8865864026682636,
        2.7831662474721837,
        0.0,
        2.1399444258048406
      ],
      [
        23.025850929940457,
        3.1055724307076833,
        2.8108842911400354,
        0.6640583616146561,
        1.2741063869278522,
        4.236992806795291,
        2.1399444258048406,
        0.0
      ]
    ],
    [
      [
        0.0,
        23.025850929940457,
        23.025850929940457,
        23.025850929940457,
        23.025850929940457,
        23.025850929940457,
        23.025850929940457,
        23.025850929940457
      ],
      [
        23.025850929940457,
        0.0,
        1.2307095628103915,
        2.3080364570796847,
        1.8405020482179277,
        1.513684612990712,
        1.2887102322250765,
        1.957400997888976
      ],
      [
        23.025850929940457,
        1.2307095628103915,
        0.0,
        2.686966649474396,
        2.096479397118553,
        2.4552360034299796,
        0.6861959640434773,
        2.6004408147539166
      ],
      [
        23.025850929940457,
        2.3080364570796847,
        2.686966649474396,
        0.0,
        0.5904872523558427,
        2.2272325267186845,
        2.226271760310584,
        1.2150404539727173
      ],
      [
        23.025850929940457,
        1.8405020482179277,
        2.096479397118553,
        0.5904872523558427,
        0.0,
        2.817719779074527,
        1.8670042826388735,
        1.80552770632856
      ],
      [
        23.025850929940457,
        1.513684612990712,
        2.4552360034299796,
        2.2272325267186845,
        2.817719779074527,
        0.0,
        2.8023948452157885,
        1.0121920727459672
      ],
      [
        23.025850929940457,
        1.2887102322250765,
        0.6861959640434773,
        2.226271760310584,
        1.8670042826388735,
        2.8023948452157885,
        0.0,
        3.0464840519427114
      ],
      [
        23.025850929940457,
        1.957400997888976,
        2.6004408147539166,
        1.2150404539727173,
        1.80552770632856,
        1.0121920727459672,
        3.0464840519427114,
        0.0
      ]
    ],
    [
      [
        0.0,
        23.025850929940457,
        23.025850929940457,
        23.025850929940457,
        23.025850929940457,
        23.025850929940457,
        23.025850929940457,
        23.025850929940457
      ],
      [
        23.025850929940457,
        0.0,
        1.3963715117899955,
        2.404180260176049,
        2.468271425027082,
        1.7528327017282346,
        1.2946549726221481,
        1.604996111538841
      ],
      [
        23.025850929940457,
        1.3963715117899955,
        0.0,
        3.449331273225809,
        3.4207013677349503,
        1.7329308357785378,
        0.732333301032545,
        1.8655717796341267
      ],
      [
        23.025850929940457,
        2.404180260176049,
        3.449331273225809,
        0.0,
        0.5790503319546382,
        2.9133154067678295,
        2.7169979721932638,
        1.7642552932157543
      ],
      [
        23.025850929940457,
        2.468271425027082,
        3.4207013677349503,
        0.5790503319546382,
        0.0,
        3.0990654870175174,
        2.6883680667024055,
        2.3433056251703923
      ],
      [
        23.025850929940457,
        1.7528327017282346,
        1.7329308357785378,
        2.9133154067678295,
        3.0990654870175174,
        0.0,
        1.6695107901965907,
        1.2399913059832386
      ],
      [
        23.025850929940457,
        1.2946549726221481,
        0.732333301032545,
        2.7169979721932638,
        2.6883680667024055,
        1.6695107901965907,
        0.0,
        2.0660561656073693
      ],
      [
        23.025850929940457,
        1.604996111538841,
        1.8655717796341267,
        1.7642552932157543,
        2.3433056251703923,
        1.2399913059832386,
        2.0660561656073693,
        0.0
      ]
    ]
  ],
  "edge_mi": {
    "0,1": 2.7623126008791132e-11,
    "0,2": 4.794598051915955e-11,
    "0,3": 1.6866508190105378e-12,
    "0,4": 3.717137708747487e-12,
    "0,5": 2.8809621355208037e-11,
    "0,6": 3.8450687078750434e-11,
    "0,7": 1.599975707478052e-11,
    "1,2": 0.24749336342187034,
    "1,3": 0.09033952016755809,
    "1,4": 0.08473119671333795,
    "1,5": 0.17328239024101721,
    "1,6": 0.27399238289818406,
    "1,7": 0.20089033606298234,
    "2,3": 0.028560080917778397,
    "2,4": 0.026431153072081104,
    "2,5": 0.17676557915350855,
    "2,6": 0.4807858621533727,
    "2,7": 0.15480766870212626,
    "3,4": 0.5604303367103227,
    "3,5": 0.05429541973158725,
    "3,6": 0.0660728094054881,
    "3,7": 0.17131431792708063,
    "4,5": 0.045091321135235285,
    "4,6": 0.06799180697665697,
    "4,7": 0.08589455899117393,
    "5,6": 0.18833918047862452,
    "5,7": 0.2893867338612286,
    "6,7": 0.12668442015821735
  },
  "distance_matrix": [
    [
      0.0,
      23.025850929940457,
      23.025850929940457,
      23.025850929940457,
      23.025850929940457,
      23.025850929940457,
      23.025850929940457,
      23.025850929940457
    ],
    [
      23.025850929940457,
      0.0,
      1.3963715117899955,
      2.404180260176049,
      2.468271425027082,
      1.7528327017282346,
      1.2946549726221481,
      1.604996111538841
    ],
    [
      23.025850929940457,
      1.3963715117899955,
      0.0,
      3.449331273225809,
      3.4207013677349503,
      1.7329308357785378,
      0.732333301032545,
      1.8655717796341267
    ],
    [
      23.025850929940457,
      2.404180260176049,
      3.449331273225809,
      0.0,
      0.5790503319546382,
      2.9133154067678295,
      2.7169979721932638,
      1.7642552932157543
    ],
    [
      23.025850929940457,
      2.468271425027082,
      3.4207013677349503,
      0.5790503319546382,
      0.0,
      3.0990654870175174,
      2.6883680667024055,
      2.3433056251703923
    ],
    [
      23.025850929940457,
      1.7528327017282346,
      1.7329308357785378,
      2.9133154067678295,
      3.0990654870175174,
      0.0,
      1.6695107901965907,
      1.2399913059832386
    ],
    [
      23.025850929940457,
      1.2946549726221481,
      0.732333301032545,
      2.7169979721932638,
      2.6883680667024055,
      1.6695107901965907,
      0.0,
      2.0660561656073693
    ],
    [
      23.025850929940457,
      1.604996111538841,
      1.8655717796341267,
      1.7642552932157543,
      2.3433056251703923,
      1.2399913059832386,
      2.0660561656073693,
      0.0
    ]
  ],
  "shortest_paths": {
    "0": {
      "0": 0,
      "1": 23.025850929940457,
      "2": 23.025850929940457,
      "3": 23.025850929940457,
      "4": 23.025850929940457,
      "5": 23.025850929940457,
      "6": 23.025850929940457,
      "7": 23.025850929940457
    },
    "1": {
      "1": 0,
      "6": 1.2946549726221481,
      "2": 1.3963715117899955,
      "7": 1.604996111538841,
      "5": 1.7528327017282346,
      "3": 2.404180260176049,
      "4": 2.468271425027082,
      "0": 23.025850929940457
    },
    "2": {
      "2": 0,
      "6": 0.732333301032545,
      "1": 1.3963715117899955,
      "5": 1.7329308357785378,
      "7": 1.8655717796341267,
      "4": 3.4207013677349503,
      "3": 3.449331273225809,
      "0": 23.025850929940457
    },
    "3": {
      "3": 0,
      "4": 0.5790503319546382,
      "7": 1.7642552932157543,
      "1": 2.404180260176049,
      "6": 2.7169979721932638,
      "5": 2.9133154067678295,
      "2": 3.449331273225809,
      "0": 23.025850929940457
    },
    "4": {
      "4": 0,
      "3": 0.5790503319546382,
      "7": 2.3433056251703923,
      "1": 2.468271425027082,
      "6": 2.6883680667024055,
      "5": 3.0990654870175174,
      "2": 3.4207013677349503,
      "0": 23.025850929940457
    },
    "5": {
      "5": 0,
      "7": 1.2399913059832386,
      "6": 1.6695107901965907,
      "2": 1.7329308357785378,
      "1": 1.7528327017282346,
      "3": 2.9133154067678295,
      "4": 3.0990654870175174,
      "0": 23.025850929940457
    },
    "6": {
      "6": 0,
      "2": 0.732333301032545,
      "1": 1.2946549726221481,
      "5": 1.6695107901965907,
      "7": 2.0660561656073693,
      "4": 2.6883680667024055,
      "3": 2.7169979721932638,
      "0": 23.025850929940457
    },
    "7": {
      "7": 0,
      "5": 1.2399913059832386,
      "1": 1.604996111538841,
      "3": 1.7642552932157543,
      "2": 1.8655717796341267,
      "6": 2.0660561656073693,
      "4": 2.3433056251703923,
      "0": 23.025850929940457
    }
  },
  "gromov_delta": 22.736325763963137,
  "mean_distance": 6.386970265458766,
  "angle_sums": [
    5.646596810232353,
    3.141592653589793,
    5.630524508190849,
    0.05689315671962697,
    2.817280290483378,
    3.141592653589793,
    3.141592653589793,
    3.141592653589793,
    3.141592653589793,
    0.9087268418549783,
    3.141592653589793,
    3.141592653589793,
    3.141592653589793,
    3.141592653589793,
    3.141592653589793,
    3.141592653589793,
    0.8355745223301538,
    3.141592653589793,
    3.141592653589793,
    3.141592653589793,
    3.141592653589793,
    7.698905422802119,
    3.141592653589793,
    3.141592653589793,
    9.42477796076938,
    4.667291929088264,
    8.666866027899367,
    3.141592653589793,
    3.141592653589793,
    3.141592653589793,
    3.141592653589793,
    9.42477796076938,
    5.993083465666303,
    3.141592653589793,
    3.141592653589793,
    3.141592653589793,
    2.6976888070164864,
    2.9791404900891285,
    2.8338061031564106,
    3.141592653589793,
    2.985985436459276,
    3.141592653589793,
    3.141592653589793,
    3.141592653589793,
    2.902894542395561,
    3.141592653589793,
    3.141592653589793,
    3.141592653589793,
    3.039615049361064,
    3.032601729231758,
    3.141592653589793,
    3.121923226960699,
    3.141592653589793,
    3.141592653589793,
    3.141592653589793,
    2.9896301273166017
  ],
  "mean_angle_sum": 2.010793803978771,
  "min_angle_sum": 0.7055220560655936,
  "max_angle_sum": 3.141592653589793,
  "angle_sum_deviations": [
    -1.2950517427688821,
    -1.9736911774271026,
    -2.008556250526439,
    -1.563773449147287,
    -1.2126906619768794,
    -1.4561421389152476,
    -2.4360705975241994,
    -2.4261125526331906,
    -1.549601869209707,
    -0.716496381548688,
    -1.64218325974688,
    -0.5711260431855809,
    -2.225877236912685,
    -2.13519498297547,
    -1.5718624437886515,
    -2.3046360029457196,
    -2.121301954154272,
    -1.9397013826787866,
    -1.50378202097045,
    -1.1674237566349461,
    -1.7738098697501303,
    -0.7542320503587829,
    -0.8341067704624501,
    -0.8391684130683763,
    -0.4011769320078846,
    -0.8209919768296756,
    -0.47366750568223903,
    -1.2456495478414986,
    -0.9829031305717248,
    -0.9679200670759625,
    -1.2412458836359224,
    -1.001623777498553,
    -1.1562802549565139,
    -0.7821931653320489,
    -0.7423728450107285,
    -0.7722294396660963,
    -0.5338073938251733,
    -1.3243364436030398,
    0.0,
    -0.5712672713164468,
    -1.3800726866384498,
    -2.9802322387695312e-08,
    -1.1507646173884165,
    -0.4828714220431083,
    -0.7848457611898683,
    -0.5116958458240641,
    -0.4884355984000419,
    -0.49673037340176895,
    -2.107342433887993e-08,
    -1.2828570596005604,
    -0.3484982662766267,
    -1.144910872136961,
    -1.2664457169254315,
    -0.794249638670828,
    -1.3842428847715758,
    -0.7678561399094637
  ],
  "triangle_inequality_violations": [],
  "embedding_coords": [
    [
      1.1139222860434854,
      20.083625298573423
    ],
    [
      -0.46858819812852137,
      -2.273388614193025
    ],
    [
      -1.8173876876159922,
      -2.6267475022129902
    ],
    [
      1.639533783747387,
      -2.9674124453129362
    ],
    [
      1.8142516984232055,
      -2.606420418992338
    ],
    [
      -1.0233702023697444,
      -3.7352226748548265
    ],
    [
      -1.2974503690887071,
      -2.3996249303766124
    ],
    [
      0.039088688988887364,
      -3.474808712630696
    ]
  ],
  "edge_weight_variance": 0.003339405242346938,
  "event_nodes": [
    [
      0,
      0
    ],
    [
      1,
      0
    ],
    [
      2,
      0
    ],
    [
      3,
      0
    ],
    [
      4,
      0
    ],
    [
      5,
      0
    ],
    [
      6,
      0
    ],
    [
      7,
      0
    ],
    [
      0,
      1
    ],
    [
      1,
      1
    ],
    [
      2,
      1
    ],
    [
      3,
      1
    ],
    [
      4,
      1
    ],
    [
      5,
      1
    ],
    [
      6,
      1
    ],
    [
      7,
      1
    ],
    [
      0,
      2
    ],
    [
      1,
      2
    ],
    [
      2,
      2
    ],
    [
      3,
      2
    ],
    [
      4,
      2
    ],
    [
      5,
      2
    ],
    [
      6,
      2
    ],
    [
      7,
      2
    ],
    [
      0,
      3
    ],
    [
      1,
      3
    ],
    [
      2,
      3
    ],
    [
      3,
      3
    ],
    [
      4,
      3
    ],
    [
      5,
      3
    ],
    [
      6,
      3
    ],
    [
      7,
      3
    ]
  ],
  "event_edges": [
    {
      "type": "spatial",
      "from": [
        0,
        0
      ],
      "to": [
        1,
        0
      ],
      "weight": 23.025850929940457
    },
    {
      "type": "spatial",
      "from": [
        0,
        0
      ],
      "to": [
        2,
        0
      ],
      "weight": 23.025850929940457
    },
    {
      "type": "spatial",
      "from": [
        0,
        0
      ],
      "to": [
        3,
        0
      ],
      "weight": 23.025850929940457
    },
    {
      "type": "spatial",
      "from": [
        0,
        0
      ],
      "to": [
        4,
        0
      ],
      "weight": 23.025850929940457
    },
    {
      "type": "spatial",
      "from": [
        0,
        0
      ],
      "to": [
        5,
        0
      ],
      "weight": 23.025850929940457
    },
    {
      "type": "spatial",
      "from": [
        0,
        0
      ],
      "to": [
        6,
        0
      ],
      "weight": 23.025850929940457
    },
    {
      "type": "spatial",
      "from": [
        0,
        0
      ],
      "to": [
        7,
        0
      ],
      "weight": 23.025850929940457
    },
    {
      "type": "spatial",
      "from": [
        1,
        0
      ],
      "to": [
        2,
        0
      ],
      "weight": 1.6939377799402617
    },
    {
      "type": "spatial",
      "from": [
        1,
        0
      ],
      "to": [
        3,
        0
      ],
      "weight": 3.684898270094932
    },
    {
      "type": "spatial",
      "from": [
        1,
        0
      ],
      "to": [
        4,
        0
      ],
      "weight": 0.5379909269085215
    },
    {
      "type": "spatial",
      "from": [
        1,
        0
      ],
      "to": [
        5,
        0
      ],
      "weight": 1.1057911344514508
    },
    {
      "type": "spatial",
      "from": [
        1,
        0
      ],
      "to": [
        6,
        0
      ],
      "weight": 2.487164387730211
    },
    {
      "type": "spatial",
      "from": [
        1,
        0
      ],
      "to": [
        7,
        0
      ],
      "weight": 3.255551746810167
    },
    {
      "type": "spatial",
      "from": [
        2,
        0
      ],
      "to": [
        3,
        0
      ],
      "weight": 3.088364550114936
    },
    {
      "type": "spatial",
      "from": [
        2,
        0
      ],
      "to": [
        4,
        0
      ],
      "weight": 2.231928706848783
    },
    {
      "type": "spatial",
      "from": [
        2,
        0
      ],
      "to": [
        5,
        0
      ],
      "weight": 2.7997289143917126
    },
    {
      "type": "spatial",
      "from": [
        2,
        0
      ],
      "to": [
        6,
        0
      ],
      "weight": 0.7932266077899492
    },
    {
      "type": "spatial",
      "from": [
        2,
        0
      ],
      "to": [
        7,
        0
      ],
      "weight": 2.659018026830171
    },
    {
      "type": "spatial",
      "from": [
        3,
        0
      ],
      "to": [
        4,
        0
      ],
      "weight": 3.146907343186411
    },
    {
      "type": "spatial",
      "from": [
        3,
        0
      ],
      "to": [
        5,
        0
      ],
      "weight": 4.7906894045463835
    },
    {
      "type": "spatial",
      "from": [
        3,
        0
      ],
      "to": [
        6,
        0
      ],
      "weight": 3.8815911579048854
    },
    {
      "type": "spatial",
      "from": [
        3,
        0
      ],
      "to": [
        7,
        0
      ],
      "weight": 0.429346523284765
    },
    {
      "type": "spatial",
      "from": [
        4,
        0
      ],
      "to": [
        5,
        0
      ],
      "weight": 1.6437820613599723
    },
    {
      "type": "spatial",
      "from": [
        4,
        0
      ],
      "to": [
        6,
        0
      ],
      "weight": 3.025155314638732
    },
    {
      "type": "spatial",
      "from": [
        4,
        0
      ],
      "to": [
        7,
        0
      ],
      "weight": 2.717560819901646
    },
    {
      "type": "spatial",
      "from": [
        5,
        0
      ],
      "to": [
        6,
        0
      ],
      "weight": 3.592955522181662
    },
    {
      "type": "spatial",
      "from": [
        5,
        0
      ],
      "to": [
        7,
        0
      ],
      "weight": 4.361342881261618
    },
    {
      "type": "spatial",
      "from": [
        6,
        0
      ],
      "to": [
        7,
        0
      ],
      "weight": 3.4522446346201203
    },
    {
      "type": "temporal",
      "from": [
        0,
        0
      ],
      "to": [
        0,
        1
      ],
      "weight": 1.0
    },
    {
      "type": "temporal",
      "from": [
        1,
        0
      ],
      "to": [
        1,
        1
      ],
      "weight": 1.0
    },
    {
      "type": "temporal",
      "from": [
        2,
        0
      ],
      "to": [
        2,
        1
      ],
      "weight": 1.0
    },
    {
      "type": "temporal",
      "from": [
        3,
        0
      ],
      "to": [
        3,
        1
      ],
      "weight": 1.0
    },
    {
      "type": "temporal",
      "from": [
        4,
        0
      ],
      "to": [
        4,
        1
      ],
      "weight": 1.0
    },
    {
      "type": "temporal",
      "from": [
        5,
        0
      ],
      "to": [
        5,
        1
      ],
      "weight": 1.0
    },
    {
      "type": "temporal",
      "from": [
        6,
        0
      ],
      "to": [
        6,
        1
      ],
      "weight": 1.0
    },
    {
      "type": "temporal",
      "from": [
        7,
        0
      ],
      "to": [
        7,
        1
      ],
      "weight": 1.0
    },
    {
      "type": "spatial",
      "from": [
        0,
        1
      ],
      "to": [
        1,
        1
      ],
      "weight": 23.025850929940457
    },
    {
      "type": "spatial",
      "from": [
        0,
        1
      ],
      "to": [
        2,
        1
      ],
      "weight": 23.025850929940457
    },
    {
      "type": "spatial",
      "from": [
        0,
        1
      ],
      "to": [
        3,
        1
      ],
      "weight": 23.025850929940457
    },
    {
      "type": "spatial",
      "from": [
        0,
        1
      ],
      "to": [
        4,
        1
      ],
      "weight": 23.025850929940457
    },
    {
      "type": "spatial",
      "from": [
        0,
        1
      ],
      "to": [
        5,
        1
      ],
      "weight": 23.025850929940457
    },
    {
      "type": "spatial",
      "from": [
        0,
        1
      ],
      "to": [
        6,
        1
      ],
      "weight": 23.025850929940457
    },
    {
      "type": "spatial",
      "from": [
        0,
        1
      ],
      "to": [
        7,
        1
      ],
      "weight": 23.025850929940457
    },
    {
      "type": "spatial",
      "from": [
        1,
        1
      ],
      "to": [
        2,
        1
      ],
      "weight": 0.6163019472980013
    },
    {
      "type": "spatial",
      "from": [
        1,
        1
      ],
      "to": [
        3,
        1
      ],
      "weight": 2.441514069093027
    },
    {
      "type": "spatial",
      "from": [
        1,
        1
      ],
      "to": [
        4,
        1
      ],
      "weight": 1.831466043779831
    },
    {
      "type": "spatial",
      "from": [
        1,
        1
      ],
      "to": [
        5,
        1
      ],
      "weight": 1.1314203760876078
    },
    {
      "type": "spatial",
      "from": [
        1,
        1
      ],
      "to": [
        6,
        1
      ],
      "weight": 1.651745871384576
    },
    {
      "type": "spatial",
      "from": [
        1,
        1
      ],
      "to": [
        7,
        1
      ],
      "weight": 3.1055724307076833
    },
    {
      "type": "spatial",
      "from": [
        2,
        1
      ],
      "to": [
        3,
        1
      ],
      "weight": 2.6088152084839837
    },
    {
      "type": "spatial",
      "from": [
        2,
        1
      ],
      "to": [
        4,
        1
      ],
      "weight": 1.9987671831707876
    },
    {
      "type": "spatial",
      "from": [
        2,
        1
      ],
      "to": [
        5,
        1
      ],
      "weight": 1.747722323385609
    },
    {
      "type": "spatial",
      "from": [
        2,
        1
      ],
      "to": [
        6,
        1
      ],
      "weight": 1.687888022605383
    },
    {
      "type": "spatial",
      "from": [
        2,
        1
      ],
      "to": [
        7,
        1
      ],
      "weight": 2.8108842911400354
    },
    {
      "type": "spatial",
      "from": [
        3,
        1
      ],
      "to": [
        4,
        1
      ],
      "weight": 0.6100480253131959
    },
    {
      "type": "spatial",
      "from": [
        3,
        1
      ],
      "to": [
        5,
        1
      ],
      "weight": 3.5729344451806346
    },
    {
      "type": "spatial",
      "from": [
        3,
        1
      ],
      "to": [
        6,
        1
      ],
      "weight": 1.4758860641901845
    },
    {
      "type": "spatial",
      "from": [
        3,
        1
      ],
      "to": [
        7,
        1
      ],
      "weight": 0.6640583616146561
    },
    {
      "type": "spatial",
      "from": [
        4,
        1
      ],
      "to": [
        5,
        1
      ],
      "weight": 2.9628864198674387
    },
    {
      "type": "spatial",
      "from": [
        4,
        1
      ],
      "to": [
        6,
        1
      ],
      "weight": 0.8865864026682636
    },
    {
      "type": "spatial",
      "from": [
        4,
        1
      ],
      "to": [
        7,
        1
      ],
      "weight": 1.2741063869278522
    },
    {
      "type": "spatial",
      "from": [
        5,
        1
      ],
      "to": [
        6,
        1
      ],
      "weight": 2.7831662474721837
    },
    {
      "type": "spatial",
      "from": [
        5,
        1
      ],
      "to": [
        7,
        1
      ],
      "weight": 4.236992806795291
    },
    {
      "type": "spatial",
      "from": [
        6,
        1
      ],
      "to": [
        7,
        1
      ],
      "weight": 2.1399444258048406
    },
    {
      "type": "temporal",
      "from": [
        0,
        1
      ],
      "to": [
        0,
        2
      ],
      "weight": 1.0
    },
    {
      "type": "temporal",
      "from": [
        1,
        1
      ],
      "to": [
        1,
        2
      ],
      "weight": 1.0
    },
    {
      "type": "temporal",
      "from": [
        2,
        1
      ],
      "to": [
        2,
        2
      ],
      "weight": 1.0
    },
    {
      "type": "temporal",
      "from": [
        3,
        1
      ],
      "to": [
        3,
        2
      ],
      "weight": 1.0
    },
    {
      "type": "temporal",
      "from": [
        4,
        1
      ],
      "to": [
        4,
        2
      ],
      "weight": 1.0
    },
    {
      "type": "temporal",
      "from": [
        5,
        1
      ],
      "to": [
        5,
        2
      ],
      "weight": 1.0
    },
    {
      "type": "temporal",
      "from": [
        6,
        1
      ],
      "to": [
        6,
        2
      ],
      "weight": 1.0
    },
    {
      "type": "temporal",
      "from": [
        7,
        1
      ],
      "to": [
        7,
        2
      ],
      "weight": 1.0
    },
    {
      "type": "spatial",
      "from": [
        0,
        2
      ],
      "to": [
        1,
        2
      ],
      "weight": 23.025850929940457
    },
    {
      "type": "spatial",
      "from": [
        0,
        2
      ],
      "to": [
        2,
        2
      ],
      "weight": 23.025850929940457
    },
    {
      "type": "spatial",
      "from": [
        0,
        2
      ],
      "to": [
        3,
        2
      ],
      "weight": 23.025850929940457
    },
    {
      "type": "spatial",
      "from": [
        0,
        2
      ],
      "to": [
        4,
        2
      ],
      "weight": 23.025850929940457
    },
    {
      "type": "spatial",
      "from": [
        0,
        2
      ],
      "to": [
        5,
        2
      ],
      "weight": 23.025850929940457
    },
    {
      "type": "spatial",
      "from": [
        0,
        2
      ],
      "to": [
        6,
        2
      ],
      "weight": 23.025850929940457
    },
    {
      "type": "spatial",
      "from": [
        0,
        2
      ],
      "to": [
        7,
        2
      ],
      "weight": 23.025850929940457
    },
    {
      "type": "spatial",
      "from": [
        1,
        2
      ],
      "to": [
        2,
        2
      ],
      "weight": 1.2307095628103915
    },
    {
      "type": "spatial",
      "from": [
        1,
        2
      ],
      "to": [
        3,
        2
      ],
      "weight": 2.3080364570796847
    },
    {
      "type": "spatial",
      "from": [
        1,
        2
      ],
      "to": [
        4,
        2
      ],
      "weight": 1.8405020482179277
    },
    {
      "type": "spatial",
      "from": [
        1,
        2
      ],
      "to": [
        5,
        2
      ],
      "weight": 1.513684612990712
    },
    {
      "type": "spatial",
      "from": [
        1,
        2
      ],
      "to": [
        6,
        2
      ],
      "weight": 1.2887102322250765
    },
    {
      "type": "spatial",
      "from": [
        1,
        2
      ],
      "to": [
        7,
        2
      ],
      "weight": 1.957400997888976
    },
    {
      "type": "spatial",
      "from": [
        2,
        2
      ],
      "to": [
        3,
        2
      ],
      "weight": 2.686966649474396
    },
    {
      "type": "spatial",
      "from": [
        2,
        2
      ],
      "to": [
        4,
        2
      ],
      "weight": 2.096479397118553
    },
    {
      "type": "spatial",
      "from": [
        2,
        2
      ],
      "to": [
        5,
        2
      ],
      "weight": 2.4552360034299796
    },
    {
      "type": "spatial",
      "from": [
        2,
        2
      ],
      "to": [
        6,
        2
      ],
      "weight": 0.6861959640434773
    },
    {
      "type": "spatial",
      "from": [
        2,
        2
      ],
      "to": [
        7,
        2
      ],
      "weight": 2.6004408147539166
    },
    {
      "type": "spatial",
      "from": [
        3,
        2
      ],
      "to": [
        4,
        2
      ],
      "weight": 0.5904872523558427
    },
    {
      "type": "spatial",
      "from": [
        3,
        2
      ],
      "to": [
        5,
        2
      ],
      "weight": 2.2272325267186845
    },
    {
      "type": "spatial",
      "from": [
        3,
        2
      ],
      "to": [
        6,
        2
      ],
      "weight": 2.226271760310584
    },
    {
      "type": "spatial",
      "from": [
        3,
        2
      ],
      "to": [
        7,
        2
      ],
      "weight": 1.2150404539727173
    },
    {
      "type": "spatial",
      "from": [
        4,
        2
      ],
      "to": [
        5,
        2
      ],
      "weight": 2.817719779074527
    },
    {
      "type": "spatial",
      "from": [
        4,
        2
      ],
      "to": [
        6,
        2
      ],
      "weight": 1.8670042826388735
    },
    {
      "type": "spatial",
      "from": [
        4,
        2
      ],
      "to": [
        7,
        2
      ],
      "weight": 1.80552770632856
    },
    {
      "type": "spatial",
      "from": [
        5,
        2
      ],
      "to": [
        6,
        2
      ],
      "weight": 2.8023948452157885
    },
    {
      "type": "spatial",
      "from": [
        5,
        2
      ],
      "to": [
        7,
        2
      ],
      "weight": 1.0121920727459672
    },
    {
      "type": "spatial",
      "from": [
        6,
        2
      ],
      "to": [
        7,
        2
      ],
      "weight": 3.0464840519427114
    },
    {
      "type": "temporal",
      "from": [
        0,
        2
      ],
      "to": [
        0,
        3
      ],
      "weight": 1.0
    },
    {
      "type": "temporal",
      "from": [
        1,
        2
      ],
      "to": [
        1,
        3
      ],
      "weight": 1.0
    },
    {
      "type": "temporal",
      "from": [
        2,
        2
      ],
      "to": [
        2,
        3
      ],
      "weight": 1.0
    },
    {
      "type": "temporal",
      "from": [
        3,
        2
      ],
      "to": [
        3,
        3
      ],
      "weight": 1.0
    },
    {
      "type": "temporal",
      "from": [
        4,
        2
      ],
      "to": [
        4,
        3
      ],
      "weight": 1.0
    },
    {
      "type": "temporal",
      "from": [
        5,
        2
      ],
      "to": [
        5,
        3
      ],
      "weight": 1.0
    },
    {
      "type": "temporal",
      "from": [
        6,
        2
      ],
      "to": [
        6,
        3
      ],
      "weight": 1.0
    },
    {
      "type": "temporal",
      "from": [
        7,
        2
      ],
      "to": [
        7,
        3
      ],
      "weight": 1.0
    },
    {
      "type": "spatial",
      "from": [
        0,
        3
      ],
      "to": [
        1,
        3
      ],
      "weight": 23.025850929940457
    },
    {
      "type": "spatial",
      "from": [
        0,
        3
      ],
      "to": [
        2,
        3
      ],
      "weight": 23.025850929940457
    },
    {
      "type": "spatial",
      "from": [
        0,
        3
      ],
      "to": [
        3,
        3
      ],
      "weight": 23.025850929940457
    },
    {
      "type": "spatial",
      "from": [
        0,
        3
      ],
      "to": [
        4,
        3
      ],
      "weight": 23.025850929940457
    },
    {
      "type": "spatial",
      "from": [
        0,
        3
      ],
      "to": [
        5,
        3
      ],
      "weight": 23.025850929940457
    },
    {
      "type": "spatial",
      "from": [
        0,
        3
      ],
      "to": [
        6,
        3
      ],
      "weight": 23.025850929940457
    },
    {
      "type": "spatial",
      "from": [
        0,
        3
      ],
      "to": [
        7,
        3
      ],
      "weight": 23.025850929940457
    },
    {
      "type": "spatial",
      "from": [
        1,
        3
      ],
      "to": [
        2,
        3
      ],
      "weight": 1.3963715117899955
    },
    {
      "type": "spatial",
      "from": [
        1,
        3
      ],
      "to": [
        3,
        3
      ],
      "weight": 2.404180260176049
    },
    {
      "type": "spatial",
