{
  "spec": {
    "num_qubits": 8,
    "topology": "complete",
    "custom_edges": "0-1:1.0000,0-2:0.9862,0-3:1.0000,0-4:1.0000,0-5:0.9766,0-6:0.9766,0-7:1.0000,1-2:1.0000,1-3:0.9531,1-4:1.0000,1-5:0.9537,1-6:0.9534,1-7:1.0000,2-3:0.8087,2-4:0.8275,2-5:0.9438,2-6:0.8987,2-7:1.0000,3-4:0.9092,3-5:0.8588,3-6:1.0000,3-7:0.9774,4-5:1.0000,4-6:0.8575,4-7:0.9456,5-6:1.0000,5-7:0.8849,6-7:1.0000",
    "alpha": 0.8,
    "weight": 1.0,
    "gamma": 0.3,
    "sigma": null,
    "init_angle": 0.0,
    "init_angles": "0,0,0,0,0,0,0,0",
    "shots": 1024,
    "device": "simulator",
    "geometry": "hyperbolic",
    "curvature": 1.0,
    "timesteps": 4
  },
  "uid": "DO1EKK",
  "counts": null,
  "mutual_information": [
    {
      "I_0,1": 0.053116020477869785,
      "I_0,2": 0.09013821842109615,
      "I_0,3": 0.06326755672876394,
      "I_0,4": 0.04460266351434794,
      "I_0,5": 0.016542704080385384,
      "I_0,6": 0.22629508707269036,
      "I_0,7": 0.021559062804036966,
      "I_1,2": 0.1804765442018199,
      "I_1,3": 0.008307362481591252,
      "I_1,4": 0.5722316403106532,
      "I_1,5": 0.3268460805555694,
      "I_1,6": 0.06082990235599184,
      "I_1,7": 0.02441123307431936,
      "I_2,3": 0.019133353315841983,
      "I_2,4": 0.10343435241646137,
      "I_2,5": 0.05133779191997789,
      "I_2,6": 0.38048525449492976,
      "I_2,7": 0.0695664484609313,
      "I_3,4": 0.04018058437256089,
      "I_3,5": 7.184937802495739e-07,
      "I_3,6": 0.005760832861143594,
      "I_3,7": 0.6146120161175638,
      "I_4,5": 0.11341703948002413,
      "I_4,6": 0.02000189739359559,
      "I_4,7": 0.06603563094001585,
      "I_5,6": 0.0030010711263106504,
      "I_5,7": 0.0005190918706362568,
      "I_6,7": 0.01544497987600646
    },
    {
      "I_0,1": 0.1874119457942034,
      "I_0,2": 0.25948042338490906,
      "I_0,3": 0.035978178768597324,
      "I_0,4": 0.11028982003295074,
      "I_0,5": 0.08721792032929876,
      "I_0,6": 0.1501945065000545,
      "I_0,7": 0.15812990945386995,
      "I_1,2": 0.48301099345168175,
      "I_1,3": 0.07323257651893655,
      "I_1,4": 0.13418862760045558,
      "I_1,5": 0.2970774899603056,
      "I_1,6": 0.20780563587166867,
      "I_1,7": 0.044094067202447684,
      "I_2,3": 0.023727353506895366,
      "I_2,4": 0.1287672608190782,
      "I_2,5": 0.11545718192477827,
      "I_2,6": 0.16763209376015942,
      "I_2,7": 0.061038320202519536,
      "I_3,4": 0.5273520555385671,
      "I_3,5": 0.0004638714088609497,
      "I_3,6": 0.2121491152807733,
      "I_3,7": 0.4479953931276013,
      "I_4,5": 0.011693336364401175,
      "I_4,6": 0.34452617935977914,
      "I_4,7": 0.1414113734221092,
      "I_5,6": 0.005118580425334418,
      "I_5,7": 0.003640583031811473,
      "I_6,7": 0.08032269618038845
    },
    {
      "I_0,1": 0.344697494999638,
      "I_0,2": 0.28653013101036917,
      "I_0,3": 0.030903247791262967,
      "I_0,4": 0.07904135871095952,
      "I_0,5": 0.2537711024034155,
      "I_0,6": 0.12649246841931516,
      "I_0,7": 0.11719264013680131,
      "I_1,2": 0.22997544361042577,
      "I_1,3": 0.07356632719960121,
      "I_1,4": 0.10415124560023292,
      "I_1,5": 0.18942625242803057,
      "I_1,6": 0.2457346313264892,
      "I_1,7": 0.13825972438281253,
      "I_2,3": 0.01743659956239685,
      "I_2,4": 0.10647473337290014,
      "I_2,5": 0.08985212176431068,
      "I_2,6": 0.45440863235315,
      "I_2,7": 0.07174707534105185,
      "I_3,4": 0.5377537706841204,
      "I_3,5": 0.059247500674688425,
      "I_3,6": 0.10371930397830842,
      "I_3,7": 0.27203593360321676,
      "I_4,5": 0.047700393143561115,
      "I_4,6": 0.1366715232306821,
      "I_4,7": 0.07362401453540102,
      "I_5,6": 0.03748211552718095,
      "I_5,7": 0.3372901092753309,
      "I_6,7": 0.05088515387289694
    },
    {
      "I_0,1": 0.18554528187986818,
      "I_0,2": 0.3482818814641564,
      "I_0,3": 0.010127495306264,
      "I_0,4": 0.024101668969364498,
      "I_0,5": 0.1822025538196932,
      "I_0,6": 0.266545210145408,
      "I_0,7": 0.10759248797441168,
      "I_1,2": 0.2144360377866361,
      "I_1,3": 0.07015359403658228,
      "I_1,4": 0.04817335177348392,
      "I_1,5": 0.15370876150263113,
      "I_1,6": 0.24337712436757908,
      "I_1,7": 0.17958988915159146,
      "I_2,3": 0.02768532498175147,
      "I_2,4": 0.023170200551367204,
      "I_2,5": 0.17641496190633754,
      "I_2,6": 0.3969381731314163,
      "I_2,7": 0.15043124494112092,
      "I_3,4": 0.5242197754278104,
      "I_3,5": 0.05024296049290444,
      "I_3,6": 0.047733548337402176,
      "I_3,7": 0.1566390682329284,
      "I_4,5": 0.03902805274284615,
      "I_4,6": 0.03486416028354733,
      "I_4,7": 0.07467024357878449,
      "I_5,6": 0.16251918851323532,
      "I_5,7": 0.2735861628775149,
      "I_6,7": 0.10961488844655087
    }
  ],
  "distance_matrix_per_timestep": [
    [
      [
        0.0,
        2.9352766923230327,
        2.406411026491214,
        2.7603826131524523,
        3.1099617016866454,
        4.053542612887646,
        1.4859154363764047,
        3.247146691510608
      ],
      [
        2.9352766923230327,
        0.0,
        1.7121544586736952,
        3.7625363022605125,
        0.5582114040007028,
        1.1182659205646128,
        2.678462314074969,
        3.2757722239023566
      ],
      [
        2.406411026491214,
        1.7121544586736952,
        0.0,
        3.152236968572266,
        2.2688181436843964,
        2.830420379238308,
        0.9663078554012735,
        2.6654728902141103
      ],
      [
        2.7603826131524523,
        3.7625363022605125,
        3.152236968572266,
        0.0,
        3.20432489825981,
        4.8808022228251255,
        4.11854482397354,
        0.4867640783581559
      ],
      [
        3.1099617016866454,
        0.5582114040007028,
        2.2688181436843964,
        3.20432489825981,
        0.0,
        1.6764773245653157,
        3.23512599908567,
        2.717560819901654
      ],
      [
        4.053542612887646,
        1.1182659205646128,
        2.830420379238308,
        4.8808022228251255,
        1.6764773245653157,
        0.0,
        3.7967282346395814,
        4.39403814446697
      ],
      [
        1.4859154363764047,
        2.678462314074969,
        0.9663078554012735,
        4.118544823973539,
        3.23512599908567,
        3.7967282346395814,
        0.0,
        3.6317807456153837
      ],
      [
        3.247146691510608,
        3.2757722239023566,
        2.6654728902141103,
        0.4867640783581559,
        2.717560819901654,
        4.394038144466969,
        3.6317807456153837,
        0.0
      ]
    ],
    [
      [
        0.0,
        1.674446166309737,
        1.3490740189717836,
        2.64731070187006,
        2.204643650427579,
        2.4393454608176364,
        1.8958241148878492,
        1.844338372052717
      ],
      [
        1.674446166309737,
        0.0,
        0.7277158648190594,
        2.6141149226016127,
        2.0085088002078386,
        1.2137622652530025,
        1.5711520790694495,
        3.121430036136126
      ],
      [
        1.3490740189717836,
        0.7277158648190594,
        0.0,
        2.689635600213085,
        2.0497486838099492,
        1.9414781300720618,
        1.7859836190503173,
        2.7962534120025704
      ],
      [
        2.64731070187006,
        2.6141149226016127,
        2.689635600213085,
        0.0,
        0.6398869164031357,
        3.8278771878546154,
        1.5504658775957474,
        0.8029723298173429
      ],
      [
        2.204643650427579,
        2.0085088002078386,
        2.0497486838099492,
        0.6398869164031357,
        0.0,
        3.2222710654608413,
        1.0655851990796164,
        1.4428592462204786
      ],
      [
        2.4393454608176364,
        1.2137622652530025,
        1.9414781300720618,
        3.8278771878546154,
        3.2222710654608413,
        0.0,
        2.784914344322452,
        4.283683832870353
      ],
      [
        1.8958241148878492,
        1.5711520790694495,
        1.7859836190503173,
        1.5504658775957474,
        1.0655851990796164,
        2.784914344322452,
        0.0,
        2.3534382074130904
      ],
      [
        1.844338372052717,
        3.121430036136126,
        2.7962534120025704,
        0.8029723298173429,
        1.4428592462204786,
        4.283683832870353,
        2.3534382074130904,
        0.0
      ]
    ],
    [
      [
        0.0,
        1.0650880726756335,
        1.2499115790365878,
        3.158138534415241,
        2.5377840355212515,
        1.3713225899029746,
        2.038669993536177,
        2.143936201278634
      ],
      [
        1.0650880726756335,
        0.0,
        1.4697827426701264,
        2.6095678688123227,
        2.2619111516708883,
        1.6637554994508805,
        1.40350305974771,
        1.9786213019371879
      ],
      [
        1.2499115790365878,
        1.4697827426701264,
        0.0,
        2.860202066198652,
        2.2398475673046625,
        2.409590051514852,
        0.7887584144995892,
        2.634608186970378
      ],
      [
        3.158138534415241,
        2.6095678688123227,
        2.860202066198652,
        0.0,
        0.6203544988939897,
        2.3886329731484532,
        2.2660670289174094,
        1.3018211125763877
      ],
      [
        2.5377840355212515,
        2.2619111516708883,
        2.2398475673046625,
        0.6203544988939897,
        0.0,
        3.0089874720424428,
        1.9901748727490167,
        1.9221756114703774
      ],
      [
        1.3713225899029746,
        1.6637554994508805,
        2.409590051514852,
        2.3886329731484532,
        3.0089874720424428,
        0.0,
        3.0672585591985904,
        1.0868118605720656
      ],
      [
        2.038669993536177,
        1.40350305974771,
        0.7887584144995892,
        2.2660670289174094,
        1.9901748727490167,
        3.0672585591985904,
        0.0,
        2.9781840704085125
      ],
      [
        2.143936201278634,
        1.9786213019371879,
        2.634608186970378,
        1.3018211125763877,
        1.9221756114703774,
        1.0868118605720656,
        2.9781840704085125,
        0.0
      ]
    ],
    [
      [
        0.0,
        1.6844563195548536,
        1.0547431228766826,
        4.08321549673532,
        3.725474189042475,
        1.7026362776810022,
        1.3222114056913408,
        2.229404448055793
      ],
      [
        1.6844563195548536,
        0.0,
        1.5397437772190754,
        2.657068240152588,
        3.0329492785833647,
        1.8726956261414216,
        1.4131430865448014,
        1.7170794211820881
      ],
      [
        1.0547431228766826,
        1.5397437772190754,
        0.0,
        3.5868527902262937,
        3.764888284927181,
        1.7349163209431566,
        0.9239747456082791,
        1.8942491434233755
      ],
      [
        4.08321549673532,
        2.657068240152588,
        3.5868527902262937,
        0.0,
        0.6458442638371918,
        2.9908848315498733,
        3.0421208088586607,
        1.8538110486795263
      ],
      [
        3.725474189042475,
        3.0329492785833647,
        3.764888284927181,
        0.6458442638371918,
        0.0,
        3.2434745903269193,
        3.3562959033963575,
        2.499655312516718
      ],
      [
        1.7026362776810022,
        1.8726956261414216,
        1.7349163209431566,
        2.9908848315498733,
        3.2434745903269193,
        0.0,
        1.816959201025241,
        1.2961386687907523
      ],
      [
        1.3222114056913408,
        1.4131430865448014,
        0.9239747456082791,
        3.0421208088586607,
        3.3562959033963575,
        1.816959201025241,
        0.0,
        2.2107820702036856
      ],
      [
        2.229404448055793,
        1.7170794211820881,
        1.8942491434233755,
        1.8538110486795263,
        2.499655312516718,
        1.2961386687907523,
        2.2107820702036856,
        0.0
      ]
    ]
  ],
  "edge_mi": {
    "0,1": 0.18554528187986818,
    "0,2": 0.3482818814641564,
    "0,3": 0.010127495306264,
    "0,4": 0.024101668969364498,
    "0,5": 0.1822025538196932,
    "0,6": 0.266545210145408,
    "0,7": 0.10759248797441168,
    "1,2": 0.2144360377866361,
    "1,3": 0.07015359403658228,
    "1,4": 0.04817335177348392,
    "1,5": 0.15370876150263113,
    "1,6": 0.24337712436757908,
    "1,7": 0.17958988915159146,
    "2,3": 0.02768532498175147,
    "2,4": 0.023170200551367204,
    "2,5": 0.17641496190633754,
    "2,6": 0.3969381731314163,
    "2,7": 0.15043124494112092,
    "3,4": 0.5242197754278104,
    "3,5": 0.05024296049290444,
    "3,6": 0.047733548337402176,
    "3,7": 0.1566390682329284,
    "4,5": 0.03902805274284615,
    "4,6": 0.03486416028354733,
    "4,7": 0.07467024357878449,
    "5,6": 0.16251918851323532,
    "5,7": 0.2735861628775149,
    "6,7": 0.10961488844655087
  },
  "distance_matrix": [
    [
      0.0,
      1.6844563195548536,
      1.0547431228766826,
      4.08321549673532,
      3.725474189042475,
      1.7026362776810022,
      1.3222114056913408,
      2.229404448055793
    ],
    [
      1.6844563195548536,
      0.0,
      1.5397437772190754,
      2.657068240152588,
      3.0329492785833647,
      1.8726956261414216,
      1.4131430865448014,
      1.7170794211820881
    ],
    [
      1.0547431228766826,
      1.5397437772190754,
      0.0,
      3.5868527902262937,
      3.764888284927181,
      1.7349163209431566,
      0.9239747456082791,
      1.8942491434233755
    ],
    [
      4.08321549673532,
      2.657068240152588,
      3.5868527902262937,
      0.0,
      0.6458442638371918,
      2.9908848315498733,
      3.0421208088586607,
      1.8538110486795263
    ],
    [
      3.725474189042475,
      3.0329492785833647,
      3.764888284927181,
      0.6458442638371918,
      0.0,
      3.2434745903269193,
      3.3562959033963575,
      2.499655312516718
    ],
    [
      1.7026362776810022,
      1.8726956261414216,
      1.7349163209431566,
      2.9908848315498733,
      3.2434745903269193,
      0.0,
      1.816959201025241,
      1.2961386687907523
    ],
    [
      1.3222114056913408,
      1.4131430865448014,
      0.9239747456082791,
      3.0421208088586607,
      3.3562959033963575,
      1.816959201025241,
      0.0,
      2.2107820702036856
    ],
    [
      2.229404448055793,
      1.7170794211820881,
      1.8942491434233755,
      1.8538110486795263,
      2.499655312516718,
      1.2961386687907523,
      2.2107820702036856,
      0.0
    ]
  ],
  "shortest_paths": {
    "0": {
      "0": 0,
      "2": 1.0547431228766826,
      "6": 1.3222114056913408,
      "1": 1.6844563195548536,
      "5": 1.7026362776810022,
      "7": 2.229404448055793,
      "4": 3.725474189042475,
      "3": 4.08321549673532
    },
    "1": {
      "1": 0,
      "6": 1.4131430865448014,
      "2": 1.5397437772190754,
      "0": 1.6844563195548536,
      "7": 1.7170794211820881,
      "5": 1.8726956261414216,
      "3": 2.657068240152588,
      "4": 3.0329492785833647
    },
    "2": {
      "2": 0,
      "6": 0.9239747456082791,
      "0": 1.0547431228766826,
      "1": 1.5397437772190754,
      "5": 1.7349163209431566,
      "7": 1.8942491434233755,
      "3": 3.5868527902262937,
      "4": 3.764888284927181
    },
    "3": {
      "3": 0,
      "4": 0.6458442638371918,
      "7": 1.8538110486795263,
      "1": 2.657068240152588,
      "5": 2.9908848315498733,
      "6": 3.0421208088586607,
      "2": 3.5868527902262937,
      "0": 4.08321549673532
    },
    "4": {
      "4": 0,
      "3": 0.6458442638371918,
      "7": 2.499655312516718,
      "1": 3.0329492785833647,
      "5": 3.2434745903269193,
      "6": 3.3562959033963575,
      "0": 3.725474189042475,
      "2": 3.764888284927181
    },
    "5": {
      "5": 0,
      "7": 1.2961386687907523,
      "0": 1.7026362776810022,
      "2": 1.7349163209431566,
      "6": 1.816959201025241,
      "1": 1.8726956261414216,
      "3": 2.9908848315498733,
      "4": 3.2434745903269193
    },
    "6": {
      "6": 0,
      "2": 0.9239747456082791,
      "0": 1.3222114056913408,
      "1": 1.4131430865448014,
      "5": 1.816959201025241,
      "7": 2.2107820702036856,
      "3": 3.0421208088586607,
      "4": 3.3562959033963575
    },
    "7": {
      "7": 0,
      "5": 1.2961386687907523,
      "1": 1.7170794211820881,
      "3": 1.8538110486795263,
      "2": 1.8942491434233755,
      "6": 2.2107820702036856,
      "0": 2.229404448055793,
      "4": 2.499655312516718
    }
  },
  "gromov_delta": 3.5814227109703016,
  "mean_distance": 1.965489646055438,
  "angle_sums": [
    5.140351034853548,
    3.141592653589793,
    3.141592653589793,
    2.042892802781871,
    3.141592653589793,
    3.141592653589793,
    3.141592653589793,
    3.141592653589793,
    2.5239346877582927,
    3.141592653589793,
    3.141592653589793,
    3.141592653589793,
    3.141592653589793,
    3.141592653589793,
    3.141592653589793,
    3.141592653589793,
    3.141592653589793,
    3.141592653589793,
    3.141592653589793,
    3.141592653589793,
    3.141592653589793,
    3.141592653589793,
    6.093202936234148,
    5.079845847837004,
    3.141592653589793,
    4.570582566178344,
    3.141592653589793,
    3.141592653589793,
    3.141592653589793,
    3.141592653589793,
    3.141592653589793,
    3.141592653589793,
    3.141592653589793,
    3.141592653589793,
    2.4169311669546563,
    3.141592653589793,
    2.8148194770243786,
    2.7675767350302745,
    2.6793897990173554,
    3.0831843308523847,
    2.9004940747383294,
    2.7507604868167226,
    2.836707416773391,
    2.8279127467088214,
    2.7105656775461346,
    2.7730130326344944,
    3.141592653589793,
    2.885291772867897,
    3.1152538568647743,
    2.8236613883814816,
    3.141592653589793,
    3.141592653589793,
    3.008015857875436,
    2.9823632990413285,
    2.9162080927380387,
    2.8965064109712104
  ],
  "mean_angle_sum": 2.254537156182643,
  "min_angle_sum": 1.679036256418161,
  "max_angle_sum": 3.141592653589793,
  "angle_sum_deviations": [
    -0.6326197131345497,
    -0.737185399786422,
    -1.2663732880854075,
    -0.9583146806975646,
    -0.7136072437442795,
    -0.9962816023745829,
    -0.8488589372256401,
    -0.9573341953548833,
    -0.6707677933758847,
    -0.41999512249356297,
    -0.7189720074472139,
    -0.5068995176565729,
    -1.087799758682169,
    -0.7121779300840316,
    0.0,
    -1.3556526566970506,
    -1.109046891631758,
    -1.3686121001623808,
    -0.8108667979720989,
    -0.7937415813118087,
    -0.955738605552773,
    -1.005330438260858,
    -1.140423259411913,
    -0.9171640788917736,
    -0.5288310071571036,
    -0.9154334803742885,
    -0.45730298101792455,
    -1.3815331186682578,
    -1.0967113941541187,
    -1.0288479121020409,
    -1.4579580847074909,
    -1.1558061871167693,
    -1.2427560516773428,
    -0.8850115461558938,
    -0.808659759029561,
    -0.8679502931337377,
    -0.5790640045063187,
    -1.3234811648755327,
    -0.6663997295227793,
    -0.5556379682872019,
    -1.3697754666839432,
    -0.7530507176584802,
    -1.097283761723597,
    -0.6119041755435699,
    -0.8151422775775692,
    -0.6330643360964374,
    -0.5329281430457038,
    -0.5095611529232582,
    -8.728898048815381e-09,
    -1.4138920826821306,
    -0.47045934122123567,
    -1.1996819269717154,
    -1.4579717688143605,
    -0.870533782290845,
    -1.4625563971716322,
    -0.8421542331454894
  ],
  "triangle_inequality_violations": [],
  "embedding_coords": [
    [
      0.07180652026866483,
      1.7650351112080627
    ],
    [
      -0.8201212064219707,
      0.09180419393443372
    ],
    [
      -0.4394359424857824,
      1.3554749939100545
    ],
    [
      0.3825454105133447,
      -2.1380551828024292
    ],
    [
      -0.12493184117487276,
      -2.4092045613748887
    ],
    [
      1.0641622016039216,
      0.703036601641862
    ],
    [
      -0.9427216306099302,
      0.9420852359136951
    ],
    [
      0.808696488306625,
      -0.31017639243079065
    ]
  ],
  "edge_weight_variance": 0.003339405242346938,
  "event_nodes": [
    [
      0,
      0
    ],
    [
      1,
      0
    ],
    [
      2,
      0
    ],
    [
      3,
      0
    ],
    [
      4,
      0
    ],
    [
      5,
      0
    ],
    [
      6,
      0
    ],
    [
      7,
      0
    ],
    [
      0,
      1
    ],
    [
      1,
      1
    ],
    [
      2,
      1
    ],
    [
      3,
      1
    ],
    [
      4,
      1
    ],
    [
      5,
      1
    ],
    [
      6,
      1
    ],
    [
      7,
      1
    ],
    [
      0,
      2
    ],
    [
      1,
      2
    ],
    [
      2,
      2
    ],
    [
      3,
      2
    ],
    [
      4,
      2
    ],
    [
      5,
      2
    ],
    [
      6,
      2
    ],
    [
      7,
      2
    ],
    [
      0,
      3
    ],
    [
      1,
      3
    ],
    [
      2,
      3
    ],
    [
      3,
      3
    ],
    [
      4,
      3
    ],
    [
      5,
      3
    ],
    [
      6,
      3
    ],
    [
      7,
      3
    ]
  ],
  "event_edges": [
    {
      "type": "spatial",
      "from": [
        0,
        0
      ],
      "to": [
        1,
        0
      ],
      "weight": 2.9352766923230327
    },
    {
      "type": "spatial",
      "from": [
        0,
        0
      ],
      "to": [
        2,
        0
      ],
      "weight": 2.406411026491214
    },
    {
      "type": "spatial",
      "from": [
        0,
        0
      ],
      "to": [
        3,
        0
      ],
      "weight": 2.7603826131524523
    },
    {
      "type": "spatial",
      "from": [
        0,
        0
      ],
      "to": [
        4,
        0
      ],
      "weight": 3.1099617016866454
    },
    {
      "type": "spatial",
      "from": [
        0,
        0
      ],
      "to": [
        5,
        0
      ],
      "weight": 4.053542612887646
    },
    {
      "type": "spatial",
      "from": [
        0,
        0
      ],
      "to": [
        6,
        0
      ],
      "weight": 1.4859154363764047
    },
    {
      "type": "spatial",
      "from": [
        0,
        0
      ],
      "to": [
        7,
        0
      ],
      "weight": 3.247146691510608
    },
    {
      "type": "spatial",
      "from": [
        1,
        0
      ],
      "to": [
        2,
        0
      ],
      "weight": 1.7121544586736952
    },
    {
      "type": "spatial",
      "from": [
        1,
        0
      ],
      "to": [
        3,
        0
      ],
      "weight": 3.7625363022605125
    },
    {
      "type": "spatial",
      "from": [
        1,
        0
      ],
      "to": [
        4,
        0
      ],
      "weight": 0.5582114040007028
    },
    {
      "type": "spatial",
      "from": [
        1,
        0
      ],
      "to": [
        5,
        0
      ],
      "weight": 1.1182659205646128
    },
    {
      "type": "spatial",
      "from": [
        1,
        0
      ],
      "to": [
        6,
        0
      ],
      "weight": 2.678462314074969
    },
    {
      "type": "spatial",
      "from": [
        1,
        0
      ],
      "to": [
        7,
        0
      ],
      "weight": 3.2757722239023566
    },
    {
      "type": "spatial",
      "from": [
        2,
        0
      ],
      "to": [
        3,
        0
      ],
      "weight": 3.152236968572266
    },
    {
      "type": "spatial",
      "from": [
        2,
        0
      ],
      "to": [
        4,
        0
      ],
      "weight": 2.2688181436843964
    },
    {
      "type": "spatial",
      "from": [
        2,
        0
      ],
      "to": [
        5,
        0
      ],
      "weight": 2.830420379238308
    },
    {
      "type": "spatial",
      "from": [
        2,
        0
      ],
      "to": [
        6,
        0
      ],
      "weight": 0.9663078554012735
    },
    {
      "type": "spatial",
      "from": [
        2,
        0
      ],
      "to": [
        7,
        0
      ],
      "weight": 2.6654728902141103
    },
    {
      "type": "spatial",
      "from": [
        3,
        0
      ],
      "to": [
        4,
        0
      ],
      "weight": 3.20432489825981
    },
    {
      "type": "spatial",
      "from": [
        3,
        0
      ],
      "to": [
        5,
        0
      ],
      "weight": 4.8808022228251255
    },
    {
      "type": "spatial",
      "from": [
        3,
        0
      ],
      "to": [
        6,
        0
      ],
      "weight": 4.11854482397354
    },
    {
      "type": "spatial",
      "from": [
        3,
        0
      ],
      "to": [
        7,
        0
      ],
      "weight": 0.4867640783581559
    },
    {
      "type": "spatial",
      "from": [
        4,
        0
      ],
      "to": [
        5,
        0
      ],
      "weight": 1.6764773245653157
    },
    {
      "type": "spatial",
      "from": [
        4,
        0
      ],
      "to": [
        6,
        0
      ],
      "weight": 3.23512599908567
    },
    {
      "type": "spatial",
      "from": [
        4,
        0
      ],
      "to": [
        7,
        0
      ],
      "weight": 2.717560819901654
    },
    {
      "type": "spatial",
      "from": [
        5,
        0
      ],
      "to": [
        6,
        0
      ],
      "weight": 3.7967282346395814
    },
    {
      "type": "spatial",
      "from": [
        5,
        0
      ],
      "to": [
        7,
        0
      ],
      "weight": 4.39403814446697
    },
    {
      "type": "spatial",
      "from": [
        6,
        0
      ],
      "to": [
        7,
        0
      ],
      "weight": 3.6317807456153837
    },
    {
      "type": "temporal",
      "from": [
        0,
        0
      ],
      "to": [
        0,
        1
      ],
      "weight": 1.0
    },
    {
      "type": "temporal",
      "from": [
        1,
        0
      ],
      "to": [
        1,
        1
      ],
      "weight": 1.0
    },
    {
      "type": "temporal",
      "from": [
        2,
        0
      ],
      "to": [
        2,
        1
      ],
      "weight": 1.0
    },
    {
      "type": "temporal",
      "from": [
        3,
        0
      ],
      "to": [
        3,
        1
      ],
      "weight": 1.0
    },
    {
      "type": "temporal",
      "from": [
        4,
        0
      ],
      "to": [
        4,
        1
      ],
      "weight": 1.0
    },
    {
      "type": "temporal",
      "from": [
        5,
        0
      ],
      "to": [
        5,
        1
      ],
      "weight": 1.0
    },
    {
      "type": "temporal",
      "from": [
        6,
        0
      ],
      "to": [
        6,
        1
      ],
      "weight": 1.0
    },
    {
      "type": "temporal",
      "from": [
        7,
        0
      ],
      "to": [
        7,
        1
      ],
      "weight": 1.0
    },
    {
      "type": "spatial",
      "from": [
        0,
        1
      ],
      "to": [
        1,
        1
      ],
      "weight": 1.674446166309737
    },
    {
      "type": "spatial",
      "from": [
        0,
        1
      ],
      "to": [
        2,
        1
      ],
      "weight": 1.3490740189717836
    },
    {
      "type": "spatial",
      "from": [
        0,
        1
      ],
      "to": [
        3,
        1
      ],
      "weight": 2.64731070187006
    },
    {
      "type": "spatial",
      "from": [
        0,
        1
      ],
      "to": [
        4,
        1
      ],
      "weight": 2.204643650427579
    },
    {
      "type": "spatial",
      "from": [
        0,
        1
      ],
      "to": [
        5,
        1
      ],
      "weight": 2.4393454608176364
    },
    {
      "type": "spatial",
      "from": [
        0,
        1
      ],
      "to": [
        6,
        1
      ],
      "weight": 1.8958241148878492
    },
    {
      "type": "spatial",
      "from": [
        0,
        1
      ],
      "to": [
        7,
        1
      ],
      "weight": 1.844338372052717
    },
    {
      "type": "spatial",
      "from": [
        1,
        1
      ],
      "to": [
        2,
        1
      ],
      "weight": 0.7277158648190594
    },
    {
      "type": "spatial",
      "from": [
        1,
        1
      ],
      "to": [
        3,
        1
      ],
      "weight": 2.6141149226016127
    },
    {
      "type": "spatial",
      "from": [
        1,
        1
      ],
      "to": [
        4,
        1
      ],
      "weight": 2.0085088002078386
    },
    {
      "type": "spatial",
      "from": [
        1,
        1
      ],
      "to": [
        5,
        1
      ],
      "weight": 1.2137622652530025
    },
    {
      "type": "spatial",
      "from": [
        1,
        1
      ],
      "to": [
        6,
        1
      ],
      "weight": 1.5711520790694495
    },
    {
      "type": "spatial",
      "from": [
        1,
        1
      ],
      "to": [
        7,
        1
      ],
      "weight": 3.121430036136126
    },
    {
      "type": "spatial",
      "from": [
        2,
        1
      ],
      "to": [
        3,
        1
      ],
      "weight": 2.689635600213085
    },
    {
      "type": "spatial",
      "from": [
        2,
        1
      ],
      "to": [
        4,
        1
      ],
      "weight": 2.0497486838099492
    },
    {
      "type": "spatial",
      "from": [
        2,
        1
      ],
      "to": [
        5,
        1
      ],
      "weight": 1.9414781300720618
    },
    {
      "type": "spatial",
      "from": [
        2,
        1
      ],
      "to": [
        6,
        1
      ],
      "weight": 1.7859836190503173
    },
    {
      "type": "spatial",
      "from": [
        2,
        1
      ],
      "to": [
        7,
        1
      ],
      "weight": 2.7962534120025704
    },
    {
      "type": "spatial",
      "from": [
        3,
        1
      ],
      "to": [
        4,
        1
      ],
      "weight": 0.6398869164031357
    },
    {
      "type": "spatial",
      "from": [
        3,
        1
      ],
      "to": [
        5,
        1
      ],
      "weight": 3.8278771878546154
    },
    {
      "type": "spatial",
      "from": [
        3,
        1
      ],
      "to": [
        6,
        1
      ],
      "weight": 1.5504658775957474
    },
    {
      "type": "spatial",
      "from": [
        3,
        1
      ],
      "to": [
        7,
        1
      ],
      "weight": 0.8029723298173429
    },
    {
      "type": "spatial",
      "from": [
        4,
        1
      ],
      "to": [
        5,
        1
      ],
      "weight": 3.2222710654608413
    },
    {
      "type": "spatial",
      "from": [
        4,
        1
      ],
      "to": [
        6,
        1
      ],
      "weight": 1.0655851990796164
    },
    {
      "type": "spatial",
      "from": [
        4,
        1
      ],
      "to": [
        7,
        1
      ],
      "weight": 1.4428592462204786
    },
    {
      "type": "spatial",
      "from": [
        5,
        1
      ],
      "to": [
        6,
        1
      ],
      "weight": 2.784914344322452
    },
    {
      "type": "spatial",
      "from": [
        5,
        1
      ],
      "to": [
        7,
        1
      ],
      "weight": 4.283683832870353
    },
    {
      "type": "spatial",
      "from": [
        6,
        1
      ],
      "to": [
        7,
        1
      ],
      "weight": 2.3534382074130904
    },
    {
      "type": "temporal",
      "from": [
        0,
        1
      ],
      "to": [
        0,
        2
      ],
      "weight": 1.0
    },
    {
      "type": "temporal",
      "from": [
        1,
        1
      ],
      "to": [
        1,
        2
      ],
      "weight": 1.0
    },
    {
      "type": "temporal",
      "from": [
        2,
        1
      ],
      "to": [
        2,
        2
      ],
      "weight": 1.0
    },
    {
      "type": "temporal",
      "from": [
        3,
        1
      ],
      "to": [
        3,
        2
      ],
      "weight": 1.0
    },
    {
      "type": "temporal",
      "from": [
        4,
        1
      ],
      "to": [
        4,
        2
      ],
      "weight": 1.0
    },
    {
      "type": "temporal",
      "from": [
        5,
        1
      ],
      "to": [
        5,
        2
      ],
      "weight": 1.0
    },
    {
      "type": "temporal",
      "from": [
        6,
        1
      ],
      "to": [
        6,
        2
      ],
      "weight": 1.0
    },
    {
      "type": "temporal",
      "from": [
        7,
        1
      ],
      "to": [
        7,
        2
      ],
      "weight": 1.0
    },
    {
      "type": "spatial",
      "from": [
        0,
        2
      ],
      "to": [
        1,
        2
      ],
      "weight": 1.0650880726756335
    },
    {
      "type": "spatial",
      "from": [
        0,
        2
      ],
      "to": [
        2,
        2
      ],
      "weight": 1.2499115790365878
    },
    {
      "type": "spatial",
      "from": [
        0,
        2
      ],
      "to": [
        3,
        2
      ],
      "weight": 3.158138534415241
    },
    {
      "type": "spatial",
      "from": [
        0,
        2
      ],
      "to": [
        4,
        2
      ],
      "weight": 2.5377840355212515
    },
    {
      "type": "spatial",
      "from": [
        0,
        2
      ],
      "to": [
        5,
        2
      ],
      "weight": 1.3713225899029746
    },
    {
      "type": "spatial",
      "from": [
        0,
        2
      ],
      "to": [
        6,
        2
      ],
      "weight": 2.038669993536177
    },
    {
      "type": "spatial",
      "from": [
        0,
        2
      ],
      "to": [
        7,
        2
      ],
      "weight": 2.143936201278634
    },
    {
      "type": "spatial",
      "from": [
        1,
        2
      ],
      "to": [
        2,
        2
      ],
      "weight": 1.4697827426701264
    },
    {
      "type": "spatial",
      "from": [
        1,
        2
      ],
      "to": [
        3,
        2
      ],
      "weight": 2.6095678688123227
    },
    {
      "type": "spatial",
      "from": [
        1,
        2
      ],
      "to": [
        4,
        2
      ],
      "weight": 2.2619111516708883
    },
    {
      "type": "spatial",
      "from": [
        1,
        2
      ],
      "to": [
        5,
        2
      ],
      "weight": 1.6637554994508805
    },
    {
      "type": "spatial",
      "from": [
        1,
        2
      ],
      "to": [
        6,
        2
      ],
      "weight": 1.40350305974771
    },
    {
      "type": "spatial",
      "from": [
        1,
        2
      ],
      "to": [
        7,
        2
      ],
      "weight": 1.9786213019371879
    },
    {
      "type": "spatial",
      "from": [
        2,
        2
      ],
      "to": [
        3,
        2
      ],
      "weight": 2.860202066198652
    },
    {
      "type": "spatial",
      "from": [
        2,
        2
      ],
      "to": [
        4,
        2
      ],
      "weight": 2.2398475673046625
    },
    {
      "type": "spatial",
      "from": [
        2,
        2
      ],
      "to": [
        5,
        2
      ],
      "weight": 2.409590051514852
    },
    {
      "type": "spatial",
      "from": [
        2,
        2
      ],
      "to": [
        6,
        2
      ],
      "weight": 0.7887584144995892
    },
    {
      "type": "spatial",
      "from": [
        2,
        2
      ],
      "to": [
        7,
        2
      ],
      "weight": 2.634608186970378
    },
    {
      "type": "spatial",
      "from": [
        3,
        2
      ],
      "to": [
        4,
        2
      ],
      "weight": 0.6203544988939897
    },
    {
      "type": "spatial",
      "from": [
        3,
        2
      ],
      "to": [
        5,
        2
      ],
      "weight": 2.3886329731484532
    },
    {
      "type": "spatial",
      "from": [
        3,
        2
      ],
      "to": [
        6,
        2
      ],
      "weight": 2.2660670289174094
    },
    {
      "type": "spatial",
      "from": [
        3,
        2
      ],
      "to": [
        7,
        2
      ],
      "weight": 1.3018211125763877
    },
    {
      "type": "spatial",
      "from": [
        4,
        2
      ],
      "to": [
        5,
        2
      ],
      "weight": 3.0089874720424428
    },
    {
      "type": "spatial",
      "from": [
        4,
        2
      ],
      "to": [
        6,
        2
      ],
      "weight": 1.9901748727490167
    },
    {
      "type": "spatial",
      "from": [
        4,
        2
      ],
      "to": [
        7,
        2
      ],
      "weight": 1.9221756114703774
    },
    {
      "type": "spatial",
      "from": [
        5,
        2
      ],
      "to": [
        6,
        2
      ],
      "weight": 3.0672585591985904
    },
    {
      "type": "spatial",
      "from": [
        5,
        2
      ],
      "to": [
        7,
        2
      ],
      "weight": 1.0868118605720656
    },
    {
      "type": "spatial",
      "from": [
        6,
        2
      ],
      "to": [
        7,
        2
      ],
      "weight": 2.9781840704085125
    },
    {
      "type": "temporal",
      "from": [
        0,
        2
      ],
      "to": [
        0,
        3
      ],
      "weight": 1.0
    },
    {
      "type": "temporal",
      "from": [
        1,
        2
      ],
      "to": [
        1,
        3
      ],
      "weight": 1.0
    },
    {
      "type": "temporal",
      "from": [
        2,
        2
      ],
      "to": [
        2,
        3
      ],
      "weight": 1.0
    },
    {
      "type": "temporal",
      "from": [
        3,
        2
      ],
      "to": [
        3,
        3
      ],
      "weight": 1.0
    },
    {
      "type": "temporal",
      "from": [
        4,
        2
      ],
      "to": [
        4,
        3
      ],
      "weight": 1.0
    },
    {
      "type": "temporal",
      "from": [
        5,
        2
      ],
      "to": [
        5,
        3
      ],
      "weight": 1.0
    },
    {
      "type": "temporal",
      "from": [
        6,
        2
      ],
      "to": [
        6,
        3
      ],
      "weight": 1.0
    },
    {
      "type": "temporal",
      "from": [
        7,
        2
      ],
      "to": [
        7,
        3
      ],
      "weight": 1.0
    },
    {
      "type": "spatial",
      "from": [
        0,
        3
      ],
      "to": [
        1,
        3
      ],
      "weight": 1.6844563195548536
    },
    {
      "type": "spatial",
      "from": [
        0,
        3
      ],
      "to": [
        2,
        3
      ],
      "weight": 1.0547431228766826
    },
    {
      "type": "spatial",
      "from": [
        0,
        3
      ],
      "to": [
        3,
        3
      ],
      "weight": 4.08321549673532
    },
    {
      "type": "spatial",
      "from": [
        0,
        3
      ],
      "to": [
        4,
        3
      ],
      "weight": 3.725474189042475
    },
    {
      "type": "spatial",
      "from": [
        0,
        3
      ],
      "to": [
        5,
        3
      ],
      "weight": 1.7026362776810022
    },
    {
      "type": "spatial",
      "from": [
        0,
        3
      ],
      "to": [
        6,
        3
      ],
      "weight": 1.3222114056913408
    },
    {
      "type": "spatial",
      "from": [
        0,
        3
      ],
      "to": [
        7,
        3
      ],
      "weight": 2.229404448055793
    },
    {
      "type": "spatial",
      "from": [
        1,
        3
      ],
      "to": [
        2,
        3
      ],
      "weight": 1.5397437772190754
    },
    {
      "type": "spatial",
      "from": [
        1,
        3
      ],
      "to": [
        3,
        3
      ],
      "weight": 2.657068240152588
    },
    {
      "type": "spatial",
      "from": [
        1,
        3
      ],
      "to": [
        4,
        3
      ],
      "weight": 3.0329492785833647
    },
    {
