{
  "spec": {
    "num_qubits": 8,
    "topology": "complete",
    "custom_edges": null,
    "alpha": 0.8,
    "weight": 1.0,
    "gamma": 0.3,
    "sigma": null,
    "init_angle": 0.0,
    "init_angles": null,
    "shots": 1024,
    "device": "simulator",
    "geometry": "euclidean",
    "curvature": 1.0,
    "timesteps": 1,
    "dimension": 3
  },
  "uid": "1FVVLF",
  "counts": null,
  "mutual_information": [
    {
      "I_0,1": 0.5003666887830152,
      "I_0,2": 0.5003666887830154,
      "I_0,3": 0.5003666887830152,
      "I_0,4": 0.5003666887830136,
      "I_0,5": 0.5003666887830129,
      "I_0,6": 0.5003666887830152,
      "I_0,7": 0.5003666887830156,
      "I_1,2": 0.5003666887830152,
      "I_1,3": 0.5003666887830112,
      "I_1,4": 0.5003666887830152,
      "I_1,5": 0.5003666887830154,
      "I_1,6": 0.5003666887830152,
      "I_1,7": 0.5003666887830149,
      "I_2,3": 0.5003666887830152,
      "I_2,4": 0.5003666887830154,
      "I_2,5": 0.5003666887830152,
      "I_2,6": 0.5003666887830134,
      "I_2,7": 0.5003666887830158,
      "I_3,4": 0.5003666887830132,
      "I_3,5": 0.5003666887830129,
      "I_3,6": 0.5003666887830156,
      "I_3,7": 0.5003666887830154,
      "I_4,5": 0.5003666887830145,
      "I_4,6": 0.5003666887830107,
      "I_4,7": 0.5003666887830147,
      "I_5,6": 0.5003666887830129,
      "I_5,7": 0.5003666887830149,
      "I_6,7": 0.5003666887830152
    }
  ],
  "distance_matrix_per_timestep": [
    [
      [
        0.0,
        0.6924140717838339,
        0.6924140717838334,
        0.6924140717838339,
        0.692414071783837,
        0.6924140717838383,
        0.6924140717838339,
        0.692414071783833
      ],
      [
        0.6924140717838339,
        0.0,
        0.6924140717838339,
        0.6924140717838418,
        0.6924140717838339,
        0.6924140717838334,
        0.6924140717838339,
        0.6924140717838343
      ],
      [
        0.6924140717838334,
        0.6924140717838339,
        0.0,
        0.6924140717838339,
        0.6924140717838334,
        0.6924140717838339,
        0.6924140717838374,
        0.6924140717838325
      ],
      [
        0.6924140717838339,
        0.6924140717838418,
        0.6924140717838339,
        0.0,
        0.6924140717838378,
        0.6924140717838383,
        0.692414071783833,
        0.6924140717838334
      ],
      [
        0.692414071783837,
        0.6924140717838339,
        0.6924140717838334,
        0.6924140717838378,
        0.0,
        0.6924140717838352,
        0.6924140717838427,
        0.6924140717838347
      ],
      [
        0.6924140717838383,
        0.6924140717838334,
        0.6924140717838339,
        0.6924140717838383,
        0.6924140717838352,
        0.0,
        0.6924140717838383,
        0.6924140717838343
      ],
      [
        0.6924140717838339,
        0.6924140717838339,
        0.6924140717838374,
        0.692414071783833,
        0.6924140717838427,
        0.6924140717838383,
        0.0,
        0.6924140717838339
      ],
      [
        0.692414071783833,
        0.6924140717838343,
        0.6924140717838325,
        0.6924140717838334,
        0.6924140717838347,
        0.6924140717838343,
        0.6924140717838339,
        0.0
      ]
    ]
  ],
  "edge_mi": {
    "0,1": 0.5003666887830152,
    "0,2": 0.5003666887830154,
    "0,3": 0.5003666887830152,
    "0,4": 0.5003666887830136,
    "0,5": 0.5003666887830129,
    "0,6": 0.5003666887830152,
    "0,7": 0.5003666887830156,
    "1,2": 0.5003666887830152,
    "1,3": 0.5003666887830112,
    "1,4": 0.5003666887830152,
    "1,5": 0.5003666887830154,
    "1,6": 0.5003666887830152,
    "1,7": 0.5003666887830149,
    "2,3": 0.5003666887830152,
    "2,4": 0.5003666887830154,
    "2,5": 0.5003666887830152,
    "2,6": 0.5003666887830134,
    "2,7": 0.5003666887830158,
    "3,4": 0.5003666887830132,
    "3,5": 0.5003666887830129,
    "3,6": 0.5003666887830156,
    "3,7": 0.5003666887830154,
    "4,5": 0.5003666887830145,
    "4,6": 0.5003666887830107,
    "4,7": 0.5003666887830147,
    "5,6": 0.5003666887830129,
    "5,7": 0.5003666887830149,
    "6,7": 0.5003666887830152
  },
  "distance_matrix": [
    [
      0.0,
      0.6924140717838339,
      0.6924140717838334,
      0.6924140717838339,
      0.692414071783837,
      0.6924140717838383,
      0.6924140717838339,
      0.692414071783833
    ],
    [
      0.6924140717838339,
      0.0,
      0.6924140717838339,
      0.6924140717838418,
      0.6924140717838339,
      0.6924140717838334,
      0.6924140717838339,
      0.6924140717838343
    ],
    [
      0.6924140717838334,
      0.6924140717838339,
      0.0,
      0.6924140717838339,
      0.6924140717838334,
      0.6924140717838339,
      0.6924140717838374,
      0.6924140717838325
    ],
    [
      0.6924140717838339,
      0.6924140717838418,
      0.6924140717838339,
      0.0,
      0.6924140717838378,
      0.6924140717838383,
      0.692414071783833,
      0.6924140717838334
    ],
    [
      0.692414071783837,
      0.6924140717838339,
      0.6924140717838334,
      0.6924140717838378,
      0.0,
      0.6924140717838352,
      0.6924140717838427,
      0.6924140717838347
    ],
    [
      0.6924140717838383,
      0.6924140717838334,
      0.6924140717838339,
      0.6924140717838383,
      0.6924140717838352,
      0.0,
      0.6924140717838383,
      0.6924140717838343
    ],
    [
      0.6924140717838339,
      0.6924140717838339,
      0.6924140717838374,
      0.692414071783833,
      0.6924140717838427,
      0.6924140717838383,
      0.0,
      0.6924140717838339
    ],
    [
      0.692414071783833,
      0.6924140717838343,
      0.6924140717838325,
      0.6924140717838334,
      0.6924140717838347,
      0.6924140717838343,
      0.6924140717838339,
      0.0
    ]
  ],
  "shortest_paths": {
    "0": {
      "0": 0,
      "7": 0.692414071783833,
      "2": 0.6924140717838334,
      "1": 0.6924140717838339,
      "3": 0.6924140717838339,
      "6": 0.6924140717838339,
      "4": 0.692414071783837,
      "5": 0.6924140717838383
    },
    "1": {
      "1": 0,
      "5": 0.6924140717838334,
      "0": 0.6924140717838339,
      "2": 0.6924140717838339,
      "4": 0.6924140717838339,
      "6": 0.6924140717838339,
      "7": 0.6924140717838343,
      "3": 0.6924140717838418
    },
    "2": {
      "2": 0,
      "7": 0.6924140717838325,
      "0": 0.6924140717838334,
      "4": 0.6924140717838334,
      "1": 0.6924140717838339,
      "3": 0.6924140717838339,
      "5": 0.6924140717838339,
      "6": 0.6924140717838374
    },
    "3": {
      "3": 0,
      "6": 0.692414071783833,
      "7": 0.6924140717838334,
      "0": 0.6924140717838339,
      "2": 0.6924140717838339,
      "4": 0.6924140717838378,
      "5": 0.6924140717838383,
      "1": 0.6924140717838418
    },
    "4": {
      "4": 0,
      "2": 0.6924140717838334,
      "1": 0.6924140717838339,
      "7": 0.6924140717838347,
      "5": 0.6924140717838352,
      "0": 0.692414071783837,
      "3": 0.6924140717838378,
      "6": 0.6924140717838427
    },
    "5": {
      "5": 0,
      "1": 0.6924140717838334,
      "2": 0.6924140717838339,
      "7": 0.6924140717838343,
      "4": 0.6924140717838352,
      "0": 0.6924140717838383,
      "3": 0.6924140717838383,
      "6": 0.6924140717838383
    },
    "6": {
      "6": 0,
      "3": 0.692414071783833,
      "0": 0.6924140717838339,
      "1": 0.6924140717838339,
      "7": 0.6924140717838339,
      "2": 0.6924140717838374,
      "5": 0.6924140717838383,
      "4": 0.6924140717838427
    },
    "7": {
      "7": 0,
      "2": 0.6924140717838325,
      "0": 0.692414071783833,
      "3": 0.6924140717838334,
      "6": 0.6924140717838339,
      "1": 0.6924140717838343,
      "5": 0.6924140717838343,
      "4": 0.6924140717838347
    }
  },
  "gromov_delta": 0.3462070358919238,
  "mean_distance": 0.6058623128108558,
  "angle_sums": [
    3.141592653589793,
    3.1415926535897936,
    3.1415926535897936,
    3.141592653589793,
    3.1415926535897936,
    3.141592653589793,
    3.141592653589793,
    3.141592653589793,
    3.1415926535897936,
    3.141592653589793,
    3.1415926535897936,
    3.141592653589793,
    3.141592653589793,
    3.141592653589793,
    3.141592653589793,
    3.1415926535897927,
    3.141592653589793,
    3.141592653589793,
    3.141592653589793,
    3.141592653589793,
    3.141592653589793,
    3.1415926535897936,
    3.141592653589793,
    3.141592653589793,
    3.141592653589793,
    3.141592653589793,
    3.141592653589793,
    3.141592653589793,
    3.141592653589793,
    3.141592653589793,
    3.141592653589794,
    3.141592653589793,
    3.141592653589793,
    3.1415926535897936,
    3.141592653589793,
    3.141592653589793,
    3.141592653589793,
    3.141592653589793,
    3.141592653589793,
    3.141592653589793,
    3.141592653589793,
    3.141592653589793,
    3.141592653589793,
    3.1415926535897936,
    3.141592653589793,
    3.1415926535897936,
    3.1415926535897936,
    3.1415926535897936,
    3.1415926535897936,
    3.1415926535897936,
    3.141592653589793,
    3.141592653589793,
    3.141592653589793,
    3.141592653589793,
    3.1415926535897936,
    3.1415926535897936
  ],
  "mean_angle_sum": 3.141592653589793,
  "min_angle_sum": 3.1415926535897927,
  "max_angle_sum": 3.141592653589794,
  "angle_sum_deviations": [
    0.0,
    4.440892098500626e-16,
    4.440892098500626e-16,
    0.0,
    4.440892098500626e-16,
    0.0,
    0.0,
    0.0,
    4.440892098500626e-16,
    0.0,
    4.440892098500626e-16,
    0.0,
    0.0,
    0.0,
    0.0,
    -4.440892098500626e-16,
    0.0,
    0.0,
    0.0,
    0.0,
    0.0,
    4.440892098500626e-16,
    0.0,
    0.0,
    0.0,
    0.0,
    0.0,
    0.0,
    0.0,
    0.0,
    8.881784197001252e-16,
    0.0,
    0.0,
    4.440892098500626e-16,
    0.0,
    0.0,
    0.0,
    0.0,
    0.0,
    0.0,
    0.0,
    0.0,
    0.0,
    4.440892098500626e-16,
    0.0,
    4.440892098500626e-16,
    4.440892098500626e-16,
    4.440892098500626e-16,
    4.440892098500626e-16,
    4.440892098500626e-16,
    0.0,
    0.0,
    0.0,
    0.0,
    4.440892098500626e-16,
    4.440892098500626e-16
  ],
  "triangle_inequality_violations": [],
  "embedding_coords": [
    [
      -0.13306161128992028,
      0.44586801013392935
    ],
    [
      -0.42923321765331984,
      0.1760766798989026
    ],
    [
      0.011756107346787942,
      0.0011270859099900157
    ],
    [
      0.46718858846605466,
      0.025123597144738025
    ],
    [
      -0.4074057752711716,
      -0.22181774543018878
    ],
    [
      0.307098656610045,
      -0.35173786272748825
    ],
    [
      0.2675278483446179,
      0.3828737849371283
    ],
    [
      -0.08387059655309383,
      -0.45751354986701137
    ]
  ],
  "edge_weight_variance": null,
  "event_nodes": [
    [
      0,
      0
    ],
    [
      1,
      0
    ],
    [
      2,
      0
    ],
    [
      3,
      0
    ],
    [
      4,
      0
    ],
    [
      5,
      0
    ],
    [
      6,
      0
    ],
    [
      7,
      0
    ]
  ],
  "event_edges": [
    {
      "type": "spatial",
      "from": [
        0,
        0
      ],
      "to": [
        1,
        0
      ],
      "weight": 0.6924140717838339
    },
    {
      "type": "spatial",
      "from": [
        0,
        0
      ],
      "to": [
        2,
        0
      ],
      "weight": 0.6924140717838334
    },
    {
      "type": "spatial",
      "from": [
        0,
        0
      ],
      "to": [
        3,
        0
      ],
      "weight": 0.6924140717838339
    },
    {
      "type": "spatial",
      "from": [
        0,
        0
      ],
      "to": [
        4,
        0
      ],
      "weight": 0.692414071783837
    },
    {
      "type": "spatial",
      "from": [
        0,
        0
      ],
      "to": [
        5,
        0
      ],
      "weight": 0.6924140717838383
    },
    {
      "type": "spatial",
      "from": [
        0,
        0
      ],
      "to": [
        6,
        0
      ],
      "weight": 0.6924140717838339
    },
    {
      "type": "spatial",
      "from": [
        0,
        0
      ],
      "to": [
        7,
        0
      ],
      "weight": 0.692414071783833
    },
    {
      "type": "spatial",
      "from": [
        1,
        0
      ],
      "to": [
        2,
        0
      ],
      "weight": 0.6924140717838339
    },
    {
      "type": "spatial",
      "from": [
        1,
        0
      ],
      "to": [
        3,
        0
      ],
      "weight": 0.6924140717838418
    },
    {
      "type": "spatial",
      "from": [
        1,
        0
      ],
      "to": [
        4,
        0
      ],
      "weight": 0.6924140717838339
    },
    {
      "type": "spatial",
      "from": [
        1,
        0
      ],
      "to": [
        5,
        0
      ],
      "weight": 0.6924140717838334
    },
    {
      "type": "spatial",
      "from": [
        1,
        0
      ],
      "to": [
        6,
        0
      ],
      "weight": 0.6924140717838339
    },
    {
      "type": "spatial",
      "from": [
        1,
        0
      ],
      "to": [
        7,
        0
      ],
      "weight": 0.6924140717838343
    },
    {
      "type": "spatial",
      "from": [
        2,
        0
      ],
      "to": [
        3,
        0
      ],
      "weight": 0.6924140717838339
    },
    {
      "type": "spatial",
      "from": [
        2,
        0
      ],
      "to": [
        4,
        0
      ],
      "weight": 0.6924140717838334
    },
    {
      "type": "spatial",
      "from": [
        2,
        0
      ],
      "to": [
        5,
        0
      ],
      "weight": 0.6924140717838339
    },
    {
      "type": "spatial",
      "from": [
        2,
        0
      ],
      "to": [
        6,
        0
      ],
      "weight": 0.6924140717838374
    },
    {
      "type": "spatial",
      "from": [
        2,
        0
      ],
      "to": [
        7,
        0
      ],
      "weight": 0.6924140717838325
    },
    {
      "type": "spatial",
      "from": [
        3,
        0
      ],
      "to": [
        4,
        0
      ],
      "weight": 0.6924140717838378
    },
    {
      "type": "spatial",
      "from": [
        3,
        0
      ],
      "to": [
        5,
        0
      ],
      "weight": 0.6924140717838383
    },
    {
      "type": "spatial",
      "from": [
        3,
        0
      ],
      "to": [
        6,
        0
      ],
      "weight": 0.692414071783833
    },
    {
      "type": "spatial",
      "from": [
        3,
        0
      ],
      "to": [
        7,
        0
      ],
      "weight": 0.6924140717838334
    },
    {
      "type": "spatial",
      "from": [
        4,
        0
      ],
      "to": [
        5,
        0
      ],
      "weight": 0.6924140717838352
    },
    {
      "type": "spatial",
      "from": [
        4,
        0
      ],
      "to": [
        6,
        0
      ],
      "weight": 0.6924140717838427
    },
    {
      "type": "spatial",
      "from": [
        4,
        0
      ],
      "to": [
        7,
        0
      ],
      "weight": 0.6924140717838347
    },
    {
      "type": "spatial",
      "from": [
        5,
        0
      ],
      "to": [
        6,
        0
      ],
      "weight": 0.6924140717838383
    },
    {
      "type": "spatial",
      "from": [
        5,
        0
      ],
      "to": [
        7,
        0
      ],
      "weight": 0.6924140717838343
    },
    {
      "type": "spatial",
      "from": [
        6,
        0
      ],
      "to": [
        7,
        0
      ],
      "weight": 0.6924140717838339
    }
  ],
  "lorentzian_dissimilarity": [
    [
      0.0,
      0.4794372468042682,
      0.4794372468042676,
      0.4794372468042682,
      0.4794372468042725,
      0.47943724680427435,
      0.4794372468042682,
      0.47943724680426697
    ],
    [
      0.4794372468042682,
      0.0,
      0.4794372468042682,
      0.4794372468042793,
      0.4794372468042682,
      0.4794372468042676,
      0.4794372468042682,
      0.47943724680426886
    ],
    [
      0.4794372468042676,
      0.4794372468042682,
      0.0,
      0.4794372468042682,
      0.4794372468042676,
      0.4794372468042682,
      0.47943724680427313,
      0.47943724680426636
    ],
    [
      0.4794372468042682,
      0.4794372468042793,
      0.4794372468042682,
      0.0,
      0.47943724680427374,
      0.47943724680427435,
      0.47943724680426697,
      0.4794372468042676
    ],
    [
      0.4794372468042725,
      0.4794372468042682,
      0.4794372468042676,
      0.47943724680427374,
      0.0,
      0.4794372468042701,
      0.4794372468042805,
      0.47943724680426947
    ],
    [
      0.47943724680427435,
      0.4794372468042676,
      0.4794372468042682,
      0.47943724680427435,
      0.4794372468042701,
      0.0,
      0.47943724680427435,
      0.47943724680426886
    ],
    [
      0.4794372468042682,
      0.4794372468042682,
      0.47943724680427313,
      0.47943724680426697,
      0.4794372468042805,
      0.47943724680427435,
      0.0,
      0.4794372468042682
    ],
    [
      0.47943724680426697,
      0.47943724680426886,
      0.47943724680426636,
      0.4794372468042676,
      0.47943724680426947,
      0.47943724680426886,
      0.4794372468042682,
      0.0
    ]
  ],
  "lorentzian_embedding": [
    [
      -5.706346120489783e-08,
      0.15171493742249553,
      -0.6230323549257403
    ],
    [
      -8.15792428359584e-08,
      0.40927890641149367,
      -0.2279573636438881
    ],
    [
      -9.307066851626109e-08,
      0.8385896872277272,
      -0.32425181945277837
    ],
    [
      -9.386739310303113e-08,
      0.899235322488853,
      -0.4057116118326643
    ],
    [
      -6.448282468070547e-08,
      0.18928724915131778,
      -0.4313746758497745
    ],
    [
      -5.581058584724698e-08,
      0.46079126274793236,
      -0.9913010354026808
    ],
    [
      -6.227701520487143e-08,
      0.5661844289235266,
      -1.001314905327992
    ],
    [
      -8.164792595955111e-08,
      0.8924428609067667,
      -0.8096421069126936
    ]
  ],
  "edge_length_evolution": [
    [
      0.6924140717838339,
      0.6924140717838334,
      0.6924140717838339,
      0.692414071783837,
      0.6924140717838383,
      0.6924140717838339,
      0.692414071783833,
      0.6924140717838339,
      0.6924140717838418,
      0.6924140717838339,
      0.6924140717838334,
      0.6924140717838339,
      0.6924140717838343,
      0.6924140717838339,
      0.6924140717838334,
      0.6924140717838339,
      0.6924140717838374,
      0.6924140717838325,
      0.6924140717838378,
      0.6924140717838383,
      0.692414071783833,
      0.6924140717838334,
      0.6924140717838352,
      0.6924140717838427,
      0.6924140717838347,
      0.6924140717838383,
      0.6924140717838343,
      0.6924140717838339
    ],
    [
      0.6924140717838339,
      0.6924140717838334,
      0.6924140717838339,
      0.692414071783837,
      0.6924140717838383,
      0.6924140717838339,
      0.692414071783833,
      0.6924140717838339,
      0.6924140717838418,
      0.6924140717838339,
      0.6924140717838334,
      0.6924140717838339,
      0.6924140717838343,
      0.6924140717838339,
      0.6924140717838334,
      0.6924140717838339,
      0.6924140717838374,
      0.6924140717838325,
      0.6924140717838378,
      0.6924140717838383,
      0.692414071783833,
      0.6924140717838334,
      0.6924140717838352,
      0.6924140717838427,
      0.6924140717838347,
      0.6924140717838383,
      0.6924140717838343,
      0.6924140717838339
    ],
    [
      0.6924140717838339,
      0.6924140717838334,
      0.6924140717838339,
      0.692414071783837,
      0.6924140717838383,
      0.6924140717838339,
      0.692414071783833,
      0.6924140717838339,
      0.6924140717838418,
      0.6924140717838339,
      0.6924140717838334,
      0.6924140717838339,
      0.6924140717838343,
      0.6924140717838339,
      0.6924140717838334,
      0.6924140717838339,
      0.6924140717838374,
      0.6924140717838325,
      0.6924140717838378,
      0.6924140717838383,
      0.692414071783833,
      0.6924140717838334,
      0.6924140717838352,
      0.6924140717838427,
      0.6924140717838347,
      0.6924140717838383,
      0.6924140717838343,
      0.6924140717838339
    ],
    [
      0.6924140717838339,
      0.6924140717838334,
      0.6924140717838339,
      0.692414071783837,
      0.6924140717838383,
      0.6924140717838339,
      0.692414071783833,
      0.6924140717838339,
      0.6924140717838418,
      0.6924140717838339,
      0.6924140717838334,
      0.6924140717838339,
      0.6924140717838343,
      0.6924140717838339,
      0.6924140717838334,
      0.6924140717838339,
      0.6924140717838374,
      0.6924140717838325,
      0.6924140717838378,
      0.6924140717838383,
      0.692414071783833,
      0.6924140717838334,
      0.6924140717838352,
      0.6924140717838427,
      0.6924140717838347,
      0.6924140717838383,
      0.6924140717838343,
      0.6924140717838339
    ],
    [
      0.6924140717838339,
      0.6924140717838334,
      0.6924140717838339,
      0.692414071783837,
      0.6924140717838383,
      0.6924140717838339,
      0.692414071783833,
      0.6924140717838339,
      0.6924140717838418,
      0.6924140717838339,
      0.6924140717838334,
      0.6924140717838339,
      0.6924140717838343,
      0.6924140717838339,
      0.6924140717838334,
      0.6924140717838339,
      0.6924140717838374,
      0.6924140717838325,
      0.6924140717838378,
      0.6924140717838383,
      0.692414071783833,
      0.6924140717838334,
      0.6924140717838352,
      0.6924140717838427,
      0.6924140717838347,
      0.6924140717838383,
      0.6924140717838343,
      0.6924140717838339
    ],
    [
      0.6924140717838339,
      0.6924140717838334,
      0.6924140717838339,
      0.692414071783837,
      0.6924140717838383,
      0.6924140717838339,
      0.692414071783833,
      0.6924140717838339,
      0.6924140717838418,
      0.6924140717838339,
      0.6924140717838334,
      0.6924140717838339,
      0.6924140717838343,
      0.6924140717838339,
      0.6924140717838334,
      0.6924140717838339,
      0.6924140717838374,
      0.6924140717838325,
      0.6924140717838378,
      0.6924140717838383,
      0.692414071783833,
      0.6924140717838334,
      0.6924140717838352,
      0.6924140717838427,
      0.6924140717838347,
      0.6924140717838383,
      0.6924140717838343,
      0.6924140717838339
    ],
    [
      0.6924140717838339,
      0.6924140717838334,
      0.6924140717838339,
      0.692414071783837,
      0.6924140717838383,
      0.6924140717838339,
      0.692414071783833,
      0.6924140717838339,
      0.6924140717838418,
      0.6924140717838339,
      0.6924140717838334,
      0.6924140717838339,
      0.6924140717838343,
      0.6924140717838339,
      0.6924140717838334,
      0.6924140717838339,
      0.6924140717838374,
      0.6924140717838325,
      0.6924140717838378,
      0.6924140717838383,
      0.692414071783833,
      0.6924140717838334,
      0.6924140717838352,
      0.6924140717838427,
      0.6924140717838347,
      0.6924140717838383,
      0.6924140717838343,
      0.6924140717838339
    ],
    [
      0.6924140717838339,
      0.6924140717838334,
      0.6924140717838339,
      0.692414071783837,
      0.6924140717838383,
      0.6924140717838339,
      0.692414071783833,
      0.6924140717838339,
      0.6924140717838418,
      0.6924140717838339,
      0.6924140717838334,
      0.6924140717838339,
      0.6924140717838343,
      0.6924140717838339,
      0.6924140717838334,
      0.6924140717838339,
      0.6924140717838374,
      0.6924140717838325,
      0.6924140717838378,
      0.6924140717838383,
      0.692414071783833,
      0.6924140717838334,
      0.6924140717838352,
      0.6924140717838427,
      0.6924140717838347,
      0.6924140717838383,
      0.6924140717838343,
      0.6924140717838339
    ],
    [
      0.6924140717838339,
      0.6924140717838334,
      0.6924140717838339,
      0.692414071783837,
      0.6924140717838383,
      0.6924140717838339,
      0.692414071783833,
      0.6924140717838339,
      0.6924140717838418,
      0.6924140717838339,
      0.6924140717838334,
      0.6924140717838339,
      0.6924140717838343,
      0.6924140717838339,
      0.6924140717838334,
      0.6924140717838339,
      0.6924140717838374,
      0.6924140717838325,
      0.6924140717838378,
      0.6924140717838383,
      0.692414071783833,
      0.6924140717838334,
      0.6924140717838352,
      0.6924140717838427,
      0.6924140717838347,
      0.6924140717838383,
      0.6924140717838343,
      0.6924140717838339
    ],
    [
      0.6924140717838339,
      0.6924140717838334,
      0.6924140717838339,
      0.692414071783837,
      0.6924140717838383,
      0.6924140717838339,
      0.692414071783833,
      0.6924140717838339,
      0.6924140717838418,
      0.6924140717838339,
      0.6924140717838334,
      0.6924140717838339,
      0.6924140717838343,
      0.6924140717838339,
      0.6924140717838334,
      0.6924140717838339,
      0.6924140717838374,
      0.6924140717838325,
      0.6924140717838378,
      0.6924140717838383,
      0.692414071783833,
      0.6924140717838334,
      0.6924140717838352,
      0.6924140717838427,
      0.6924140717838347,
      0.6924140717838383,
      0.6924140717838343,
      0.6924140717838339
    ],
    [
      0.6924140717838339,
      0.6924140717838334,
      0.6924140717838339,
      0.692414071783837,
      0.6924140717838383,
      0.6924140717838339,
      0.692414071783833,
      0.6924140717838339,
      0.6924140717838418,
      0.6924140717838339,
      0.6924140717838334,
      0.6924140717838339,
      0.6924140717838343,
      0.6924140717838339,
      0.6924140717838334,
      0.6924140717838339,
      0.6924140717838374,
      0.6924140717838325,
      0.6924140717838378,
      0.6924140717838383,
      0.692414071783833,
      0.6924140717838334,
      0.6924140717838352,
      0.6924140717838427,
      0.6924140717838347,
      0.6924140717838383,
      0.6924140717838343,
      0.6924140717838339
    ],
    [
      0.6924140717838339,
      0.6924140717838334,
      0.6924140717838339,
      0.692414071783837,
      0.6924140717838383,
      0.6924140717838339,
      0.692414071783833,
      0.6924140717838339,
      0.6924140717838418,
      0.6924140717838339,
      0.6924140717838334,
      0.6924140717838339,
      0.6924140717838343,
      0.6924140717838339,
      0.6924140717838334,
      0.6924140717838339,
      0.6924140717838374,
      0.6924140717838325,
      0.6924140717838378,
      0.6924140717838383,
      0.692414071783833,
      0.6924140717838334,
      0.6924140717838352,
      0.6924140717838427,
      0.6924140717838347,
      0.6924140717838383,
      0.6924140717838343,
      0.6924140717838339
    ],
    [
      0.6924140717838339,
      0.6924140717838334,
      0.6924140717838339,
      0.692414071783837,
      0.6924140717838383,
      0.6924140717838339,
      0.692414071783833,
      0.6924140717838339,
      0.6924140717838418,
      0.6924140717838339,
      0.6924140717838334,
      0.6924140717838339,
      0.6924140717838343,
      0.6924140717838339,
      0.6924140717838334,
      0.6924140717838339,
      0.6924140717838374,
      0.6924140717838325,
      0.6924140717838378,
      0.6924140717838383,
      0.692414071783833,
      0.6924140717838334,
      0.6924140717838352,
      0.6924140717838427,
      0.6924140717838347,
      0.6924140717838383,
      0.6924140717838343,
      0.6924140717838339
    ],
    [
      0.6924140717838339,
      0.6924140717838334,
      0.6924140717838339,
      0.692414071783837,
      0.6924140717838383,
      0.6924140717838339,
      0.692414071783833,
      0.6924140717838339,
      0.6924140717838418,
      0.6924140717838339,
      0.6924140717838334,
      0.6924140717838339,
      0.6924140717838343,
      0.6924140717838339,
      0.6924140717838334,
      0.6924140717838339,
      0.6924140717838374,
      0.6924140717838325,
      0.6924140717838378,
      0.6924140717838383,
      0.692414071783833,
      0.6924140717838334,
      0.6924140717838352,
      0.6924140717838427,
      0.6924140717838347,
      0.6924140717838383,
      0.6924140717838343,
      0.6924140717838339
    ],
    [
      0.6924140717838339,
      0.6924140717838334,
      0.6924140717838339,
      0.692414071783837,
      0.6924140717838383,
      0.6924140717838339,
      0.692414071783833,
      0.6924140717838339,
      0.6924140717838418,
      0.6924140717838339,
      0.6924140717838334,
      0.6924140717838339,
      0.6924140717838343,
      0.6924140717838339,
      0.6924140717838334,
      0.6924140717838339,
      0.6924140717838374,
      0.6924140717838325,
      0.6924140717838378,
      0.6924140717838383,
      0.692414071783833,
      0.6924140717838334,
      0.6924140717838352,
      0.6924140717838427,
      0.6924140717838347,
      0.6924140717838383,
      0.6924140717838343,
      0.6924140717838339
    ],
    [
      0.6924140717838339,
      0.6924140717838334,
      0.6924140717838339,
      0.692414071783837,
      0.6924140717838383,
      0.6924140717838339,
      0.692414071783833,
      0.6924140717838339,
      0.6924140717838418,
      0.6924140717838339,
      0.6924140717838334,
      0.6924140717838339,
      0.6924140717838343,
      0.6924140717838339,
      0.6924140717838334,
      0.6924140717838339,
      0.6924140717838374,
      0.6924140717838325,
      0.6924140717838378,
      0.6924140717838383,
      0.692414071783833,
      0.6924140717838334,
      0.6924140717838352,
      0.6924140717838427,
      0.6924140717838347,
      0.6924140717838383,
      0.6924140717838343,
      0.6924140717838339
    ],
    [
      0.6924140717838339,
      0.6924140717838334,
      0.6924140717838339,
      0.692414071783837,
      0.6924140717838383,
      0.6924140717838339,
      0.692414071783833,
      0.6924140717838339,
      0.6924140717838418,
      0.6924140717838339,
      0.6924140717838334,
      0.6924140717838339,
      0.6924140717838343,
      0.6924140717838339,
      0.6924140717838334,
      0.6924140717838339,
      0.6924140717838374,
      0.6924140717838325,
      0.6924140717838378,
      0.6924140717838383,
      0.692414071783833,
      0.6924140717838334,
      0.6924140717838352,
      0.6924140717838427,
      0.6924140717838347,
      0.6924140717838383,
      0.6924140717838343,
      0.6924140717838339
    ],
    [
      0.6924140717838339,
      0.6924140717838334,
      0.6924140717838339,
      0.692414071783837,
      0.6924140717838383,
      0.6924140717838339,
      0.692414071783833,
      0.6924140717838339,
      0.6924140717838418,
      0.6924140717838339,
      0.6924140717838334,
      0.6924140717838339,
      0.6924140717838343,
      0.6924140717838339,
      0.6924140717838334,
      0.6924140717838339,
      0.6924140717838374,
      0.6924140717838325,
      0.6924140717838378,
      0.6924140717838383,
      0.692414071783833,
      0.6924140717838334,
      0.6924140717838352,
      0.6924140717838427,
      0.6924140717838347,
      0.6924140717838383,
      0.6924140717838343,
      0.6924140717838339
    ],
    [
      0.6924140717838339,
      0.6924140717838334,
      0.6924140717838339,
      0.692414071783837,
      0.6924140717838383,
      0.6924140717838339,
      0.692414071783833,
      0.6924140717838339,
      0.6924140717838418,
      0.6924140717838339,
      0.6924140717838334,
      0.6924140717838339,
      0.6924140717838343,
      0.6924140717838339,
      0.6924140717838334,
      0.6924140717838339,
      0.6924140717838374,
      0.6924140717838325,
      0.6924140717838378,
      0.6924140717838383,
      0.692414071783833,
      0.6924140717838334,
      0.6924140717838352,
      0.6924140717838427,
      0.6924140717838347,
      0.6924140717838383,
      0.6924140717838343,
      0.6924140717838339
    ],
    [
      0.6924140717838339,
      0.6924140717838334,
      0.6924140717838339,
      0.692414071783837,
      0.6924140717838383,
      0.6924140717838339,
      0.692414071783833,
      0.6924140717838339,
      0.6924140717838418,
      0.6924140717838339,
      0.6924140717838334,
      0.6924140717838339,
      0.6924140717838343,
      0.6924140717838339,
      0.6924140717838334,
      0.6924140717838339,
      0.6924140717838374,
      0.6924140717838325,
      0.6924140717838378,
      0.6924140717838383,
      0.692414071783833,
      0.6924140717838334,
      0.6924140717838352,
      0.6924140717838427,
      0.6924140717838347,
      0.6924140717838383,
      0.6924140717838343,
      0.6924140717838339
    ],
    [
      0.6924140717838339,
      0.6924140717838334,
      0.6924140717838339,
      0.692414071783837,
      0.6924140717838383,
      0.6924140717838339,
      0.692414071783833,
      0.6924140717838339,
      0.6924140717838418,
      0.6924140717838339,
      0.6924140717838334,
      0.6924140717838339,
      0.6924140717838343,
      0.6924140717838339,
      0.6924140717838334,
      0.6924140717838339,
      0.6924140717838374,
      0.6924140717838325,
      0.6924140717838378,
      0.6924140717838383,
      0.692414071783833,
      0.6924140717838334,
      0.6924140717838352,
      0.6924140717838427,
      0.6924140717838347,
      0.6924140717838383,
      0.6924140717838343,
      0.6924140717838339
    ],
    [
      0.6924140717838339,
      0.6924140717838334,
      0.6924140717838339,
      0.692414071783837,
      0.6924140717838383,
      0.6924140717838339,
      0.692414071783833,
      0.6924140717838339,
      0.6924140717838418,
      0.6924140717838339,
      0.6924140717838334,
      0.6924140717838339,
      0.6924140717838343,
      0.6924140717838339,
      0.6924140717838334,
      0.6924140717838339,
      0.6924140717838374,
      0.6924140717838325,
      0.6924140717838378,
      0.6924140717838383,
      0.692414071783833,
      0.6924140717838334,
      0.6924140717838352,
      0.6924140717838427,
      0.6924140717838347,
      0.6924140717838383,
      0.6924140717838343,
      0.6924140717838339
    ],
    [
      0.6924140717838339,
      0.6924140717838334,
      0.6924140717838339,
      0.692414071783837,
      0.6924140717838383,
      0.6924140717838339,
      0.692414071783833,
      0.6924140717838339,
      0.6924140717838418,
      0.6924140717838339,
      0.6924140717838334,
      0.6924140717838339,
      0.6924140717838343,
      0.6924140717838339,
      0.6924140717838334,
      0.6924140717838339,
      0.6924140717838374,
      0.6924140717838325,
      0.6924140717838378,
      0.6924140717838383,
      0.692414071783833,
      0.6924140717838334,
      0.6924140717838352,
      0.6924140717838427,
      0.6924140717838347,
      0.6924140717838383,
      0.6924140717838343,
      0.6924140717838339
    ],
    [
      0.6924140717838339,
      0.6924140717838334,
      0.6924140717838339,
      0.692414071783837,
      0.6924140717838383,
      0.6924140717838339,
      0.692414071783833,
      0.6924140717838339,
      0.6924140717838418,
      0.6924140717838339,
      0.6924140717838334,
      0.6924140717838339,
      0.6924140717838343,
      0.6924140717838339,
      0.6924140717838334,
      0.6924140717838339,
      0.6924140717838374,
      0.6924140717838325,
      0.6924140717838378,
      0.6924140717838383,
      0.692414071783833,
      0.6924140717838334,
      0.6924140717838352,
      0.6924140717838427,
      0.6924140717838347,
      0.6924140717838383,
      0.6924140717838343,
      0.6924140717838339
    ],
    [
      0.6924140717838339,
      0.6924140717838334,
      0.6924140717838339,
      0.692414071783837,
      0.6924140717838383,
      0.6924140717838339,
      0.692414071783833,
      0.6924140717838339,
      0.6924140717838418,
      0.6924140717838339,
      0.6924140717838334,
      0.6924140717838339,
      0.6924140717838343,
      0.6924140717838339,
      0.6924140717838334,
      0.6924140717838339,
      0.6924140717838374,
      0.6924140717838325,
      0.6924140717838378,
      0.6924140717838383,
      0.692414071783833,
      0.6924140717838334,
      0.6924140717838352,
      0.6924140717838427,
      0.6924140717838347,
      0.6924140717838383,
      0.6924140717838343,
      0.6924140717838339
    ],
    [
      0.6924140717838339,
      0.6924140717838334,
      0.6924140717838339,
      0.692414071783837,
      0.6924140717838383,
      0.6924140717838339,
      0.692414071783833,
      0.6924140717838339,
      0.6924140717838418,
      0.6924140717838339,
      0.6924140717838334,
      0.6924140717838339,
      0.6924140717838343,
      0.6924140717838339,
      0.6924140717838334,
      0.6924140717838339,
      0.6924140717838374,
      0.6924140717838325,
      0.6924140717838378,
      0.6924140717838383,
      0.692414071783833,
      0.6924140717838334,
      0.6924140717838352,
      0.6924140717838427,
      0.6924140717838347,
      0.6924140717838383,
      0.6924140717838343,
      0.6924140717838339
    ],
    [
      0.6924140717838339,
      0.6924140717838334,
      0.6924140717838339,
      0.692414071783837,
      0.6924140717838383,
      0.6924140717838339,
      0.692414071783833,
      0.6924140717838339,
      0.6924140717838418,
      0.6924140717838339,
      0.6924140717838334,
      0.6924140717838339,
      0.6924140717838343,
      0.6924140717838339,
      0.6924140717838334,
      0.6924140717838339,
      0.6924140717838374,
      0.6924140717838325,
      0.6924140717838378,
      0.6924140717838383,
      0.692414071783833,
      0.6924140717838334,
      0.6924140717838352,
      0.6924140717838427,
      0.6924140717838347,
      0.6924140717838383,
      0.6924140717838343,
      0.6924140717838339
    ],
    [
      0.6924140717838339,
      0.6924140717838334,
      0.6924140717838339,
      0.692414071783837,
      0.6924140717838383,
      0.6924140717838339,
      0.692414071783833,
      0.6924140717838339,
      0.6924140717838418,
      0.6924140717838339,
      0.6924140717838334,
      0.6924140717838339,
      0.6924140717838343,
      0.6924140717838339,
      0.6924140717838334,
      0.6924140717838339,
      0.6924140717838374,
      0.6924140717838325,
      0.6924140717838378,
      0.6924140717838383,
      0.692414071783833,
      0.6924140717838334,
      0.6924140717838352,
      0.6924140717838427,
      0.6924140717838347,
      0.6924140717838383,
      0.6924140717838343,
      0.6924140717838339
    ],
    [
      0.6924140717838339,
      0.6924140717838334,
      0.6924140717838339,
      0.692414071783837,
      0.6924140717838383,
      0.6924140717838339,
      0.692414071783833,
      0.6924140717838339,
      0.6924140717838418,
      0.6924140717838339,
      0.6924140717838334,
      0.6924140717838339,
      0.6924140717838343,
      0.6924140717838339,
      0.6924140717838334,
      0.6924140717838339,
      0.6924140717838374,
      0.6924140717838325,
      0.6924140717838378,
      0.6924140717838383,
      0.692414071783833,
      0.6924140717838334,
      0.6924140717838352,
      0.6924140717838427,
      0.6924140717838347,
      0.6924140717838383,
      0.6924140717838343,
      0.6924140717838339
    ],
    [
      0.6924140717838339,
      0.6924140717838334,
      0.6924140717838339,
      0.692414071783837,
      0.6924140717838383,
      0.6924140717838339,
      0.692414071783833,
      0.6924140717838339,
      0.6924140717838418,
      0.6924140717838339,
      0.6924140717838334,
      0.6924140717838339,
      0.6924140717838343,
      0.6924140717838339,
      0.6924140717838334,
      0.6924140717838339,
      0.6924140717838374,
