{
  "spec": {
    "num_qubits": 8,
    "topology": "complete",
    "custom_edges": "0-1:1.0000,0-2:0.9862,0-3:1.0000,0-4:1.0000,0-5:0.9766,0-6:0.9766,0-7:1.0000,1-2:1.0000,1-3:0.9531,1-4:1.0000,1-5:0.9537,1-6:0.9534,1-7:1.0000,2-3:0.8087,2-4:0.8275,2-5:0.9438,2-6:0.8987,2-7:1.0000,3-4:0.9092,3-5:0.8588,3-6:1.0000,3-7:0.9774,4-5:1.0000,4-6:0.8575,4-7:0.9456,5-6:1.0000,5-7:0.8849,6-7:1.0000",
    "alpha": 0.8,
    "weight": 1.0,
    "gamma": 0.3,
    "sigma": null,
    "init_angle": 0.0,
    "shots": 1024,
    "device": "simulator",
    "geometry": "hyperbolic",
    "curvature": 1.0,
    "timesteps": 4
  },
  "uid": "W1SYQV",
  "counts": null,
  "mutual_information": [
    {
      "I_0,1": 0.053116020477872894,
      "I_0,2": 0.09013821842109804,
      "I_0,3": 0.06326755672876483,
      "I_0,4": 0.044602663514349716,
      "I_0,5": 0.01654270408038716,
      "I_0,6": 0.2262950870726912,
      "I_0,7": 0.021559062804038742,
      "I_1,2": 0.18047654420182258,
      "I_1,3": 0.00830736248159436,
      "I_1,4": 0.5722316403106564,
      "I_1,5": 0.32684608055556963,
      "I_1,6": 0.0608299023559945,
      "I_1,7": 0.024411233074321137,
      "I_2,3": 0.01913335331584487,
      "I_2,4": 0.10343435241646382,
      "I_2,5": 0.05133779191998078,
      "I_2,6": 0.38048525449493065,
      "I_2,7": 0.06956644846093307,
      "I_3,4": 0.04018058437256422,
      "I_3,5": 7.184937841353545e-07,
      "I_3,6": 0.005760832861145815,
      "I_3,7": 0.6146120161175668,
      "I_4,5": 0.11341703948002635,
      "I_4,6": 0.02000189739359981,
      "I_4,7": 0.0660356309400173,
      "I_5,6": 0.0030010711263116496,
      "I_5,7": 0.0005190918706392544,
      "I_6,7": 0.015444979876008014
    },
    {
      "I_0,1": 0.18741194579420362,
      "I_0,2": 0.2594804233849113,
      "I_0,3": 0.03597817876859777,
      "I_0,4": 0.11028982003295229,
      "I_0,5": 0.0872179203293022,
      "I_0,6": 0.15019450650005517,
      "I_0,7": 0.1581299094538715,
      "I_1,2": 0.48301099345168486,
      "I_1,3": 0.07323257651893811,
      "I_1,4": 0.1341886276004589,
      "I_1,5": 0.2970774899603076,
      "I_1,6": 0.20780563587167133,
      "I_1,7": 0.044094067202449905,
      "I_2,3": 0.023727353506897586,
      "I_2,4": 0.12876726081908085,
      "I_2,5": 0.11545718192478183,
      "I_2,6": 0.16763209376016075,
      "I_2,7": 0.061038320202522645,
      "I_3,4": 0.527352055538568,
      "I_3,5": 0.0004638714088633922,
      "I_3,6": 0.2121491152807753,
      "I_3,7": 0.44799539312760395,
      "I_4,5": 0.011693336364403617,
      "I_4,6": 0.34452617935978114,
      "I_4,7": 0.14141137342211163,
      "I_5,6": 0.0051185804253366385,
      "I_5,7": 0.0036405830318143595,
      "I_6,7": 0.08032269618039156
    },
    {
      "I_0,1": 0.34469749499964064,
      "I_0,2": 0.2865301310103696,
      "I_0,3": 0.03090324779126563,
      "I_0,4": 0.07904135871096174,
      "I_0,5": 0.2537711024034184,
      "I_0,6": 0.1264924684193176,
      "I_0,7": 0.11719264013680353,
      "I_1,2": 0.22997544361042777,
      "I_1,3": 0.07356632719960388,
      "I_1,4": 0.10415124560023514,
      "I_1,5": 0.1894262524280328,
      "I_1,6": 0.24573463132649143,
      "I_1,7": 0.13825972438281453,
      "I_2,3": 0.017436599562398847,
      "I_2,4": 0.1064747333729017,
      "I_2,5": 0.08985212176431223,
      "I_2,6": 0.4544086323531511,
      "I_2,7": 0.07174707534105451,
      "I_3,4": 0.5377537706841213,
      "I_3,5": 0.05924750067469131,
      "I_3,6": 0.10371930397831086,
      "I_3,7": 0.2720359336032181,
      "I_4,5": 0.04770039314356356,
      "I_4,6": 0.136671523230685,
      "I_4,7": 0.07362401453540302,
      "I_5,6": 0.03748211552718472,
      "I_5,7": 0.33729010927533176,
      "I_6,7": 0.05088515387290027
    },
    {
      "I_0,1": 0.18554528187987196,
      "I_0,2": 0.34828188146415995,
      "I_0,3": 0.010127495306267553,
      "I_0,4": 0.02410166896936805,
      "I_0,5": 0.1822025538196963,
      "I_0,6": 0.2665452101454113,
      "I_0,7": 0.10759248797441456,
      "I_1,2": 0.21443603778663878,
      "I_1,3": 0.07015359403658494,
      "I_1,4": 0.04817335177348636,
      "I_1,5": 0.1537087615026338,
      "I_1,6": 0.24337712436758152,
      "I_1,7": 0.17958988915159346,
      "I_2,3": 0.027685324981754134,
      "I_2,4": 0.023170200551370534,
      "I_2,5": 0.17641496190634087,
      "I_2,6": 0.39693817313141877,
      "I_2,7": 0.1504312449411238,
      "I_3,4": 0.5242197754278117,
      "I_3,5": 0.05024296049290733,
      "I_3,6": 0.04773354833740506,
      "I_3,7": 0.15663906823293128,
      "I_4,5": 0.03902805274284882,
      "I_4,6": 0.034864160283550216,
      "I_4,7": 0.07467024357878693,
      "I_5,6": 0.162519188513238,
      "I_5,7": 0.2735861628775176,
      "I_6,7": 0.10961488844655332
    }
  ],
  "distance_matrix_per_timestep": [
    [
      [
        0.0,
        2.935276692322974,
        2.406411026491193,
        2.760382613152438,
        3.109961701686606,
        4.053542612887586,
        1.485915436376401,
        3.247146691510589
      ],
      [
        2.935276692322974,
        0.0,
        1.7121544586736805,
        3.7625363022604805,
        0.5582114040006971,
        1.1182659205646122,
        2.6784623140749515,
        3.2757722239023295
      ],
      [
        2.406411026491193,
        1.7121544586736805,
        0.0,
        3.1522369685722356,
        2.268818143684373,
        2.8304203792382925,
        0.9663078554012712,
        2.6654728902140845
      ],
      [
        2.760382613152438,
        3.7625363022604805,
        3.1522369685722356,
        0.0,
        3.204324898259783,
        4.880802222825093,
        4.118544823973506,
        0.486764078358151
      ],
      [
        3.109961701686606,
        0.5582114040006971,
        2.268818143684373,
        3.204324898259783,
        0.0,
        1.6764773245653093,
        3.235125999085644,
        2.717560819901632
      ],
      [
        4.053542612887586,
        1.1182659205646122,
        2.8304203792382925,
        4.880802222825093,
        1.6764773245653093,
        0.0,
        3.7967282346395637,
        4.394038144466942
      ],
      [
        1.485915436376401,
        2.6784623140749515,
        0.9663078554012712,
        4.118544823973506,
        3.235125999085644,
        3.7967282346395637,
        0.0,
        3.6317807456153557
      ],
      [
        3.247146691510589,
        3.2757722239023295,
        2.6654728902140845,
        0.486764078358151,
        2.717560819901632,
        4.394038144466942,
        3.6317807456153557,
        0.0
      ]
    ],
    [
      [
        0.0,
        1.6744461663097359,
        1.349074018971775,
        2.647310701870044,
        2.2046436504275646,
        2.439345460817597,
        1.8958241148878447,
        1.8443383720527071
      ],
      [
        1.6744461663097359,
        0.0,
        0.7277158648190529,
        2.6141149226015914,
        2.0085088002078137,
        1.2137622652529956,
        1.5711520790694367,
        3.121430036136075
      ],
      [
        1.349074018971775,
        0.7277158648190529,
        0.0,
        2.689635600213063,
        2.049748683809929,
        1.9414781300720485,
        1.7859836190503093,
        2.7962534120025193
      ],
      [
        2.647310701870044,
        2.6141149226015914,
        2.689635600213063,
        0.0,
        0.639886916403134,
        3.827877187854587,
        1.550465877595738,
        0.8029723298173369
      ],
      [
        2.2046436504275646,
        2.0085088002078137,
        2.049748683809929,
        0.639886916403134,
        0.0,
        3.2222710654608093,
        1.0655851990796106,
        1.442859246220471
      ],
      [
        2.439345460817597,
        1.2137622652529956,
        1.9414781300720485,
        3.827877187854587,
        3.2222710654608093,
        0.0,
        2.7849143443224325,
        4.283683832870304
      ],
      [
        1.8958241148878447,
        1.5711520790694367,
        1.7859836190503093,
        1.550465877595738,
        1.0655851990796106,
        2.7849143443224325,
        0.0,
        2.353438207413075
      ],
      [
        1.8443383720527071,
        3.121430036136075,
        2.7962534120025193,
        0.8029723298173369,
        1.442859246220471,
        4.283683832870304,
        2.353438207413075,
        0.0
      ]
    ],
    [
      [
        0.0,
        1.065088072675626,
        1.2499115790365862,
        3.1581385344152118,
        2.5377840355212236,
        1.3713225899029633,
        2.038669993536173,
        2.143936201278615
      ],
      [
        1.065088072675626,
        0.0,
        1.4697827426701178,
        2.6095678688122868,
        2.261911151670867,
        1.663755499450869,
        1.403503059747701,
        1.9786213019371734
      ],
      [
        1.2499115790365862,
        1.4697827426701178,
        0.0,
        2.860202066198636,
        2.239847567304648,
        2.4095900515148347,
        0.7887584144995867,
        2.634608186970341
      ],
      [
        3.1581385344152118,
        2.6095678688122868,
        2.860202066198636,
        0.0,
        0.6203544988939881,
        2.3886329731484457,
        2.266067028917386,
        1.3018211125763828
      ],
      [
        2.5377840355212236,
        2.261911151670867,
        2.239847567304648,
        0.6203544988939881,
        0.0,
        3.008987472042434,
        1.9901748727489956,
        1.922175611470371
      ],
      [
        1.3713225899029633,
        1.663755499450869,
        2.4095900515148347,
        2.3886329731484457,
        3.008987472042434,
        0.0,
        3.06725855919857,
        1.0868118605720631
      ],
      [
        2.038669993536173,
        1.403503059747701,
        0.7887584144995867,
        2.266067028917386,
        1.9901748727489956,
        3.06725855919857,
        0.0,
        2.9781840704084472
      ],
      [
        2.143936201278615,
        1.9786213019371734,
        2.634608186970341,
        1.3018211125763828,
        1.922175611470371,
        1.0868118605720631,
        2.9781840704084472,
        0.0
      ]
    ],
    [
      [
        0.0,
        1.6844563195548334,
        1.0547431228766724,
        4.083215496735274,
        3.7254741890423277,
        1.7026362776809851,
        1.3222114056913283,
        2.229404448055766
      ],
      [
        1.6844563195548334,
        0.0,
        1.539743777219063,
        2.6570682401525496,
        3.032949278583314,
        1.872695626141404,
        1.4131430865447911,
        1.717079421182077
      ],
      [
        1.0547431228766724,
        1.539743777219063,
        0.0,
        3.5868527902261973,
        3.764888284927037,
        1.7349163209431377,
        0.923974745608273,
        1.8942491434233564
      ],
      [
        4.083215496735274,
        2.6570682401525496,
        3.5868527902261973,
        0.0,
        0.6458442638371893,
        2.990884831549816,
        3.0421208088586,
        1.8538110486795079
      ],
      [
        3.7254741890423277,
        3.032949278583314,
        3.764888284927037,
        0.6458442638371893,
        0.0,
        3.243474590326851,
        3.3562959033962745,
        2.499655312516697
      ],
      [
        1.7026362776809851,
        1.872695626141404,
        1.7349163209431377,
        2.990884831549816,
        3.243474590326851,
        0.0,
        1.8169592010252247,
        1.2961386687907426
      ],
      [
        1.3222114056913283,
        1.4131430865447911,
        0.923974745608273,
        3.0421208088586,
        3.3562959033962745,
        1.8169592010252247,
        0.0,
        2.2107820702036634
      ],
      [
        2.229404448055766,
        1.717079421182077,
        1.8942491434233564,
        1.8538110486795079,
        2.499655312516697,
        1.2961386687907426,
        2.2107820702036634,
        0.0
      ]
    ]
  ],
  "edge_mi": {
    "0,1": 0.18554528187987196,
    "0,2": 0.34828188146415995,
    "0,3": 0.010127495306267553,
    "0,4": 0.02410166896936805,
    "0,5": 0.1822025538196963,
    "0,6": 0.2665452101454113,
    "0,7": 0.10759248797441456,
    "1,2": 0.21443603778663878,
    "1,3": 0.07015359403658494,
    "1,4": 0.04817335177348636,
    "1,5": 0.1537087615026338,
    "1,6": 0.24337712436758152,
    "1,7": 0.17958988915159346,
    "2,3": 0.027685324981754134,
    "2,4": 0.023170200551370534,
    "2,5": 0.17641496190634087,
    "2,6": 0.39693817313141877,
    "2,7": 0.1504312449411238,
    "3,4": 0.5242197754278117,
    "3,5": 0.05024296049290733,
    "3,6": 0.04773354833740506,
    "3,7": 0.15663906823293128,
    "4,5": 0.03902805274284882,
    "4,6": 0.034864160283550216,
    "4,7": 0.07467024357878693,
    "5,6": 0.162519188513238,
    "5,7": 0.2735861628775176,
    "6,7": 0.10961488844655332
  },
  "distance_matrix": [
    [
      0.0,
      1.6844563195548334,
      1.0547431228766724,
      4.083215496735274,
      3.7254741890423277,
      1.7026362776809851,
      1.3222114056913283,
      2.229404448055766
    ],
    [
      1.6844563195548334,
      0.0,
      1.539743777219063,
      2.6570682401525496,
      3.032949278583314,
      1.872695626141404,
      1.4131430865447911,
      1.717079421182077
    ],
    [
      1.0547431228766724,
      1.539743777219063,
      0.0,
      3.5868527902261973,
      3.764888284927037,
      1.7349163209431377,
      0.923974745608273,
      1.8942491434233564
    ],
    [
      4.083215496735274,
      2.6570682401525496,
      3.5868527902261973,
      0.0,
      0.6458442638371893,
      2.990884831549816,
      3.0421208088586,
      1.8538110486795079
    ],
    [
      3.7254741890423277,
      3.032949278583314,
      3.764888284927037,
      0.6458442638371893,
      0.0,
      3.243474590326851,
      3.3562959033962745,
      2.499655312516697
    ],
    [
      1.7026362776809851,
      1.872695626141404,
      1.7349163209431377,
      2.990884831549816,
      3.243474590326851,
      0.0,
      1.8169592010252247,
      1.2961386687907426
    ],
    [
      1.3222114056913283,
      1.4131430865447911,
      0.923974745608273,
      3.0421208088586,
      3.3562959033962745,
      1.8169592010252247,
      0.0,
      2.2107820702036634
    ],
    [
      2.229404448055766,
      1.717079421182077,
      1.8942491434233564,
      1.8538110486795079,
      2.499655312516697,
      1.2961386687907426,
      2.2107820702036634,
      0.0
    ]
  ],
  "shortest_paths": {
    "0": {
      "0": 0,
      "2": 1.0547431228766724,
      "6": 1.3222114056913283,
      "1": 1.6844563195548334,
      "5": 1.7026362776809851,
      "7": 2.229404448055766,
      "4": 3.7254741890423277,
      "3": 4.083215496735274
    },
    "1": {
      "1": 0,
      "6": 1.4131430865447911,
      "2": 1.539743777219063,
      "0": 1.6844563195548334,
      "7": 1.717079421182077,
      "5": 1.872695626141404,
      "3": 2.6570682401525496,
      "4": 3.032949278583314
    },
    "2": {
      "2": 0,
      "6": 0.923974745608273,
      "0": 1.0547431228766724,
      "1": 1.539743777219063,
      "5": 1.7349163209431377,
      "7": 1.8942491434233564,
      "3": 3.5868527902261973,
      "4": 3.764888284927037
    },
    "3": {
      "3": 0,
      "4": 0.6458442638371893,
      "7": 1.8538110486795079,
      "1": 2.6570682401525496,
      "5": 2.990884831549816,
      "6": 3.0421208088586,
      "2": 3.5868527902261973,
      "0": 4.083215496735274
    },
    "4": {
      "4": 0,
      "3": 0.6458442638371893,
      "7": 2.499655312516697,
      "1": 3.032949278583314,
      "5": 3.243474590326851,
      "6": 3.3562959033962745,
      "0": 3.7254741890423277,
      "2": 3.764888284927037
    },
    "5": {
      "5": 0,
      "7": 1.2961386687907426,
      "0": 1.7026362776809851,
      "2": 1.7349163209431377,
      "6": 1.8169592010252247,
      "1": 1.872695626141404,
      "3": 2.990884831549816,
      "4": 3.243474590326851
    },
    "6": {
      "6": 0,
      "2": 0.923974745608273,
      "0": 1.3222114056913283,
      "1": 1.4131430865447911,
      "5": 1.8169592010252247,
      "7": 2.2107820702036634,
      "3": 3.0421208088586,
      "4": 3.3562959033962745
    },
    "7": {
      "7": 0,
      "5": 1.2961386687907426,
      "1": 1.717079421182077,
      "3": 1.8538110486795079,
      "2": 1.8942491434233564,
      "6": 2.2107820702036634,
      "0": 2.229404448055766,
      "4": 2.499655312516697
    }
  },
  "gromov_delta": 3.581422710970206,
  "mean_distance": 1.9654896460554045,
  "angle_sums": [
    2.5089729404552523,
    2.404407253803391,
    1.8752193655043718,
    2.1832779728922436,
    2.427985409845523,
    2.1453110512152236,
    2.2927337163641868,
    2.1842584582349205,
    2.470824860213918,
    2.7215975310962364,
    2.4226206461425885,
    2.634693135933274,
    2.0537928949076503,
    2.4294147235058,
    3.141592653589793,
    1.7859399968927443,
    2.0325457619580356,
    1.772980553427384,
    2.3307258556177057,
    2.347851072277993,
    2.1858540480370348,
    2.1362622153289172,
    2.0011693941778574,
    2.2244285746980315,
    2.6127616464326957,
    2.2261591732155157,
    2.6842896725718624,
    1.7600595349215529,
    2.0448812594356847,
    2.112744741487761,
    1.6836345688823184,
    1.9857864664730305,
    1.8988366019124565,
    2.2565811074339104,
    2.3329328945602423,
    2.273642360456064,
    2.562528649083467,
    1.8181114887142704,
    2.475192924066999,
    2.585954685302503,
    1.7718171869058548,
    2.3885419359312987,
    2.0443088918661383,
    2.529688478046231,
    2.326450376012235,
    2.508528317493363,
    2.608664510544091,
    2.6320315006665305,
    3.1415926746632175,
    1.727700570907683,
    2.67113331236852,
    1.9419107266180857,
    1.6836208847754512,
    2.271058871298935,
    1.6790362564181658,
    2.299438420444314
  ],
  "mean_angle_sum": 2.254537156714831,
  "min_angle_sum": 1.6790362564181658,
  "max_angle_sum": 3.1415926746632175,
  "angle_sum_deviations": [
    -0.6326197131345408,
    -0.737185399786402,
    -1.2663732880854213,
    -0.9583146806975495,
    -0.7136072437442702,
    -0.9962816023745695,
    -0.8488589372256063,
    -0.9573341953548726,
    -0.6707677933758753,
    -0.41999512249355675,
    -0.7189720074472046,
    -0.5068995176565192,
    -1.0877997586821428,
    -0.712177930083993,
    0.0,
    -1.3556526566970488,
    -1.1090468916317575,
    -1.3686121001624092,
    -0.8108667979720874,
    -0.7937415813118003,
    -0.9557386055527584,
    -1.0053304382608759,
    -1.1404232594119357,
    -0.9171640788917617,
    -0.5288310071570974,
    -0.9154334803742774,
    -0.45730298101793077,
    -1.3815331186682402,
    -1.0967113941541085,
    -1.028847912102032,
    -1.4579580847074747,
    -1.1558061871167626,
    -1.2427560516773366,
    -0.8850115461558827,
    -0.8086597590295508,
    -0.8679502931337293,
    -0.5790640045063262,
    -1.3234811648755227,
    -0.6663997295227939,
    -0.5556379682872903,
    -1.3697754666839383,
    -0.7530507176584944,
    -1.0972837617236548,
    -0.6119041755435619,
    -0.8151422775775581,
    -0.6330643360964303,
    -0.532928143045702,
    -0.5095611529232627,
    2.107342433887993e-08,
    -1.4138920826821102,
    -0.470459341221273,
    -1.1996819269717074,
    -1.4579717688143419,
    -0.8705337822908583,
    -1.4625563971716273,
    -0.8421542331454792
  ],
  "triangle_inequality_violations": [],
  "embedding_coords": [
    [
      0.07180652026864014,
      1.7650351112080327
    ],
    [
      -0.8201212064219674,
      0.09180419393442173
    ],
    [
      -0.43943594248577067,
      1.355474993910002
    ],
    [
      0.38254541051335533,
      -2.1380551828023924
    ],
    [
      -0.12493184117488104,
      -2.409204561374816
    ],
    [
      1.0641622016039118,
      0.7030366016418591
    ],
    [
      -0.9427216306099305,
      0.9420852359136709
    ],
    [
      0.8086964883066424,
      -0.31017639243077816
    ]
  ],
  "edge_weight_variance": 0.003339405242346938,
  "event_nodes": [
    [
      0,
      0
    ],
    [
      1,
      0
    ],
    [
      2,
      0
    ],
    [
      3,
      0
    ],
    [
      4,
      0
    ],
    [
      5,
      0
    ],
    [
      6,
      0
    ],
    [
      7,
      0
    ],
    [
      0,
      1
    ],
    [
      1,
      1
    ],
    [
      2,
      1
    ],
    [
      3,
      1
    ],
    [
      4,
      1
    ],
    [
      5,
      1
    ],
    [
      6,
      1
    ],
    [
      7,
      1
    ],
    [
      0,
      2
    ],
    [
      1,
      2
    ],
    [
      2,
      2
    ],
    [
      3,
      2
    ],
    [
      4,
      2
    ],
    [
      5,
      2
    ],
    [
      6,
      2
    ],
    [
      7,
      2
    ],
    [
      0,
      3
    ],
    [
      1,
      3
    ],
    [
      2,
      3
    ],
    [
      3,
      3
    ],
    [
      4,
      3
    ],
    [
      5,
      3
    ],
    [
      6,
      3
    ],
    [
      7,
      3
    ]
  ],
  "event_edges": [
    {
      "type": "spatial",
      "from": [
        0,
        0
      ],
      "to": [
        1,
        0
      ],
      "weight": 2.935276692322974
    },
    {
      "type": "spatial",
      "from": [
        0,
        0
      ],
      "to": [
        2,
        0
      ],
      "weight": 2.406411026491193
    },
    {
      "type": "spatial",
      "from": [
        0,
        0
      ],
      "to": [
        3,
        0
      ],
      "weight": 2.760382613152438
    },
    {
      "type": "spatial",
      "from": [
        0,
        0
      ],
      "to": [
        4,
        0
      ],
      "weight": 3.109961701686606
    },
    {
      "type": "spatial",
      "from": [
        0,
        0
      ],
      "to": [
        5,
        0
      ],
      "weight": 4.053542612887586
    },
    {
      "type": "spatial",
      "from": [
        0,
        0
      ],
      "to": [
        6,
        0
      ],
      "weight": 1.485915436376401
    },
    {
      "type": "spatial",
      "from": [
        0,
        0
      ],
      "to": [
        7,
        0
      ],
      "weight": 3.247146691510589
    },
    {
      "type": "spatial",
      "from": [
        1,
        0
      ],
      "to": [
        2,
        0
      ],
      "weight": 1.7121544586736805
    },
    {
      "type": "spatial",
      "from": [
        1,
        0
      ],
      "to": [
        3,
        0
      ],
      "weight": 3.7625363022604805
    },
    {
      "type": "spatial",
      "from": [
        1,
        0
      ],
      "to": [
        4,
        0
      ],
      "weight": 0.5582114040006971
    },
    {
      "type": "spatial",
      "from": [
        1,
        0
      ],
      "to": [
        5,
        0
      ],
      "weight": 1.1182659205646122
    },
    {
      "type": "spatial",
      "from": [
        1,
        0
      ],
      "to": [
        6,
        0
      ],
      "weight": 2.6784623140749515
    },
    {
      "type": "spatial",
      "from": [
        1,
        0
      ],
      "to": [
        7,
        0
      ],
      "weight": 3.2757722239023295
    },
    {
      "type": "spatial",
      "from": [
        2,
        0
      ],
      "to": [
        3,
        0
      ],
      "weight": 3.1522369685722356
    },
    {
      "type": "spatial",
      "from": [
        2,
        0
      ],
      "to": [
        4,
        0
      ],
      "weight": 2.268818143684373
    },
    {
      "type": "spatial",
      "from": [
        2,
        0
      ],
      "to": [
        5,
        0
      ],
      "weight": 2.8304203792382925
    },
    {
      "type": "spatial",
      "from": [
        2,
        0
      ],
      "to": [
        6,
        0
      ],
      "weight": 0.9663078554012712
    },
    {
      "type": "spatial",
      "from": [
        2,
        0
      ],
      "to": [
        7,
        0
      ],
      "weight": 2.6654728902140845
    },
    {
      "type": "spatial",
      "from": [
        3,
        0
      ],
      "to": [
        4,
        0
      ],
      "weight": 3.204324898259783
    },
    {
      "type": "spatial",
      "from": [
        3,
        0
      ],
      "to": [
        5,
        0
      ],
      "weight": 4.880802222825093
    },
    {
      "type": "spatial",
      "from": [
        3,
        0
      ],
      "to": [
        6,
        0
      ],
      "weight": 4.118544823973506
    },
    {
      "type": "spatial",
      "from": [
        3,
        0
      ],
      "to": [
        7,
        0
      ],
      "weight": 0.486764078358151
    },
    {
      "type": "spatial",
      "from": [
        4,
        0
      ],
      "to": [
        5,
        0
      ],
      "weight": 1.6764773245653093
    },
    {
      "type": "spatial",
      "from": [
        4,
        0
      ],
      "to": [
        6,
        0
      ],
      "weight": 3.235125999085644
    },
    {
      "type": "spatial",
      "from": [
        4,
        0
      ],
      "to": [
        7,
        0
      ],
      "weight": 2.717560819901632
    },
    {
      "type": "spatial",
      "from": [
        5,
        0
      ],
      "to": [
        6,
        0
      ],
      "weight": 3.7967282346395637
    },
    {
      "type": "spatial",
      "from": [
        5,
        0
      ],
      "to": [
        7,
        0
      ],
      "weight": 4.394038144466942
    },
    {
      "type": "spatial",
      "from": [
        6,
        0
      ],
      "to": [
        7,
        0
      ],
      "weight": 3.6317807456153557
    },
    {
      "type": "temporal",
      "from": [
        0,
        0
      ],
      "to": [
        0,
        1
      ],
      "weight": 1.0
    },
    {
      "type": "temporal",
      "from": [
        1,
        0
      ],
      "to": [
        1,
        1
      ],
      "weight": 1.0
    },
    {
      "type": "temporal",
      "from": [
        2,
        0
      ],
      "to": [
        2,
        1
      ],
      "weight": 1.0
    },
    {
      "type": "temporal",
      "from": [
        3,
        0
      ],
      "to": [
        3,
        1
      ],
      "weight": 1.0
    },
    {
      "type": "temporal",
      "from": [
        4,
        0
      ],
      "to": [
        4,
        1
      ],
      "weight": 1.0
    },
    {
      "type": "temporal",
      "from": [
        5,
        0
      ],
      "to": [
        5,
        1
      ],
      "weight": 1.0
    },
    {
      "type": "temporal",
      "from": [
        6,
        0
      ],
      "to": [
        6,
        1
      ],
      "weight": 1.0
    },
    {
      "type": "temporal",
      "from": [
        7,
        0
      ],
      "to": [
        7,
        1
      ],
      "weight": 1.0
    },
    {
      "type": "spatial",
      "from": [
        0,
        1
      ],
      "to": [
        1,
        1
      ],
      "weight": 1.6744461663097359
    },
    {
      "type": "spatial",
      "from": [
        0,
        1
      ],
      "to": [
        2,
        1
      ],
      "weight": 1.349074018971775
    },
    {
      "type": "spatial",
      "from": [
        0,
        1
      ],
      "to": [
        3,
        1
      ],
      "weight": 2.647310701870044
    },
    {
      "type": "spatial",
      "from": [
        0,
        1
      ],
      "to": [
        4,
        1
      ],
      "weight": 2.2046436504275646
    },
    {
      "type": "spatial",
      "from": [
        0,
        1
      ],
      "to": [
        5,
        1
      ],
      "weight": 2.439345460817597
    },
    {
      "type": "spatial",
      "from": [
        0,
        1
      ],
      "to": [
        6,
        1
      ],
      "weight": 1.8958241148878447
    },
    {
      "type": "spatial",
      "from": [
        0,
        1
      ],
      "to": [
        7,
        1
      ],
      "weight": 1.8443383720527071
    },
    {
      "type": "spatial",
      "from": [
        1,
        1
      ],
      "to": [
        2,
        1
      ],
      "weight": 0.7277158648190529
    },
    {
      "type": "spatial",
      "from": [
        1,
        1
      ],
      "to": [
        3,
        1
      ],
      "weight": 2.6141149226015914
    },
    {
      "type": "spatial",
      "from": [
        1,
        1
      ],
      "to": [
        4,
        1
      ],
      "weight": 2.0085088002078137
    },
    {
      "type": "spatial",
      "from": [
        1,
        1
      ],
      "to": [
        5,
        1
      ],
      "weight": 1.2137622652529956
    },
    {
      "type": "spatial",
      "from": [
        1,
        1
      ],
      "to": [
        6,
        1
      ],
      "weight": 1.5711520790694367
    },
    {
      "type": "spatial",
      "from": [
        1,
        1
      ],
      "to": [
        7,
        1
      ],
      "weight": 3.121430036136075
    },
    {
      "type": "spatial",
      "from": [
        2,
        1
      ],
      "to": [
        3,
        1
      ],
      "weight": 2.689635600213063
    },
    {
      "type": "spatial",
      "from": [
        2,
        1
      ],
      "to": [
        4,
        1
      ],
      "weight": 2.049748683809929
    },
    {
      "type": "spatial",
      "from": [
        2,
        1
      ],
      "to": [
        5,
        1
      ],
      "weight": 1.9414781300720485
    },
    {
      "type": "spatial",
      "from": [
        2,
        1
      ],
      "to": [
        6,
        1
      ],
      "weight": 1.7859836190503093
    },
    {
      "type": "spatial",
      "from": [
        2,
        1
      ],
      "to": [
        7,
        1
      ],
      "weight": 2.7962534120025193
    },
    {
      "type": "spatial",
      "from": [
        3,
        1
      ],
      "to": [
        4,
        1
      ],
      "weight": 0.639886916403134
    },
    {
      "type": "spatial",
      "from": [
        3,
        1
      ],
      "to": [
        5,
        1
      ],
      "weight": 3.827877187854587
    },
    {
      "type": "spatial",
      "from": [
        3,
        1
      ],
      "to": [
        6,
        1
      ],
      "weight": 1.550465877595738
    },
    {
      "type": "spatial",
      "from": [
        3,
        1
      ],
      "to": [
        7,
        1
      ],
      "weight": 0.8029723298173369
    },
    {
      "type": "spatial",
      "from": [
        4,
        1
      ],
      "to": [
        5,
        1
      ],
      "weight": 3.2222710654608093
    },
    {
      "type": "spatial",
      "from": [
        4,
        1
      ],
      "to": [
        6,
        1
      ],
      "weight": 1.0655851990796106
    },
    {
      "type": "spatial",
      "from": [
        4,
        1
      ],
      "to": [
        7,
        1
      ],
      "weight": 1.442859246220471
    },
    {
      "type": "spatial",
      "from": [
        5,
        1
      ],
      "to": [
        6,
        1
      ],
      "weight": 2.7849143443224325
    },
    {
      "type": "spatial",
      "from": [
        5,
        1
      ],
      "to": [
        7,
        1
      ],
      "weight": 4.283683832870304
    },
    {
      "type": "spatial",
      "from": [
        6,
        1
      ],
      "to": [
        7,
        1
      ],
      "weight": 2.353438207413075
    },
    {
      "type": "temporal",
      "from": [
        0,
        1
      ],
      "to": [
        0,
        2
      ],
      "weight": 1.0
    },
    {
      "type": "temporal",
      "from": [
        1,
        1
      ],
      "to": [
        1,
        2
      ],
      "weight": 1.0
    },
    {
      "type": "temporal",
      "from": [
        2,
        1
      ],
      "to": [
        2,
        2
      ],
      "weight": 1.0
    },
    {
      "type": "temporal",
      "from": [
        3,
        1
      ],
      "to": [
        3,
        2
      ],
      "weight": 1.0
    },
    {
      "type": "temporal",
      "from": [
        4,
        1
      ],
      "to": [
        4,
        2
      ],
      "weight": 1.0
    },
    {
      "type": "temporal",
      "from": [
        5,
        1
      ],
      "to": [
        5,
        2
      ],
      "weight": 1.0
    },
    {
      "type": "temporal",
      "from": [
        6,
        1
      ],
      "to": [
        6,
        2
      ],
      "weight": 1.0
    },
    {
      "type": "temporal",
      "from": [
        7,
        1
      ],
      "to": [
        7,
        2
      ],
      "weight": 1.0
    },
    {
      "type": "spatial",
      "from": [
        0,
        2
      ],
      "to": [
        1,
        2
      ],
      "weight": 1.065088072675626
    },
    {
      "type": "spatial",
      "from": [
        0,
        2
      ],
      "to": [
        2,
        2
      ],
      "weight": 1.2499115790365862
    },
    {
      "type": "spatial",
      "from": [
        0,
        2
      ],
      "to": [
        3,
        2
      ],
      "weight": 3.1581385344152118
    },
    {
      "type": "spatial",
      "from": [
        0,
        2
      ],
      "to": [
        4,
        2
      ],
      "weight": 2.5377840355212236
    },
    {
      "type": "spatial",
      "from": [
        0,
        2
      ],
      "to": [
        5,
        2
      ],
      "weight": 1.3713225899029633
    },
    {
      "type": "spatial",
      "from": [
        0,
        2
      ],
      "to": [
        6,
        2
      ],
      "weight": 2.038669993536173
    },
    {
      "type": "spatial",
      "from": [
        0,
        2
      ],
      "to": [
        7,
        2
      ],
      "weight": 2.143936201278615
    },
    {
      "type": "spatial",
      "from": [
        1,
        2
      ],
      "to": [
        2,
        2
      ],
      "weight": 1.4697827426701178
    },
    {
      "type": "spatial",
      "from": [
        1,
        2
      ],
      "to": [
        3,
        2
      ],
      "weight": 2.6095678688122868
    },
    {
      "type": "spatial",
      "from": [
        1,
        2
      ],
      "to": [
        4,
        2
      ],
      "weight": 2.261911151670867
    },
    {
      "type": "spatial",
      "from": [
        1,
        2
      ],
      "to": [
        5,
        2
      ],
      "weight": 1.663755499450869
    },
    {
      "type": "spatial",
      "from": [
        1,
        2
      ],
      "to": [
        6,
        2
      ],
      "weight": 1.403503059747701
    },
    {
      "type": "spatial",
      "from": [
        1,
        2
      ],
      "to": [
        7,
        2
      ],
      "weight": 1.9786213019371734
    },
    {
      "type": "spatial",
      "from": [
        2,
        2
      ],
      "to": [
        3,
        2
      ],
      "weight": 2.860202066198636
    },
    {
      "type": "spatial",
      "from": [
        2,
        2
      ],
      "to": [
        4,
        2
      ],
      "weight": 2.239847567304648
    },
    {
      "type": "spatial",
      "from": [
        2,
        2
      ],
      "to": [
        5,
        2
      ],
      "weight": 2.4095900515148347
    },
    {
      "type": "spatial",
      "from": [
        2,
        2
      ],
      "to": [
        6,
        2
      ],
      "weight": 0.7887584144995867
    },
    {
      "type": "spatial",
      "from": [
        2,
        2
      ],
      "to": [
        7,
        2
      ],
      "weight": 2.634608186970341
    },
    {
      "type": "spatial",
      "from": [
        3,
        2
      ],
      "to": [
        4,
        2
      ],
      "weight": 0.6203544988939881
    },
    {
      "type": "spatial",
      "from": [
        3,
        2
      ],
      "to": [
        5,
        2
      ],
      "weight": 2.3886329731484457
    },
    {
      "type": "spatial",
      "from": [
        3,
        2
      ],
      "to": [
        6,
        2
      ],
      "weight": 2.266067028917386
    },
    {
      "type": "spatial",
      "from": [
        3,
        2
      ],
      "to": [
        7,
        2
      ],
      "weight": 1.3018211125763828
    },
    {
      "type": "spatial",
      "from": [
        4,
        2
      ],
      "to": [
        5,
        2
      ],
      "weight": 3.008987472042434
    },
    {
      "type": "spatial",
      "from": [
        4,
        2
      ],
      "to": [
        6,
        2
      ],
      "weight": 1.9901748727489956
    },
    {
      "type": "spatial",
      "from": [
        4,
        2
      ],
      "to": [
        7,
        2
      ],
      "weight": 1.922175611470371
    },
    {
      "type": "spatial",
      "from": [
        5,
        2
      ],
      "to": [
        6,
        2
      ],
      "weight": 3.06725855919857
    },
    {
      "type": "spatial",
      "from": [
        5,
        2
      ],
      "to": [
        7,
        2
      ],
      "weight": 1.0868118605720631
    },
    {
      "type": "spatial",
      "from": [
        6,
        2
      ],
      "to": [
        7,
        2
      ],
      "weight": 2.9781840704084472
    },
    {
      "type": "temporal",
      "from": [
        0,
        2
      ],
      "to": [
        0,
        3
      ],
      "weight": 1.0
    },
    {
      "type": "temporal",
      "from": [
        1,
        2
      ],
      "to": [
        1,
        3
      ],
      "weight": 1.0
    },
    {
      "type": "temporal",
      "from": [
        2,
        2
      ],
      "to": [
        2,
        3
      ],
      "weight": 1.0
    },
    {
      "type": "temporal",
      "from": [
        3,
        2
      ],
      "to": [
        3,
        3
      ],
      "weight": 1.0
    },
    {
      "type": "temporal",
      "from": [
        4,
        2
      ],
      "to": [
        4,
        3
      ],
      "weight": 1.0
    },
    {
      "type": "temporal",
      "from": [
        5,
        2
      ],
      "to": [
        5,
        3
      ],
      "weight": 1.0
    },
    {
      "type": "temporal",
      "from": [
        6,
        2
      ],
      "to": [
        6,
        3
      ],
      "weight": 1.0
    },
    {
      "type": "temporal",
      "from": [
        7,
        2
      ],
      "to": [
        7,
        3
      ],
      "weight": 1.0
    },
    {
      "type": "spatial",
      "from": [
        0,
        3
      ],
      "to": [
        1,
        3
      ],
      "weight": 1.6844563195548334
    },
    {
      "type": "spatial",
      "from": [
        0,
        3
      ],
      "to": [
        2,
        3
      ],
      "weight": 1.0547431228766724
    },
    {
      "type": "spatial",
      "from": [
        0,
        3
      ],
      "to": [
        3,
        3
      ],
      "weight": 4.083215496735274
    },
    {
      "type": "spatial",
      "from": [
        0,
        3
      ],
      "to": [
        4,
        3
      ],
      "weight": 3.7254741890423277
    },
    {
      "type": "spatial",
      "from": [
        0,
        3
      ],
      "to": [
        5,
        3
      ],
      "weight": 1.7026362776809851
    },
    {
      "type": "spatial",
      "from": [
        0,
        3
      ],
      "to": [
        6,
        3
      ],
      "weight": 1.3222114056913283
    },
    {
      "type": "spatial",
      "from": [
        0,
        3
      ],
      "to": [
        7,
        3
      ],
      "weight": 2.229404448055766
    },
    {
      "type": "spatial",
      "from": [
        1,
        3
      ],
      "to": [
        2,
        3
      ],
      "weight": 1.539743777219063
    },
    {
      "type": "spatial",
      "from": [
        1,
        3
      ],
      "to": [
        3,
        3
      ],
      "weight": 2.6570682401525496
    },
    {
      "type": "spatial",
      "from": [
        1,
        3
      ],
      "to": [
        4,
        3
      ],
      "weight": 3.032949278583314
    },
    {
      "type": "spatial",
      "from": [
        1,
        3
      ],
