{
  "spec": {
    "num_qubits": 7,
    "topology": "triangulated",
    "custom_edges": "0-1:1.0000,0-2:0.8341,0-3:1.0000,0-4:1.0000,0-5:0.7190,0-6:0.7190,1-2:1.0000,1-3:1.0000,1-4:0.4366,1-5:1.0000,1-6:0.4439,2-3:0.4411,2-4:1.0000,2-5:0.0500,2-6:0.0500,3-4:0.3253,3-5:0.0500,3-6:1.0000,4-5:0.0500,4-6:0.0500,5-6:1.0000",
    "alpha": 0.05,
    "weight": 1.0,
    "gamma": 0.3,
    "sigma": null,
    "init_angle": 0.0,
    "init_angles": null,
    "shots": 5,
    "device": "ibm_brisbane",
    "geometry": "hyperbolic",
    "curvature": 12.0,
    "timesteps": 4,
    "dimension": 2,
    "mass_hinge": null,
    "mass_value": 0.0,
    "solve_regge": true,
    "lorentzian": true,
    "excite": false,
    "fast": false,
    "strong_curvature": false,
    "charge_injection": false,
    "charge_strength": 1.0,
    "charge_location": 3,
    "spin_injection": false,
    "spin_strength": 1.0,
    "spin_location": 3,
    "edge_floor": 0.05
  },
  "uid": "ZW7YZA",
  "counts_per_timestep": [
    null,
    null,
    null,
    null
  ],
  "job_ids_per_timestep": [
    "d20rvjs3s4ss73clf800",
    "d20rvldofqqs73dc1t0g",
    "d20rvmtofqqs73dc1t2g",
    "d20rvodofqqs73dc1t4g"
  ],
  "entropy_per_timestep": [
    null,
    null,
    null,
    null
  ],
  "mutual_information_per_timestep": [
    {
      "I_0,1": 0.1,
      "I_0,2": 0.1,
      "I_0,3": 0.1,
      "I_0,4": 0.1,
      "I_0,5": 0.1,
      "I_0,6": 0.1,
      "I_1,2": 0.1,
      "I_1,3": 0.1,
      "I_1,4": 0.1,
      "I_1,5": 0.1,
      "I_1,6": 0.1,
      "I_2,3": 0.1,
      "I_2,4": 0.1,
      "I_2,5": 0.1,
      "I_2,6": 0.1,
      "I_3,4": 0.1,
      "I_3,5": 0.1,
      "I_3,6": 0.1,
      "I_4,5": 0.1,
      "I_4,6": 0.1,
      "I_5,6": 0.1
    },
    {
      "I_0,1": 0.1,
      "I_0,2": 0.1,
      "I_0,3": 0.1,
      "I_0,4": 0.1,
      "I_0,5": 0.1,
      "I_0,6": 0.1,
      "I_1,2": 0.1,
      "I_1,3": 0.1,
      "I_1,4": 0.1,
      "I_1,5": 0.1,
      "I_1,6": 0.1,
      "I_2,3": 0.1,
      "I_2,4": 0.1,
      "I_2,5": 0.1,
      "I_2,6": 0.1,
      "I_3,4": 0.1,
      "I_3,5": 0.1,
      "I_3,6": 0.1,
      "I_4,5": 0.1,
      "I_4,6": 0.1,
      "I_5,6": 0.1
    },
    {
      "I_0,1": 0.1,
      "I_0,2": 0.1,
      "I_0,3": 0.1,
      "I_0,4": 0.1,
      "I_0,5": 0.1,
      "I_0,6": 0.1,
      "I_1,2": 0.1,
      "I_1,3": 0.1,
      "I_1,4": 0.1,
      "I_1,5": 0.1,
      "I_1,6": 0.1,
      "I_2,3": 0.1,
      "I_2,4": 0.1,
      "I_2,5": 0.1,
      "I_2,6": 0.1,
      "I_3,4": 0.1,
      "I_3,5": 0.1,
      "I_3,6": 0.1,
      "I_4,5": 0.1,
      "I_4,6": 0.1,
      "I_5,6": 0.1
    },
    {
      "I_0,1": 0.1,
      "I_0,2": 0.1,
      "I_0,3": 0.1,
      "I_0,4": 0.1,
      "I_0,5": 0.1,
      "I_0,6": 0.1,
      "I_1,2": 0.1,
      "I_1,3": 0.1,
      "I_1,4": 0.1,
      "I_1,5": 0.1,
      "I_1,6": 0.1,
      "I_2,3": 0.1,
      "I_2,4": 0.1,
      "I_2,5": 0.1,
      "I_2,6": 0.1,
      "I_3,4": 0.1,
      "I_3,5": 0.1,
      "I_3,6": 0.1,
      "I_4,5": 0.1,
      "I_4,6": 0.1,
      "I_5,6": 0.1
    }
  ],
  "distance_matrix_per_timestep": [
    [
      [
        0.0,
        2678231.731315429,
        1135001.0711557246,
        1467222.3400070586,
        2145786.9841555106,
        1801233.5482321505,
        1158825.5932771026
      ],
      [
        2678231.731315429,
        0.0,
        2303728.309763124,
        4113251.992102834,
        566378.7198925675,
        896317.3707416912,
        2310151.011794053
      ],
      [
        1135001.0711557246,
        2303728.309763124,
        0.0,
        1864727.4553932028,
        2805273.907477125,
        2493693.6695482717,
        27603.28575095127
      ],
      [
        1467222.3400070586,
        4113251.992102834,
        1864727.4553932028,
        0.0,
        3548633.6858866024,
        3216667.5369881606,
        1842154.0931328218
      ],
      [
        2145786.9841555106,
        566378.7198925675,
        2805273.907477125,
        3548633.6858866024,
        0.0,
        349607.1163167566,
        2778208.6803933787
      ],
      [
        1801233.5482321505,
        896317.3707416912,
        2493693.6695482717,
        3216667.5369881606,
        349607.1163167566,
        0.0,
        2473170.6141336206
      ],
      [
        1158825.5932771026,
        2310151.011794053,
        27603.28575095127,
        1842154.0931328218,
        2778208.6803933787,
        2473170.6141336206,
        0.0
      ]
    ],
    [
      [
        0.0,
        2675984.112315258,
        1134650.114777919,
        1467708.3771140415,
        2147880.296191746,
        1800370.443519495,
        1158610.446903323
      ],
      [
        2675984.112315258,
        0.0,
        2301179.6145634255,
        4108331.692823367,
        566838.9172277347,
        897532.9922381946,
        2309984.6575388247
      ],
      [
        1134650.114777919,
        2301179.6145634255,
        0.0,
        1866598.7707402925,
        2806288.395582195,
        2492084.9385001124,
        27613.261457119257
      ],
      [
        1467708.3771140415,
        4108331.692823367,
        1866598.7707402925,
        0.0,
        3554091.6142564886,
        3216552.296531177,
        1845036.407847674
      ],
      [
        2147880.296191746,
        566838.9172277347,
        2806288.395582195,
        3554091.6142564886,
        0.0,
        348691.23478543083,
        2780492.097065471
      ],
      [
        1800370.443519495,
        897532.9922381946,
        2492084.9385001124,
        3216552.296531177,
        348691.23478543083,
        0.0,
        2473385.896384834
      ],
      [
        1158610.446903323,
        2309984.6575388247,
        27613.261457119257,
        1845036.407847674,
        2780492.097065471,
        2473385.896384834,
        0.0
      ]
    ],
    [
      [
        0.0,
        2675183.973395946,
        1134754.231153547,
        1464791.2055679902,
        2147408.4672722323,
        1801013.3784382541,
        1160322.7503829768
      ],
      [
        2675183.973395946,
        0.0,
        2299986.981702299,
        4105010.1329311565,
        566554.5018084379,
        898354.5958399968,
        2310744.0675582876
      ],
      [
        1134754.231153547,
        2299986.981702299,
        0.0,
        1865609.9209951537,
        2807728.772023571,
        2492326.8639987092,
        27640.00890450197
      ],
      [
        1464791.2055679902,
        4105010.1329311565,
        1865609.9209951537,
        0.0,
        3551596.453242776,
        3215498.354101052,
        1844312.9540293312
      ],
      [
        2147408.4672722323,
        566554.5018084379,
        2807728.772023571,
        3551596.453242776,
        0.0,
        348180.9199510397,
        2781315.45715563
      ],
      [
        1801013.3784382541,
        898354.5958399968,
        2492326.8639987092,
        3215498.354101052,
        348180.9199510397,
        0.0,
        2474031.5868132203
      ],
      [
        1160322.7503829768,
        2310744.0675582876,
        27640.00890450197,
        1844312.9540293312,
        2781315.45715563,
        2474031.5868132203,
        0.0
      ]
    ],
    [
      [
        0.0,
        2675197.6528332047,
        1134488.0324113755,
        1462717.9829524164,
        2146505.1699444074,
        1800396.1450090043,
        1159391.8498153838
      ],
      [
        2675197.6528332047,
        0.0,
        2299616.0266651325,
        4106668.7657926,
        567623.1289220162,
        898511.428620486,
        2311339.2005957477
      ],
      [
        1134488.0324113755,
        2299616.0266651325,
        0.0,
        1865471.0339561226,
        2802341.3828754453,
        2492260.7827546587,
        27641.67366804106
      ],
      [
        1462717.9829524164,
        4106668.7657926,
        1865471.0339561226,
        0.0,
        3560344.895192957,
        3214879.817735405,
        1844869.10169905
      ],
      [
        2146505.1699444074,
        567623.1289220162,
        2802341.3828754453,
        3560344.895192957,
        0.0,
        348168.83397513063,
        2778064.9948651604
      ],
      [
        1800396.1450090043,
        898511.428620486,
        2492260.7827546587,
        3214879.817735405,
        348168.83397513063,
        0.0,
        2476858.966554461
      ],
      [
        1159391.8498153838,
        2311339.2005957477,
        27641.67366804106,
        1844869.10169905,
        2778064.9948651604,
        2476858.966554461,
        0.0
      ]
    ]
  ],
  "edge_mi": {
    "0,1": 0.1,
    "0,6": 0.1,
    "0,2": 0.1,
    "0,3": 0.1,
    "0,4": 0.1,
    "1,2": 0.1,
    "1,6": 0.1,
    "1,4": 0.1,
    "1,5": 0.1,
    "2,3": 0.1,
    "2,4": 0.1,
    "2,5": 0.1,
    "2,6": 0.1,
    "3,4": 0.1,
    "3,6": 0.1,
    "4,5": 0.1,
    "4,6": 0.1,
    "5,6": 0.1
  },
  "distance_matrix": [
    [
      0.0,
      2.3025850929940455,
      2.3025850929940455,
      2.3025850929940455,
      2.3025850929940455,
      2.3025850929940455,
      2.3025850929940455
    ],
    [
      2.3025850929940455,
      0.0,
      2.3025850929940455,
      2.3025850929940455,
      2.3025850929940455,
      2.3025850929940455,
      2.3025850929940455
    ],
    [
      2.3025850929940455,
      2.3025850929940455,
      0.0,
      2.3025850929940455,
      2.3025850929940455,
      2.3025850929940455,
      2.3025850929940455
    ],
    [
      2.3025850929940455,
      2.3025850929940455,
      2.3025850929940455,
      0.0,
      2.3025850929940455,
      2.3025850929940455,
      2.3025850929940455
    ],
    [
      2.3025850929940455,
      2.3025850929940455,
      2.3025850929940455,
      2.3025850929940455,
      0.0,
      2.3025850929940455,
      2.3025850929940455
    ],
    [
      2.3025850929940455,
      2.3025850929940455,
      2.3025850929940455,
      2.3025850929940455,
      2.3025850929940455,
      0.0,
      2.3025850929940455
    ],
    [
      2.3025850929940455,
      2.3025850929940455,
      2.3025850929940455,
      2.3025850929940455,
      2.3025850929940455,
      2.3025850929940455,
      0.0
    ]
  ],
  "shortest_paths": {
    "0": {
      "0": 0,
      "1": 2.3025850929940455,
      "2": 2.3025850929940455,
      "3": 2.3025850929940455,
      "4": 2.3025850929940455,
      "5": 2.3025850929940455,
      "6": 2.3025850929940455
    },
    "1": {
      "1": 0,
      "0": 2.3025850929940455,
      "2": 2.3025850929940455,
      "3": 2.3025850929940455,
      "4": 2.3025850929940455,
      "5": 2.3025850929940455,
      "6": 2.3025850929940455
    },
    "2": {
      "2": 0,
      "0": 2.3025850929940455,
      "1": 2.3025850929940455,
      "3": 2.3025850929940455,
      "4": 2.3025850929940455,
      "5": 2.3025850929940455,
      "6": 2.3025850929940455
    },
    "3": {
      "3": 0,
      "0": 2.3025850929940455,
      "1": 2.3025850929940455,
      "2": 2.3025850929940455,
      "4": 2.3025850929940455,
      "5": 2.3025850929940455,
      "6": 2.3025850929940455
    },
    "4": {
      "4": 0,
      "0": 2.3025850929940455,
      "1": 2.3025850929940455,
      "2": 2.3025850929940455,
      "3": 2.3025850929940455,
      "5": 2.3025850929940455,
      "6": 2.3025850929940455
    },
    "5": {
      "5": 0,
      "0": 2.3025850929940455,
      "1": 2.3025850929940455,
      "2": 2.3025850929940455,
      "3": 2.3025850929940455,
      "4": 2.3025850929940455,
      "6": 2.3025850929940455
    },
    "6": {
      "6": 0,
      "0": 2.3025850929940455,
      "1": 2.3025850929940455,
      "2": 2.3025850929940455,
      "3": 2.3025850929940455,
      "4": 2.3025850929940455,
      "5": 2.3025850929940455
    }
  },
  "gromov_delta": 1.1512925464970227,
  "mean_distance": 1.9736443654234674,
  "angle_sums": [
    0.11116706656349909,
    0.11116706656349909,
    0.11116706656349909,
    0.11116706656349909,
    0.11116706656349909,
    0.11116706656349909,
    0.11116706656349909,
    0.11116706656349909,
    0.11116706656349909,
    0.11116706656349909,
    0.11116706656349909,
    0.11116706656349909,
    0.11116706656349909,
    0.11116706656349909,
    0.11116706656349909,
    0.11116706656349909,
    0.11116706656349909,
    0.11116706656349909,
    0.11116706656349909,
    0.11116706656349909,
    0.11116706656349909,
    0.11116706656349909,
    0.11116706656349909,
    0.11116706656349909,
    0.11116706656349909,
    0.11116706656349909,
    0.11116706656349909,
    0.11116706656349909,
    0.11116706656349909,
    0.11116706656349909,
    0.11116706656349909,
    0.11116706656349909,
    0.11116706656349909,
    0.11116706656349909,
    0.11116706656349909
  ],
  "mean_angle_sum": 0.1111670665634991,
  "min_angle_sum": 0.11116706656349909,
  "max_angle_sum": 0.11116706656349909,
  "angle_sum_deviations": [
    -3.030425587026294,
    -3.030425587026294,
    -3.030425587026294,
    -3.030425587026294,
    -3.030425587026294,
    -3.030425587026294,
    -3.030425587026294,
    -3.030425587026294,
    -3.030425587026294,
    -3.030425587026294,
    -3.030425587026294,
    -3.030425587026294,
    -3.030425587026294,
    -3.030425587026294,
    -3.030425587026294,
    -3.030425587026294,
    -3.030425587026294,
    -3.030425587026294,
    -3.030425587026294,
    -3.030425587026294,
    -3.030425587026294,
    -3.030425587026294,
    -3.030425587026294,
    -3.030425587026294,
    -3.030425587026294,
    -3.030425587026294,
    -3.030425587026294,
    -3.030425587026294,
    -3.030425587026294,
    -3.030425587026294,
    -3.030425587026294,
    -3.030425587026294,
    -3.030425587026294,
    -3.030425587026294,
    -3.030425587026294
  ],
  "triangle_inequality_violations": [],
  "embedding_coords": [
    [
      -194.99352214179828,
      178.77700968316276
    ],
    [
      -258.0585864805566,
      -40.356030342312685
    ],
    [
      -131.06835505752156,
      -229.6274570584206
    ],
    [
      97.2688276163587,
      -243.64333266616362
    ],
    [
      251.81779734951945,
      -76.24003053843106
    ],
    [
      216.8170115479858,
      149.66718357083732
    ],
    [
      18.21682716601237,
      261.4226573513279
    ]
  ],
  "embedding_coords_3d": [
    [
      -176.26168598299756,
      -202.3951204421766,
      17.204957398471176
    ],
    [
      -211.92374462476783,
      66.51052616973178,
      -151.97598012904936
    ],
    [
      250.68610006821115,
      62.73922308356237,
      75.33681988059459
    ],
    [
      -111.35823136027598,
      182.17754758838632,
      171.24107783241553
    ],
    [
      82.69482329704222,
      196.32862021403255,
      -164.59131962386007
    ],
    [
      49.57347686760429,
      -131.65013224420258,
      229.2557414646601
    ],
    [
      116.5892617351837,
      -173.7106643693338,
      -176.47129682323194
    ]
  ],
  "edge_weight_variance": 0.15104684235827662,
  "event_nodes": [
    [
      0,
      0
    ],
    [
      1,
      0
    ],
    [
      2,
      0
    ],
    [
      3,
      0
    ],
    [
      4,
      0
    ],
    [
      5,
      0
    ],
    [
      6,
      0
    ],
    [
      0,
      1
    ],
    [
      1,
      1
    ],
    [
      2,
      1
    ],
    [
      3,
      1
    ],
    [
      4,
      1
    ],
    [
      5,
      1
    ],
    [
      6,
      1
    ],
    [
      0,
      2
    ],
    [
      1,
      2
    ],
    [
      2,
      2
    ],
    [
      3,
      2
    ],
    [
      4,
      2
    ],
    [
      5,
      2
    ],
    [
      6,
      2
    ],
    [
      0,
      3
    ],
    [
      1,
      3
    ],
    [
      2,
      3
    ],
    [
      3,
      3
    ],
    [
      4,
      3
    ],
    [
      5,
      3
    ],
    [
      6,
      3
    ]
  ],
  "event_edges": [
    {
      "type": "spatial",
      "from": [
        0,
        0
      ],
      "to": [
        1,
        0
      ],
      "weight": 2.3025850929940455
    },
    {
      "type": "spatial",
      "from": [
        0,
        0
      ],
      "to": [
        2,
        0
      ],
      "weight": 2.3025850929940455
    },
    {
      "type": "spatial",
      "from": [
        0,
        0
      ],
      "to": [
        3,
        0
      ],
      "weight": 2.3025850929940455
    },
    {
      "type": "spatial",
      "from": [
        0,
        0
      ],
      "to": [
        4,
        0
      ],
      "weight": 2.3025850929940455
    },
    {
      "type": "spatial",
      "from": [
        0,
        0
      ],
      "to": [
        5,
        0
      ],
      "weight": 4.605170185988091
    },
    {
      "type": "spatial",
      "from": [
        0,
        0
      ],
      "to": [
        6,
        0
      ],
      "weight": 2.3025850929940455
    },
    {
      "type": "spatial",
      "from": [
        1,
        0
      ],
      "to": [
        2,
        0
      ],
      "weight": 2.3025850929940455
    },
    {
      "type": "spatial",
      "from": [
        1,
        0
      ],
      "to": [
        3,
        0
      ],
      "weight": 4.605170185988091
    },
    {
      "type": "spatial",
      "from": [
        1,
        0
      ],
      "to": [
        4,
        0
      ],
      "weight": 2.3025850929940455
    },
    {
      "type": "spatial",
      "from": [
        1,
        0
      ],
      "to": [
        5,
        0
      ],
      "weight": 2.3025850929940455
    },
    {
      "type": "spatial",
      "from": [
        1,
        0
      ],
      "to": [
        6,
        0
      ],
      "weight": 2.3025850929940455
    },
    {
      "type": "spatial",
      "from": [
        2,
        0
      ],
      "to": [
        3,
        0
      ],
      "weight": 2.3025850929940455
    },
    {
      "type": "spatial",
      "from": [
        2,
        0
      ],
      "to": [
        4,
        0
      ],
      "weight": 2.3025850929940455
    },
    {
      "type": "spatial",
      "from": [
        2,
        0
      ],
      "to": [
        5,
        0
      ],
      "weight": 2.3025850929940455
    },
    {
      "type": "spatial",
      "from": [
        2,
        0
      ],
      "to": [
        6,
        0
      ],
      "weight": 2.3025850929940455
    },
    {
      "type": "spatial",
      "from": [
        3,
        0
      ],
      "to": [
        4,
        0
      ],
      "weight": 2.3025850929940455
    },
    {
      "type": "spatial",
      "from": [
        3,
        0
      ],
      "to": [
        5,
        0
      ],
      "weight": 4.605170185988091
    },
    {
      "type": "spatial",
      "from": [
        3,
        0
      ],
      "to": [
        6,
        0
      ],
      "weight": 2.3025850929940455
    },
    {
      "type": "spatial",
      "from": [
        4,
        0
      ],
      "to": [
        5,
        0
      ],
      "weight": 2.3025850929940455
    },
    {
      "type": "spatial",
      "from": [
        4,
        0
      ],
      "to": [
        6,
        0
      ],
      "weight": 2.3025850929940455
    },
    {
      "type": "spatial",
      "from": [
        5,
        0
      ],
      "to": [
        6,
        0
      ],
      "weight": 2.3025850929940455
    },
    {
      "type": "temporal",
      "from": [
        0,
        0
      ],
      "to": [
        0,
        1
      ],
      "weight": 1.0
    },
    {
      "type": "temporal",
      "from": [
        1,
        0
      ],
      "to": [
        1,
        1
      ],
      "weight": 1.0
    },
    {
      "type": "temporal",
      "from": [
        2,
        0
      ],
      "to": [
        2,
        1
      ],
      "weight": 1.0
    },
    {
      "type": "temporal",
      "from": [
        3,
        0
      ],
      "to": [
        3,
        1
      ],
      "weight": 1.0
    },
    {
      "type": "temporal",
      "from": [
        4,
        0
      ],
      "to": [
        4,
        1
      ],
      "weight": 1.0
    },
    {
      "type": "temporal",
      "from": [
        5,
        0
      ],
      "to": [
        5,
        1
      ],
      "weight": 1.0
    },
    {
      "type": "temporal",
      "from": [
        6,
        0
      ],
      "to": [
        6,
        1
      ],
      "weight": 1.0
    },
    {
      "type": "spatial",
      "from": [
        0,
        1
      ],
      "to": [
        1,
        1
      ],
      "weight": 2.3025850929940455
    },
    {
      "type": "spatial",
      "from": [
        0,
        1
      ],
      "to": [
        2,
        1
      ],
      "weight": 2.3025850929940455
    },
    {
      "type": "spatial",
      "from": [
        0,
        1
      ],
      "to": [
        3,
        1
      ],
      "weight": 2.3025850929940455
    },
    {
      "type": "spatial",
      "from": [
        0,
        1
      ],
      "to": [
        4,
        1
      ],
      "weight": 2.3025850929940455
    },
    {
      "type": "spatial",
      "from": [
        0,
        1
      ],
      "to": [
        5,
        1
      ],
      "weight": 4.605170185988091
    },
    {
      "type": "spatial",
      "from": [
        0,
        1
      ],
      "to": [
        6,
        1
      ],
      "weight": 2.3025850929940455
    },
    {
      "type": "spatial",
      "from": [
        1,
        1
      ],
      "to": [
        2,
        1
      ],
      "weight": 2.3025850929940455
    },
    {
      "type": "spatial",
      "from": [
        1,
        1
      ],
      "to": [
        3,
        1
      ],
      "weight": 4.605170185988091
    },
    {
      "type": "spatial",
      "from": [
        1,
        1
      ],
      "to": [
        4,
        1
      ],
      "weight": 2.3025850929940455
    },
    {
      "type": "spatial",
      "from": [
        1,
        1
      ],
      "to": [
        5,
        1
      ],
      "weight": 2.3025850929940455
    },
    {
      "type": "spatial",
      "from": [
        1,
        1
      ],
      "to": [
        6,
        1
      ],
      "weight": 2.3025850929940455
    },
    {
      "type": "spatial",
      "from": [
        2,
        1
      ],
      "to": [
        3,
        1
      ],
      "weight": 2.3025850929940455
    },
    {
      "type": "spatial",
      "from": [
        2,
        1
      ],
      "to": [
        4,
        1
      ],
      "weight": 2.3025850929940455
    },
    {
      "type": "spatial",
      "from": [
        2,
        1
      ],
      "to": [
        5,
        1
      ],
      "weight": 2.3025850929940455
    },
    {
      "type": "spatial",
      "from": [
        2,
        1
      ],
      "to": [
        6,
        1
      ],
      "weight": 2.3025850929940455
    },
    {
      "type": "spatial",
      "from": [
        3,
        1
      ],
      "to": [
        4,
        1
      ],
      "weight": 2.3025850929940455
    },
    {
      "type": "spatial",
      "from": [
        3,
        1
      ],
      "to": [
        5,
        1
      ],
      "weight": 4.605170185988091
    },
    {
      "type": "spatial",
      "from": [
        3,
        1
      ],
      "to": [
        6,
        1
      ],
      "weight": 2.3025850929940455
    },
    {
      "type": "spatial",
      "from": [
        4,
        1
      ],
      "to": [
        5,
        1
      ],
      "weight": 2.3025850929940455
    },
    {
      "type": "spatial",
      "from": [
        4,
        1
      ],
      "to": [
        6,
        1
      ],
      "weight": 2.3025850929940455
    },
    {
      "type": "spatial",
      "from": [
        5,
        1
      ],
      "to": [
        6,
        1
      ],
      "weight": 2.3025850929940455
    },
    {
      "type": "temporal",
      "from": [
        0,
        1
      ],
      "to": [
        0,
        2
      ],
      "weight": 1.0
    },
    {
      "type": "temporal",
      "from": [
        1,
        1
      ],
      "to": [
        1,
        2
      ],
      "weight": 1.0
    },
    {
      "type": "temporal",
      "from": [
        2,
        1
      ],
      "to": [
        2,
        2
      ],
      "weight": 1.0
    },
    {
      "type": "temporal",
      "from": [
        3,
        1
      ],
      "to": [
        3,
        2
      ],
      "weight": 1.0
    },
    {
      "type": "temporal",
      "from": [
        4,
        1
      ],
      "to": [
        4,
        2
      ],
      "weight": 1.0
    },
    {
      "type": "temporal",
      "from": [
        5,
        1
      ],
      "to": [
        5,
        2
      ],
      "weight": 1.0
    },
    {
      "type": "temporal",
      "from": [
        6,
        1
      ],
      "to": [
        6,
        2
      ],
      "weight": 1.0
    },
    {
      "type": "spatial",
      "from": [
        0,
        2
      ],
      "to": [
        1,
        2
      ],
      "weight": 2.3025850929940455
    },
    {
      "type": "spatial",
      "from": [
        0,
        2
      ],
      "to": [
        2,
        2
      ],
      "weight": 2.3025850929940455
    },
    {
      "type": "spatial",
      "from": [
        0,
        2
      ],
      "to": [
        3,
        2
      ],
      "weight": 2.3025850929940455
    },
    {
      "type": "spatial",
      "from": [
        0,
        2
      ],
      "to": [
        4,
        2
      ],
      "weight": 2.3025850929940455
    },
    {
      "type": "spatial",
      "from": [
        0,
        2
      ],
      "to": [
        5,
        2
      ],
      "weight": 4.605170185988091
    },
    {
      "type": "spatial",
      "from": [
        0,
        2
      ],
      "to": [
        6,
        2
      ],
      "weight": 2.3025850929940455
    },
    {
      "type": "spatial",
      "from": [
        1,
        2
      ],
      "to": [
        2,
        2
      ],
      "weight": 2.3025850929940455
    },
    {
      "type": "spatial",
      "from": [
        1,
        2
      ],
      "to": [
        3,
        2
      ],
      "weight": 4.605170185988091
    },
    {
      "type": "spatial",
      "from": [
        1,
        2
      ],
      "to": [
        4,
        2
      ],
      "weight": 2.3025850929940455
    },
    {
      "type": "spatial",
      "from": [
        1,
        2
      ],
      "to": [
        5,
        2
      ],
      "weight": 2.3025850929940455
    },
    {
      "type": "spatial",
      "from": [
        1,
        2
      ],
      "to": [
        6,
        2
      ],
      "weight": 2.3025850929940455
    },
    {
      "type": "spatial",
      "from": [
        2,
        2
      ],
      "to": [
        3,
        2
      ],
      "weight": 2.3025850929940455
    },
    {
      "type": "spatial",
      "from": [
        2,
        2
      ],
      "to": [
        4,
        2
      ],
      "weight": 2.3025850929940455
    },
    {
      "type": "spatial",
      "from": [
        2,
        2
      ],
      "to": [
        5,
        2
      ],
      "weight": 2.3025850929940455
    },
    {
      "type": "spatial",
      "from": [
        2,
        2
      ],
      "to": [
        6,
        2
      ],
      "weight": 2.3025850929940455
    },
    {
      "type": "spatial",
      "from": [
        3,
        2
      ],
      "to": [
        4,
        2
      ],
      "weight": 2.3025850929940455
    },
    {
      "type": "spatial",
      "from": [
        3,
        2
      ],
      "to": [
        5,
        2
      ],
      "weight": 4.605170185988091
    },
    {
      "type": "spatial",
      "from": [
        3,
        2
      ],
      "to": [
        6,
        2
      ],
      "weight": 2.3025850929940455
    },
    {
      "type": "spatial",
      "from": [
        4,
        2
      ],
      "to": [
        5,
        2
      ],
      "weight": 2.3025850929940455
    },
    {
      "type": "spatial",
      "from": [
        4,
        2
      ],
      "to": [
        6,
        2
      ],
      "weight": 2.3025850929940455
    },
    {
      "type": "spatial",
      "from": [
        5,
        2
      ],
      "to": [
        6,
        2
      ],
      "weight": 2.3025850929940455
    },
    {
      "type": "temporal",
      "from": [
        0,
        2
      ],
      "to": [
        0,
        3
      ],
      "weight": 1.0
    },
    {
      "type": "temporal",
      "from": [
        1,
        2
      ],
      "to": [
        1,
        3
      ],
      "weight": 1.0
    },
    {
      "type": "temporal",
      "from": [
        2,
        2
      ],
      "to": [
        2,
        3
      ],
      "weight": 1.0
    },
    {
      "type": "temporal",
      "from": [
        3,
        2
      ],
      "to": [
        3,
        3
      ],
      "weight": 1.0
    },
    {
      "type": "temporal",
      "from": [
        4,
        2
      ],
      "to": [
        4,
        3
      ],
      "weight": 1.0
    },
    {
      "type": "temporal",
      "from": [
        5,
        2
      ],
      "to": [
        5,
        3
      ],
      "weight": 1.0
    },
    {
      "type": "temporal",
      "from": [
        6,
        2
      ],
      "to": [
        6,
        3
      ],
      "weight": 1.0
    },
    {
      "type": "spatial",
      "from": [
        0,
        3
      ],
      "to": [
        1,
        3
      ],
      "weight": 2.3025850929940455
    },
    {
      "type": "spatial",
      "from": [
        0,
        3
      ],
      "to": [
        2,
        3
      ],
      "weight": 2.3025850929940455
    },
    {
      "type": "spatial",
      "from": [
        0,
        3
      ],
      "to": [
        3,
        3
      ],
      "weight": 2.3025850929940455
    },
    {
      "type": "spatial",
      "from": [
        0,
        3
      ],
      "to": [
        4,
        3
      ],
      "weight": 2.3025850929940455
    },
    {
      "type": "spatial",
      "from": [
        0,
        3
      ],
      "to": [
        5,
        3
      ],
      "weight": 4.605170185988091
    },
    {
      "type": "spatial",
      "from": [
        0,
        3
      ],
      "to": [
        6,
        3
      ],
      "weight": 2.3025850929940455
    },
    {
      "type": "spatial",
      "from": [
        1,
        3
      ],
      "to": [
        2,
        3
      ],
      "weight": 2.3025850929940455
    },
    {
      "type": "spatial",
      "from": [
        1,
        3
      ],
      "to": [
        3,
        3
      ],
      "weight": 4.605170185988091
    },
    {
      "type": "spatial",
      "from": [
        1,
        3
      ],
      "to": [
        4,
        3
      ],
      "weight": 2.3025850929940455
    },
    {
      "type": "spatial",
      "from": [
        1,
        3
      ],
      "to": [
        5,
        3
      ],
      "weight": 2.3025850929940455
    },
    {
      "type": "spatial",
      "from": [
        1,
        3
      ],
      "to": [
        6,
        3
      ],
      "weight": 2.3025850929940455
    },
    {
      "type": "spatial",
      "from": [
        2,
        3
      ],
      "to": [
        3,
        3
      ],
      "weight": 2.3025850929940455
    },
    {
      "type": "spatial",
      "from": [
        2,
        3
      ],
      "to": [
        4,
        3
      ],
      "weight": 2.3025850929940455
    },
    {
      "type": "spatial",
      "from": [
        2,
        3
      ],
      "to": [
        5,
        3
      ],
      "weight": 2.3025850929940455
    },
    {
      "type": "spatial",
      "from": [
        2,
        3
      ],
      "to": [
        6,
        3
      ],
      "weight": 2.3025850929940455
    },
    {
      "type": "spatial",
      "from": [
        3,
        3
      ],
      "to": [
        4,
        3
      ],
      "weight": 2.3025850929940455
    },
    {
      "type": "spatial",
      "from": [
        3,
        3
      ],
      "to": [
        5,
        3
      ],
      "weight": 4.605170185988091
    },
    {
      "type": "spatial",
      "from": [
        3,
        3
      ],
      "to": [
        6,
        3
      ],
      "weight": 2.3025850929940455
    },
    {
      "type": "spatial",
      "from": [
        4,
        3
      ],
      "to": [
        5,
        3
      ],
      "weight": 2.3025850929940455
    },
    {
      "type": "spatial",
      "from": [
        4,
        3
      ],
      "to": [
        6,
        3
      ],
      "weight": 2.3025850929940455
    },
    {
      "type": "spatial",
      "from": [
        5,
        3
      ],
      "to": [
        6,
        3
      ],
      "weight": 2.3025850929940455
    }
  ],
  "lorentzian_dissimilarity": [
    [
      0.0,
      5.301898110478397,
      5.301898110478397,
      5.301898110478397,
      5.301898110478397,
      21.207592441913587,
      5.301898110478397,
      -1.0,
      4.301898110478397,
      4.301898110478397,
      4.301898110478397,
      4.301898110478397,
      20.207592441913587,
      4.301898110478397,
      -4.0,
      1.3018981104783967,
      1.3018981104783967,
      1.3018981104783967,
      1.3018981104783967,
      17.207592441913587,
      1.3018981104783967,
      -9.0,
      -3.6981018895216033,
      -3.6981018895216033,
      -3.6981018895216033,
      -3.6981018895216033,
      12.207592441913587,
      -3.6981018895216033
    ],
    [
      5.301898110478397,
      0.0,
      5.301898110478397,
      21.207592441913587,
      5.301898110478397,
      5.301898110478397,
      5.301898110478397,
      4.301898110478397,
      -1.0,
      4.301898110478397,
      20.207592441913587,
      4.301898110478397,
      4.301898110478397,
      4.301898110478397,
      1.3018981104783967,
      -4.0,
      1.3018981104783967,
      17.207592441913587,
      1.3018981104783967,
      1.3018981104783967,
      1.3018981104783967,
      -3.6981018895216033,
      -9.0,
      -3.6981018895216033,
      12.207592441913587,
      -3.6981018895216033,
      -3.6981018895216033,
      -3.6981018895216033
    ],
    [
      5.301898110478397,
      5.301898110478397,
      0.0,
      5.301898110478397,
      5.301898110478397,
      5.301898110478397,
      5.301898110478397,
      4.301898110478397,
      4.301898110478397,
      -1.0,
      4.301898110478397,
      4.301898110478397,
      4.301898110478397,
      4.301898110478397,
      1.3018981104783967,
      1.3018981104783967,
      -4.0,
      1.3018981104783967,
      1.3018981104783967,
      1.3018981104783967,
      1.3018981104783967,
      -3.6981018895216033,
      -3.6981018895216033,
      -9.0,
      -3.6981018895216033,
      -3.6981018895216033,
      -3.6981018895216033,
      -3.6981018895216033
    ],
    [
      5.301898110478397,
      21.207592441913587,
      5.301898110478397,
      0.0,
      5.301898110478397,
      21.207592441913587,
      5.301898110478397,
      4.301898110478397,
      20.207592441913587,
      4.301898110478397,
      -1.0,
      4.301898110478397,
      20.207592441913587,
      4.301898110478397,
      1.3018981104783967,
      17.207592441913587,
      1.3018981104783967,
      -4.0,
      1.3018981104783967,
      17.207592441913587,
      1.3018981104783967,
      -3.6981018895216033,
      12.207592441913587,
      -3.6981018895216033,
      -9.0,
      -3.6981018895216033,
      12.207592441913587,
      -3.6981018895216033
    ],
    [
      5.301898110478397,
      5.301898110478397,
      5.301898110478397,
      5.301898110478397,
      0.0,
      5.301898110478397,
      5.301898110478397,
      4.301898110478397,
      4.301898110478397,
      4.301898110478397,
      4.301898110478397,
      -1.0,
      4.301898110478397,
      4.301898110478397,
      1.3018981104783967,
      1.3018981104783967,
      1.3018981104783967,
      1.3018981104783967,
      -4.0,
      1.3018981104783967,
      1.3018981104783967,
      -3.6981018895216033,
      -3.6981018895216033,
      -3.6981018895216033,
      -3.6981018895216033,
      -9.0,
      -3.6981018895216033,
      -3.6981018895216033
    ],
    [
      21.207592441913587,
      5.301898110478397,
      5.301898110478397,
      21.207592441913587,
      5.301898110478397,
      0.0,
      5.301898110478397,
      20.207592441913587,
      4.301898110478397,
      4.301898110478397,
      20.207592441913587,
      4.301898110478397,
      -1.0,
      4.301898110478397,
      17.207592441913587,
      1.3018981104783967,
      1.3018981104783967,
      17.207592441913587,
      1.3018981104783967,
      -4.0,
      1.3018981104783967,
      12.207592441913587,
      -3.6981018895216033,
      -3.6981018895216033,
      12.207592441913587,
      -3.6981018895216033,
      -9.0,
      -3.6981018895216033
    ],
    [
      5.301898110478397,
      5.301898110478397,
      5.301898110478397,
      5.301898110478397,
      5.301898110478397,
      5.301898110478397,
      0.0,
      4.301898110478397,
      4.301898110478397,
      4.301898110478397,
      4.301898110478397,
      4.301898110478397,
      4.301898110478397,
      -1.0,
      1.3018981104783967,
      1.3018981104783967,
      1.3018981104783967,
      1.3018981104783967,
      1.3018981104783967,
      1.3018981104783967,
      -4.0,
      -3.6981018895216033,
      -3.6981018895216033,
      -3.6981018895216033,
      -3.6981018895216033,
      -3.6981018895216033,
      -3.6981018895216033,
      -9.0
    ],
    [
      -1.0,
      4.301898110478397,
      4.301898110478397,
      4.301898110478397,
      4.301898110478397,
      20.207592441913587,
      4.301898110478397,
      0.0,
      5.301898110478397,
      5.301898110478397,
      5.301898110478397,
      5.301898110478397,
      21.207592441913587,
      5.301898110478397,
      -1.0,
      4.301898110478397,
      4.301898110478397,
      4.301898110478397,
      4.301898110478397,
      20.207592441913587,
      4.301898110478397,
      -4.0,
      1.3018981104783967,
      1.3018981104783967,
      1.3018981104783967,
      1.3018981104783967,
      17.207592441913587,
      1.3018981104783967
    ],
    [
      4.301898110478397,
      -1.0,
      4.301898110478397,
      20.207592441913587,
      4.301898110478397,
      4.301898110478397,
      4.301898110478397,
      5.301898110478397,
      0.0,
      5.301898110478397,
      21.207592441913587,
      5.301898110478397,
      5.301898110478397,
      5.301898110478397,
      4.301898110478397,
      -1.0,
      4.301898110478397,
      20.207592441913587,
      4.301898110478397,
      4.301898110478397,
      4.301898110478397,
      1.3018981104783967,
      -4.0,
      1.3018981104783967,
      17.207592441913587,
      1.3018981104783967,
      1.3018981104783967,
      1.3018981104783967
    ],
    [
      4.301898110478397,
      4.301898110478397,
      -1.0,
      4.301898110478397,
      4.301898110478397,
      4.301898110478397,
      4.301898110478397,
      5.301898110478397,
      5.301898110478397,
      0.0,
      5.301898110478397,
      5.301898110478397,
      5.301898110478397,
      5.301898110478397,
      4.301898110478397,
      4.301898110478397,
      -1.0,
      4.301898110478397,
      4.301898110478397,
      4.301898110478397,
      4.301898110478397,
      1.3018981104783967,
      1.3018981104783967,
      -4.0,
      1.3018981104783967,
      1.3018981104783967,
      1.3018981104783967,
      1.3018981104783967
    ],
    [
      4.301898110478397,
      20.207592441913587,
      4.301898110478397,
      -1.0,
      4.301898110478397,
      20.207592441913587,
      4.301898110478397,
      5.301898110478397,
      21.207592441913587,
      5.301898110478397,
      0.0,
      5.301898110478397,
      21.207592441913587,
      5.301898110478397,
      4.301898110478397,
      20.207592441913587,
      4.301898110478397,
      -1.0,
      4.301898110478397,
      20.207592441913587,
      4.301898110478397,
      1.3018981104783967,
      17.207592441913587,
      1.3018981104783967,
      -4.0,
      1.3018981104783967,
      17.207592441913587,
      1.3018981104783967
    ],
