{
  "spec": {
    "num_qubits": 5,
    "topology": "triangulated",
    "custom_edges": "0-1:1.0000,0-2:0.9309,0-3:1.0000,0-4:1.0000,1-2:0.8829,1-3:0.8829,1-4:1.0000,2-3:1.0000,2-4:0.7653,3-4:1.0000",
    "alpha": 0.8,
    "weight": 1.0,
    "gamma": 0.3,
    "sigma": null,
    "init_angle": 0.0,
    "init_angles": null,
    "shots": 100,
    "device": "simulator",
    "geometry": "hyperbolic",
    "curvature": 5.0,
    "timesteps": 1,
    "dimension": 2,
    "mass_hinge": null,
    "mass_value": 0.0,
    "solve_regge": false,
    "lorentzian": false,
    "excite": false,
    "fast": false,
    "strong_curvature": false,
    "charge_injection": false,
    "charge_strength": 1.0,
    "charge_location": 3,
    "spin_injection": false,
    "spin_strength": 1.0,
    "spin_location": 3,
    "edge_floor": 0.001,
    "compute_entropies": false,
    "hyperbolic_triangulation": true,
    "trotter_steps": 4,
    "dt": 0.1,
    "analyze_curvature": true
  },
  "uid": "4XLDWS",
  "counts_per_timestep": [
    null
  ],
  "job_ids_per_timestep": [
    null
  ],
  "entropy_per_timestep": [
    null
  ],
  "mutual_information_per_timestep": [
    {
      "I_0,1": 0.6489605874928821,
      "I_0,2": 0.36304044973442173,
      "I_0,3": 0.21718256487457333,
      "I_0,4": 0.36304044973442107,
      "I_1,2": 0.36304044973442084,
      "I_1,3": 0.2171825648745731,
      "I_1,4": 0.36304044973442195,
      "I_2,3": 0.39812850741493033,
      "I_2,4": 0.5497474330719592,
      "I_3,4": 0.3981285074149292
    }
  ],
  "boundary_entropies_per_timestep": [
    {
      "entropy_A": 1.4181075944763424,
      "entropy_B": 1.418107594476342,
      "mi_AB": 2.8362151889526817,
      "pure_state_check": true,
      "entropy_difference": 4.440892098500626e-16,
      "multiple_regions": {
        "size_1_region_0": {
          "region": [
            0
          ],
          "entropy": 0.9526898905730965,
          "rt_area": 4,
          "size": 1
        },
        "size_1_region_1": {
          "region": [
            1
          ],
          "entropy": 0.9526898905730965,
          "rt_area": 4,
          "size": 1
        },
        "size_1_region_2": {
          "region": [
            2
          ],
          "entropy": 0.9789131671534248,
          "rt_area": 4,
          "size": 1
        },
        "size_2_region_0": {
          "region": [
            0,
            1
          ],
          "entropy": 1.256419193653311,
          "rt_area": 6,
          "size": 2
        },
        "size_2_region_1": {
          "region": [
            0,
            2
          ],
          "entropy": 1.5685626079921,
          "rt_area": 6,
          "size": 2
        },
        "size_2_region_2": {
          "region": [
            0,
            3
          ],
          "entropy": 1.5728302604363695,
          "rt_area": 6,
          "size": 2
        },
        "size_3_region_0": {
          "region": [
            0,
            1,
            2
          ],
          "entropy": 1.4181075944763424,
          "rt_area": 6,
          "size": 3
        },
        "size_3_region_1": {
          "region": [
            0,
            1,
            3
          ],
          "entropy": 1.408078901234894,
          "rt_area": 6,
          "size": 3
        },
        "size_3_region_2": {
          "region": [
            0,
            1,
            4
          ],
          "entropy": 1.418107594476342,
          "rt_area": 6,
          "size": 3
        },
        "size_4_region_0": {
          "region": [
            0,
            1,
            2,
            3
          ],
          "entropy": 0.9789131671534306,
          "rt_area": 4,
          "size": 4
        },
        "size_4_region_1": {
          "region": [
            0,
            1,
            2,
            4
          ],
          "entropy": 0.8373229347378485,
          "rt_area": 4,
          "size": 4
        },
        "size_4_region_2": {
          "region": [
            0,
            1,
            3,
            4
          ],
          "entropy": 0.97891316715343,
          "rt_area": 4,
          "size": 4
        }
      }
    }
  ],
  "distance_matrix_per_timestep": [
    [
      [
        0.0,
        0.43238329217618077,
        1.013241019150079,
        1.9342214620111746,
        1.0132410191500807
      ],
      [
        0.43238329217618077,
        0.0,
        1.0132410191500814,
        1.9342214620111766,
        1.0132410191500782
      ],
      [
        1.013241019150079,
        1.0132410191500814,
        0.0,
        0.9209804428610956,
        0.5982963188224528
      ],
      [
        1.9342214620111746,
        1.9342214620111766,
        0.9209804428610956,
        0.0,
        0.9209804428610984
      ],
      [
        1.0132410191500807,
        1.0132410191500782,
        0.5982963188224528,
        0.9209804428610984,
        0.0
      ]
    ]
  ],
  "edge_mi": {
    "0,1": 0.6489605874928821,
    "0,4": 0.36304044973442107,
    "0,2": 0.36304044973442173,
    "1,2": 0.36304044973442084,
    "1,4": 0.36304044973442195,
    "2,3": 0.39812850741493033,
    "2,4": 0.5497474330719592,
    "3,4": 0.3981285074149292
  },
  "distance_matrix": [
    [
      0.0,
      0.43238329217618077,
      1.013241019150079,
      1.5270169663608568,
      1.0132410191500807
    ],
    [
      0.43238329217618077,
      0.0,
      1.0132410191500814,
      1.5270169663608577,
      1.0132410191500782
    ],
    [
      1.013241019150079,
      1.0132410191500814,
      0.0,
      0.9209804428610956,
      0.5982963188224528
    ],
    [
      1.5270169663608568,
      1.5270169663608577,
      0.9209804428610956,
      0.0,
      0.9209804428610984
    ],
    [
      1.0132410191500807,
      1.0132410191500782,
      0.5982963188224528,
      0.9209804428610984,
      0.0
    ]
  ],
  "shortest_paths": {
    "0": {
      "0": 0,
      "1": 0.43238329217618077,
      "2": 1.013241019150079,
      "4": 1.0132410191500807,
      "3": 1.5270169663608568
    },
    "1": {
      "1": 0,
      "0": 0.43238329217618077,
      "4": 1.0132410191500782,
      "2": 1.0132410191500814,
      "3": 1.5270169663608577
    },
    "2": {
      "2": 0,
      "4": 0.5982963188224528,
      "3": 0.9209804428610956,
      "0": 1.013241019150079,
      "1": 1.0132410191500814
    },
    "3": {
      "3": 0,
      "2": 0.9209804428610956,
      "4": 0.9209804428610984,
      "0": 1.5270169663608568,
      "1": 1.5270169663608577
    },
    "4": {
      "4": 0,
      "2": 0.5982963188224528,
      "3": 0.9209804428610984,
      "1": 1.0132410191500782,
      "0": 1.0132410191500807
    }
  },
  "gromov_delta": 1.3108253202727669,
  "mean_distance": 0.7983710804834289,
  "angle_sums": [
    2.3996223191533215,
    2.274366574229632,
    2.39962231915332,
    1.9014910886635445,
    2.1653314231124794,
    1.9014910886635372,
    1.9014910886635432,
    2.1653314231124794,
    1.9014910886635423,
    2.2211445141764026
  ],
  "mean_angle_sum": 2.1231382927591804,
  "min_angle_sum": 1.9014910886635372,
  "max_angle_sum": 2.3996223191533215,
  "angle_sum_deviations": [
    -0.7419703344364716,
    -0.8672260793601612,
    -0.741970334436473,
    -1.2401015649262486,
    -0.9762612304773137,
    -1.240101564926256,
    -1.24010156492625,
    -0.9762612304773137,
    -1.2401015649262508,
    -0.9204481394133905
  ],
  "triangle_inequality_violations": [],
  "embedding_coords": [
    [
      1.7228325129547972,
      1.3904011938225427
    ],
    [
      1.9681003437026015,
      1.0142077246926127
    ],
    [
      -0.2702087847728173,
      -0.5084405908495648
    ],
    [
      -2.8505562996021947,
      -1.854871939504933
    ],
    [
      -0.5701677722823874,
      -0.041296388160657914
    ]
  ],
  "embedding_coords_3d": [
    [
      -0.5414532503797885,
      1.601879393691193,
      -1.4290649076204192
    ],
    [
      -0.5925139424859575,
      1.257448752283028,
      -1.7233657774674964
    ],
    [
      -0.12865943577905153,
      -0.31093186438250253,
      0.4652572850928725
    ],
    [
      0.8767463388510817,
      -2.2060499664597795,
      2.43514857899008
    ],
    [
      0.38588028979371614,
      -0.3423463151319388,
      0.25202482100496326
    ]
  ],
  "edge_weight_variance": 0.005833932,
  "event_nodes": [
    [
      0,
      0
    ],
    [
      1,
      0
    ],
    [
      2,
      0
    ],
    [
      3,
      0
    ],
    [
      4,
      0
    ]
  ],
  "event_edges": [
    {
      "type": "spatial",
      "from": [
        0,
        0
      ],
      "to": [
        1,
        0
      ],
      "weight": 0.43238329217618077
    },
    {
      "type": "spatial",
      "from": [
        0,
        0
      ],
      "to": [
        2,
        0
      ],
      "weight": 1.013241019150079
    },
    {
      "type": "spatial",
      "from": [
        0,
        0
      ],
      "to": [
        3,
        0
      ],
      "weight": 1.9342214620111746
    },
    {
      "type": "spatial",
      "from": [
        0,
        0
      ],
      "to": [
        4,
        0
      ],
      "weight": 1.0132410191500807
    },
    {
      "type": "spatial",
      "from": [
        1,
        0
      ],
      "to": [
        2,
        0
      ],
      "weight": 1.0132410191500814
    },
    {
      "type": "spatial",
      "from": [
        1,
        0
      ],
      "to": [
        3,
        0
      ],
      "weight": 1.9342214620111766
    },
    {
      "type": "spatial",
      "from": [
        1,
        0
      ],
      "to": [
        4,
        0
      ],
      "weight": 1.0132410191500782
    },
    {
      "type": "spatial",
      "from": [
        2,
        0
      ],
      "to": [
        3,
        0
      ],
      "weight": 0.9209804428610956
    },
    {
      "type": "spatial",
      "from": [
        2,
        0
      ],
      "to": [
        4,
        0
      ],
      "weight": 0.5982963188224528
    },
    {
      "type": "spatial",
      "from": [
        3,
        0
      ],
      "to": [
        4,
        0
      ],
      "weight": 0.9209804428610984
    }
  ],
  "lorentzian_dissimilarity": [
    [
      0.0,
      0.1869553113531125,
      1.0266573628882907,
      3.741212664104646,
      1.0266573628882942
    ],
    [
      0.1869553113531125,
      0.0,
      1.0266573628882956,
      3.7412126641046535,
      1.0266573628882891
    ],
    [
      1.0266573628882907,
      1.0266573628882956,
      0.0,
      0.8482049761326198,
      0.35795848511649814
    ],
    [
      3.741212664104646,
      3.7412126641046535,
      0.8482049761326198,
      0.0,
      0.8482049761326249
    ],
    [
      1.0266573628882942,
      1.0266573628882891,
      0.35795848511649814,
      0.8482049761326249,
      0.0
    ]
  ],
  "lorentzian_embedding": [
    [
      -4.8211017551590775e-09,
      -0.2928245513859157,
      0.6731354234458139
    ],
    [
      -7.749711546526579e-10,
      -0.21233761225266035,
      0.8497369454002044
    ],
    [
      -8.351672246314325e-10,
      0.7583242561589103,
      0.5825848312924227
    ],
    [
      6.776063455005137e-09,
      1.4962784915786482,
      -0.035645251589439854
    ],
    [
      -6.327109614640171e-09,
      0.5455726342349266,
      0.11578386718538662
    ]
  ],
  "edge_length_evolution": [],
  "angle_deficit_evolution": [],
  "regge_action_evolution": [],
  "gromov_delta_evolution": [],
  "mass_hinge": null,
  "mass_value": 0.0,
  "matter": {
    "(0, 1)": 0.0,
    "(2, 4)": 0.0,
    "(1, 2)": 0.0,
    "(0, 4)": 0.0,
    "(3, 4)": 0.0,
    "(0, 3)": 0.0,
    "(1, 4)": 0.0,
    "(2, 3)": 0.0,
    "(0, 2)": 0.0,
    "(1, 3)": 0.0
  },
  "stationary_solution": null,
  "bootstrap_analysis": {
    "gromov_delta": {
      "mean": 1.7180298159230851,
      "lower_ci": 1.7180298159230851,
      "upper_ci": 1.7180298159230851,
      "all_values": [
        1.7180298159230851
      ],
      "uncertainty": 0.0
    },
    "entropy": {
      "mean": null,
      "lower_ci": null,
      "upper_ci": null,
      "uncertainty": null
    },
    "distance_matrix": {
      "mean": [
        [
          0.0,
          0.43238329217618077,
          1.013241019150079,
          1.9342214620111746,
          1.0132410191500807
        ],
        [
          0.43238329217618077,
          0.0,
          1.0132410191500814,
          1.9342214620111766,
          1.0132410191500782
        ],
        [
          1.013241019150079,
          1.0132410191500814,
          0.0,
          0.9209804428610956,
          0.5982963188224528
        ],
        [
          1.9342214620111746,
          1.9342214620111766,
          0.9209804428610956,
          0.0,
          0.9209804428610984
        ],
        [
          1.0132410191500807,
          1.0132410191500782,
          0.5982963188224528,
          0.9209804428610984,
          0.0
        ]
      ],
      "lower_ci": [
        [
          0.0,
          0.43238329217618077,
          1.013241019150079,
          1.9342214620111746,
          1.0132410191500807
        ],
        [
          0.43238329217618077,
          0.0,
          1.0132410191500814,
          1.9342214620111766,
          1.0132410191500782
        ],
        [
          1.013241019150079,
          1.0132410191500814,
          0.0,
          0.9209804428610956,
          0.5982963188224528
        ],
        [
          1.9342214620111746,
          1.9342214620111766,
          0.9209804428610956,
          0.0,
          0.9209804428610984
        ],
        [
          1.0132410191500807,
          1.0132410191500782,
          0.5982963188224528,
          0.9209804428610984,
          0.0
        ]
      ],
      "upper_ci": [
        [
          0.0,
          0.43238329217618077,
          1.013241019150079,
          1.9342214620111746,
          1.0132410191500807
        ],
        [
          0.43238329217618077,
          0.0,
          1.0132410191500814,
          1.9342214620111766,
          1.0132410191500782
        ],
        [
          1.013241019150079,
          1.0132410191500814,
          0.0,
          0.9209804428610956,
          0.5982963188224528
        ],
        [
          1.9342214620111746,
          1.9342214620111766,
          0.9209804428610956,
          0.0,
          0.9209804428610984
        ],
        [
          1.0132410191500807,
          1.0132410191500782,
          0.5982963188224528,
          0.9209804428610984,
          0.0
        ]
      ]
    }
  },
  "topology_compatibility": {
    "current_topology": "triangulated",
    "explanation": "Triangulated topology is specifically designed for angle-sum curvature. Creates multiple triangles per vertex, enabling robust local curvature measurements. Each vertex has multiple incident triangles for well-defined angle sums.",
    "supports_local_curvature": true
  },
  "rt_surface_analysis": {
    "region_A": [
      0,
      1,
      2
    ],
    "region_B": [
      3,
      4,
      5,
      6
    ],
    "bulk_point": 3,
    "is_complementary": false,
    "rt_area_AB": 7.414201724006059,
    "rt_area_BA": 7.414201724006059,
    "area_consistent": true,
    "edges_consistent": true,
    "area_difference": 0.0,
    "rt_edges_AB": [
      [
        0,
        3
      ],
      [
        0,
        4
      ],
      [
        1,
        3
      ],
      [
        1,
        4
      ],
      [
        2,
        3
      ],
      [
        2,
        4
      ]
    ],
    "rt_edges_BA": [
      [
        0,
        3
      ],
      [
        0,
        4
      ],
      [
        1,
        3
      ],
      [
        1,
        4
      ],
      [
        2,
        3
      ],
      [
        2,
        4
      ]
    ],
    "edge_lengths": [
      0.43238329217618077,
      1.013241019150079,
      1.9342214620111746,
      1.0132410191500807,
      1.0132410191500814,
      1.9342214620111766,
      1.0132410191500782,
      0.9209804428610956,
      0.5982963188224528,
      0.9209804428610984
    ],
    "all_edges": [
      [
        0,
        1
      ],
      [
        0,
        2
      ],
      [
        0,
        3
      ],
      [
        0,
        4
      ],
      [
        1,
        2
      ],
      [
        1,
        3
      ],
      [
        1,
        4
      ],
      [
        2,
        3
      ],
      [
        2,
        4
      ],
      [
        3,
        4
      ]
    ]
  },
  "bulk_excitation_analysis": null,
  "dynamic_evidence": {
    "angle_sums_per_timestep": [
      [
        2.3996223191533215,
        2.2366005571009455,
        2.39962231915332,
        0.0,
        2.1653314231124794,
        3.141592515132953,
        3.1415926088863095,
        2.1653314231124794,
        0.0,
        2.2211445141764026
      ]
    ],
    "gromov_delta_per_timestep": [
      1.7180298159230851
    ],
    "edge_mi_per_timestep": [
      {
        "0,1": 0.6489605874928821,
        "0,4": 0.36304044973442107,
        "0,2": 0.36304044973442173,
        "1,2": 0.36304044973442084,
        "1,4": 0.36304044973442195,
        "2,3": 0.39812850741493033,
        "2,4": 0.5497474330719592,
        "3,4": 0.3981285074149292
      }
    ],
    "shortest_paths_per_timestep": [
      {
        "0": {
          "0": 0,
          "1": 0.43238329217618077,
          "2": 1.013241019150079,
          "4": 1.0132410191500807,
          "3": 1.9342214620111746
        },
        "1": {
          "1": 0,
          "0": 0.43238329217618077,
          "4": 1.0132410191500782,
          "2": 1.0132410191500814,
          "3": 1.9342214620111766
        },
        "2": {
          "2": 0,
          "4": 0.5982963188224528,
          "3": 0.9209804428610956,
          "0": 1.013241019150079,
          "1": 1.0132410191500814
        },
        "3": {
          "3": 0,
          "2": 0.9209804428610956,
          "4": 0.9209804428610984,
          "0": 1.9342214620111746,
          "1": 1.9342214620111766
        },
        "4": {
          "4": 0,
          "2": 0.5982963188224528,
          "3": 0.9209804428610984,
          "1": 1.0132410191500782,
          "0": 1.0132410191500807
        }
      }
    ],
    "mean_distance_per_timestep": [
      0.86352379978748
    ],
    "triangle_violations_per_timestep": [
      0
    ],
    "embedding_coords_per_timestep": [
      [
        [
          4.233955914100088,
          0.015147304081121882
        ],
        [
          4.218228597926041,
          -0.3666807476430485
        ],
        [
          -0.5236339696584409,
          -0.1838020036868953
        ],
        [
          -7.440208398879946,
          0.3093986722985356
        ],
        [
          -0.48834214348774063,
          0.22593677495028627
        ]
      ]
    ],
    "regge_evolution_data": null,
    "evolution_summary": {
      "total_timesteps": 1,
      "gromov_delta_range": [
        1.7180298159230851,
        1.7180298159230851
      ],
      "mean_distance_range": [
        0.86352379978748,
        0.86352379978748
      ],
      "total_triangle_violations": 0,
      "hyperbolic_evolution": [
        false
      ],
      "regge_corrected": false
    }
  }
}