{
  "spec": {
    "num_qubits": 7,
    "topology": "triangulated",
    "custom_edges": "0-1:1.0000,0-2:0.8203,0-3:1.0000,0-4:1.0000,0-5:0.6956,0-6:0.6956,1-2:1.0000,1-3:1.0000,1-4:0.3897,1-5:1.0000,1-6:0.3976,2-3:0.3946,2-4:1.0000,2-5:0.0500,2-6:0.0500,3-4:0.2690,3-5:0.0500,3-6:1.0000,4-5:0.0500,4-6:0.0500,5-6:1.0000",
    "alpha": 0.05,
    "weight": 1.0,
    "gamma": 0.3,
    "sigma": null,
    "init_angle": 0.0,
    "init_angles": null,
    "shots": 5,
    "device": "ibm_brisbane",
    "geometry": "hyperbolic",
    "curvature": 13.0,
    "timesteps": 2,
    "dimension": 2,
    "mass_hinge": null,
    "mass_value": 0.0,
    "solve_regge": true,
    "lorentzian": true,
    "excite": false,
    "fast": false,
    "strong_curvature": false,
    "charge_injection": false,
    "charge_strength": 1.0,
    "charge_location": 3,
    "spin_injection": false,
    "spin_strength": 1.0,
    "spin_location": 3,
    "edge_floor": 0.05
  },
  "uid": "KET9WR",
  "counts_per_timestep": [
    null,
    null
  ],
  "job_ids_per_timestep": [
    "d20rpuclir9s73ai92v0",
    "d20rqeclir9s73ai93dg"
  ],
  "entropy_per_timestep": [
    null,
    null
  ],
  "mutual_information_per_timestep": [
    {
      "I_0,1": 0.1,
      "I_0,2": 0.1,
      "I_0,3": 0.1,
      "I_0,4": 0.1,
      "I_0,5": 0.1,
      "I_0,6": 0.1,
      "I_1,2": 0.1,
      "I_1,3": 0.1,
      "I_1,4": 0.1,
      "I_1,5": 0.1,
      "I_1,6": 0.1,
      "I_2,3": 0.1,
      "I_2,4": 0.1,
      "I_2,5": 0.1,
      "I_2,6": 0.1,
      "I_3,4": 0.1,
      "I_3,5": 0.1,
      "I_3,6": 0.1,
      "I_4,5": 0.1,
      "I_4,6": 0.1,
      "I_5,6": 0.1
    },
    {
      "I_0,1": 0.1,
      "I_0,2": 0.1,
      "I_0,3": 0.1,
      "I_0,4": 0.1,
      "I_0,5": 0.1,
      "I_0,6": 0.1,
      "I_1,2": 0.1,
      "I_1,3": 0.1,
      "I_1,4": 0.1,
      "I_1,5": 0.1,
      "I_1,6": 0.1,
      "I_2,3": 0.1,
      "I_2,4": 0.1,
      "I_2,5": 0.1,
      "I_2,6": 0.1,
      "I_3,4": 0.1,
      "I_3,5": 0.1,
      "I_3,6": 0.1,
      "I_4,5": 0.1,
      "I_4,6": 0.1,
      "I_5,6": 0.1
    }
  ],
  "distance_matrix_per_timestep": [
    [
      [
        0.0,
        209121675.69284636,
        2.09226954652222,
        55433786.11687718,
        369037627.2524625,
        4351.51602870393,
        445012704.79088706
      ],
      [
        209121675.69284636,
        0.0,
        56980988.024869695,
        23.742769186703907,
        0.04999999999995458,
        0.04999999999995458,
        0.050000000000181684
      ],
      [
        2.09226954652222,
        56980988.024869695,
        0.0,
        334539639.31446373,
        588408582.2700831,
        21716760.65987001,
        353540811.39613175
      ],
      [
        55433786.11687718,
        23.742769186703907,
        334539639.31446373,
        0.0,
        0.04999999999995458,
        0.04999999999995458,
        0.050000000000181684
      ],
      [
        369037627.2524625,
        0.04999999999995458,
        588408582.2700831,
        0.04999999999995458,
        0.0,
        0.050000000000181684,
        0.050000000000181684
      ],
      [
        4351.51602870393,
        0.04999999999995458,
        21716760.65987001,
        0.04999999999995458,
        0.050000000000181684,
        0.0,
        0.050000000000181684
      ],
      [
        445012704.79088706,
        0.050000000000181684,
        353540811.39613175,
        0.050000000000181684,
        0.050000000000181684,
        0.050000000000181684,
        0.0
      ]
    ],
    [
      [
        0.0,
        209121675.69284636,
        2.09226954652222,
        55433786.11687718,
        369037627.2524625,
        4351.51602870393,
        445012704.79088706
      ],
      [
        209121675.69284636,
        0.0,
        56980988.024869695,
        23.742769186703907,
        0.04999999999995458,
        0.04999999999995458,
        0.050000000000181684
      ],
      [
        2.09226954652222,
        56980988.024869695,
        0.0,
        334539639.31446373,
        588408582.2700831,
        21716760.65987001,
        353540811.39613175
      ],
      [
        55433786.11687718,
        23.742769186703907,
        334539639.31446373,
        0.0,
        0.04999999999995458,
        0.04999999999995458,
        0.050000000000181684
      ],
      [
        369037627.2524625,
        0.04999999999995458,
        588408582.2700831,
        0.04999999999995458,
        0.0,
        0.050000000000181684,
        0.050000000000181684
      ],
      [
        4351.51602870393,
        0.04999999999995458,
        21716760.65987001,
        0.04999999999995458,
        0.050000000000181684,
        0.0,
        0.050000000000181684
      ],
      [
        445012704.79088706,
        0.050000000000181684,
        353540811.39613175,
        0.050000000000181684,
        0.050000000000181684,
        0.050000000000181684,
        0.0
      ]
    ]
  ],
  "edge_mi": {
    "0,1": 0.1,
    "0,6": 0.1,
    "0,2": 0.1,
    "0,3": 0.1,
    "0,4": 0.1,
    "1,2": 0.1,
    "1,6": 0.1,
    "1,4": 0.1,
    "1,5": 0.1,
    "2,3": 0.1,
    "2,4": 0.1,
    "2,5": 0.1,
    "2,6": 0.1,
    "3,4": 0.1,
    "3,6": 0.1,
    "4,5": 0.1,
    "4,6": 0.1,
    "5,6": 0.1
  },
  "distance_matrix": [
    [
      0.0,
      2.3025850929940455,
      2.3025850929940455,
      2.3025850929940455,
      2.3025850929940455,
      2.3025850929940455,
      2.3025850929940455
    ],
    [
      2.3025850929940455,
      0.0,
      2.3025850929940455,
      2.3025850929940455,
      2.3025850929940455,
      2.3025850929940455,
      2.3025850929940455
    ],
    [
      2.3025850929940455,
      2.3025850929940455,
      0.0,
      2.3025850929940455,
      2.3025850929940455,
      2.3025850929940455,
      2.3025850929940455
    ],
    [
      2.3025850929940455,
      2.3025850929940455,
      2.3025850929940455,
      0.0,
      2.3025850929940455,
      2.3025850929940455,
      2.3025850929940455
    ],
    [
      2.3025850929940455,
      2.3025850929940455,
      2.3025850929940455,
      2.3025850929940455,
      0.0,
      2.3025850929940455,
      2.3025850929940455
    ],
    [
      2.3025850929940455,
      2.3025850929940455,
      2.3025850929940455,
      2.3025850929940455,
      2.3025850929940455,
      0.0,
      2.3025850929940455
    ],
    [
      2.3025850929940455,
      2.3025850929940455,
      2.3025850929940455,
      2.3025850929940455,
      2.3025850929940455,
      2.3025850929940455,
      0.0
    ]
  ],
  "shortest_paths": {
    "0": {
      "0": 0,
      "1": 2.3025850929940455,
      "2": 2.3025850929940455,
      "3": 2.3025850929940455,
      "4": 2.3025850929940455,
      "5": 2.3025850929940455,
      "6": 2.3025850929940455
    },
    "1": {
      "1": 0,
      "0": 2.3025850929940455,
      "2": 2.3025850929940455,
      "3": 2.3025850929940455,
      "4": 2.3025850929940455,
      "5": 2.3025850929940455,
      "6": 2.3025850929940455
    },
    "2": {
      "2": 0,
      "0": 2.3025850929940455,
      "1": 2.3025850929940455,
      "3": 2.3025850929940455,
      "4": 2.3025850929940455,
      "5": 2.3025850929940455,
      "6": 2.3025850929940455
    },
    "3": {
      "3": 0,
      "0": 2.3025850929940455,
      "1": 2.3025850929940455,
      "2": 2.3025850929940455,
      "4": 2.3025850929940455,
      "5": 2.3025850929940455,
      "6": 2.3025850929940455
    },
    "4": {
      "4": 0,
      "0": 2.3025850929940455,
      "1": 2.3025850929940455,
      "2": 2.3025850929940455,
      "3": 2.3025850929940455,
      "5": 2.3025850929940455,
      "6": 2.3025850929940455
    },
    "5": {
      "5": 0,
      "0": 2.3025850929940455,
      "1": 2.3025850929940455,
      "2": 2.3025850929940455,
      "3": 2.3025850929940455,
      "4": 2.3025850929940455,
      "6": 2.3025850929940455
    },
    "6": {
      "6": 0,
      "0": 2.3025850929940455,
      "1": 2.3025850929940455,
      "2": 2.3025850929940455,
      "3": 2.3025850929940455,
      "4": 2.3025850929940455,
      "5": 2.3025850929940455
    }
  },
  "gromov_delta": 1.1512925464970227,
  "mean_distance": 1.9736443654234674,
  "angle_sums": [
    0.0944682488941537,
    0.0944682488941537,
    0.0944682488941537,
    0.0944682488941537,
    0.0944682488941537,
    0.0944682488941537,
    0.0944682488941537,
    0.0944682488941537,
    0.0944682488941537,
    0.0944682488941537,
    0.0944682488941537,
    0.0944682488941537,
    0.0944682488941537,
    0.0944682488941537,
    0.0944682488941537,
    0.0944682488941537,
    0.0944682488941537,
    0.0944682488941537,
    0.0944682488941537,
    0.0944682488941537,
    0.0944682488941537,
    0.0944682488941537,
    0.0944682488941537,
    0.0944682488941537,
    0.0944682488941537,
    0.0944682488941537,
    0.0944682488941537,
    0.0944682488941537,
    0.0944682488941537,
    0.0944682488941537,
    0.0944682488941537,
    0.0944682488941537,
    0.0944682488941537,
    0.0944682488941537,
    0.0944682488941537
  ],
  "mean_angle_sum": 0.0944682488941537,
  "min_angle_sum": 0.0944682488941537,
  "max_angle_sum": 0.0944682488941537,
  "angle_sum_deviations": [
    -3.0471244046956394,
    -3.0471244046956394,
    -3.0471244046956394,
    -3.0471244046956394,
    -3.0471244046956394,
    -3.0471244046956394,
    -3.0471244046956394,
    -3.0471244046956394,
    -3.0471244046956394,
    -3.0471244046956394,
    -3.0471244046956394,
    -3.0471244046956394,
    -3.0471244046956394,
    -3.0471244046956394,
    -3.0471244046956394,
    -3.0471244046956394,
    -3.0471244046956394,
    -3.0471244046956394,
    -3.0471244046956394,
    -3.0471244046956394,
    -3.0471244046956394,
    -3.0471244046956394,
    -3.0471244046956394,
    -3.0471244046956394,
    -3.0471244046956394,
    -3.0471244046956394,
    -3.0471244046956394,
    -3.0471244046956394,
    -3.0471244046956394,
    -3.0471244046956394,
    -3.0471244046956394,
    -3.0471244046956394,
    -3.0471244046956394,
    -3.0471244046956394,
    -3.0471244046956394
  ],
  "triangle_inequality_violations": [],
  "embedding_coords": [
    [
      -259.4709940711609,
      237.89225359921
    ],
    [
      -343.3894481582658,
      -53.70034447642396
    ],
    [
      -174.4080316335652,
      -305.55714823005115
    ],
    [
      129.4321940366804,
      -324.20757895602304
    ],
    [
      335.0850504437553,
      -101.44991635894958
    ],
    [
      288.5107407669881,
      199.15683595230394
    ],
    [
      24.240488615568164,
      347.8658984699337
    ]
  ],
  "embedding_coords_3d": [
    [
      -234.54520117549896,
      -269.3200395554416,
      22.894029248248305
    ],
    [
      -281.9994432691173,
      88.50320847533935,
      -202.22907000134967
    ],
    [
      333.5791408353575,
      83.48486863530906,
      100.2480458318142
    ],
    [
      -148.18046605694644,
      242.41722930585618,
      227.8644552031998
    ],
    [
      110.03908114352217,
      261.24756192931403,
      -219.0158567792374
    ],
    [
      65.9656750702066,
      -175.18218199147424,
      305.0625194158968
    ],
    [
      155.14121345247636,
      -231.15064679890273,
      -234.82412291857216
    ]
  ],
  "edge_weight_variance": 0.15483835705215418,
  "event_nodes": [
    [
      0,
      0
    ],
    [
      1,
      0
    ],
    [
      2,
      0
    ],
    [
      3,
      0
    ],
    [
      4,
      0
    ],
    [
      5,
      0
    ],
    [
      6,
      0
    ],
    [
      0,
      1
    ],
    [
      1,
      1
    ],
    [
      2,
      1
    ],
    [
      3,
      1
    ],
    [
      4,
      1
    ],
    [
      5,
      1
    ],
    [
      6,
      1
    ]
  ],
  "event_edges": [
    {
      "type": "spatial",
      "from": [
        0,
        0
      ],
      "to": [
        1,
        0
      ],
      "weight": 2.3025850929940455
    },
    {
      "type": "spatial",
      "from": [
        0,
        0
      ],
      "to": [
        2,
        0
      ],
      "weight": 2.3025850929940455
    },
    {
      "type": "spatial",
      "from": [
        0,
        0
      ],
      "to": [
        3,
        0
      ],
      "weight": 2.3025850929940455
    },
    {
      "type": "spatial",
      "from": [
        0,
        0
      ],
      "to": [
        4,
        0
      ],
      "weight": 2.3025850929940455
    },
    {
      "type": "spatial",
      "from": [
        0,
        0
      ],
      "to": [
        5,
        0
      ],
      "weight": 4.605170185988091
    },
    {
      "type": "spatial",
      "from": [
        0,
        0
      ],
      "to": [
        6,
        0
      ],
      "weight": 2.3025850929940455
    },
    {
      "type": "spatial",
      "from": [
        1,
        0
      ],
      "to": [
        2,
        0
      ],
      "weight": 2.3025850929940455
    },
    {
      "type": "spatial",
      "from": [
        1,
        0
      ],
      "to": [
        3,
        0
      ],
      "weight": 4.605170185988091
    },
    {
      "type": "spatial",
      "from": [
        1,
        0
      ],
      "to": [
        4,
        0
      ],
      "weight": 2.3025850929940455
    },
    {
      "type": "spatial",
      "from": [
        1,
        0
      ],
      "to": [
        5,
        0
      ],
      "weight": 2.3025850929940455
    },
    {
      "type": "spatial",
      "from": [
        1,
        0
      ],
      "to": [
        6,
        0
      ],
      "weight": 2.3025850929940455
    },
    {
      "type": "spatial",
      "from": [
        2,
        0
      ],
      "to": [
        3,
        0
      ],
      "weight": 2.3025850929940455
    },
    {
      "type": "spatial",
      "from": [
        2,
        0
      ],
      "to": [
        4,
        0
      ],
      "weight": 2.3025850929940455
    },
    {
      "type": "spatial",
      "from": [
        2,
        0
      ],
      "to": [
        5,
        0
      ],
      "weight": 2.3025850929940455
    },
    {
      "type": "spatial",
      "from": [
        2,
        0
      ],
      "to": [
        6,
        0
      ],
      "weight": 2.3025850929940455
    },
    {
      "type": "spatial",
      "from": [
        3,
        0
      ],
      "to": [
        4,
        0
      ],
      "weight": 2.3025850929940455
    },
    {
      "type": "spatial",
      "from": [
        3,
        0
      ],
      "to": [
        5,
        0
      ],
      "weight": 4.605170185988091
    },
    {
      "type": "spatial",
      "from": [
        3,
        0
      ],
      "to": [
        6,
        0
      ],
      "weight": 2.3025850929940455
    },
    {
      "type": "spatial",
      "from": [
        4,
        0
      ],
      "to": [
        5,
        0
      ],
      "weight": 2.3025850929940455
    },
    {
      "type": "spatial",
      "from": [
        4,
        0
      ],
      "to": [
        6,
        0
      ],
      "weight": 2.3025850929940455
    },
    {
      "type": "spatial",
      "from": [
        5,
        0
      ],
      "to": [
        6,
        0
      ],
      "weight": 2.3025850929940455
    },
    {
      "type": "temporal",
      "from": [
        0,
        0
      ],
      "to": [
        0,
        1
      ],
      "weight": 1.0
    },
    {
      "type": "temporal",
      "from": [
        1,
        0
      ],
      "to": [
        1,
        1
      ],
      "weight": 1.0
    },
    {
      "type": "temporal",
      "from": [
        2,
        0
      ],
      "to": [
        2,
        1
      ],
      "weight": 1.0
    },
    {
      "type": "temporal",
      "from": [
        3,
        0
      ],
      "to": [
        3,
        1
      ],
      "weight": 1.0
    },
    {
      "type": "temporal",
      "from": [
        4,
        0
      ],
      "to": [
        4,
        1
      ],
      "weight": 1.0
    },
    {
      "type": "temporal",
      "from": [
        5,
        0
      ],
      "to": [
        5,
        1
      ],
      "weight": 1.0
    },
    {
      "type": "temporal",
      "from": [
        6,
        0
      ],
      "to": [
        6,
        1
      ],
      "weight": 1.0
    },
    {
      "type": "spatial",
      "from": [
        0,
        1
      ],
      "to": [
        1,
        1
      ],
      "weight": 2.3025850929940455
    },
    {
      "type": "spatial",
      "from": [
        0,
        1
      ],
      "to": [
        2,
        1
      ],
      "weight": 2.3025850929940455
    },
    {
      "type": "spatial",
      "from": [
        0,
        1
      ],
      "to": [
        3,
        1
      ],
      "weight": 2.3025850929940455
    },
    {
      "type": "spatial",
      "from": [
        0,
        1
      ],
      "to": [
        4,
        1
      ],
      "weight": 2.3025850929940455
    },
    {
      "type": "spatial",
      "from": [
        0,
        1
      ],
      "to": [
        5,
        1
      ],
      "weight": 4.605170185988091
    },
    {
      "type": "spatial",
      "from": [
        0,
        1
      ],
      "to": [
        6,
        1
      ],
      "weight": 2.3025850929940455
    },
    {
      "type": "spatial",
      "from": [
        1,
        1
      ],
      "to": [
        2,
        1
      ],
      "weight": 2.3025850929940455
    },
    {
      "type": "spatial",
      "from": [
        1,
        1
      ],
      "to": [
        3,
        1
      ],
      "weight": 4.605170185988091
    },
    {
      "type": "spatial",
      "from": [
        1,
        1
      ],
      "to": [
        4,
        1
      ],
      "weight": 2.3025850929940455
    },
    {
      "type": "spatial",
      "from": [
        1,
        1
      ],
      "to": [
        5,
        1
      ],
      "weight": 2.3025850929940455
    },
    {
      "type": "spatial",
      "from": [
        1,
        1
      ],
      "to": [
        6,
        1
      ],
      "weight": 2.3025850929940455
    },
    {
      "type": "spatial",
      "from": [
        2,
        1
      ],
      "to": [
        3,
        1
      ],
      "weight": 2.3025850929940455
    },
    {
      "type": "spatial",
      "from": [
        2,
        1
      ],
      "to": [
        4,
        1
      ],
      "weight": 2.3025850929940455
    },
    {
      "type": "spatial",
      "from": [
        2,
        1
      ],
      "to": [
        5,
        1
      ],
      "weight": 2.3025850929940455
    },
    {
      "type": "spatial",
      "from": [
        2,
        1
      ],
      "to": [
        6,
        1
      ],
      "weight": 2.3025850929940455
    },
    {
      "type": "spatial",
      "from": [
        3,
        1
      ],
      "to": [
        4,
        1
      ],
      "weight": 2.3025850929940455
    },
    {
      "type": "spatial",
      "from": [
        3,
        1
      ],
      "to": [
        5,
        1
      ],
      "weight": 4.605170185988091
    },
    {
      "type": "spatial",
      "from": [
        3,
        1
      ],
      "to": [
        6,
        1
      ],
      "weight": 2.3025850929940455
    },
    {
      "type": "spatial",
      "from": [
        4,
        1
      ],
      "to": [
        5,
        1
      ],
      "weight": 2.3025850929940455
    },
    {
      "type": "spatial",
      "from": [
        4,
        1
      ],
      "to": [
        6,
        1
      ],
      "weight": 2.3025850929940455
    },
    {
      "type": "spatial",
      "from": [
        5,
        1
      ],
      "to": [
        6,
        1
      ],
      "weight": 2.3025850929940455
    }
  ],
  "lorentzian_dissimilarity": [
    [
      0.0,
      5.301898110478397,
      5.301898110478397,
      5.301898110478397,
      5.301898110478397,
      21.207592441913587,
      5.301898110478397,
      -1.0,
      4.301898110478397,
      4.301898110478397,
      4.301898110478397,
      4.301898110478397,
      20.207592441913587,
      4.301898110478397
    ],
    [
      5.301898110478397,
      0.0,
      5.301898110478397,
      21.207592441913587,
      5.301898110478397,
      5.301898110478397,
      5.301898110478397,
      4.301898110478397,
      -1.0,
      4.301898110478397,
      20.207592441913587,
      4.301898110478397,
      4.301898110478397,
      4.301898110478397
    ],
    [
      5.301898110478397,
      5.301898110478397,
      0.0,
      5.301898110478397,
      5.301898110478397,
      5.301898110478397,
      5.301898110478397,
      4.301898110478397,
      4.301898110478397,
      -1.0,
      4.301898110478397,
      4.301898110478397,
      4.301898110478397,
      4.301898110478397
    ],
    [
      5.301898110478397,
      21.207592441913587,
      5.301898110478397,
      0.0,
      5.301898110478397,
      21.207592441913587,
      5.301898110478397,
      4.301898110478397,
      20.207592441913587,
      4.301898110478397,
      -1.0,
      4.301898110478397,
      20.207592441913587,
      4.301898110478397
    ],
    [
      5.301898110478397,
      5.301898110478397,
      5.301898110478397,
      5.301898110478397,
      0.0,
      5.301898110478397,
      5.301898110478397,
      4.301898110478397,
      4.301898110478397,
      4.301898110478397,
      4.301898110478397,
      -1.0,
      4.301898110478397,
      4.301898110478397
    ],
    [
      21.207592441913587,
      5.301898110478397,
      5.301898110478397,
      21.207592441913587,
      5.301898110478397,
      0.0,
      5.301898110478397,
      20.207592441913587,
      4.301898110478397,
      4.301898110478397,
      20.207592441913587,
      4.301898110478397,
      -1.0,
      4.301898110478397
    ],
    [
      5.301898110478397,
      5.301898110478397,
      5.301898110478397,
      5.301898110478397,
      5.301898110478397,
      5.301898110478397,
      0.0,
      4.301898110478397,
      4.301898110478397,
      4.301898110478397,
      4.301898110478397,
      4.301898110478397,
      4.301898110478397,
      -1.0
    ],
    [
      -1.0,
      4.301898110478397,
      4.301898110478397,
      4.301898110478397,
      4.301898110478397,
      20.207592441913587,
      4.301898110478397,
      0.0,
      5.301898110478397,
      5.301898110478397,
      5.301898110478397,
      5.301898110478397,
      21.207592441913587,
      5.301898110478397
    ],
    [
      4.301898110478397,
      -1.0,
      4.301898110478397,
      20.207592441913587,
      4.301898110478397,
      4.301898110478397,
      4.301898110478397,
      5.301898110478397,
      0.0,
      5.301898110478397,
      21.207592441913587,
      5.301898110478397,
      5.301898110478397,
      5.301898110478397
    ],
    [
      4.301898110478397,
      4.301898110478397,
      -1.0,
      4.301898110478397,
      4.301898110478397,
      4.301898110478397,
      4.301898110478397,
      5.301898110478397,
      5.301898110478397,
      0.0,
      5.301898110478397,
      5.301898110478397,
      5.301898110478397,
      5.301898110478397
    ],
    [
      4.301898110478397,
      20.207592441913587,
      4.301898110478397,
      -1.0,
      4.301898110478397,
      20.207592441913587,
      4.301898110478397,
      5.301898110478397,
      21.207592441913587,
      5.301898110478397,
      0.0,
      5.301898110478397,
      21.207592441913587,
      5.301898110478397
    ],
    [
      4.301898110478397,
      4.301898110478397,
      4.301898110478397,
      4.301898110478397,
      -1.0,
      4.301898110478397,
      4.301898110478397,
      5.301898110478397,
      5.301898110478397,
      5.301898110478397,
      5.301898110478397,
      0.0,
      5.301898110478397,
      5.301898110478397
    ],
    [
      20.207592441913587,
      4.301898110478397,
      4.301898110478397,
      20.207592441913587,
      4.301898110478397,
      -1.0,
      4.301898110478397,
      21.207592441913587,
      5.301898110478397,
      5.301898110478397,
      21.207592441913587,
      5.301898110478397,
      0.0,
      5.301898110478397
    ],
    [
      4.301898110478397,
      4.301898110478397,
      4.301898110478397,
      4.301898110478397,
      4.301898110478397,
      4.301898110478397,
      -1.0,
      5.301898110478397,
      5.301898110478397,
      5.301898110478397,
      5.301898110478397,
      5.301898110478397,
      5.301898110478397,
      0.0
    ]
  ],
  "lorentzian_embedding": [
    [
      -0.438861221433959,
      0.11844079146047033,
      1.643300812467558
    ],
    [
      1.5532532836699304,
      -2.033784023479075,
      -0.3771299437639534
    ],
    [
      0.4856249676909832,
      0.4084951757413714,
      -0.7516612276226677
    ],
    [
      1.0336146872328988,
      2.445400716431202,
      0.47449467109365895
    ],
    [
      0.48562919804771,
      0.408579214408458,
      -0.75173667523638
    ],
    [
      -0.10485970041531469,
      -0.8156508800222524,
      -2.8016334175590916
    ],
    [
      0.4856369002437038,
      0.40856602549880355,
      -0.7517327647676149
    ],
    [
      -0.4388992942012787,
      0.11843063321819679,
      1.6433077083557712
    ],
    [
      1.5532584317928504,
      -2.0337810124382165,
      -0.37712320574207636
    ],
    [
      0.48562142009574455,
      0.40850446394709544,
      -0.7516757782730256
    ],
    [
      1.0336272635941661,
      2.4454161722122287,
      0.4745012843343106
    ],
    [
      0.48561963679178777,
      0.40858076542385846,
      -0.7517497142918542
    ],
    [
      -0.10487685087065823,
      -0.8156463643707077,
      -2.801640521457856
    ],
    [
      0.4856096230831486,
      0.40858458023571104,
      -0.7517513433546228
    ]
  ],
  "edge_length_evolution": [],
  "angle_deficit_evolution": [],
  "regge_action_evolution": [],
  "gromov_delta_evolution": [],
  "mass_hinge": null,
  "mass_value": 0.0,
  "matter": [
    {
      "(3, 4)": 0.0,
      "(4, 6)": 0.0,
      "(0, 2)": 0.0,
      "(0, 5)": 0.0,
      "(1, 6)": 0.0,
      "(2, 5)": 0.0,
      "(1, 3)": 0.0,
      "(4, 5)": 0.0,
      "(5, 6)": 0.0,
      "(3, 6)": 0.0,
      "(0, 1)": 0.0,
      "(2, 4)": 0.0,
      "(1, 2)": 0.0,
      "(0, 4)": 0.0,
      "(1, 5)": 0.0,
      "(3, 5)": 0.0,
      "(0, 3)": 0.0,
      "(1, 4)": 0.0,
      "(0, 6)": 0.0,
      "(2, 3)": 0.0,
      "(2, 6)": 0.0
    },
    {
      "(3, 4)": 0.0,
      "(4, 6)": 0.0,
      "(0, 2)": 0.0,
      "(0, 5)": 0.0,
      "(1, 6)": 0.0,
      "(2, 5)": 0.0,
      "(1, 3)": 0.0,
      "(4, 5)": 0.0,
      "(5, 6)": 0.0,
      "(3, 6)": 0.0,
      "(0, 1)": 0.0,
      "(2, 4)": 0.0,
      "(1, 2)": 0.0,
      "(0, 4)": 0.0,
      "(1, 5)": 0.0,
      "(3, 5)": 0.0,
      "(0, 3)": 0.0,
      "(1, 4)": 0.0,
      "(0, 6)": 0.0,
      "(2, 3)": 0.0,
      "(2, 6)": 0.0
    }
  ],
  "stationary_solution": {
    "regge_evolution_data": {
      "regge_edge_lengths_per_timestep": [
        [
          209121675.69284636,
          2.09226954652222,
          55433786.11687718,
          369037627.2524625,
          4351.51602870393,
          445012704.79088706,
          56980988.024869695,
          23.742769186703907,
          0.04999999999995458,
          0.04999999999995458,
          0.050000000000181684,
          334539639.31446373,
          588408582.2700831,
          21716760.65987001,
          353540811.39613175,
          0.04999999999995458,
          0.04999999999995458,
          0.050000000000181684,
          0.050000000000181684,
          0.050000000000181684,
          0.050000000000181684
        ],
        [
          209121675.69284636,
          2.09226954652222,
          55433786.11687718,
          369037627.2524625,
          4351.51602870393,
          445012704.79088706,
          56980988.024869695,
          23.742769186703907,
          0.04999999999995458,
          0.04999999999995458,
          0.050000000000181684,
          334539639.31446373,
          588408582.2700831,
          21716760.65987001,
          353540811.39613175,
          0.04999999999995458,
          0.04999999999995458,
          0.050000000000181684,
          0.050000000000181684,
          0.050000000000181684,
          0.050000000000181684
        ]
      ],
      "regge_angle_sums_per_timestep": [
        [
          0.0,
          0.0,
          0.0,
          0.0,
          0.0,
          0.0,
          0.0,
          0.0,
          0.0,
          0.0,
          0.0,
          0.0,
          0.0,
          0.0,
          0.0,
          0.0,
          0.0,
          0.0,
          0.0,
          0.0,
          0.0,
          0.0,
          3.1275766654030157,
          3.1275766654029677,
          3.1275766654029677,
          0.0,
          0.0,
          0.0,
          0.0,
          0.0,
          0.0,
          3.1275766654030157,
          3.1275766654029677,
          3.1275766654029677,
          3.127576665402919
        ],
        [
          0.0,
          0.0,
          0.0,
          0.0,
          0.0,
          0.0,
          0.0,
          0.0,
          0.0,
          0.0,
          0.0,
          0.0,
          0.0,
          0.0,
          0.0,
          0.0,
          0.0,
          0.0,
          0.0,
          0.0,
          0.0,
          0.0,
          3.1275766654030157,
          3.1275766654029677,
          3.1275766654029677,
          0.0,
          0.0,
          0.0,
          0.0,
          0.0,
          0.0,
          3.1275766654030157,
          3.1275766654029677,
          3.1275766654029677,
          3.127576665402919
        ]
      ],
      "regge_deficits_per_timestep": [
        [
          3.141592653589793,
          3.141592653589793,
          3.141592653589793,
          3.141592653589793,
          3.141592653589793,
          3.141592653589793,
          3.141592653589793,
          3.141592653589793,
          3.141592653589793,
          3.141592653589793,
          3.141592653589793,
          3.141592653589793,
          3.141592653589793,
          3.141592653589793,
          3.141592653589793,
          3.141592653589793,
          3.141592653589793,
          3.141592653589793,
          3.141592653589793,
          3.141592653589793,
          3.141592653589793,
          3.141592653589793,
          0.014015988186777406,
          0.014015988186825368,
          0.014015988186825368,
          3.141592653589793,
          3.141592653589793,
          3.141592653589793,
          3.141592653589793,
          3.141592653589793,
          3.141592653589793,
          0.014015988186777406,
          0.014015988186825368,
          0.014015988186825368,
          0.014015988186874218
        ],
        [
          3.141592653589793,
          3.141592653589793,
          3.141592653589793,
          3.141592653589793,
          3.141592653589793,
          3.141592653589793,
          3.141592653589793,
          3.141592653589793,
          3.141592653589793,
          3.141592653589793,
          3.141592653589793,
          3.141592653589793,
          3.141592653589793,
          3.141592653589793,
          3.141592653589793,
          3.141592653589793,
          3.141592653589793,
          3.141592653589793,
          3.141592653589793,
          3.141592653589793,
          3.141592653589793,
          3.141592653589793,
          0.014015988186777406,
          0.014015988186825368,
          0.014015988186825368,
          3.141592653589793,
          3.141592653589793,
          3.141592653589793,
          3.141592653589793,
          3.141592653589793,
          3.141592653589793,
          0.014015988186777406,
          0.014015988186825368,
          0.014015988186825368,
          0.014015988186874218
        ]
      ],
      "regge_actions_per_timestep": [
        37873568324.38216,
        37873568324.38216
      ],
      "regge_distance_matrices_per_timestep": [
        [
          [
            0.0,
            209121675.69284636,
            2.09226954652222,
            55433786.11687718,
            369037627.2524625,
            4351.51602870393,
            445012704.79088706
          ],
          [
            209121675.69284636,
            0.0,
            56980988.024869695,
            23.742769186703907,
            0.04999999999995458,
            0.04999999999995458,
            0.050000000000181684
          ],
          [
            2.09226954652222,
            56980988.024869695,
            0.0,
            334539639.31446373,
            588408582.2700831,
            21716760.65987001,
            353540811.39613175
          ],
          [
            55433786.11687718,
            23.742769186703907,
            334539639.31446373,
            0.0,
            0.04999999999995458,
            0.04999999999995458,
            0.050000000000181684
          ],
          [
            369037627.2524625,
            0.04999999999995458,
            588408582.2700831,
            0.04999999999995458,
            0.0,
            0.050000000000181684,
            0.050000000000181684
          ],
          [
            4351.51602870393,
            0.04999999999995458,
            21716760.65987001,
            0.04999999999995458,
            0.050000000000181684,
            0.0,
            0.050000000000181684
          ],
          [
            445012704.79088706,
            0.050000000000181684,
            353540811.39613175,
            0.050000000000181684,
            0.050000000000181684,
            0.050000000000181684,
            0.0
          ]
        ],
        [
          [
            0.0,
            209121675.69284636,
            2.09226954652222,
            55433786.11687718,
            369037627.2524625,
            4351.51602870393,
            445012704.79088706
          ],
          [
            209121675.69284636,
            0.0,
            56980988.024869695,
            23.742769186703907,
            0.04999999999995458,
            0.04999999999995458,
            0.050000000000181684
          ],
          [
            2.09226954652222,
            56980988.024869695,
            0.0,
            334539639.31446373,
            588408582.2700831,
            21716760.65987001,
            353540811.39613175
          ],
          [
            55433786.11687718,
            23.742769186703907,
            334539639.31446373,
            0.0,
            0.04999999999995458,
            0.04999999999995458,
            0.050000000000181684
          ],
          [
            369037627.2524625,
            0.04999999999995458,
            588408582.2700831,
            0.04999999999995458,
            0.0,
            0.050000000000181684,
            0.050000000000181684
          ],
          [
            4351.51602870393,
            0.04999999999995458,
            21716760.65987001,
            0.04999999999995458,
            0.050000000000181684,
            0.0,
            0.050000000000181684
          ],
          [
            445012704.79088706,
            0.050000000000181684,
            353540811.39613175,
            0.050000000000181684,
            0.050000000000181684,
            0.050000000000181684,
            0.0
          ]
        ]
      ]
    },
    "final_regge_action": 37873568324.38216,
    "final_regge_deficits": [
      3.141592653589793,
      3.141592653589793,
      3.141592653589793,
      3.141592653589793,
      3.141592653589793,
      3.141592653589793,
      3.141592653589793,
      3.141592653589793,
      3.141592653589793,
      3.141592653589793,
      3.141592653589793,
      3.141592653589793,
      3.141592653589793,
      3.141592653589793,
      3.141592653589793,
      3.141592653589793,
      3.141592653589793,
      3.141592653589793,
      3.141592653589793,
      3.141592653589793,
      3.141592653589793,
      3.141592653589793,
      0.014015988186777406,
      0.014015988186825368,
      0.014015988186825368,
      3.141592653589793,
      3.141592653589793,
      3.141592653589793,
      3.141592653589793,
      3.141592653589793,
      3.141592653589793,
      0.014015988186777406,
      0.014015988186825368,
      0.014015988186825368,
      0.014015988186874218
    ],
    "final_regge_angle_sums": [
      0.0,
      0.0,
      0.0,
      0.0,
      0.0,
      0.0,
      0.0,
      0.0,
      0.0,
      0.0,
      0.0,
      0.0,
      0.0,
      0.0,
      0.0,
      0.0,
      0.0,
      0.0,
      0.0,
      0.0,
      0.0,
      0.0,
      3.1275766654030157,
      3.1275766654029677,
      3.1275766654029677,
      0.0,
      0.0,
      0.0,
      0.0,
      0.0,
      0.0,
      3.1275766654030157,
      3.1275766654029677,
      3.1275766654029677,
      3.127576665402919
    ]
  },
  "bootstrap_analysis": {
    "gromov_delta": {
      "mean": 1.0,
      "lower_ci": 1.0,
      "upper_ci": 1.0,
      "all_values": [
        1.0,
        1.0
      ],
      "uncertainty": 0.0
    },
    "entropy": {
      "mean": null,
      "lower_ci": null,
      "upper_ci": null,
      "uncertainty": null
    },
    "distance_matrix": {
      "mean": [
        [
          0.0,
          2.0,
          2.0,
          2.0,
          2.0,
          2.0,
          2.0
        ],
        [
          2.0,
          0.0,
          2.0,
          2.0,
          2.0,
          2.0,
          2.0
        ],
        [
          2.0,
          2.0,
          0.0,
          2.0,
          2.0,
          2.0,
          2.0
        ],
        [
          2.0,
          2.0,
          2.0,
          0.0,
          2.0,
          2.0,
          2.0
        ],
        [
          2.0,
          2.0,
          2.0,
          2.0,
          0.0,
          2.0,
          2.0
        ],
        [
          2.0,
          2.0,
          2.0,
          2.0,
          2.0,
          0.0,
          2.0
        ],
        [
          2.0,
          2.0,
          2.0,
          2.0,
          2.0,
          2.0,
          0.0
        ]
      ],
      "lower_ci": [
        [
          0.0,
          2.0,
          2.0,
          2.0,
          2.0,
          2.0,
          2.0
        ],
        [
          2.0,
          0.0,
          2.0,
          2.0,
          2.0,
          2.0,
          2.0
        ],
        [
          2.0,
          2.0,
          0.0,
          2.0,
          2.0,
          2.0,
          2.0
        ],
        [
          2.0,
          2.0,
          2.0,
          0.0,
          2.0,
          2.0,
          2.0
        ],
        [
          2.0,
          2.0,
          2.0,
          2.0,
          0.0,
          2.0,
          2.0
        ],
        [
          2.0,
          2.0,
          2.0,
          2.0,
          2.0,
          0.0,
          2.0
        ],
        [
          2.0,
          2.0,
          2.0,
          2.0,
          2.0,
          2.0,
          0.0
        ]
      ],
      "upper_ci": [
        [
          0.0,
          2.0,
          2.0,
          2.0,
          2.0,
          2.0,
          2.0
        ],
        [
          2.0,
          0.0,
          2.0,
          2.0,
          2.0,
          2.0,
          2.0
        ],
        [
          2.0,
          2.0,
          0.0,
          2.0,
          2.0,
          2.0,
          2.0
        ],
        [
          2.0,
          2.0,
          2.0,
          0.0,
          2.0,
          2.0,
          2.0
        ],
        [
          2.0,
          2.0,
          2.0,
          2.0,
          0.0,
          2.0,
          2.0
        ],
        [
          2.0,
          2.0,
          2.0,
          2.0,
          2.0,
          0.0,
          2.0
        ],
        [
          2.0,
          2.0,
          2.0,
          2.0,
          2.0,
          2.0,
          0.0
        ]
      ]
    }
  },
  "topology_compatibility": {
    "current_topology": "triangulated",
