{
  "spec": {
    "num_qubits": 5,
    "topology": "triangulated",
    "custom_edges": "0-1:1.0000,0-2:0.9585,0-3:1.0000,0-4:1.0000,1-2:0.9298,1-3:0.9298,1-4:1.0000,2-3:1.0000,2-4:0.8592,3-4:1.0000",
    "alpha": 0.8,
    "weight": 1.0,
    "gamma": 0.3,
    "sigma": null,
    "init_angle": 0.0,
    "init_angles": null,
    "shots": 100,
    "device": "simulator",
    "geometry": "hyperbolic",
    "curvature": 3.0,
    "timesteps": 2,
    "dimension": 2,
    "mass_hinge": null,
    "mass_value": 0.0,
    "solve_regge": true,
    "lorentzian": false,
    "excite": false,
    "fast": true,
    "strong_curvature": false,
    "charge_injection": true,
    "charge_strength": 1.0,
    "charge_location": 3,
    "spin_injection": false,
    "spin_strength": 1.0,
    "spin_location": 3,
    "edge_floor": 0.001,
    "compute_entropies": true,
    "hyperbolic_triangulation": false,
    "trotter_steps": 4,
    "dt": 0.1,
    "analyze_curvature": true,
    "gravitational_waves": false,
    "einstein_analog": false
  },
  "uid": "50Z70Q",
  "counts_per_timestep": [
    null,
    null
  ],
  "job_ids_per_timestep": [
    null,
    null
  ],
  "entropy_per_timestep": [
    null,
    null
  ],
  "mutual_information_per_timestep": [
    {
      "I_0,1": 0.07609521506603145,
      "I_0,2": 0.08815584607210258,
      "I_0,3": 0.4063782775747513,
      "I_0,4": 0.5532222258409085,
      "I_1,2": 0.6874916525280543,
      "I_1,3": 0.011865067872639967,
      "I_1,4": 0.01238984802940224,
      "I_2,3": 0.08837540666750932,
      "I_2,4": 0.007437812815271894,
      "I_3,4": 0.6183188365032437
    },
    {
      "I_0,1": 0.15371145898138838,
      "I_0,2": 0.3151899976886021,
      "I_0,3": 1.0438408766688667e-05,
      "I_0,4": 0.00014966356525869529,
      "I_1,2": 0.3531757956443826,
      "I_1,3": 0.1528813603294974,
      "I_1,4": 0.24471314559205948,
      "I_2,3": 0.1970279881541317,
      "I_2,4": 0.13394388676271274,
      "I_3,4": 0.6468237820379479
    }
  ],
  "boundary_entropies_per_timestep": [
    {
      "entropy_A": 1.3508871021004465,
      "entropy_B": 1.350887102100444,
      "mi_AB": 2.701774204200885,
      "pure_state_check": true,
      "entropy_difference": 2.4424906541753444e-15,
      "multiple_regions": {
        "size_1_region_0": {
          "region": [
            0
          ],
          "entropy": 0.9740814672879209,
          "rt_area": 4,
          "size": 1
        },
        "size_1_region_1": {
          "region": [
            1
          ],
          "entropy": 0.9995550043650475,
          "rt_area": 4,
          "size": 1
        },
        "size_1_region_2": {
          "region": [
            2
          ],
          "entropy": 0.999232632939321,
          "rt_area": 4,
          "size": 1
        },
        "size_2_region_0": {
          "region": [
            0,
            1
          ],
          "entropy": 1.8975412565869372,
          "rt_area": 6,
          "size": 2
        },
        "size_2_region_1": {
          "region": [
            0,
            2
          ],
          "entropy": 1.8851582541551395,
          "rt_area": 6,
          "size": 2
        },
        "size_2_region_2": {
          "region": [
            0,
            3
          ],
          "entropy": 1.537219175179552,
          "rt_area": 6,
          "size": 2
        },
        "size_3_region_0": {
          "region": [
            0,
            1,
            2
          ],
          "entropy": 1.3508871021004465,
          "rt_area": 6,
          "size": 3
        },
        "size_3_region_1": {
          "region": [
            0,
            1,
            3
          ],
          "entropy": 1.9914847732613543,
          "rt_area": 6,
          "size": 3
        },
        "size_3_region_2": {
          "region": [
            0,
            1,
            4
          ],
          "entropy": 1.8803732117381968,
          "rt_area": 6,
          "size": 3
        },
        "size_4_region_0": {
          "region": [
            0,
            1,
            2,
            3
          ],
          "entropy": 0.9996899531373087,
          "rt_area": 4,
          "size": 4
        },
        "size_4_region_1": {
          "region": [
            0,
            1,
            2,
            4
          ],
          "entropy": 0.9695159854663847,
          "rt_area": 4,
          "size": 4
        },
        "size_4_region_2": {
          "region": [
            0,
            1,
            3,
            4
          ],
          "entropy": 0.9992326329393242,
          "rt_area": 4,
          "size": 4
        }
      }
    },
    {
      "entropy_A": 1.3525075493221341,
      "entropy_B": 1.3525075493221304,
      "mi_AB": 2.705015098644259,
      "pure_state_check": true,
      "entropy_difference": 3.774758283725532e-15,
      "multiple_regions": {
        "size_1_region_0": {
          "region": [
            0
          ],
          "entropy": 0.5835671292515653,
          "rt_area": 4,
          "size": 1
        },
        "size_1_region_1": {
          "region": [
            1
          ],
          "entropy": 0.9738323486731673,
          "rt_area": 4,
          "size": 1
        },
        "size_1_region_2": {
          "region": [
            2
          ],
          "entropy": 0.9970930257205215,
          "rt_area": 4,
          "size": 1
        },
        "size_2_region_0": {
          "region": [
            0,
            1
          ],
          "entropy": 1.403688018943344,
          "rt_area": 6,
          "size": 2
        },
        "size_2_region_1": {
          "region": [
            0,
            2
          ],
          "entropy": 1.2654701572834846,
          "rt_area": 6,
          "size": 2
        },
        "size_2_region_2": {
          "region": [
            0,
            3
          ],
          "entropy": 1.5828920271218974,
          "rt_area": 6,
          "size": 2
        },
        "size_3_region_0": {
          "region": [
            0,
            1,
            2
          ],
          "entropy": 1.3525075493221341,
          "rt_area": 6,
          "size": 3
        },
        "size_3_region_1": {
          "region": [
            0,
            1,
            3
          ],
          "entropy": 1.8631451340387906,
          "rt_area": 6,
          "size": 3
        },
        "size_3_region_2": {
          "region": [
            0,
            1,
            4
          ],
          "entropy": 1.79940037384549,
          "rt_area": 6,
          "size": 3
        },
        "size_4_region_0": {
          "region": [
            0,
            1,
            2,
            3
          ],
          "entropy": 0.9999959950809845,
          "rt_area": 4,
          "size": 4
        },
        "size_4_region_1": {
          "region": [
            0,
            1,
            2,
            4
          ],
          "entropy": 0.9993353362791001,
          "rt_area": 4,
          "size": 4
        },
        "size_4_region_2": {
          "region": [
            0,
            1,
            3,
            4
          ],
          "entropy": 0.9970930257205256,
          "rt_area": 4,
          "size": 4
        }
      }
    }
  ],
  "distance_matrix_per_timestep": [
    [
      [
        0.0,
        2.5757698930160187,
        2.428649052744536,
        1.0727465410268466,
        0.5919955031350658
      ],
      [
        2.5757698930160187,
        0.0,
        0.3747055912924982,
        2.800867144455933,
        3.1677653961510845
      ],
      [
        2.428649052744536,
        0.3747055912924982,
        0.0,
        2.426161553163435,
        2.906912591055216
      ],
      [
        1.0727465410268466,
        2.800867144455933,
        2.426161553163435,
        0.0,
        0.4807510378917809
      ],
      [
        0.5919955031350658,
        3.1677653961510845,
        2.906912591055216,
        0.4807510378917809,
        0.0
      ]
    ],
    [
      [
        0.0,
        1.8726780770110938,
        1.1545796547233622,
        2.7789891432103757,
        3.1649139769593018
      ],
      [
        1.8726780770110938,
        0.0,
        1.040789341353698,
        1.8433499719065056,
        1.407668588717519
      ],
      [
        1.1545796547233622,
        1.040789341353698,
        0.0,
        1.6244094884870135,
        2.0103343222359396
      ],
      [
        2.7789891432103757,
        1.8433499719065056,
        1.6244094884870135,
        0.0,
        0.4356813831889866
      ],
      [
        3.1649139769593018,
        1.407668588717519,
        2.0103343222359396,
        0.4356813831889866,
        0.0
      ]
    ]
  ],
  "edge_mi": {
    "0,1": 0.15371145898138838,
    "0,4": 0.00014966356525869529,
    "0,2": 0.3151899976886021,
    "1,2": 0.3531757956443826,
    "1,4": 0.24471314559205948,
    "2,3": 0.1970279881541317,
    "2,4": 0.13394388676271274,
    "3,4": 0.6468237820379479
  },
  "distance_matrix": [
    [
      0.0,
      1.8726780770110938,
      1.1545796547233622,
      2.7789891432103757,
      3.1649139769593018
    ],
    [
      1.8726780770110938,
      0.0,
      1.040789341353698,
      1.8433499719065056,
      1.407668588717519
    ],
    [
      1.1545796547233622,
      1.040789341353698,
      0.0,
      1.6244094884870135,
      2.0103343222359396
    ],
    [
      2.7789891432103757,
      1.8433499719065056,
      1.6244094884870135,
      0.0,
      0.4356813831889866
    ],
    [
      3.1649139769593018,
      1.407668588717519,
      2.0103343222359396,
      0.4356813831889866,
      0.0
    ]
  ],
  "shortest_paths": {
    "0": {
      "0": 0,
      "2": 1.1545796547233622,
      "1": 1.8726780770110938,
      "3": 2.7789891432103757,
      "4": 3.1649139769593018
    },
    "1": {
      "1": 0,
      "2": 1.040789341353698,
      "4": 1.407668588717519,
      "3": 1.8433499719065056,
      "0": 1.8726780770110938
    },
    "2": {
      "2": 0,
      "1": 1.040789341353698,
      "0": 1.1545796547233622,
      "3": 1.6244094884870135,
      "4": 2.0103343222359396
    },
    "3": {
      "3": 0,
      "4": 0.4356813831889866,
      "2": 1.6244094884870135,
      "1": 1.8433499719065056,
      "0": 2.7789891432103757
    },
    "4": {
      "4": 0,
      "3": 0.4356813831889866,
      "1": 1.407668588717519,
      "2": 2.0103343222359396,
      "0": 3.1649139769593018
    }
  },
  "gromov_delta": 2.7541108684903453,
  "mean_distance": 1.3866715158235037,
  "angle_sums": [
    2.1922910441444206,
    1.2364203697522504,
    2.376809965765141,
    0.0,
    0.0,
    2.8035783531748755,
    1.7694190173340743,
    2.006456991677017,
    0.0,
    2.829365483490177
  ],
  "mean_angle_sum": 1.5214341225337955,
  "min_angle_sum": 0.0,
  "max_angle_sum": 2.829365483490177,
  "angle_sum_deviations": [
    -0.9493016094453726,
    -1.9051722838375427,
    -0.7647826878246522,
    -3.141592653589793,
    -3.141592653589793,
    -0.33801430041491765,
    -1.3721736362557189,
    -1.1351356619127762,
    -3.141592653589793,
    -0.3122271700996162
  ],
  "triangle_inequality_violations": [],
  "embedding_coords": null,
  "edge_weight_variance": 0.002098944100000001,
  "event_nodes": [
    [
      0,
      0
    ],
    [
      1,
      0
    ],
    [
      2,
      0
    ],
    [
      3,
      0
    ],
    [
      4,
      0
    ],
    [
      0,
      1
    ],
    [
      1,
      1
    ],
    [
      2,
      1
    ],
    [
      3,
      1
    ],
    [
      4,
      1
    ]
  ],
  "event_edges": [
    {
      "type": "spatial",
      "from": [
        0,
        0
      ],
      "to": [
        1,
        0
      ],
      "weight": 2.5757698930160187
    },
    {
      "type": "spatial",
      "from": [
        0,
        0
      ],
      "to": [
        2,
        0
      ],
      "weight": 2.428649052744536
    },
    {
      "type": "spatial",
      "from": [
        0,
        0
      ],
      "to": [
        3,
        0
      ],
      "weight": 1.0727465410268466
    },
    {
      "type": "spatial",
      "from": [
        0,
        0
      ],
      "to": [
        4,
        0
      ],
      "weight": 0.5919955031350658
    },
    {
      "type": "spatial",
      "from": [
        1,
        0
      ],
      "to": [
        2,
        0
      ],
      "weight": 0.3747055912924982
    },
    {
      "type": "spatial",
      "from": [
        1,
        0
      ],
      "to": [
        3,
        0
      ],
      "weight": 2.800867144455933
    },
    {
      "type": "spatial",
      "from": [
        1,
        0
      ],
      "to": [
        4,
        0
      ],
      "weight": 3.1677653961510845
    },
    {
      "type": "spatial",
      "from": [
        2,
        0
      ],
      "to": [
        3,
        0
      ],
      "weight": 2.426161553163435
    },
    {
      "type": "spatial",
      "from": [
        2,
        0
      ],
      "to": [
        4,
        0
      ],
      "weight": 2.906912591055216
    },
    {
      "type": "spatial",
      "from": [
        3,
        0
      ],
      "to": [
        4,
        0
      ],
      "weight": 0.4807510378917809
    },
    {
      "type": "temporal",
      "from": [
        0,
        0
      ],
      "to": [
        0,
        1
      ],
      "weight": 1.0
    },
    {
      "type": "temporal",
      "from": [
        1,
        0
      ],
      "to": [
        1,
        1
      ],
      "weight": 1.0
    },
    {
      "type": "temporal",
      "from": [
        2,
        0
      ],
      "to": [
        2,
        1
      ],
      "weight": 1.0
    },
    {
      "type": "temporal",
      "from": [
        3,
        0
      ],
      "to": [
        3,
        1
      ],
      "weight": 1.0
    },
    {
      "type": "temporal",
      "from": [
        4,
        0
      ],
      "to": [
        4,
        1
      ],
      "weight": 1.0
    },
    {
      "type": "spatial",
      "from": [
        0,
        1
      ],
      "to": [
        1,
        1
      ],
      "weight": 1.8726780770110938
    },
    {
      "type": "spatial",
      "from": [
        0,
        1
      ],
      "to": [
        2,
        1
      ],
      "weight": 1.1545796547233622
    },
    {
      "type": "spatial",
      "from": [
        0,
        1
      ],
      "to": [
        3,
        1
      ],
      "weight": 2.7789891432103757
    },
    {
      "type": "spatial",
      "from": [
        0,
        1
      ],
      "to": [
        4,
        1
      ],
      "weight": 3.1649139769593018
    },
    {
      "type": "spatial",
      "from": [
        1,
        1
      ],
      "to": [
        2,
        1
      ],
      "weight": 1.040789341353698
    },
    {
      "type": "spatial",
      "from": [
        1,
        1
      ],
      "to": [
        3,
        1
      ],
      "weight": 1.8433499719065056
    },
    {
      "type": "spatial",
      "from": [
        1,
        1
      ],
      "to": [
        4,
        1
      ],
      "weight": 1.407668588717519
    },
    {
      "type": "spatial",
      "from": [
        2,
        1
      ],
      "to": [
        3,
        1
      ],
      "weight": 1.6244094884870135
    },
    {
      "type": "spatial",
      "from": [
        2,
        1
      ],
      "to": [
        4,
        1
      ],
      "weight": 2.0103343222359396
    },
    {
      "type": "spatial",
      "from": [
        3,
        1
      ],
      "to": [
        4,
        1
      ],
      "weight": 0.4356813831889866
    }
  ],
  "lorentzian_dissimilarity": [
    [
      0.0,
      6.634590541767753,
      5.8983362213969315,
      1.150785141285064,
      0.3504586757321397,
      -1.0,
      5.634590541767753,
      4.8983362213969315,
      0.15078514128506404,
      -0.6495413242678603
    ],
    [
      6.634590541767753,
      0.0,
      0.1404042801458607,
      7.844856760892734,
      10.034737605052237,
      5.634590541767753,
      -1.0,
      -0.8595957198541393,
      6.844856760892734,
      9.034737605052237
    ],
    [
      5.8983362213969315,
      0.1404042801458607,
      0.0,
      5.886259882048412,
      8.45014081203535,
      4.8983362213969315,
      -0.8595957198541393,
      -1.0,
      4.886259882048412,
      7.45014081203535
    ],
    [
      1.150785141285064,
      7.844856760892734,
      5.886259882048412,
      0.0,
      0.23112156043402457,
      0.15078514128506404,
      6.844856760892734,
      4.886259882048412,
      -1.0,
      -0.7688784395659755
    ],
    [
      0.3504586757321397,
      10.034737605052237,
      8.45014081203535,
      0.23112156043402457,
      0.0,
      -0.6495413242678603,
      9.034737605052237,
      7.45014081203535,
      -0.7688784395659755,
      -1.0
    ],
    [
      -1.0,
      5.634590541767753,
      4.8983362213969315,
      0.15078514128506404,
      -0.6495413242678603,
      0.0,
      3.506923180117968,
      1.3330541791011183,
      7.722780658081138,
      10.016680481552344
    ],
    [
      5.634590541767753,
      -1.0,
      -0.8595957198541393,
      6.844856760892734,
      9.034737605052237,
      3.506923180117968,
      0.0,
      1.0832424530754643,
      3.3979391189277153,
      1.981530855661972
    ],
    [
      4.8983362213969315,
      -0.8595957198541393,
      -1.0,
      4.886259882048412,
      7.45014081203535,
      1.3330541791011183,
      1.0832424530754643,
      0.0,
      2.6387061862866408,
      4.041444087159834
    ],
    [
      0.15078514128506404,
      6.844856760892734,
      4.886259882048412,
      -1.0,
      -0.7688784395659755,
      7.722780658081138,
      3.3979391189277153,
      2.6387061862866408,
      0.0,
      0.18981826765746856
    ],
    [
      -0.6495413242678603,
      9.034737605052237,
      7.45014081203535,
      -0.7688784395659755,
      -1.0,
      10.016680481552344,
      1.981530855661972,
      4.041444087159834,
      0.18981826765746856,
      0.0
    ]
  ],
  "lorentzian_embedding": [
    [
      0.0,
      0.0,
      0.0
    ],
    [
      0.0,
      0.0,
      0.0
    ],
    [
      0.0,
      0.0,
      0.0
    ],
    [
      0.0,
      0.0,
      0.0
    ],
    [
      0.0,
      0.0,
      0.0
    ],
    [
      0.0,
      0.0,
      0.0
    ],
    [
      0.0,
      0.0,
      0.0
    ],
    [
      0.0,
      0.0,
      0.0
    ],
    [
      0.0,
      0.0,
      0.0
    ],
    [
      0.0,
      0.0,
      0.0
    ]
  ],
  "edge_length_evolution": [],
  "angle_deficit_evolution": [],
  "regge_action_evolution": [],
  "gromov_delta_evolution": [],
  "mass_hinge": null,
  "mass_value": 0.0,
  "matter": {
    "(0, 1)": 0.0,
    "(2, 4)": 0.0,
    "(1, 2)": 0.0,
    "(0, 4)": 0.0,
    "(3, 4)": 0.0,
    "(0, 3)": 0.0,
    "(1, 4)": 0.0,
    "(2, 3)": 0.0,
    "(0, 2)": 0.0,
    "(1, 3)": 0.0
  },
  "stationary_solution": null,
  "bootstrap_analysis": {
    "gromov_delta": {
      "mean": 2.802048533223623,
      "lower_ci": 2.7541108684903453,
      "upper_ci": 2.849986197956901,
      "all_values": [
        2.849986197956901,
        2.7541108684903453
      ],
      "uncertainty": 0.047937664733277874
    },
    "entropy": {
      "mean": null,
      "lower_ci": null,
      "upper_ci": null,
      "uncertainty": null
    },
    "distance_matrix": {
      "mean": [
        [
          0.0,
          2.2242239850135563,
          1.791614353733949,
          1.925867842118611,
          1.8784547400471838
        ],
        [
          2.2242239850135563,
          0.0,
          0.707747466323098,
          2.3221085581812195,
          2.287716992434302
        ],
        [
          1.791614353733949,
          0.707747466323098,
          0.0,
          2.025285520825224,
          2.4586234566455776
        ],
        [
          1.925867842118611,
          2.3221085581812195,
          2.025285520825224,
          0.0,
          0.45821621054038375
        ],
        [
          1.8784547400471838,
          2.287716992434302,
          2.4586234566455776,
          0.45821621054038375,
          0.0
        ]
      ],
      "lower_ci": [
        [
          0.0,
          1.8726780770110938,
          1.1545796547233622,
          1.0727465410268466,
          0.5919955031350658
        ],
        [
          1.8726780770110938,
          0.0,
          0.3747055912924982,
          1.8433499719065056,
          1.407668588717519
        ],
        [
          1.1545796547233622,
          0.3747055912924982,
          0.0,
          1.6244094884870135,
          2.0103343222359396
        ],
        [
          1.0727465410268466,
          1.8433499719065056,
          1.6244094884870135,
          0.0,
          0.4356813831889866
        ],
        [
          0.5919955031350658,
          1.407668588717519,
          2.0103343222359396,
          0.4356813831889866,
          0.0
        ]
      ],
      "upper_ci": [
        [
          0.0,
          2.5757698930160187,
          2.428649052744536,
          2.7789891432103757,
          3.1649139769593018
        ],
        [
          2.5757698930160187,
          0.0,
          1.040789341353698,
          2.800867144455933,
          3.1677653961510845
        ],
        [
          2.428649052744536,
          1.040789341353698,
          0.0,
          2.426161553163435,
          2.906912591055216
        ],
        [
          2.7789891432103757,
          2.800867144455933,
          2.426161553163435,
          0.0,
          0.4807510378917809
        ],
        [
          3.1649139769593018,
          3.1677653961510845,
          2.906912591055216,
          0.4807510378917809,
          0.0
        ]
      ]
    }
  },
  "topology_compatibility": {
    "current_topology": "triangulated",
    "explanation": "Triangulated topology is specifically designed for angle-sum curvature. Creates multiple triangles per vertex, enabling robust local curvature measurements. Each vertex has multiple incident triangles for well-defined angle sums.",
    "supports_local_curvature": true
  },
  "rt_surface_analysis": {
    "region_A": [
      0,
      1
    ],
    "region_B": [
      2,
      3,
      4
    ],
    "bulk_point": 2,
    "is_complementary": true,
    "rt_area_AB": 11.39029067687076,
    "rt_area_BA": 11.39029067687076,
    "area_consistent": true,
    "edges_consistent": true,
    "area_difference": 0.0,
    "rt_edges_AB": [
      [
        0,
        2
      ],
      [
        0,
        3
      ],
      [
        0,
        4
      ],
      [
        1,
        2
      ],
      [
        1,
        3
      ],
      [
        1,
        4
      ]
    ],
    "rt_edges_BA": [
      [
        0,
        2
      ],
      [
        0,
        3
      ],
      [
        0,
        4
      ],
      [
        1,
        2
      ],
      [
        1,
        3
      ],
      [
        1,
        4
      ]
    ],
    "edge_lengths": [
      1.8726780770110938,
      1.1545796547233622,
      2.7789891432103757,
      3.1649139769593018,
      1.040789341353698,
      1.8433499719065056,
      1.407668588717519,
      1.6244094884870135,
      2.0103343222359396,
      0.4356813831889866
    ],
    "all_edges": [
      [
        0,
        1
      ],
      [
        0,
        2
      ],
      [
        0,
        3
      ],
      [
        0,
        4
      ],
      [
        1,
        2
      ],
      [
        1,
        3
      ],
      [
        1,
        4
      ],
      [
        2,
        3
      ],
      [
        2,
        4
      ],
      [
        3,
        4
      ]
    ]
  },
  "bulk_excitation_analysis": null,
  "curvature_analysis": null,
  "dynamic_curvature_evolution": [],
  "gravitational_wave_analysis": null,
  "holographic_entropy_analysis": null,
  "einstein_equations_analysis": null,
  "dynamic_evidence": {
    "angle_sums_per_timestep": [
      [
        2.570666089308045,
        1.5800632117288413,
        0.0,
        1.5674304896871547,
        2.574523944488659,
        0.0,
        0.0,
        2.6885530728734377,
        2.624694970975268,
        0.0
      ],
      [
        2.1922910441444206,
        1.2364203697522504,
        2.376809965765141,
        0.0,
        0.0,
        2.8035783531748755,
        1.7694190173340743,
        2.006456991677017,
        0.0,
        2.829365483490177
      ]
    ],
    "gromov_delta_per_timestep": [
      2.849986197956901,
      2.7541108684903453
    ],
    "edge_mi_per_timestep": [
      {
        "0,1": 0.07609521506603145,
        "0,4": 0.5532222258409085,
        "0,2": 0.08815584607210258,
        "1,2": 0.6874916525280543,
        "1,4": 0.01238984802940224,
        "2,3": 0.08837540666750932,
        "2,4": 0.007437812815271894,
        "3,4": 0.6183188365032437
      },
      {
        "0,1": 0.15371145898138838,
        "0,4": 0.00014966356525869529,
        "0,2": 0.3151899976886021,
        "1,2": 0.3531757956443826,
        "1,4": 0.24471314559205948,
        "2,3": 0.1970279881541317,
        "2,4": 0.13394388676271274,
        "3,4": 0.6468237820379479
      }
    ],
    "shortest_paths_per_timestep": [
      {
        "0": {
          "0": 0,
          "4": 0.5919955031350658,
          "3": 1.0727465410268466,
          "2": 2.428649052744536,
          "1": 2.5757698930160187
        },
        "1": {
          "1": 0,
          "2": 0.3747055912924982,
          "0": 2.5757698930160187,
          "3": 2.800867144455933,
          "4": 3.1677653961510845
        },
        "2": {
          "2": 0,
          "1": 0.3747055912924982,
          "3": 2.426161553163435,
          "0": 2.428649052744536,
          "4": 2.906912591055216
        },
        "3": {
          "3": 0,
          "4": 0.4807510378917809,
          "0": 1.0727465410268466,
          "2": 2.426161553163435,
          "1": 2.800867144455933
        },
        "4": {
          "4": 0,
          "3": 0.4807510378917809,
          "0": 0.5919955031350658,
          "2": 2.906912591055216,
          "1": 3.1677653961510845
        }
      },
      {
        "0": {
          "0": 0,
          "2": 1.1545796547233622,
          "1": 1.8726780770110938,
          "3": 2.7789891432103757,
          "4": 3.1649139769593018
        },
        "1": {
          "1": 0,
          "2": 1.040789341353698,
          "4": 1.407668588717519,
          "3": 1.8433499719065056,
          "0": 1.8726780770110938
        },
        "2": {
          "2": 0,
          "1": 1.040789341353698,
          "0": 1.1545796547233622,
          "3": 1.6244094884870135,
          "4": 2.0103343222359396
        },
        "3": {
          "3": 0,
          "4": 0.4356813831889866,
          "2": 1.6244094884870135,
          "1": 1.8433499719065056,
          "0": 2.7789891432103757
        },
        "4": {
          "4": 0,
          "3": 0.4356813831889866,
          "1": 1.407668588717519,
          "2": 2.0103343222359396,
          "0": 3.1649139769593018
        }
      }
    ],
    "mean_distance_per_timestep": [
      1.5061059443145934,
      1.3866715158235037
    ],
    "triangle_violations_per_timestep": [
      0,
      0
    ],
    "embedding_coords_per_timestep": [
      [
        [
          2.2219082060199544,
          -8.072456869909349
        ],
        [
          -7.052614463755122,
          25.44518008176674
        ],
        [
          -4.382120829508581,
          15.933272925540173
        ],
        [
          3.0703585123714663,
          -11.077559261437818
        ],
        [
          6.142468574872283,
          -22.22843687595975
        ]
      ],
      [
        [
          -12.80845769069749,
          18.955574726648273
        ],
        [
          -0.12530270293218349,
          0.20746005121025718
        ],
        [
          -1.5481754829255818,
          2.28121102521048
        ],
        [
          5.240094852450227,
          -7.7754004048178125
        ],
        [
          9.241841024105026,
          -13.668845398251193
        ]
      ]
    ],
    "regge_evolution_data": null,
    "evolution_summary": {
      "total_timesteps": 2,
      "gromov_delta_range": [
        2.7541108684903453,
        2.849986197956901
      ],
      "mean_distance_range": [
        1.3866715158235037,
        1.5061059443145934
      ],
      "total_triangle_violations": 0,
      "hyperbolic_evolution": [
        false,
        false
      ],
      "regge_corrected": false
    }
  }
}