{
  "spec": {
    "num_qubits": 9,
    "topology": "complete",
    "custom_edges": "0-1:1.0000,0-2:0.9862,0-3:1.0000,0-4:1.0000,0-5:0.9766,0-6:0.9766,0-7:1.0000,0-8:1.0000,1-2:0.9531,1-3:1.0000,1-4:0.9537,1-5:0.9534,1-6:1.0000,1-7:0.8087,1-8:0.8275,2-3:0.9438,2-4:0.8987,2-5:1.0000,2-6:0.9092,2-7:0.8588,2-8:1.0000,3-4:0.9774,3-5:1.0000,3-6:0.8575,3-7:0.9456,3-8:1.0000,4-5:0.8849,4-6:1.0000,4-7:0.9399,4-8:0.9708,5-6:0.9398,5-7:1.0000,5-8:0.9987,6-7:0.8942,6-8:1.0000,7-8:0.8779",
    "alpha": 0.8,
    "weight": 1.0,
    "gamma": 0.3,
    "sigma": null,
    "init_angle": 0.0,
    "shots": 1024,
    "device": "simulator",
    "geometry": "hyperbolic",
    "curvature": 1.0
  },
  "uid": "SCA8FE",
  "counts": null,
  "mutual_information": {
    "I_0,1": 0.09341178988179522,
    "I_0,2": 0.519435800353263,
    "I_0,3": 0.3001160800606054,
    "I_0,4": 0.02274722804405027,
    "I_0,5": 2.6645352591003757e-15,
    "I_0,6": 4.565815536472506e-05,
    "I_0,7": 0.004029193066759085,
    "I_0,8": 0.08309837510590079,
    "I_1,2": 0.23992619079249733,
    "I_1,3": 0.0941104649836233,
    "I_1,4": 0.03687650836904388,
    "I_1,5": 0.002627273272614583,
    "I_1,6": 0.027696260965691666,
    "I_1,7": 0.5197838943986831,
    "I_1,8": 0.025332896654619796,
    "I_2,3": 0.16411678375700245,
    "I_2,4": 0.05855396438375171,
    "I_2,5": 0.004676372013445951,
    "I_2,6": 0.004642790557904286,
    "I_2,7": 0.05534760915243098,
    "I_2,8": 0.15257509278945258,
    "I_3,4": 0.018802624252721056,
    "I_3,5": 0.002239386871890403,
    "I_3,6": 0.0071685690753748865,
    "I_3,7": 0.06168970679958896,
    "I_3,8": 0.020221673137731766,
    "I_4,5": 0.29614472599811936,
    "I_4,6": 0.30299797878164464,
    "I_4,7": 0.02939626498288317,
    "I_4,8": 0.0076582860380215445,
    "I_5,6": 0.05724107221574326,
    "I_5,7": 3.050282260896875e-05,
    "I_5,8": 4.773959005888173e-15,
    "I_6,7": 0.07335566009766048,
    "I_6,8": 3.3861802251067274e-15,
    "I_7,8": 0.00025360777874539053
  },
  "edge_mi": {
    "0,1": 0.09341178988179522,
    "0,2": 0.519435800353263,
    "0,3": 0.3001160800606054,
    "0,4": 0.02274722804405027,
    "0,5": 2.6645352591003757e-15,
    "0,6": 4.565815536472506e-05,
    "0,7": 0.004029193066759085,
    "0,8": 0.08309837510590079,
    "1,2": 0.23992619079249733,
    "1,3": 0.0941104649836233,
    "1,4": 0.03687650836904388,
    "1,5": 0.002627273272614583,
    "1,6": 0.027696260965691666,
    "1,7": 0.5197838943986831,
    "1,8": 0.025332896654619796,
    "2,3": 0.16411678375700245,
    "2,4": 0.05855396438375171,
    "2,5": 0.004676372013445951,
    "2,6": 0.004642790557904286,
    "2,7": 0.05534760915243098,
    "2,8": 0.15257509278945258,
    "3,4": 0.018802624252721056,
    "3,5": 0.002239386871890403,
    "3,6": 0.0071685690753748865,
    "3,7": 0.06168970679958896,
    "3,8": 0.020221673137731766,
    "4,5": 0.29614472599811936,
    "4,6": 0.30299797878164464,
    "4,7": 0.02939626498288317,
    "4,8": 0.0076582860380215445,
    "5,6": 0.05724107221574326,
    "5,7": 3.050282260896875e-05,
    "5,8": 4.773959005888173e-15,
    "6,7": 0.07335566009766048,
    "6,8": 3.3861802251067274e-15,
    "7,8": 0.00025360777874539053
  },
  "distance_matrix": [
    [
      0.0,
      2.082435997069545,
      0.6550120557651841,
      1.2035859456300604,
      3.4928185376234104,
      4.709725542590466,
      4.686847681806069,
      2.7367781385515486,
      2.4877301307908377
    ],
    [
      2.082435997069545,
      0.0,
      1.427423941304361,
      2.363286027271205,
      3.3001805602355128,
      4.517087565202568,
      3.266777753239986,
      0.6543421414820035,
      3.307522333699791
    ],
    [
      0.6550120557651841,
      1.427423941304361,
      0.0,
      1.8071770084987693,
      2.8378064818582263,
      4.054713486825282,
      4.031835626040885,
      2.0817660827863644,
      1.8800983923954298
    ],
    [
      1.2035859456300604,
      2.363286027271205,
      1.8071770084987693,
      0.0,
      3.973758830977025,
      5.19066583594408,
      4.9380492153649875,
      2.7856381885747865,
      3.6872754008941993
    ],
    [
      3.4928185376234104,
      3.3001805602355128,
      2.8378064818582263,
      3.973758830977025,
      0.0,
      1.2169070049670554,
      1.1940291441826585,
      3.5268876541064746,
      4.717904874253656
    ],
    [
      4.709725542590466,
      4.517087565202568,
      4.054713486825282,
      5.19066583594408,
      1.2169070049670554,
      0.0,
      2.410936149149714,
      4.74379465907353,
      5.934811879220712
    ],
    [
      4.686847681806069,
      3.266777753239986,
      4.031835626040885,
      4.9380492153649875,
      1.1940291441826585,
      2.410936149149714,
      0.0,
      2.6124356117579826,
      5.911934018436314
    ],
    [
      2.7367781385515486,
      0.6543421414820035,
      2.0817660827863644,
      2.7856381885747865,
      3.5268876541064746,
      4.74379465907353,
      2.6124356117579826,
      0.0,
      3.961864475181794
    ],
    [
      2.4877301307908377,
      3.307522333699791,
      1.8800983923954298,
      3.6872754008941993,
      4.717904874253656,
      5.934811879220711,
      5.911934018436314,
      3.9618644751817946,
      0.0
    ]
  ],
  "shortest_paths": {
    "0": {
      "0": 0,
      "2": 0.6550120557651841,
      "3": 1.2035859456300604,
      "1": 2.082435997069545,
      "8": 2.4877301307908377,
      "7": 2.7367781385515486,
      "4": 3.4928185376234104,
      "6": 4.686847681806069,
      "5": 4.709725542590466
    },
    "1": {
      "1": 0,
      "7": 0.6543421414820035,
      "2": 1.427423941304361,
      "0": 2.082435997069545,
      "3": 2.363286027271205,
      "6": 3.266777753239986,
      "4": 3.3001805602355128,
      "8": 3.307522333699791,
      "5": 4.517087565202568
    },
    "2": {
      "2": 0,
      "0": 0.6550120557651841,
      "1": 1.427423941304361,
      "3": 1.8071770084987693,
      "8": 1.8800983923954298,
      "7": 2.0817660827863644,
      "4": 2.8378064818582263,
      "6": 4.031835626040885,
      "5": 4.054713486825282
    },
    "3": {
      "3": 0,
      "0": 1.2035859456300604,
      "2": 1.8071770084987693,
      "1": 2.363286027271205,
      "7": 2.7856381885747865,
      "8": 3.6872754008941993,
      "4": 3.973758830977025,
      "6": 4.9380492153649875,
      "5": 5.19066583594408
    },
    "4": {
      "4": 0,
      "6": 1.1940291441826585,
      "5": 1.2169070049670554,
      "2": 2.8378064818582263,
      "1": 3.3001805602355128,
      "0": 3.4928185376234104,
      "7": 3.5268876541064746,
      "3": 3.973758830977025,
      "8": 4.717904874253656
    },
    "5": {
      "5": 0,
      "4": 1.2169070049670554,
      "6": 2.410936149149714,
      "2": 4.054713486825282,
      "1": 4.517087565202568,
      "0": 4.709725542590466,
      "7": 4.74379465907353,
      "3": 5.19066583594408,
      "8": 5.934811879220712
    },
    "6": {
      "6": 0,
      "4": 1.1940291441826585,
      "5": 2.410936149149714,
      "7": 2.6124356117579826,
      "1": 3.266777753239986,
      "2": 4.031835626040885,
      "0": 4.686847681806069,
      "3": 4.9380492153649875,
      "8": 5.911934018436314
    },
    "7": {
      "7": 0,
      "1": 0.6543421414820035,
      "2": 2.0817660827863644,
      "6": 2.6124356117579826,
      "0": 2.7367781385515486,
      "3": 2.7856381885747865,
      "4": 3.5268876541064746,
      "8": 3.961864475181794,
      "5": 4.74379465907353
    },
    "8": {
      "8": 0,
      "2": 1.8800983923954298,
      "0": 2.4877301307908377,
      "1": 3.307522333699791,
      "3": 3.6872754008941993,
      "7": 3.9618644751817946,
      "4": 4.717904874253656,
      "6": 5.911934018436314,
      "5": 5.934811879220711
    }
  },
  "gromov_delta": 4.717904874253657,
  "mean_distance": 2.824489984512407,
  "angle_sums": [
    3.141592638688632,
    2.280065921227341,
    1.5253433973659634,
    1.4135245772888347,
    1.9019914926336312,
    3.1415926684909543,
    1.7425392279340841,
    2.9867129354330597,
    3.141592653589793,
    3.141592634695878,
    3.141592625241657,
    3.141592653589793,
    2.952217862587061,
    2.1543586448671928,
    2.1158060306268354,
    2.049866855847572,
    2.1575994463613095,
    3.0579698633689203,
    3.141592635170945,
    3.1415926202697837,
    1.21083872203112,
    1.4707204009677886,
    1.2191453159901695,
    1.0615717725421614,
    1.4050279219195596,
    1.8601403954766789,
    1.4056759152066218,
    1.57283531383983,
    2.246013411658205,
    2.0241088984887723,
    1.932883625121095,
    2.094447771027395,
    3.141592627780225,
    3.141592653589793,
    1.4165673513264736,
    1.3136897648356372,
    1.8259889549602435,
    2.722954881804145,
    1.3874665879155836,
    3.141592653589793,
    2.104733790429576,
    2.5783474899381074,
    1.1395487682369005,
    1.5524762450176932,
    2.5505277257035184,
    1.0203636116354806,
    3.141592653589793,
    1.7441586770431383,
    3.141592654689355,
    2.0002240249695338,
    1.925441647253438,
    1.7944957881600412,
    1.9769266821504359,
    3.1415926684909543,
    3.141592653589793,
    3.141592653589793,
    1.645887715571249,
    3.1415926684909543,
    1.269076488907332,
    1.5142974346822178,
    3.141592653589793,
    1.9651423826311736,
    3.141592655769302,
    3.141592653589793,
    3.1415926325163688,
    2.493076097536653,
    1.172867600708586,
    0.8298729368124895,
    1.212738748303641,
    1.0522916775915034,
    0.7201366273122873,
    2.0356691757741325,
    0.7600741568753147,
    1.1449187779649912,
    3.141592653589793,
    3.141592653589793,
    3.141592653589793,
    2.489542103305742,
    3.1415926679652983,
    0.87488309891512,
    2.286044893049374,
    1.1804889211674146,
    0.7186268615567347,
    1.775818447851143
  ],
  "mean_angle_sum": 2.149721286893406,
  "min_angle_sum": 0.7186268615567347,
  "max_angle_sum": 3.1415926684909543,
  "angle_sum_deviations": [
    -1.4901161193847656e-08,
    -0.861526732362452,
    -1.6162492562238298,
    -1.7280680763009584,
    -1.239601160956162,
    1.4901161193847656e-08,
    -1.399053425655709,
    -0.1548797181567334,
    0.0,
    -1.8893915321172017e-08,
    -2.8348136282829728e-08,
    0.0,
    -0.18937479100273213,
    -0.9872340087226004,
    -1.0257866229629578,
    -1.091725797742221,
    -0.9839932072284836,
    -0.08362279022087282,
    -1.8418848224399653e-08,
    -3.332000941824731e-08,
    -1.930753931558673,
    -1.6708722526220046,
    -1.9224473375996236,
    -2.0800208810476315,
    -1.7365647316702335,
    -1.2814522581131143,
    -1.7359167383831713,
    -1.568757339749963,
    -0.8955792419315882,
    -1.1174837551010208,
    -1.208709028468698,
    -1.0471448825623981,
    -2.5809568260370952e-08,
    0.0,
    -1.7250253022633195,
    -1.827902888754156,
    -1.3156036986295496,
    -0.4186377717856482,
    -1.7541260656742095,
    0.0,
    -1.0368588631602171,
    -0.5632451636516858,
    -2.002043885352893,
    -1.5891164085721,
    -0.5910649278862747,
    -2.1212290419543125,
    0.0,
    -1.3974339765466548,
    1.099561774964286e-09,
    -1.1413686286202593,
    -1.2161510063363552,
    -1.347096865429752,
    -1.1646659714393572,
    1.4901161193847656e-08,
    0.0,
    0.0,
    -1.495704938018544,
    1.4901161193847656e-08,
    -1.872516164682461,
    -1.6272952189075753,
    0.0,
    -1.1764502709586195,
    2.1795090177079146e-09,
    0.0,
    -2.107342433887993e-08,
    -0.6485165560531403,
    -1.968725052881207,
    -2.3117197167773034,
    -1.9288539052861522,
    -2.08930097599829,
    -2.4214560262775056,
    -1.1059234778156606,
    -2.3815184967144782,
    -1.996673875624802,
    0.0,
    0.0,
    0.0,
    -0.6520505502840512,
    1.4375505230646013e-08,
    -2.266709554674673,
    -0.8555477605404191,
    -1.9611037324223786,
    -2.4229657920330583,
    -1.3657742057386502
  ],
  "triangle_inequality_violations": [],
  "embedding_coords": [
    [
      1.3414670331530347,
      -0.9436246972598548
    ],
    [
      0.6839937082238559,
      0.9717547600599477
    ],
    [
      1.0274979150215047,
      -0.3042895861169095
    ],
    [
      1.156387770666762,
      -1.8817566656971512
    ],
    [
      -2.1200729536429495,
      -0.11992307032580767
    ],
    [
      -3.297236739214065,
      -0.7891447048602733
    ],
    [
      -2.4874594812508555,
      1.3712416250981507
    ],
    [
      0.38463797266039257,
      1.6077686488556668
    ],
    [
      3.310784774382318,
      0.08797369024623165
    ]
  ],
  "edge_weight_variance": 0.0030494449691358025
}