{
  "spec": {
    "num_qubits": 4,
    "topology": "triangulated",
    "custom_edges": "0-1:0.0500,0-2:0.0500,0-3:0.0500,1-2:0.0500,1-3:0.0500,2-3:0.0500",
    "alpha": 0.8,
    "weight": -3.833964722394302e-08,
    "gamma": -4.899406249855915e-08,
    "sigma": 1.0497543173895522e-09,
    "init_angle": 8.759287758078932e-08,
    "init_angles": null,
    "shots": 1024,
    "device": "ibm_brisbane",
    "geometry": "spherical",
    "curvature": 4.5,
    "timesteps": 1,
    "dimension": 2,
    "mass_hinge": null,
    "mass_value": 0.0,
    "solve_regge": false,
    "lorentzian": true,
    "excite": true,
    "fast": false,
    "fast_preset": "balanced",
    "ctc_mode": false,
    "ctc_perturbation": null,
    "ctc_perturbation_strength": 1.0,
    "test_ctc_recovery": false,
    "strong_curvature": true,
    "charge_injection": true,
    "charge_strength": 2.5,
    "charge_location": null,
    "spin_injection": true,
    "spin_strength": 2.0,
    "spin_location": null,
    "edge_floor": 0.001,
    "compute_entropies": true,
    "hyperbolic_triangulation": true,
    "trotter_steps": 8,
    "dt": 0.05,
    "analyze_curvature": true,
    "einstein_solver": true,
    "page_curve": true,
    "radiation_ordering": null,
    "page_curve_timesteps": 15,
    "entropy_method": "hybrid",
    "num_shadows": 100,
    "shots_per_shadow": 1000,
    "num_bases": 20,
    "shots_per_basis": 1000,
    "enhanced_entanglement": false,
    "entanglement_strength": 1.1196620533404904,
    "interpolate_geometry": false,
    "smooth_charge_injection": false,
    "min_qubits_for_continuum": 10,
    "benchmark_against_classical_geometry": false,
    "geometry_fit_metric": "wasserstein,kl,euclidean",
    "verify_noise_robustness": false,
    "run_on_multiple_backends": false,
    "detect_and_flag_causal_loops": true,
    "restrict_information_flow_direction": "bidirectional",
    "filter_noncausal_edges": true,
    "use_ryu_takayanagi_test": true,
    "compare_MI_vs_subsystem_entropy": true,
    "embed_boundary_entropy_in_geometry": true,
    "entropy_engineering": true,
    "target_entropy_pattern": "quantum_gravity",
    "custom_target_entropies": null,
    "entropy_optimization_iterations": 200,
    "entropy_tolerance": 0.05,
    "continue_on_engineering_failure": true,
    "skip_entropy_engineering": false,
    "validate_engineered_geometry": true,
    "enhance_bell_violations": true,
    "bell_entanglement_strength": 4.0,
    "teleportation_circuits": true,
    "long_range_coupling": 3.0,
    "holographic_optimization": true,
    "rt_surface_encoding": true,
    "conformal_symmetry": true,
    "bulk_reconstruction": true,
    "scalable_entanglement": true,
    "parallel_execution": true,
    "memory_optimization": true,
    "circuit_compilation": "optimized",
    "real_hardware": false,
    "error_mitigation": true,
    "zero_noise_extrapolation": true,
    "zne_noise_factors": [
      1.0,
      2.0,
      3.0
    ],
    "zne_extrapolation_method": "polynomial",
    "hardware_calibration": true,
    "noise_characterization": true,
    "backend_name": "ibm_brisbane",
    "quantum_mode": true,
    "quantum_entanglement_strength": 5.0,
    "quantum_circuit_depth": 12,
    "geometric_teleportation": false,
    "teleportation_mode": "both",
    "bridge_strength": 1.0,
    "signal_state": "+",
    "emergent_geometry_teleportation": false,
    "teleportation_node_pairs": "auto",
    "teleportation_embedding_dim": 2,
    "teleportation_fidelity_threshold": 0.7,
    "superposition_gravity": true,
    "massive_bulk_mass_hinge": "2",
    "massive_bulk_mass_value": 1.5,
    "massless_bulk_mass_hinge": "None",
    "massless_bulk_mass_value": 0.0,
    "superposition_control_qubit": 0,
    "superposition_phase": 0.0,
    "interference_analysis": true,
    "classical_mixture_comparison": true,
    "coherence_preservation": true,
    "bulk_reconstruction_method": "mi_embedding"
  },
  "uid": "54TZ5C",
  "counts_per_timestep": [
    {
      "0110": 74,
      "0111": 46,
      "0100": 62,
      "1001": 63,
      "1000": 67,
      "1111": 61,
      "0010": 73,
      "1100": 72,
      "0011": 76,
      "1010": 73,
      "0001": 60,
      "0000": 51,
      "1011": 85,
      "1101": 50,
      "0101": 57,
      "1110": 54
    }
  ],
  "job_ids_per_timestep": [
    "d27qckroctts738jipq0"
  ],
  "entropy_per_timestep": [
    3.980230997367764
  ],
  "mutual_information_per_timestep": [
    {
      "I_0,1": 0.0011433915075018033,
      "I_0,2": 7.639929463284156e-06,
      "I_0,3": 0.0006516672343687482,
      "I_1,2": 5.7591923879029335e-05,
      "I_1,3": 0.003657675333478605,
      "I_2,3": 0.00038055923196352037
    }
  ],
  "boundary_entropies_per_timestep": [
    {
      "entropy_A": -0.0,
      "entropy_B": -0.0,
      "mi_AB": 0.0,
      "pure_state_check": true,
      "entropy_difference": 0.0,
      "multiple_regions": {
        "size_1_region_0": {
          "region": [
            0
          ],
          "entropy": 0.6928248039972946,
          "rt_area": 3,
          "size": 1
        },
        "size_1_region_1": {
          "region": [
            1
          ],
          "entropy": 0.6906732158907924,
          "rt_area": 3,
          "size": 1
        },
        "size_2_region_0": {
          "region": [
            0,
            1
          ],
          "entropy": 0.5665860487759581,
          "rt_area": 4,
          "size": 2
        },
        "size_2_region_1": {
          "region": [
            0,
            2
          ],
          "entropy": 0.5326802926282024,
          "rt_area": 4,
          "size": 2
        },
        "size_3_region_0": {
          "region": [
            0,
            1,
            2
          ],
          "entropy": 0.34315372812984835,
          "rt_area": 3,
          "size": 3
        },
        "size_3_region_1": {
          "region": [
            0,
            1,
            3
          ],
          "entropy": 0.36909856231146065,
          "rt_area": 3,
          "size": 3
        }
      }
    }
  ],
  "distance_matrix_per_timestep": [
    [
      [
        0.0,
        9.252940819335608,
        8.194428058649576,
        7.88430261467079
      ],
      [
        9.252940819335608,
        0.0,
        5.755799327849383,
        13.40305604632001
      ],
      [
        8.194428058649576,
        5.755799327849383,
        0.0,
        7.6472567184706275
      ],
      [
        7.88430261467079,
        13.40305604632001,
        7.6472567184706275,
        0.0
      ]
    ]
  ],
  "edge_mi": {
    "0,1": 9.58294202564147e-05,
    "0,3": 0.0003766091616861627,
    "0,2": 0.00027618819500565585,
    "1,2": 0.003164376225849738,
    "2,3": 0.0004773518449849943
  },
  "distance_matrix": [
    [
      0.0,
      9.252940819335608,
      8.194428058649576,
      7.88430261467079
    ],
    [
      9.252940819335608,
      0.0,
      5.755799327849383,
      7.559761964479734
    ],
    [
      8.194428058649576,
      5.755799327849383,
      0.0,
      7.6472567184706275
    ],
    [
      7.88430261467079,
      7.559761964479734,
      7.6472567184706275,
      0.0
    ]
  ],
  "shortest_paths": {
    "0": {
      "0": 0,
      "3": 7.88430261467079,
      "2": 8.194428058649576,
      "1": 9.252940819335608
    },
    "1": {
      "1": 0,
      "2": 5.755799327849383,
      "3": 7.559761964479734,
      "0": 9.252940819335608
    },
    "2": {
      "2": 0,
      "1": 5.755799327849383,
      "3": 7.6472567184706275,
      "0": 8.194428058649576
    },
    "3": {
      "3": 0,
      "1": 7.559761964479734,
      "2": 7.6472567184706275,
      "0": 7.88430261467079
    }
  },
  "gromov_delta": 5.845784775067901,
  "mean_distance": 5.786811187931965,
  "angle_sums": [
    3.141592653589793,
    3.2495293783432664,
    8.11884374764017,
    4.638327092104468
  ],
  "mean_angle_sum": 4.787073217919424,
  "min_angle_sum": 3.141592653589793,
  "max_angle_sum": 8.11884374764017,
  "angle_sum_deviations": [
    0.0,
    0.10793672475347327,
    4.977251094050377,
    1.4967344385146752
  ],
  "triangle_inequality_violations": [],
  "embedding_coords": [
    [
      -0.025524009225334106,
      0.16165939495568882
    ],
    [
      -0.09490745203751766,
      0.10440316736090112
    ],
    [
      0.040626535262581726,
      -0.207059607346625
    ],
    [
      0.07980492600027005,
      -0.059002954969964924
    ]
  ],
  "embedding_coords_3d": [
    [
      0.045178521746932904,
      0.08152799731933383,
      -0.023330453426836734
    ],
    [
      0.10773362155674925,
      0.042437843373123306,
      -0.023206662608069025
    ],
    [
      -0.19876029064586723,
      0.02949642415237681,
      -0.039054182222518004
    ],
    [
      0.0458481473421851,
      -0.15346226484483394,
      0.08559129825742376
    ]
  ],
  "edge_weight_variance": 4.81482486096809e-35,
  "event_nodes": [
    [
      0,
      0
    ],
    [
      1,
      0
    ],
    [
      2,
      0
    ],
    [
      3,
      0
    ]
  ],
  "event_edges": [
    {
      "type": "spatial",
      "from": [
        0,
        0
      ],
      "to": [
        1,
        0
      ],
      "weight": 9.252940819335608
    },
    {
      "type": "spatial",
      "from": [
        0,
        0
      ],
      "to": [
        2,
        0
      ],
      "weight": 8.194428058649576
    },
    {
      "type": "spatial",
      "from": [
        0,
        0
      ],
      "to": [
        3,
        0
      ],
      "weight": 7.88430261467079
    },
    {
      "type": "spatial",
      "from": [
        1,
        0
      ],
      "to": [
        2,
        0
      ],
      "weight": 5.755799327849383
    },
    {
      "type": "spatial",
      "from": [
        1,
        0
      ],
      "to": [
        3,
        0
      ],
      "weight": 13.40305604632001
    },
    {
      "type": "spatial",
      "from": [
        2,
        0
      ],
      "to": [
        3,
        0
      ],
      "weight": 7.6472567184706275
    }
  ],
  "lorentzian_dissimilarity": [
    [
      0.0,
      85.61691380612712,
      67.14865120838346,
      62.16222771970465
    ],
    [
      85.61691380612712,
      0.0,
      33.129225902471404,
      179.6419113807954
    ],
    [
      67.14865120838346,
      33.129225902471404,
      0.0,
      58.48053531819415
    ],
    [
      62.16222771970465,
      179.6419113807954,
      58.48053531819415,
      0.0
    ]
  ],
  "lorentzian_embedding": [
    [
      0.0,
      3.1279744889790964,
      -3.6484284850653825
    ],
    [
      0.0,
      -5.868540457693939,
      -1.0797577638417524
    ],
    [
      0.0,
      -1.3134590222259384,
      3.049208004075271
    ],
    [
      0.0,
      6.58318981040215,
      3.5573346663345995
    ]
  ],
  "edge_length_evolution": [],
  "angle_deficit_evolution": [],
  "regge_action_evolution": [],
  "gromov_delta_evolution": [],
  "mass_hinge": null,
  "mass_value": 0.0,
  "matter": {
    "(0, 1)": 0.0,
    "(1, 2)": 0.0,
    "(0, 3)": 0.0,
    "(2, 3)": 0.0,
    "(0, 2)": 0.0,
    "(1, 3)": 0.0
  },
  "stationary_solution": null,
  "einstein_analysis_per_timestep": [
    {
      "ricci_tensor": [
        [
          0.00030695963082721586,
          0.0
        ],
        [
          0.0,
          0.00030695963082721586
        ]
      ],
      "metric_tensor": [
        [
          1.0000613919261654,
          3.069596308272159e-05
        ],
        [
          3.069596308272159e-05,
          1.0000613919261654
        ]
      ],
      "stress_energy_tensor": [
        [
          0.00030695963082721586,
          6.139192616544318e-06
        ],
        [
          6.139192616544318e-06,
          0.00030695963082721586
        ]
      ],
      "einstein_solution": {
        "einstein_tensor": [
          [
            0.0,
            0.0
          ],
          [
            0.0,
            0.0
          ]
        ],
        "ricci_scalar": 0.0006139192616544317,
        "metric_tensor": [
          [
            1.0,
            0.0
          ],
          [
            0.0,
            1.0
          ]
        ],
        "lhs": [
          [
            0.0,
            0.0
          ],
          [
            0.0,
            0.0
          ]
        ],
        "rhs": [
          [
            0.00030695963082721586,
            6.139192616544318e-06
          ],
          [
            6.139192616544318e-06,
            0.00030695963082721586
          ]
        ],
        "equations_satisfied": false,
        "residual": 0.000434193285631097,
        "conservation_violation": 0.00030695963082721586,
        "gravitational_constant": 0.039788735772973836,
        "cosmological_constant": 0.0
      },
      "entropy_first_derivative": 0.0,
      "entropy_second_derivative": 0.0,
      "entropy_curvature_correlation": 0.00043410147307447597,
      "emergent_gravitational_constant": 4.8854142575814744e-05,
      "average_mutual_information": 0.0006139192616544317,
      "ricci_scalar": 0.0006139192616544317,
      "analysis_summary": {
        "einstein_equations_satisfied": false,
        "residual_magnitude": 0.000434193285631097,
        "conservation_violation": 0.00030695963082721586,
        "entropy_evolution_rate": 0.0,
        "entropy_acceleration": 0.0,
        "entanglement_curvature_coupling": 0.00043410147307447597
      }
    }
  ],
  "bootstrap_analysis": {
    "gromov_delta": {
      "mean": 7.647256718470628,
      "lower_ci": 7.647256718470628,
      "upper_ci": 7.647256718470628,
      "all_values": [
        7.647256718470628
      ],
      "uncertainty": 0.0
    },
    "entropy": {
      "mean": 3.980230997367764,
      "lower_ci": 3.980230997367764,
      "upper_ci": 3.980230997367764,
      "uncertainty": 0.0
    },
    "distance_matrix": {
      "mean": [
        [
          0.0,
          9.252940819335608,
          8.194428058649576,
          7.88430261467079
        ],
        [
          9.252940819335608,
          0.0,
          5.755799327849383,
          13.40305604632001
        ],
        [
          8.194428058649576,
          5.755799327849383,
          0.0,
          7.6472567184706275
        ],
        [
          7.88430261467079,
          13.40305604632001,
          7.6472567184706275,
          0.0
        ]
      ],
      "lower_ci": [
        [
          0.0,
          9.252940819335608,
          8.194428058649576,
          7.88430261467079
        ],
        [
          9.252940819335608,
          0.0,
          5.755799327849383,
          13.40305604632001
        ],
        [
          8.194428058649576,
          5.755799327849383,
          0.0,
          7.6472567184706275
        ],
        [
          7.88430261467079,
          13.40305604632001,
          7.6472567184706275,
          0.0
        ]
      ],
      "upper_ci": [
        [
          0.0,
          9.252940819335608,
          8.194428058649576,
          7.88430261467079
        ],
        [
          9.252940819335608,
          0.0,
          5.755799327849383,
          13.40305604632001
        ],
        [
          8.194428058649576,
          5.755799327849383,
          0.0,
          7.6472567184706275
        ],
        [
          7.88430261467079,
          13.40305604632001,
          7.6472567184706275,
          0.0
        ]
      ]
    }
  },
  "topology_compatibility": {
    "current_topology": "triangulated",
    "explanation": "Triangulated topology is specifically designed for angle-sum curvature. Creates multiple triangles per vertex, enabling robust local curvature measurements. Each vertex has multiple incident triangles for well-defined angle sums.",
    "supports_local_curvature": true
  },
  "rt_surface_analysis": {
    "region_A": [
      0
    ],
    "region_B": [
      1,
      2,
      3
    ],
    "bulk_point": 2,
    "is_complementary": true,
    "rt_area_AB": 25.331671492655975,
    "rt_area_BA": 25.331671492655975,
    "area_consistent": true,
    "edges_consistent": true,
    "area_difference": 0.0,
    "rt_edges_AB": [
      [
        0,
        1
      ],
      [
        0,
        2
      ],
      [
        0,
        3
      ]
    ],
    "rt_edges_BA": [
      [
        0,
        1
      ],
      [
        0,
        2
      ],
      [
        0,
        3
      ]
    ],
    "edge_lengths": [
      9.252940819335608,
      8.194428058649576,
      7.88430261467079,
      5.755799327849383,
      13.40305604632001,
      7.6472567184706275
    ],
    "all_edges": [
      [
        0,
        1
      ],
      [
        0,
        2
      ],
      [
        0,
        3
      ],
      [
        1,
        2
      ],
      [
        1,
        3
      ],
      [
        2,
        3
      ]
    ]
  },
  "bulk_excitation_analysis": {
    "ground_state_mi": [
      [
        0.0,
        1.9435351607875436e-15,
        8.187664439706724e-15,
        3.1471258180213234e-15
      ],
      [
        1.9435351607875436e-15,
        0.0,
        3.46539396306413e-15,
        6.828104810589782e-15
      ],
      [
        8.187664439706724e-15,
        3.46539396306413e-15,
        0.0,
        3.1862657472458677e-15
      ],
      [
        3.1471258180213234e-15,
        6.828104810589782e-15,
        3.1862657472458677e-15,
        0.0
      ]
    ],
    "excited_state_mi": [
      [
        0.0,
        2.942091015256665e-15,
        3.83026943495679e-15,
        4.274358644806853e-15
      ],
      [
        2.942091015256665e-15,
        0.0,
        0.43713537842741956,
        0.12324561499870945
      ],
      [
        3.83026943495679e-15,
        0.43713537842741956,
        0.0,
        0.4371353784274228
      ],
      [
        4.274358644806853e-15,
        0.12324561499870945,
        0.4371353784274228,
        0.0
      ]
    ],
    "mi_difference": [
      [
        0.0,
        9.985558544691212e-16,
        -4.357395004749934e-15,
        1.1272328267855293e-15
      ],
      [
        9.985558544691212e-16,
        0.0,
        0.4371353784274161,
        0.12324561499870262
      ],
      [
        -4.357395004749934e-15,
        0.4371353784274161,
        0.0,
        0.4371353784274196
      ],
      [
        1.1272328267855293e-15,
        0.12324561499870262,
        0.4371353784274196,
        0.0
      ]
    ],
    "avg_mi_change": 0.1246895464816931,
    "max_mi_change": 0.4371353784274196,
    "mi_change_boundary_A": NaN,
    "mi_change_boundary_B": 0.3325054572845128,
    "bulk_point": 2,
    "ground_state_counts": {
      "counts": {
        "1101": 78,
        "1001": 70,
        "1000": 61,
        "1111": 50,
        "0011": 75,
        "0100": 64,
        "0001": 95,
        "1011": 41,
        "1110": 42,
        "0010": 54,
        "1100": 78,
        "0000": 64,
        "0110": 53,
        "0101": 96,
        "1010": 50,
        "0111": 53
      },
      "job_id": "d27qcp3octts738jiq10",
      "mutual_information": {
        "I_0,1": 0.0008842272467207927,
        "I_0,2": 0.00010594428470780178,
        "I_0,3": 0.0032722086151318677,
        "I_1,2": 0.0015910917982374442,
        "I_1,3": 0.0009001841059111289,
        "I_2,3": 0.0016183003944334716
      }
    },
    "excited_state_counts": {
      "counts": {
        "0100": 54,
        "0111": 77,
        "1000": 70,
        "1111": 50,
        "1011": 64,
        "0110": 69,
        "0101": 61,
        "1110": 47,
        "0001": 66,
        "0000": 72,
        "0010": 54,
        "1100": 67,
        "0011": 78,
        "1101": 67,
        "1001": 66,
        "1010": 62
      },
      "job_id": "d27qcqboctts738jiq2g",
      "mutual_information": {
        "I_0,1": 0.0011433915075018033,
        "I_0,2": 7.639929463284156e-06,
        "I_0,3": 0.0006516672343687482,
        "I_1,2": 5.7591923879029335e-05,
        "I_1,3": 0.003657675333478605,
        "I_2,3": 0.00038055923196352037
      }
    },
    "boundary_entropies": {
      "ground_state": {
        "entropy_A": 5.820904927010647e-15,
        "entropy_B": 6.2588924663657176e-15,
        "mi_AB": 6.757899174217764e-15
      },
      "excited_state": {
        "entropy_A": 0.28019049671307134,
        "entropy_B": 0.2801904967130675,
        "mi_AB": 0.5603809934261302
      },
      "rt_relation_test": {
        "entropy_ratio": 1.0752438916022635,
        "rt_area_ratio": 1.0,
        "rt_deviation": 0.07524389160226352,
        "excited_entropy_ratio": 0.9999999999999863,
        "rt_relation_change": 0.07524389160227718
      }
    }
  },
  "page_curve_analysis": null,
  "deutsch_ctc_analysis": null,
  "ctc_recovery_analysis": null,
  "einstein_analysis": null,
  "dynamic_evidence": {
    "angle_sums_per_timestep": [
      [
        3.141592653589793,
        3.141592653589793,
        8.11884374764017,
        0.0
      ]
    ],
    "gromov_delta_per_timestep": [
      7.647256718470628
    ],
    "edge_mi_per_timestep": [
      {
        "0,1": 9.58294202564147e-05,
        "0,3": 0.0003766091616861627,
        "0,2": 0.00027618819500565585,
        "1,2": 0.003164376225849738,
        "2,3": 0.0004773518449849943
      }
    ],
    "shortest_paths_per_timestep": [
      {
        "0": {
          "0": 0,
          "3": 7.88430261467079,
          "2": 8.194428058649576,
          "1": 9.252940819335608
        },
        "1": {
          "1": 0,
          "2": 5.755799327849383,
          "0": 9.252940819335608,
          "3": 13.40305604632001
        },
        "2": {
          "2": 0,
          "1": 5.755799327849383,
          "3": 7.6472567184706275,
          "0": 8.194428058649576
        },
        "3": {
          "3": 0,
          "2": 7.6472567184706275,
          "0": 7.88430261467079,
          "1": 13.40305604632001
        }
      }
    ],
    "mean_distance_per_timestep": [
      6.517222948161999
    ],
    "triangle_violations_per_timestep": [
      0
    ],
    "embedding_coords_per_timestep": [
      [
        [
          -0.02570453760791319,
          0.15851607912226207
        ],
        [
          -0.08316308255990326,
          0.09079951731968076
        ],
        [
          0.045124637278036867,
          -0.20776097189261447
        ],
        [
          0.06374298288977959,
          -0.04155462454932837
        ]
      ]
    ],
    "regge_evolution_data": null,
    "evolution_summary": {
      "total_timesteps": 1,
      "gromov_delta_range": [
        7.647256718470628,
        7.647256718470628
      ],
      "mean_distance_range": [
        6.517222948161999,
        6.517222948161999
      ],
      "total_triangle_violations": 0,
      "hyperbolic_evolution": [
        false
      ],
      "regge_corrected": false
    }
  },
  "quantum_state_outputs": [
    {
      "timestep": 1,
      "statevector": null,
      "mutual_information_matrix": [
        [
          0.0,
          0.00014902339385184336,
          0.0023500692210474475,
          0.0001033419206031348
        ],
        [
          0.00014902339385184336,
          0.0,
          0.0022100718702504976,
          0.00018251547280706028
        ],
        [
          0.0023500692210474475,
          0.0022100718702504976,
          0.0,
          0.00038059388223437695
        ],
        [
          0.0001033419206031348,
          0.00018251547280706028,
          0.00038059388223437695,
          0.0
        ]
      ],
      "counts": {
        "0110": 74,
        "0111": 46,
        "0100": 62,
        "1001": 63,
        "1000": 67,
        "1111": 61,
        "0010": 73,
        "1100": 72,
        "0011": 76,
        "1010": 73,
        "0001": 60,
        "0000": 51,
        "1011": 85,
        "1101": 50,
        "0101": 57,
        "1110": 54
      },
      "job_id": "d27qckroctts738jipq0",
      "device": "ibm_brisbane"
    }
  ],
  "emergent_geometry_teleportation": null,
  "superposition_gravity": null,
  "teleportation_geometry_correlation": null
}