[
  {
    "pattern": "linear",
    "strength": 0.2,
    "time_steps": 3,
    "mi_matrix": [
      [
        0.0,
        0.008383751886573476,
        0.0012224566111322943,
        1.188890122927333e-05,
        0.00027266917500212706,
        0.0002598563886748728
      ],
      [
        0.008383751886573476,
        0.0,
        0.0005605821638581254,
        0.00035140040095660297,
        0.0017465817774460213,
        0.002808439972465049
      ],
      [
        0.0012224566111322943,
        0.0005605821638581254,
        0.0,
        0.0006342732314996713,
        0.001226638941205005,
        8.033304288890264e-06
      ],
      [
        1.188890122927333e-05,
        0.00035140040095660297,
        0.0006342732314996713,
        0.0,
        4.15074424746642e-05,
        0.0008212720602331913
      ],
      [
        0.00027266917500212706,
        0.0017465817774460213,
        0.001226638941205005,
        4.15074424746642e-05,
        0.0,
        0.0007511710516934222
      ],
      [
        0.0002598563886748728,
        0.002808439972465049,
        8.033304288890264e-06,
        0.0008212720602331913,
        0.0007511710516934222,
        0.0
      ]
    ],
    "coords_2d": [
      [
        -342.25307115227463,
        14134.858442428726
      ],
      [
        -192.03849861935322,
        186.28966910455782
      ],
      [
        13042.958122783646,
        14113.606498333067
      ],
      [
        748.2291529615251,
        -17603.874350544735
      ],
      [
        -126.01075957280139,
        3497.6961356194415
      ],
      [
        -13130.88494640074,
        -14328.576394941058
      ]
    ],
    "coords_3d": [
      [
        12067.373715020742,
        -925.077484125041,
        7312.418376394603
      ],
      [
        233.2811205338709,
        -62.3594943758567,
        -49.749768160269454
      ],
      [
        6800.24497954797,
        2632.7472183744094,
        17784.66568816763
      ],
      [
        -15170.390381478992,
        1229.7016953921652,
        -8863.558640762518
      ],
      [
        3003.526883325114,
        -229.8967802497848,
        1780.9290963406384
      ],
      [
        -6934.036316948706,
        -2645.115155015893,
        -17964.70475198009
      ]
    ],
    "curvature": -1.7541523789077474e-15
  },
  {
    "pattern": "linear",
    "strength": 0.2,
    "time_steps": 5,
    "mi_matrix": [
      [
        0.0,
        1.5668590225281775e-06,
        0.0003538359546642056,
        0.0017894342152198206,
        0.00020874446995344798,
        8.913216276162927e-08
      ],
      [
        1.5668590225281775e-06,
        0.0,
        0.0002804824404722961,
        0.006580797766345459,
        0.0003214262288522285,
        0.00038158377616670514
      ],
      [
        0.0003538359546642056,
        0.0002804824404722961,
        0.0,
        6.337409442802588e-05,
        0.0022761770383183944,
        1.4741457401434843e-05
      ],
      [
        0.0017894342152198206,
        0.006580797766345459,
        6.337409442802588e-05,
        0.0,
        0.0004260647210547752,
        0.0013954916220000335
      ],
      [
        0.00020874446995344798,
        0.0003214262288522285,
        0.0022761770383183944,
        0.0004260647210547752,
        0.0,
        1.5054536449454758e-05
      ],
      [
        8.913216276162927e-08,
        0.00038158377616670514,
        1.4741457401434843e-05,
        0.0013954916220000335,
        1.5054536449454758e-05,
        0.0
      ]
    ],
    "coords_2d": [
      [
        27024.746741202212,
        -217643.221485682
      ],
      [
        -8111.371466329812,
        65125.71526689967
      ],
      [
        1615.3045399336527,
        -13274.390182468496
      ],
      [
        -337.2370629220403,
        2908.2253177209977
      ],
      [
        1278.0133101639149,
        -10341.993871141214
      ],
      [
        -21469.456062047928,
        173225.66495467105
      ]
    ],
    "coords_3d": [
      [
        119654.52122179711,
        64895.80639258445,
        171959.97565090016
      ],
      [
        -35774.98599983388,
        -19448.075611967346,
        -51469.1757833195
      ],
      [
        7314.716274873016,
        3942.0036317431577,
        10477.379514733982
      ],
      [
        -1608.9884431195799,
        -857.5860582466877,
        -2290.6779217845055
      ],
      [
        5692.867577790716,
        3076.633546130557,
        8167.95537354949
      ],
      [
        -95278.13063150737,
        -51608.781900244125,
        -136845.45683407964
      ]
    ],
    "curvature": 7.005507285384738e-14
  },
  {
    "pattern": "linear",
    "strength": 0.2,
    "time_steps": 7,
    "mi_matrix": [
      [
        0.0,
        6.911716438628979e-05,
        0.00046638875416871173,
        9.945280650036636e-05,
        0.0033772280102633,
        0.00013495444952682512
      ],
      [
        6.911716438628979e-05,
        0.0,
        1.2866245673537335e-05,
        0.00021553425349241095,
        0.0004561617946283736,
        0.0006248296771893536
      ],
      [
        0.00046638875416871173,
        1.2866245673537335e-05,
        0.0,
        6.0872375554854585e-05,
        0.0006131303145711087,
        0.0006388894947657597
      ],
      [
        9.945280650036636e-05,
        0.00021553425349241095,
        6.0872375554854585e-05,
        0.0,
        0.0013311966121016816,
        0.0021593926917053974
      ],
      [
        0.0033772280102633,
        0.0004561617946283736,
        0.0006131303145711087,
        0.0013311966121016816,
        0.0,
        0.0002489413598796286
      ],
      [
        0.00013495444952682512,
        0.0006248296771893536,
        0.0006388894947657597,
        0.0021593926917053974,
        0.0002489413598796286,
        0.0
      ]
    ],
    "coords_2d": [
      [
        -1107.1251826275636,
        -4829.46582576095
      ],
      [
        3642.0002058514137,
        15371.583110417068
      ],
      [
        -3599.374854480801,
        -15180.874871626753
      ],
      [
        856.7124600209328,
        3687.1787318724264
      ],
      [
        -173.0060675640141,
        -817.665674549599
      ],
      [
        380.79343880003273,
        1769.2445296478058
      ]
    ],
    "coords_3d": [
      [
        4258.60342880254,
        -2348.6539848914517,
        947.4235257566488
      ],
      [
        -13525.01760181763,
        7559.542542680381,
        -3078.472299471662
      ],
      [
        13356.36027025446,
        -7467.8509545979105,
        3041.9297862335156
      ],
      [
        -3247.989030234856,
        1801.8920065780171,
        -730.0671852380005
      ],
      [
        725.2240357856277,
        -386.62151946981317,
        151.9312584577398
      ],
      [
        -1567.1811027901372,
        841.6919097007763,
        -332.745085738241
      ]
    ],
    "curvature": -1.991740106177531e-14
  },
  {
    "pattern": "linear",
    "strength": 0.2,
    "time_steps": 9,
    "mi_matrix": [
      [
        0.0,
        2.0182835823723266e-05,
        0.000124224879263668,
        0.00011568682006402042,
        0.0007615874969659764,
        0.0001616967568054406
      ],
      [
        2.0182835823723266e-05,
        0.0,
        2.2143070887992167e-07,
        9.437077839180574e-07,
        0.00043051995882703586,
        0.00031033363537003034
      ],
      [
        0.000124224879263668,
        2.2143070887992167e-07,
        0.0,
        0.0018306547419781882,
        0.0013683619900706212,
        2.0520039315519156e-05
      ],
      [
        0.00011568682006402042,
        9.437077839180574e-07,
        0.0018306547419781882,
        0.0,
        0.0012576205502907722,
        0.000423218796076652
      ],
      [
        0.0007615874969659764,
        0.00043051995882703586,
        0.0013683619900706212,
        0.0012576205502907722,
        0.0,
        0.00015665305700762744
      ],
      [
        0.0001616967568054406,
        0.00031033363537003034,
        2.0520039315519156e-05,
        0.000423218796076652,
        0.00015665305700762744,
        0.0
      ]
    ],
    "coords_2d": [
      [
        4265.286063423287,
        4706.522261858624
      ],
      [
        -155236.33145200094,
        -171047.62679667096
      ],
      [
        97912.91771936377,
        107950.51507454645
      ],
      [
        58905.66744470813,
        64850.05589847153
      ],
      [
        648.0118005300599,
        722.7606091040043
      ],
      [
        -6495.551576024314,
        -7182.227047309651
      ]
    ],
    "coords_3d": [
      [
        1267.6177686057067,
        5870.761840157805,
        2066.7181334856846
      ],
      [
        -45961.48993109339,
        -213511.4618090204,
        -75206.42679936916
      ],
      [
        29039.97363515492,
        134708.06009039638,
        47441.24465638322
      ],
      [
        17397.416294373263,
        80985.4066125859,
        28532.459362277266
      ],
      [
        198.4539638989878,
        896.8074603320634,
        314.09430925127526
      ],
      [
        -1941.9717309394869,
        -8949.574194451823,
        -3148.0896620282974
      ]
    ],
    "curvature": 9.039879955707874e-13
  },
  {
    "pattern": "linear",
    "strength": 0.4,
    "time_steps": 3,
    "mi_matrix": [
      [
        0.0,
        0.002255172732470001,
        0.0010768872928170747,
        0.000988127169627484,
        0.0004046574838567629,
        0.00010897680527510722
      ],
      [
        0.002255172732470001,
        0.0,
        2.0275182829099236e-05,
        4.711646312438589e-06,
        0.0007709951316079433,
        3.5924464402370404e-05
      ],
      [
        0.0010768872928170747,
        2.0275182829099236e-05,
        0.0,
        0.00022979740166984008,
        0.0006794229378306316,
        0.0012525058555266089
      ],
      [
        0.000988127169627484,
        4.711646312438589e-06,
        0.00022979740166984008,
        0.0,
        0.0014477833592276834,
        0.001235073904627404
      ],
      [
        0.0004046574838567629,
        0.0007709951316079433,
        0.0006794229378306316,
        0.0014477833592276834,
        0.0,
        0.0002557514689902618
      ],
      [
        0.00010897680527510722,
        3.5924464402370404e-05,
        0.0012525058555266089,
        0.001235073904627404,
        0.0002557514689902618,
        0.0
      ]
    ],
    "coords_2d": [
      [
        1309.302887873841,
        1737.05652600313
      ],
      [
        25838.562563300366,
        32879.63060196012
      ],
      [
        -4730.880807493104,
        -6004.25031214378
      ],
      [
        -18735.957224521822,
        -23839.16547587625
      ],
      [
        255.88845466753403,
        286.06058336245167
      ],
      [
        -3936.9158738268147,
        -5059.331923305672
      ]
    ],
    "coords_3d": [
      [
        -1782.6209553754916,
        1221.8034378073926,
        248.80110422844126
      ],
      [
        -33970.439163087285,
        23789.352656819818,
        5364.44578411371
      ],
      [
        6203.9230110450935,
        -4354.833575207117,
        -988.8093367883066
      ],
      [
        24630.075880732955,
        -17249.932724049017,
        -3891.154582308004
      ],
      [
        -305.86798344513716,
        221.81993283573607,
        62.781163200827116
      ],
      [
        5224.9292101298615,
        -3628.209728206812,
        -796.0641324466676
      ]
    ],
    "curvature": 4.2521541843143495e-14
  },
  {
    "pattern": "linear",
    "strength": 0.4,
    "time_steps": 5,
    "mi_matrix": [
      [
        0.0,
        0.00047520071065454417,
        0.001337520018851901,
        4.870950074487013e-05,
        0.006577312798599078,
        2.7522386136791255e-06
      ],
      [
        0.00047520071065454417,
        0.0,
        0.00022009889064045218,
        0.0045700070928027525,
        4.938496563755557e-05,
        0.004408936030021904
      ],
      [
        0.001337520018851901,
        0.00022009889064045218,
        0.0,
        1.200631001729846e-05,
        2.3797549615345304e-06,
        0.00013484322933110526
      ],
      [
        4.870950074487013e-05,
        0.0045700070928027525,
        1.200631001729846e-05,
        0.0,
        0.0002409994915848479,
        0.0017219915012542941
      ],
      [
        0.006577312798599078,
        4.938496563755557e-05,
        2.3797549615345304e-06,
        0.0002409994915848479,
        0.0,
        0.0013329771369481325
      ],
      [
        2.7522386136791255e-06,
        0.004408936030021904,
        0.00013484322933110526,
        0.0017219915012542941,
        0.0013329771369481325,
        0.0
      ]
    ],
    "coords_2d": [
      [
        -44989.90932530866,
        -16797.701395254964
      ],
      [
        -2174.9605398371878,
        -679.9513949984997
      ],
      [
        -61154.14724812412,
        -19642.721224898105
      ],
      [
        14637.41526930505,
        4839.351916546673
      ],
      [
        50911.92614493697,
        16293.30094081635
      ],
      [
        42769.67569902795,
        15987.721157788541
      ]
    ],
    "coords_3d": [
      [
        -27235.638814254537,
        3586.7160646903503,
        -39423.754321557564
      ],
      [
        -956.6132810455384,
        610.2360640544117,
        -1986.666728897163
      ],
      [
        -28535.06843108595,
        15166.563517036813,
        -55486.454151021666
      ],
      [
        7248.725818333454,
        -3137.9203028983,
        13206.581848407392
      ],
      [
        23562.90133263012,
        -12825.545757781587,
        46193.129350526855
      ],
      [
        25915.693375422445,
        -3400.0495851016867,
        37497.16400254215
      ]
    ],
    "curvature": -7.105427357601002e-16
  },
  {
    "pattern": "linear",
    "strength": 0.4,
    "time_steps": 7,
    "mi_matrix": [
      [
        0.0,
        0.0006311103653247052,
        0.00039294238632603395,
        9.626887919056415e-05,
        0.0003264338237241038,
        0.0012021999147895368
      ],
      [
        0.0006311103653247052,
        0.0,
        0.0002429974208810748,
        8.791295215448969e-05,
        0.0004767886282190936,
        0.0004767886282190936
      ],
      [
        0.00039294238632603395,
        0.0002429974208810748,
        0.0,
        0.00026116971054301885,
        0.00012185640098372197,
        0.00014899857380323844
      ],
      [
        9.626887919056415e-05,
        8.791295215448969e-05,
        0.00026116971054301885,
        0.0,
        0.0013860956879212516,
        0.0006701850348385108
      ],
      [
        0.0003264338237241038,
        0.0004767886282190936,
        0.00012185640098372197,
        0.0013860956879212516,
        0.0,
        0.0004509678705826303
      ],
      [
        0.0012021999147895368,
        0.0004767886282190936,
        0.00014899857380323844,
        0.0006701850348385108,
        0.0004509678705826303,
        0.0
      ]
    ],
    "coords_2d": [
      [
        1732.3210599864483,
        -1599.0745553586007
      ],
      [
        1169.5189024008437,
        -2892.5728211079495
      ],
      [
        3335.3766212276428,
        1843.5202278656789
      ],
      [
        -3030.487864826908,
        3236.259349684875
      ],
      [
        -2349.7536259851877,
        17.699737697617685
      ],
      [
        -856.9750928028379,
        -605.8319387816211
      ]
    ],
    "coords_3d": [
      [
        886.7615226931302,
        1466.0708140559386,
        1618.9634462897232
      ],
      [
        -19.657264602310864,
        1585.3856857950586,
        2688.3353031637616
      ],
      [
        3216.408284681038,
        1498.1416577440987,
        -1386.987316792521
      ],
      [
        -1367.4270501094134,
        -2765.7049780760212,
        -3184.150073080819
      ],
      [
        -1855.2407118106016,
        -1417.8420839854925,
        -232.1317594988261
      ],
      [
        -860.8447808518417,
        -366.051095533582,
        495.97039991868047
      ]
    ],
    "curvature": -4.440892098500626e-16
  },
  {
    "pattern": "linear",
    "strength": 0.4,
    "time_steps": 9,
    "mi_matrix": [
      [
        0.0,
        0.00061891525282598,
        4.390078090432681e-05,
        4.4429740122531314e-05,
        4.390078090432681e-05,
        0.004228890229726279
      ],
      [
        0.00061891525282598,
        0.0,
        0.0007943361701177043,
        0.0004627277281925579,
        0.0003322911387357852,
        4.761957271726125e-05
      ],
      [
        4.390078090432681e-05,
        0.0007943361701177043,
        0.0,
        0.002167331268432715,
        0.0007030554486822105,
        0.0014360205189318798
      ],
      [
        4.4429740122531314e-05,
        0.0004627277281925579,
        0.002167331268432715,
        0.0,
        7.654932243639223e-09,
        0.0010710160630049703
      ],
      [
        4.390078090432681e-05,
        0.0003322911387357852,
        0.0007030554486822105,
        7.654932243639223e-09,
        0.0,
        0.0037458073679825787
      ],
      [
        0.004228890229726279,
        4.761957271726125e-05,
        0.0014360205189318798,
        0.0010710160630049703,
        0.0037458073679825787,
        0.0
      ]
    ],
    "coords_2d": [
      [
        -3986.9225000803694,
        1176.9165613324003
      ],
      [
        2881.7916552767224,
        2584.7916455062586
      ],
      [
        3704.7972057917473,
        -1162.582729481663
      ],
      [
        9506.030401781096,
        169393.27132524678
      ],
      [
        -9357.841830229407,
        -169634.59868959204
      ],
      [
        -2747.85493253979,
        -2357.7981130117355
      ]
    ],
    "coords_3d": [
      [
        -3693.003365299894,
        -301.35093209480596,
        1902.1957906406606
      ],
      [
        2100.909324992566,
        -2881.866841963706,
        -1497.5080897193084
      ],
      [
        3438.0977530236996,
        325.843549116839,
        -1814.6492172193396
      ],
      [
        -28311.088804649822,
        -160595.9230737469,
        -46817.29181498497
      ],
      [
        28494.911136129176,
        160814.62264133792,
        46798.92946807311
      ],
      [
        -2029.8260441957248,
        2638.6746573506575,
        1428.323863209853
      ]
    ],
    "curvature": -8.881784197001253e-17
  },
  {
    "pattern": "linear",
    "strength": 0.6000000000000001,
    "time_steps": 3,
    "mi_matrix": [
      [
        0.0,
        0.0014107431611398713,
        0.0007102921965791431,
        1.9682225657291497e-05,
        2.5004918786653008e-06,
        0.0003210808229636708
      ],
      [
        0.0014107431611398713,
        0.0,
        2.816428412910632e-05,
        2.528977064053528e-05,
        0.0002678320629223574,
        0.0003565318920797367
      ],
      [
        0.0007102921965791431,
        2.816428412910632e-05,
        0.0,
        0.0014796186095717978,
        0.0001357561383110717,
        0.0010049730881167562
      ],
      [
        1.9682225657291497e-05,
        2.528977064053528e-05,
        0.0014796186095717978,
        0.0,
        4.143191274375013e-05,
        1.769948901886309e-05
      ],
      [
        2.5004918786653008e-06,
        0.0002678320629223574,
        0.0001357561383110717,
        4.143191274375013e-05,
        0.0,
        0.004427154796029287
      ],
      [
        0.0003210808229636708,
        0.0003565318920797367,
        0.0010049730881167562,
        1.769948901886309e-05,
        0.004427154796029287,
        0.0
      ]
    ],
    "coords_2d": [
      [
        33818.31156161216,
        45151.72910381004
      ],
      [
        -135.43542471641166,
        12945.886007980596
      ],
      [
        1198.8515215781806,
        -5080.8292286008755
      ],
      [
        -372.73754687484563,
        -20490.837261535788
      ],
      [
        -34110.072374058815,
        -40789.53171350085
      ],
      [
        -398.9177375402678,
        8263.583091846896
      ]
    ],
    "coords_3d": [
      [
        -20362.212463677904,
        -18816.633472135767,
        49129.36927555286
      ],
      [
        -8457.324220414193,
        -8371.940307776615,
        5099.325350353678
      ],
      [
        3624.44267192362,
        3632.6101220103706,
        -954.3465261206679
      ],
      [
        13229.83238607488,
        13073.49586013319,
        -8603.763841524305
      ],
      [
        17447.303606159003,
        15921.456636316565,
        -47638.336185265274
      ],
      [
        -5482.041980065402,
        -5438.9888385477425,
        2967.7519270037183
      ]
    ],
    "curvature": 1.021405182655144e-15
  },
  {
    "pattern": "linear",
    "strength": 0.6000000000000001,
    "time_steps": 5,
    "mi_matrix": [
      [
        0.0,
        0.0008714470066095714,
        0.0003186360727291948,
        4.438262113382052e-08,
        0.0005563232279732766,
        0.004222572391416879
      ],
      [
        0.0008714470066095714,
        0.0,
        0.00038701764837312247,
        0.0025825684494815704,
        7.062100871757515e-05,
        0.003652914230437343
      ],
      [
        0.0003186360727291948,
        0.00038701764837312247,
        0.0,
        0.0001920123721630418,
        0.0003935606273286485,
        0.0016867078515649947
      ],
      [
        4.438262113382052e-08,
        0.0025825684494815704,
        0.0001920123721630418,
        0.0,
        0.005216851884496165,
        0.0004915728793257745
      ],
      [
        0.0005563232279732766,
        7.062100871757515e-05,
        0.0003935606273286485,
        0.005216851884496165,
        0.0,
        0.0001958349330895004
      ],
      [
        0.004222572391416879,
        0.003652914230437343,
        0.0016867078515649947,
        0.0004915728793257745,
        0.0001958349330895004,
        0.0
      ]
    ],
    "coords_2d": [
      [
        61825.90452407997,
        -148260.22016830486
      ],
      [
        -2329.726891875627,
        -1474.3563475082103
      ],
      [
        379.86150256030106,
        -478.98536886457106
      ],
      [
        -61923.031038106084,
        148487.78607719234
      ],
      [
        2545.903774433621,
        2662.2612394672715
      ],
      [
        -498.9118710921674,
        -936.4854319820012
      ]
    ],
    "coords_3d": [
      [
        25580.305167579954,
        -65832.05771625714,
        -144275.20843181422
      ],
      [
        467.40177234824625,
        1265.8741188067743,
        -2354.258828436661
      ],
      [
        58.59677243798335,
        -340.3413804689317,
        -283.76812399706597
      ],
      [
        -25619.69963095954,
        65935.07967316252,
        144496.6552532665
      ],
      [
        -693.1282455067636,
        -1174.9886491772522,
        3532.1787579904812
      ],
      [
        206.5241641001242,
        146.4339539340358,
        -1115.5986270090164
      ]
    ],
    "curvature": -1.1102230246251565e-16
  },
  {
    "pattern": "linear",
    "strength": 0.6000000000000001,
    "time_steps": 7,
    "mi_matrix": [
      [
        0.0,
        4.168321776631956e-08,
        0.0008580545448013677,
        0.000996666874480967,
        0.0011349717326780695,
        0.0015538087666708833
      ],
      [
        4.168321776631956e-08,
        0.0,
        0.0001982515933649509,
        0.0009902435869821868,
        3.7571114819279217e-07,
        0.0006765676034408141
      ],
      [
        0.0008580545448013677,
        0.0001982515933649509,
        0.0,
        2.6612055401553647e-05,
        0.0002185753134076318,
        2.4836204621792035e-05
      ],
      [
        0.000996666874480967,
        0.0009902435869821868,
        2.6612055401553647e-05,
        0.0,
        6.666837063851183e-05,
        0.0001379055602221957
      ],
      [
        0.0011349717326780695,
        3.7571114819279217e-07,
        0.0002185753134076318,
        6.666837063851183e-05,
        0.0,
        0.00014391148385595187
      ],
      [
        0.0015538087666708833,
        0.0006765676034408141,
        2.4836204621792035e-05,
        0.0001379055602221957,
        0.00014391148385595187,
        0.0
      ]
    ],
    "coords_2d": [
      [
        53581.03503452594,
        151411.34343294293
      ],
      [
        -94231.570686383,
        -266211.7577994067
      ],
      [
        7697.566318419249,
        9651.568913700768
      ],
      [
        -3763.4866409493247,
        -8514.35785722857
      ],
      [
        41854.1481827973,
        118181.46373977105
      ],
      [
        -5137.692208410193,
        -4518.260429779423
      ]
    ],
    "coords_3d": [
      [
        -132911.61965730155,
        74330.07343123385,
        -51047.664062729906
      ],
      [
        233686.27192605933,
        -130709.93291525857,
        89743.68529349388
      ],
      [
        -8555.629130441092,
        8717.41023707591,
        -1756.0577148416246
      ],
      [
        7492.120295973386,
        -4784.171077146359,
        2633.428464043347
      ],
      [
        -103743.15701063367,
        58045.159314646975,
        -39833.97169209957
      ],
      [
        4032.0135763436124,
        -5598.5389905517695,
        260.57971213385537
      ]
    ],
    "curvature": 1.3107293028724597e-13
  },
  {
    "pattern": "linear",
    "strength": 0.6000000000000001,
    "time_steps": 9,
    "mi_matrix": [
      [
        0.0,
        0.0002221826123587345,
        6.419080265507304e-05,
        0.0005049610481742128,
        0.0013644102013097292,
        2.6919943052483575e-07
      ],
      [
        0.0002221826123587345,
        0.0,
        0.00027650256667977047,
        9.735197034665966e-05,
        0.0014536177282826745,
        2.975453707199094e-06
      ],
      [
        6.419080265507304e-05,
        0.00027650256667977047,
        0.0,
        0.00044658114238216307,
        0.00014862292504957964,
        0.00030808111333113786
      ],
      [
        0.0005049610481742128,
        9.735197034665966e-05,
        0.00044658114238216307,
        0.0,
        0.0008995431402525345,
        0.00016454507330276869
      ],
      [
        0.0013644102013097292,
        0.0014536177282826745,
        0.00014862292504957964,
        0.0008995431402525345,
        0.0,
        0.0007626333202721547
      ],
      [
        2.6919943052483575e-07,
        2.975453707199094e-06,
        0.00030808111333113786,
        0.00016454507330276869,
        0.0007626333202721547,
        0.0
      ]
    ],
    "coords_2d": [
      [
        -117487.9572484498,
        66639.4215837007
      ],
      [
        -37901.00704222941,
        21525.19174211482
      ],
      [
        3548.2875837599827,
        -2061.967678128687
      ],
      [
        719.0375217276961,
        -414.16189129797027
      ],
      [
        -1092.3089762470242,
        668.4110102685638
      ],
      [
        152213.94816143857,
        -86356.89476665744
      ]
    ],
    "coords_3d": [
      [
        -60926.318065167696,
        -108502.68447480476,
        -52529.83106027193
      ],
      [
        -19692.525808621947,
        -35022.44099130785,
        -16895.33129210075
      ],
      [
        1890.4325506130854,
        3291.169858547583,
        1560.157226210621
      ],
      [
        383.5995122654974,
        670.8915559095095,
        301.45036288590603
      ],
      [
        -618.9625414386865,
        -1025.9224735188877,
        -451.530924865438
      ],
      [
        78963.77435234975,
        140588.9865251744,
        68015.0856881416
      ]
    ],
    "curvature": 6.595390900088205e-13
  },
  {
    "pattern": "linear",
    "strength": 0.8,
    "time_steps": 3,
    "mi_matrix": [
      [
        0.0,
        0.0002195590685678539,
        6.234476238753395e-05,
        0.0033862527470025494,
        2.5004918782212116e-06,
        0.0006146502075337068
      ],
      [
        0.0002195590685678539,
        0.0,
        7.021552534913766e-05,
        0.005896002175155068,
        0.0021312403202695673,
        0.000412306710273036
      ],
      [
        6.234476238753395e-05,
        7.021552534913766e-05,
        0.0,
        0.00045867113452713326,
        0.0026131871529393447,
        6.548872048273147e-05
      ],
      [
        0.0033862527470025494,
        0.005896002175155068,
        0.00045867113452713326,
        0.0,
        0.00018318025876995492,
        0.0024475903946556965
      ],
      [
        2.5004918782212116e-06,
        0.0021312403202695673,
        0.0026131871529393447,
        0.00018318025876995492,
        0.0,
        4.756482580869914e-05
      ],
      [
        0.0006146502075337068,
        0.000412306710273036,
        6.548872048273147e-05,
        0.0024475903946556965,
        4.756482580869914e-05,
        0.0
      ]
    ],
    "coords_2d": [
      [
        -34831.6728048114,
        -37688.152896376676
      ],
      [
        -942.903520018479,
        -869.4089412580145
      ],
      [
        5366.994819753324,
        5627.454458192302
      ],
      [
        -755.7412936019984,
        -840.5102092544198
      ],
      [
        35353.460036280194,
        38257.12573202876
      ],
      [
        -4190.137237601641,
        -4486.508143331959
      ]
    ],
    "coords_3d": [
      [
        19445.170613109392,
        44788.61549544743,
        -15795.807469058796
      ],
      [
        400.1334233051397,
        1164.4658111444173,
        -358.76724604637604
      ],
      [
        -2845.6574104041074,
        -6844.244352815351,
        2351.8634816690865
      ],
      [
        440.927105033301,
        979.1527335923736,
        -353.1165478189231
      ],
      [
        -19740.145017575338,
        -45460.95286713218,
        16034.439228456571
      ],
      [
        2299.571286531612,
        5372.963179763323,
        -1878.6114472015645
      ]
    ],
    "curvature": 1.62980740014973e-14
  },
  {
    "pattern": "linear",
    "strength": 0.8,
    "time_steps": 5,
    "mi_matrix": [
      [
        0.0,
        0.00011771054064113606,
        7.6050435993124665e-06,
        0.0016143016881391414,
        0.0008719907146592654,
        0.00028383242982177315
      ],
      [
        0.00011771054064113606,
        0.0,
        6.047464973235606e-09,
        6.471617690939624e-05,
        1.5140846643113548e-07,
        4.998588691051964e-05
      ],
      [
        7.6050435993124665e-06,
        6.047464973235606e-09,
        0.0,
        0.0006112949702870019,
        4.071996215238016e-05,
        0.0031571563360319743
      ],
      [
        0.0016143016881391414,
        6.471617690939624e-05,
        0.0006112949702870019,
        0.0,
        0.0003035979950183343,
        0.0012825811883412364
      ],
      [
        0.0008719907146592654,
        1.5140846643113548e-07,
        4.071996215238016e-05,
        0.0003035979950183343,
        0.0,
        0.0004767886282190936
      ],
      [
        0.00028383242982177315,
        4.998588691051964e-05,
        0.0031571563360319743,
        0.0012825811883412364,
        0.0004767886282190936,
        0.0
      ]
    ],
    "coords_2d": [
      [
        -18780.216778291302,
        -1546.037931154917
      ],
      [
        -316502.5029755365,
        -26668.111770345004
      ],
      [
        188698.72042270124,
        15726.289844335093
      ],
      [
        1684.201737048772,
        141.38230363450458
      ],
      [
        141329.98498142936,
        12048.122552856586
      ],
      [
        3569.8126126484403,
        298.3550006737363
      ]
    ],
    "coords_3d": [
      [
        11632.497974076356,
        14479.432660765218,
        3180.8494550104433
      ],
      [
        195751.52814647328,
        244412.9282600658,
        53185.324209118684
      ],
      [
        -116789.17567572267,
        -145608.26109894973,
        -31828.2204421942
      ],
      [
        -1041.9007481942044,
        -1300.2558098835989,
        -283.3769431051486
      ],
      [
        -87343.92619752549,
        -109228.67922444819,
        -23653.029193856757
      ],
      [
        -2209.023499107334,
        -2755.164787549491,
        -601.5470849730199
      ]
    ],
    "curvature": 1.471334165614735e-12
  },
  {
    "pattern": "linear",
    "strength": 0.8,
    "time_steps": 7,
    "mi_matrix": [
      [
        0.0,
        0.0001761604177956677,
        7.827128764703595e-05,
        0.0003175184500718853,
        0.0002252922868382079,
        0.0023135116164507696
      ],
      [
        0.0001761604177956677,
        0.0,
        0.00022327670654154197,
        2.4792977174170616e-05,
        0.00033299546809240077,
        0.002315446383742925
      ],
      [
        7.827128764703595e-05,
        0.00022327670654154197,
        0.0,
        4.683010182082725e-06,
        0.001881896574822406,
        0.00017461024454790142
      ],
      [
        0.0003175184500718853,
        2.4792977174170616e-05,
        4.683010182082725e-06,
        0.0,
        4.191004778775209e-05,
        0.00017485169883224572
      ],
      [
        0.0002252922868382079,
        0.00033299546809240077,
        0.001881896574822406,
        4.191004778775209e-05,
        0.0,
        9.88746340373492e-05
      ],
      [
        0.0023135116164507696,
        0.002315446383742925,
        0.00017461024454790142,
        0.00017485169883224572,
        9.88746340373492e-05,
        0.0
      ]
    ],
    "coords_2d": [
      [
        -3318.1268521441643,
        -224.4652299811544
      ],
      [
        7076.011324949888,
        905.9827915246244
      ],
      [
        33137.75173321429,
        2192.857871260086
      ],
      [
        -41050.54658971716,
        -2762.7578818377756
      ],
      [
        5825.414793938785,
        -184.4956243090028
      ],
      [
        -1670.5044102416368,
        72.87807334322238
      ]
    ],
    "coords_3d": [
      [
        -1525.8072813443969,
        -2675.6501991643727,
        -1252.295521491621
      ],
      [
        3148.2011360038746,
        5575.984511388593,
        3104.359138526179
      ],
      [
        15233.93325450048,
        26723.79612889195,
        12517.340504643726
      ],
      [
        -18862.721053816666,
        -33093.99751975003,
        -15548.48197796962
      ],
      [
        2819.226725113788,
        4868.998854101546,
        1604.507807676412
      ],
      [
        -812.8327804570786,
        -1399.1317754676895,
        -425.42995138507314
      ]
    ],
    "curvature": -1.2700951401711791e-14
  },
  {
    "pattern": "linear",
    "strength": 0.8,
    "time_steps": 9,
    "mi_matrix": [
      [
        0.0,
        0.002018175797923405,
        0.0012022083716041188,
        0.0016547583486259398,
        0.0009976083798726165,
        0.0001785086925720769
      ],
      [
        0.002018175797923405,
        0.0,
        0.0005431330305694093,
        0.0001872446169364217,
        0.0008902607153933317,
        0.00046345889362364723
      ],
      [
        0.0012022083716041188,
        0.0005431330305694093,
        0.0,
        0.0009302784944227316,
        0.0031794166435921145,
        0.0006222411468568279
      ],
      [
        0.0016547583486259398,
        0.0001872446169364217,
        0.0009302784944227316,
        0.0,
        4.68071251373825e-05,
        0.000978676814198609
      ],
      [
        0.0009976083798726165,
        0.0008902607153933317,
        0.0031794166435921145,
        4.68071251373825e-05,
        0.0,
        0.0006182889710981687
      ],
      [
        0.0001785086925720769,
        0.00046345889362364723,
        0.0006222411468568279,
        0.000978676814198609,
        0.0006182889710981687,
        0.0
      ]
    ],
    "coords_2d": [
      [
        547.0478766177096,
        -970.2830859355172
      ],
      [
        -665.0202099734622,
        -1213.8937557402423
      ],
      [
        119.46566195971744,
        30.1557434904135
      ],
      [
        2922.619959481956,
        3819.347718006423
      ],
      [
        -2509.2080464589353,
        -3301.4722437861674
      ],
      [
        -414.90524162698586,
        1636.14562396509
      ]
    ],
    "coords_3d": [
      [
        702.299531218313,
        206.34289192596117,
        839.1181509344011
      ],
      [
        852.7086983804356,
        1090.401445748481,
        -9.528013642446806
      ],
      [
        -16.77997831740127,
        -92.37468337990543,
        79.39150238802456
      ],
      [
        -2678.676967502482,
        -3934.634894252124,
        687.5347940981669
      ],
      [
        2316.602224368121,
        3389.9222900900136,
        -581.3769058293805
      ],
      [
        -1176.1535081469863,
        -659.6570501324264,
        -1015.1395279487651
      ]
    ],
    "curvature": 2.220446049250313e-16
  },
  {
    "pattern": "linear",
    "strength": 1.0,
    "time_steps": 3,
    "mi_matrix": [
      [
        0.0,
        0.00045815344323307805,
        0.0002775128374792324,
        0.0008721419861159596,
        0.0001922510906671171,
        1.5662365187019134e-06
      ],
      [
        0.00045815344323307805,
        0.0,
        0.0005280959053726164,
        2.5353858713383914e-05,
        0.00033668232434003187,
        0.00010044568195199943
      ],
      [
        0.0002775128374792324,
        0.0005280959053726164,
        0.0,
        0.0020648217261425295,
        0.00019642673872133365,
        4.340441226435843e-07
      ],
      [
        0.0008721419861159596,
        2.5353858713383914e-05,
        0.0020648217261425295,
        0.0,
        1.2341001361493298e-05,
        0.00045938597239825185
      ],
      [
