{
  "spec": {
    "num_qubits": 6,
    "topology": "triangulated",
    "custom_edges": "0-1:1.0000,0-2:1.0000,0-3:1.0000,0-4:1.0000,0-5:1.0000,1-2:1.0000,1-3:1.0000,1-4:1.0000,1-5:1.0000,2-3:1.0000,2-4:1.0000,2-5:1.0000,3-4:1.0000,3-5:1.0000,4-5:1.0000",
    "alpha": 0.8,
    "weight": 5.0,
    "gamma": 3.0,
    "sigma": null,
    "init_angle": 1.57,
    "init_angles": null,
    "shots": 50,
    "device": "simulator",
    "geometry": "spherical",
    "curvature": 1.0,
    "timesteps": 1,
    "dimension": 2,
    "mass_hinge": null,
    "mass_value": 0.0,
    "solve_regge": false,
    "lorentzian": true,
    "excite": true,
    "fast": true,
    "fast_preset": "minimal",
    "ctc_mode": false,
    "strong_curvature": true,
    "charge_injection": true,
    "charge_strength": 2.5,
    "charge_location": null,
    "spin_injection": true,
    "spin_strength": 2.0,
    "spin_location": null,
    "edge_floor": 0.001,
    "compute_entropies": true,
    "hyperbolic_triangulation": true,
    "trotter_steps": 8,
    "dt": 0.05,
    "analyze_curvature": true,
    "einstein_solver": true,
    "page_curve": true,
    "radiation_ordering": null,
    "page_curve_timesteps": 15,
    "entropy_method": "hybrid",
    "num_shadows": 100,
    "shots_per_shadow": 1000,
    "num_bases": 20,
    "shots_per_basis": 1000,
    "enhanced_entanglement": false,
    "entanglement_strength": 3.0,
    "interpolate_geometry": false,
    "smooth_charge_injection": false,
    "min_qubits_for_continuum": 10,
    "benchmark_against_classical_geometry": false,
    "geometry_fit_metric": "wasserstein,kl,euclidean",
    "verify_noise_robustness": false,
    "run_on_multiple_backends": false,
    "detect_and_flag_causal_loops": true,
    "restrict_information_flow_direction": "bidirectional",
    "filter_noncausal_edges": true,
    "use_ryu_takayanagi_test": true,
    "compare_MI_vs_subsystem_entropy": true,
    "embed_boundary_entropy_in_geometry": true,
    "entropy_engineering": true,
    "target_entropy_pattern": "ctc_deutsch",
    "custom_target_entropies": null,
    "entropy_optimization_iterations": 200,
    "entropy_tolerance": 0.05,
    "continue_on_engineering_failure": true,
    "skip_entropy_engineering": true,
    "validate_engineered_geometry": true,
    "enhance_bell_violations": true,
    "bell_entanglement_strength": 4.0,
    "teleportation_circuits": true,
    "long_range_coupling": 3.0,
    "holographic_optimization": true,
    "rt_surface_encoding": true,
    "conformal_symmetry": true,
    "bulk_reconstruction": true,
    "scalable_entanglement": true,
    "parallel_execution": true,
    "memory_optimization": true,
    "circuit_compilation": "optimized",
    "real_hardware": false,
    "error_mitigation": true,
    "zero_noise_extrapolation": true,
    "zne_noise_factors": [
      1.0,
      2.0,
      3.0
    ],
    "zne_extrapolation_method": "polynomial",
    "hardware_calibration": true,
    "noise_characterization": true,
    "backend_name": "ibm_brisbane",
    "quantum_mode": true,
    "quantum_entanglement_strength": 5.0,
    "quantum_circuit_depth": 12
  },
  "uid": "HUH0I2",
  "counts_per_timestep": [
    null
  ],
  "job_ids_per_timestep": [
    null
  ],
  "entropy_per_timestep": [
    null
  ],
  "mutual_information_per_timestep": [
    {
      "I_0,1": 0.175218505386058,
      "I_0,2": 0.5148548520167084,
      "I_0,3": 0.17521850538605777,
      "I_0,4": 0.514854852016708,
      "I_0,5": 0.17521850538605777,
      "I_1,2": 0.17521850538605732,
      "I_1,3": 0.5039866478206443,
      "I_1,4": 0.17521850538605777,
      "I_1,5": 0.5039866478206456,
      "I_2,3": 0.17521850538605754,
      "I_2,4": 0.5148548520167089,
      "I_2,5": 0.1752185053860582,
      "I_3,4": 0.1752185053860582,
      "I_3,5": 0.5039866478206447,
      "I_4,5": 0.17521850538605843
    }
  ],
  "boundary_entropies_per_timestep": [
    {
      "entropy_A": 1.9556283921677866,
      "entropy_B": 1.9556283921677846,
      "mi_AB": 3.911256784335545,
      "pure_state_check": true,
      "entropy_difference": 1.9984014443252818e-15,
      "multiple_regions": {
        "size_1_region_0": {
          "region": [
            0
          ],
          "entropy": 0.9669384973068624,
          "rt_area": 5,
          "size": 1
        },
        "size_1_region_1": {
          "region": [
            1
          ],
          "entropy": 0.9642934623971762,
          "rt_area": 5,
          "size": 1
        },
        "size_1_region_2": {
          "region": [
            2
          ],
          "entropy": 0.9669384973068627,
          "rt_area": 5,
          "size": 1
        },
        "size_2_region_0": {
          "region": [
            0,
            1
          ],
          "entropy": 1.7560134543179806,
          "rt_area": 8,
          "size": 2
        },
        "size_2_region_1": {
          "region": [
            0,
            2
          ],
          "entropy": 1.4190221425970164,
          "rt_area": 8,
          "size": 2
        },
        "size_2_region_2": {
          "region": [
            0,
            3
          ],
          "entropy": 1.7560134543179808,
          "rt_area": 8,
          "size": 2
        },
        "size_3_region_0": {
          "region": [
            0,
            1,
            2
          ],
          "entropy": 1.9556283921677866,
          "rt_area": 9,
          "size": 3
        },
        "size_3_region_1": {
          "region": [
            0,
            1,
            3
          ],
          "entropy": 1.9556283921677866,
          "rt_area": 9,
          "size": 3
        },
        "size_3_region_2": {
          "region": [
            0,
            1,
            4
          ],
          "entropy": 1.9556283921677855,
          "rt_area": 9,
          "size": 3
        },
        "size_4_region_0": {
          "region": [
            0,
            1,
            2,
            3
          ],
          "entropy": 1.756013454317984,
          "rt_area": 8,
          "size": 4
        },
        "size_4_region_1": {
          "region": [
            0,
            1,
            2,
            4
          ],
          "entropy": 1.4246002769737125,
          "rt_area": 8,
          "size": 4
        },
        "size_4_region_2": {
          "region": [
            0,
            1,
            2,
            5
          ],
          "entropy": 1.7560134543179835,
          "rt_area": 8,
          "size": 4
        },
        "size_5_region_0": {
          "region": [
            0,
            1,
            2,
            3,
            4
          ],
          "entropy": 0.9642934623971832,
          "rt_area": 5,
          "size": 5
        },
        "size_5_region_1": {
          "region": [
            0,
            1,
            2,
            3,
            5
          ],
          "entropy": 0.9669384973068686,
          "rt_area": 5,
          "size": 5
        },
        "size_5_region_2": {
          "region": [
            0,
            1,
            2,
            4,
            5
          ],
          "entropy": 0.9642934623971833,
          "rt_area": 5,
          "size": 5
        }
      }
    }
  ],
  "distance_matrix_per_timestep": [
    [
      [
        0.0,
        5.707159416324842,
        1.9422949529561735,
        5.707159416324849,
        1.942294952956175,
        5.707159416324849
      ],
      [
        5.707159416324842,
        0.0,
        5.707159416324863,
        10.0,
        5.707159416324849,
        10.0
      ],
      [
        1.9422949529561735,
        5.707159416324863,
        0.0,
        5.707159416324856,
        1.9422949529561717,
        5.707159416324835
      ],
      [
        5.707159416324849,
        10.0,
        5.707159416324856,
        0.0,
        5.707159416324835,
        10.0
      ],
      [
        1.942294952956175,
        5.707159416324849,
        1.9422949529561717,
        5.707159416324835,
        0.0,
        5.707159416324828
      ],
      [
        5.707159416324849,
        10.0,
        5.707159416324835,
        10.0,
        5.707159416324828,
        0.0
      ]
    ]
  ],
  "edge_mi": {
    "0,1": 0.175218505386058,
    "0,5": 0.17521850538605777,
    "0,2": 0.5148548520167084,
    "0,4": 0.514854852016708,
    "0,3": 0.17521850538605777,
    "1,2": 0.17521850538605732,
    "1,4": 0.17521850538605777,
    "2,3": 0.17521850538605754,
    "2,4": 0.5148548520167089,
    "2,5": 0.1752185053860582,
    "3,4": 0.1752185053860582,
    "4,5": 0.17521850538605843
  },
  "distance_matrix": [
    [
      0.0,
      5.707159416324842,
      1.9422949529561735,
      5.707159416324849,
      1.942294952956175,
      5.707159416324849
    ],
    [
      5.707159416324842,
      0.0,
      5.707159416324863,
      1.984179510474013,
      5.707159416324849,
      1.9841795104740079
    ],
    [
      1.9422949529561735,
      5.707159416324863,
      0.0,
      5.707159416324856,
      1.9422949529561717,
      5.707159416324835
    ],
    [
      5.707159416324849,
      1.984179510474013,
      5.707159416324856,
      0.0,
      5.707159416324835,
      1.9841795104740112
    ],
    [
      1.942294952956175,
      5.707159416324849,
      1.9422949529561717,
      5.707159416324835,
      0.0,
      5.707159416324828
    ],
    [
      5.707159416324849,
      1.9841795104740079,
      5.707159416324835,
      1.9841795104740112,
      5.707159416324828,
      0.0
    ]
  ],
  "shortest_paths": {},
  "gromov_delta": 4.736011939846771,
  "mean_distance": 3.5079921187341196,
  "angle_sums": [
    9.42477796076938,
    9.42477796076938,
    9.42477796076938,
    9.42477796076938,
    9.42477796076938,
    6.531500795510436,
    9.42477796076938,
    9.42477796076938,
    9.42477796076938,
    9.42477796076938,
    9.42477796076938,
    9.42477796076938,
    9.42477796076938,
    9.42477796076938,
    6.920798286954909,
    9.42477796076938,
    9.42477796076938,
    9.42477796076938,
    9.42477796076938,
    9.42477796076938
  ],
  "mean_angle_sum": 9.154915118815708,
  "min_angle_sum": 6.531500795510436,
  "max_angle_sum": 9.42477796076938,
  "angle_sum_deviations": [
    6.283185307179586,
    6.283185307179586,
    6.283185307179586,
    6.283185307179586,
    6.283185307179586,
    3.3899081419206425,
    6.283185307179586,
    6.283185307179586,
    6.283185307179586,
    6.283185307179586,
    6.283185307179586,
    6.283185307179586,
    6.283185307179586,
    6.283185307179586,
    3.779205633365116,
    6.283185307179586,
    6.283185307179586,
    6.283185307179586,
    6.283185307179586,
    6.283185307179586
  ],
  "triangle_inequality_violations": [],
  "embedding_coords": null,
  "edge_weight_variance": 0.0,
  "event_nodes": [
    [
      0,
      0
    ],
    [
      1,
      0
    ],
    [
      2,
      0
    ],
    [
      3,
      0
    ],
    [
      4,
      0
    ],
    [
      5,
      0
    ]
  ],
  "event_edges": [
    {
      "type": "spatial",
      "from": [
        0,
        0
      ],
      "to": [
        1,
        0
      ],
      "weight": 1.7417214817080588
    },
    {
      "type": "spatial",
      "from": [
        0,
        0
      ],
      "to": [
        2,
        0
      ],
      "weight": 0.663870258787223
    },
    {
      "type": "spatial",
      "from": [
        0,
        0
      ],
      "to": [
        3,
        0
      ],
      "weight": 1.74172148170806
    },
    {
      "type": "spatial",
      "from": [
        0,
        0
      ],
      "to": [
        4,
        0
      ],
      "weight": 0.6638702587872239
    },
    {
      "type": "spatial",
      "from": [
        0,
        0
      ],
      "to": [
        5,
        0
      ],
      "weight": 1.74172148170806
    },
    {
      "type": "spatial",
      "from": [
        1,
        0
      ],
      "to": [
        2,
        0
      ],
      "weight": 1.7417214817080626
    },
    {
      "type": "spatial",
      "from": [
        1,
        0
      ],
      "to": [
        3,
        0
      ],
      "weight": 3.4834429634161177
    },
    {
      "type": "spatial",
      "from": [
        1,
        0
      ],
      "to": [
        4,
        0
      ],
      "weight": 1.74172148170806
    },
    {
      "type": "spatial",
      "from": [
        1,
        0
      ],
      "to": [
        5,
        0
      ],
      "weight": 3.483442963416116
    },
    {
      "type": "spatial",
      "from": [
        2,
        0
      ],
      "to": [
        3,
        0
      ],
      "weight": 1.7417214817080613
    },
    {
      "type": "spatial",
      "from": [
        2,
        0
      ],
      "to": [
        4,
        0
      ],
      "weight": 0.6638702587872223
    },
    {
      "type": "spatial",
      "from": [
        2,
        0
      ],
      "to": [
        5,
        0
      ],
      "weight": 1.7417214817080575
    },
    {
      "type": "spatial",
      "from": [
        3,
        0
      ],
      "to": [
        4,
        0
      ],
      "weight": 1.7417214817080575
    },
    {
      "type": "spatial",
      "from": [
        3,
        0
      ],
      "to": [
        5,
        0
      ],
      "weight": 3.4834429634161137
    },
    {
      "type": "spatial",
      "from": [
        4,
        0
      ],
      "to": [
        5,
        0
      ],
      "weight": 1.7417214817080562
    }
  ],
  "lorentzian_dissimilarity": [
    [
      0.0,
      3.033593719843316,
      0.44072372050221453,
      3.03359371984332,
      0.4407237205022157,
      3.03359371984332
    ],
    [
      3.033593719843316,
      0.0,
      3.033593719843329,
      12.134374879373263,
      3.03359371984332,
      12.13437487937325
    ],
    [
      0.44072372050221453,
      3.033593719843329,
      0.0,
      3.0335937198433243,
      0.4407237205022135,
      3.0335937198433114
    ],
    [
      3.03359371984332,
      12.134374879373263,
      3.0335937198433243,
      0.0,
      3.0335937198433114,
      12.134374879373237
    ],
    [
      0.4407237205022157,
      3.03359371984332,
      0.4407237205022135,
      3.0335937198433114,
      0.0,
      3.0335937198433065
    ],
    [
      3.03359371984332,
      12.13437487937325,
      3.0335937198433114,
      12.134374879373237,
      3.0335937198433065,
      0.0
    ]
  ],
  "lorentzian_embedding": [
    [
      0.0,
      0.0,
      0.0
    ],
    [
      0.0,
      0.0,
      0.0
    ],
    [
      0.0,
      0.0,
      0.0
    ],
    [
      0.0,
      0.0,
      0.0
    ],
    [
      0.0,
      0.0,
      0.0
    ],
    [
      0.0,
      0.0,
      0.0
    ]
  ],
  "edge_length_evolution": [],
  "angle_deficit_evolution": [],
  "regge_action_evolution": [],
  "gromov_delta_evolution": [],
  "mass_hinge": null,
  "mass_value": 0.0,
  "matter": {
    "(0, 1)": 0.0,
    "(2, 4)": 0.0,
    "(1, 2)": 0.0,
    "(0, 4)": 0.0,
    "(3, 4)": 0.0,
    "(1, 5)": 0.0,
    "(0, 3)": 0.0,
    "(1, 4)": 0.0,
    "(2, 3)": 0.0,
    "(0, 2)": 0.0,
    "(4, 5)": 0.0,
    "(0, 5)": 0.0,
    "(2, 5)": 0.0,
    "(1, 3)": 0.0,
    "(3, 5)": 0.0
  },
  "stationary_solution": null,
  "einstein_analysis_per_timestep": [
    {
      "ricci_tensor": [
        [
          0.1287080846662939,
          0.0
        ],
        [
          0.0,
          0.1287080846662939
        ]
      ],
      "metric_tensor": [
        [
          1.0257416169332587,
          0.012870808466629392
        ],
        [
          0.012870808466629392,
          1.0257416169332587
        ]
      ],
      "stress_energy_tensor": [
        [
          0.1287080846662939,
          0.002574161693325878
        ],
        [
          0.002574161693325878,
          0.1287080846662939
        ]
      ],
      "einstein_solution": {
        "einstein_tensor": [
          [
            0.0,
            0.0
          ],
          [
            0.0,
            0.0
          ]
        ],
        "ricci_scalar": 0.2574161693325878,
        "metric_tensor": [
          [
            1.0,
            0.0
          ],
          [
            0.0,
            1.0
          ]
        ],
        "lhs": [
          [
            0.0,
            0.0
          ],
          [
            0.0,
            0.0
          ]
        ],
        "rhs": [
          [
            0.1287080846662939,
            0.002574161693325878
          ],
          [
            0.002574161693325878,
            0.1287080846662939
          ]
        ],
        "equations_satisfied": false,
        "residual": 0.1820571194262354,
        "conservation_violation": 0.1287080846662939,
        "gravitational_constant": 0.039788735772973836,
        "cosmological_constant": 0.0
      },
      "entropy_first_derivative": 0.0,
      "entropy_second_derivative": 0.0,
      "entropy_curvature_correlation": 0.18202071392213756,
      "emergent_gravitational_constant": 0.020484527890530856,
      "average_mutual_information": 0.2574161693325878,
      "ricci_scalar": 0.2574161693325878,
      "analysis_summary": {
        "einstein_equations_satisfied": false,
        "residual_magnitude": 0.1820571194262354,
        "conservation_violation": 0.1287080846662939,
        "entropy_evolution_rate": 0.0,
        "entropy_acceleration": 0.0,
        "entanglement_curvature_coupling": 0.18202071392213756
      }
    }
  ],
  "bootstrap_analysis": {
    "gromov_delta": {
      "mean": 5.000000000000014,
      "lower_ci": 5.000000000000014,
      "upper_ci": 5.000000000000014,
      "all_values": [
        5.000000000000014
      ],
      "uncertainty": 0.0
    },
    "entropy": {
      "mean": null,
      "lower_ci": null,
      "upper_ci": null,
      "uncertainty": null
    },
    "distance_matrix": {
      "mean": [
        [
          0.0,
          5.707159416324842,
          1.9422949529561735,
          5.707159416324849,
          1.942294952956175,
          5.707159416324849
        ],
        [
          5.707159416324842,
          0.0,
          5.707159416324863,
          10.0,
          5.707159416324849,
          10.0
        ],
        [
          1.9422949529561735,
          5.707159416324863,
          0.0,
          5.707159416324856,
          1.9422949529561717,
          5.707159416324835
        ],
        [
          5.707159416324849,
          10.0,
          5.707159416324856,
          0.0,
          5.707159416324835,
          10.0
        ],
        [
          1.942294952956175,
          5.707159416324849,
          1.9422949529561717,
          5.707159416324835,
          0.0,
          5.707159416324828
        ],
        [
          5.707159416324849,
          10.0,
          5.707159416324835,
          10.0,
          5.707159416324828,
          0.0
        ]
      ],
      "lower_ci": [
        [
          0.0,
          5.707159416324842,
          1.9422949529561735,
          5.707159416324849,
          1.942294952956175,
          5.707159416324849
        ],
        [
          5.707159416324842,
          0.0,
          5.707159416324863,
          10.0,
          5.707159416324849,
          10.0
        ],
        [
          1.9422949529561735,
          5.707159416324863,
          0.0,
          5.707159416324856,
          1.9422949529561717,
          5.707159416324835
        ],
        [
          5.707159416324849,
          10.0,
          5.707159416324856,
          0.0,
          5.707159416324835,
          10.0
        ],
        [
          1.942294952956175,
          5.707159416324849,
          1.9422949529561717,
          5.707159416324835,
          0.0,
          5.707159416324828
        ],
        [
          5.707159416324849,
          10.0,
          5.707159416324835,
          10.0,
          5.707159416324828,
          0.0
        ]
      ],
      "upper_ci": [
        [
          0.0,
          5.707159416324842,
          1.9422949529561735,
          5.707159416324849,
          1.942294952956175,
          5.707159416324849
        ],
        [
          5.707159416324842,
          0.0,
          5.707159416324863,
          10.0,
          5.707159416324849,
          10.0
        ],
        [
          1.9422949529561735,
          5.707159416324863,
          0.0,
          5.707159416324856,
          1.9422949529561717,
          5.707159416324835
        ],
        [
          5.707159416324849,
          10.0,
          5.707159416324856,
          0.0,
          5.707159416324835,
          10.0
        ],
        [
          1.942294952956175,
          5.707159416324849,
          1.9422949529561717,
          5.707159416324835,
          0.0,
          5.707159416324828
        ],
        [
          5.707159416324849,
          10.0,
          5.707159416324835,
          10.0,
          5.707159416324828,
          0.0
        ]
      ]
    }
  },
  "topology_compatibility": {
    "current_topology": "triangulated",
    "explanation": "Triangulated topology is specifically designed for angle-sum curvature. Creates multiple triangles per vertex, enabling robust local curvature measurements. Each vertex has multiple incident triangles for well-defined angle sums.",
    "supports_local_curvature": true
  },
  "rt_surface_analysis": {
    "region_A": [
      0,
      1
    ],
    "region_B": [
      2,
      3,
      4,
      5
    ],
    "bulk_point": 3,
    "is_complementary": true,
    "rt_area_AB": 46.71322757121176,
    "rt_area_BA": 46.71322757121176,
    "area_consistent": true,
    "edges_consistent": true,
    "area_difference": 0.0,
    "rt_edges_AB": [
      [
        0,
        2
      ],
      [
        0,
        3
      ],
      [
        0,
        4
      ],
      [
        0,
        5
      ],
      [
        1,
        2
      ],
      [
        1,
        3
      ],
      [
        1,
        4
      ],
      [
        1,
        5
      ]
    ],
    "rt_edges_BA": [
      [
        0,
        2
      ],
      [
        0,
        3
      ],
      [
        0,
        4
      ],
      [
        0,
        5
      ],
      [
        1,
        2
      ],
      [
        1,
        3
      ],
      [
        1,
        4
      ],
      [
        1,
        5
      ]
    ],
    "edge_lengths": [
      5.707159416324842,
      1.9422949529561735,
      5.707159416324849,
      1.942294952956175,
      5.707159416324849,
      5.707159416324863,
      10.0,
      5.707159416324849,
      10.0,
      5.707159416324856,
      1.9422949529561717,
      5.707159416324835,
      5.707159416324835,
      10.0,
      5.707159416324828
    ],
    "all_edges": [
      [
        0,
        1
      ],
      [
        0,
        2
      ],
      [
        0,
        3
      ],
      [
        0,
        4
      ],
      [
        0,
        5
      ],
      [
        1,
        2
      ],
      [
        1,
        3
      ],
      [
        1,
        4
      ],
      [
        1,
        5
      ],
      [
        2,
        3
      ],
      [
        2,
        4
      ],
      [
        2,
        5
      ],
      [
        3,
        4
      ],
      [
        3,
        5
      ],
      [
        4,
        5
      ]
    ]
  },
  "bulk_excitation_analysis": {
    "ground_state_mi": [
      [
        0.0,
        0.175218505386058,
        0.5148548520167087,
        0.17521850538605754,
        0.5148548520167082,
        0.175218505386058
      ],
      [
        0.175218505386058,
        0.0,
        0.17521850538605777,
        0.5039866478206443,
        0.175218505386058,
        0.5039866478206452
      ],
      [
        0.5148548520167087,
        0.17521850538605777,
        0.0,
        0.17521850538605777,
        0.5148548520167089,
        0.17521850538605777
      ],
      [
        0.17521850538605754,
        0.5039866478206443,
        0.17521850538605777,
        0.0,
        0.17521850538605754,
        0.5039866478206447
      ],
      [
        0.5148548520167082,
        0.175218505386058,
        0.5148548520167089,
        0.17521850538605754,
        0.0,
        0.1752185053860582
      ],
      [
        0.175218505386058,
        0.5039866478206452,
        0.17521850538605777,
        0.5039866478206447,
        0.1752185053860582,
        0.0
      ]
    ],
    "excited_state_mi": [
      [
        0.0,
        0.17521850538605777,
        0.39924651989370874,
        0.12489898220233009,
        0.3992465198937072,
        0.175218505386058
      ],
      [
        0.17521850538605777,
        0.0,
        0.14566009546616954,
        0.3427459079524109,
        0.14566009546616887,
        0.5039866478206452
      ],
      [
        0.39924651989370874,
        0.14566009546616954,
        0.0,
        0.12133286548752742,
        0.45148162913302436,
        0.14566009546616954
      ],
      [
        0.12489898220233009,
        0.3427459079524109,
        0.12133286548752742,
        0.0,
        0.1213328654875272,
        0.3427459079524102
      ],
      [
        0.3992465198937072,
        0.14566009546616887,
        0.45148162913302436,
        0.1213328654875272,
        0.0,
        0.14566009546616887
      ],
      [
        0.175218505386058,
        0.5039866478206452,
        0.14566009546616954,
        0.3427459079524102,
        0.14566009546616887,
        0.0
      ]
    ],
    "mi_difference": [
      [
        0.0,
        -2.220446049250313e-16,
        -0.11560833212299992,
        -0.050319523183727455,
        -0.11560833212300103,
        0.0
      ],
      [
        -2.220446049250313e-16,
        0.0,
        -0.02955840991988823,
        -0.1612407398682334,
        -0.029558409919889117,
        0.0
      ],
      [
        -0.11560833212299992,
        -0.02955840991988823,
        0.0,
        -0.053885639898530346,
        -0.06337322288368452,
        -0.02955840991988823
      ],
      [
        -0.050319523183727455,
        -0.1612407398682334,
        -0.053885639898530346,
        0.0,
        -0.053885639898530346,
        -0.1612407398682345
      ],
      [
        -0.11560833212300103,
        -0.029558409919889117,
        -0.06337322288368452,
        -0.053885639898530346,
        0.0,
        -0.02955840991988934
      ],
      [
        0.0,
        0.0,
        -0.02955840991988823,
        -0.1612407398682345,
        -0.02955840991988934,
        0.0
      ]
    ],
    "avg_mi_change": 0.04963310052924982,
    "max_mi_change": 0.1612407398682345,
    "mi_change_boundary_A": -2.220446049250313e-16,
    "mi_change_boundary_B": -0.06525034373145955,
    "bulk_point": 3,
    "ground_state_counts": {
      "110001 110001": 1,
      "001111 001111": 1,
      "001100 001100": 2,
      "011011 011011": 1,
      "110110 110110": 1,
      "001110 001110": 1,
      "001001 001001": 1,
      "110010 110010": 2,
      "000001 000001": 3,
      "011110 011110": 3,
      "110111 110111": 1,
      "100111 100111": 1,
      "110100 110100": 4,
      "000101 000101": 4,
      "011101 011101": 1,
      "010110 010110": 2,
      "100100 100100": 1,
      "010000 010000": 3,
      "101011 101011": 2,
      "001011 001011": 1,
      "000100 000100": 1,
      "111101 111101": 1,
      "000111 000111": 2,
      "010011 010011": 2,
      "100110 100110": 1,
      "110101 110101": 1,
      "111001 111001": 1,
      "010101 010101": 1,
      "100000 100000": 1,
      "100010 100010": 2,
      "110011 110011": 1
    },
    "excited_state_counts": {
      "011011 010011": 1,
      "011110 001010": 1,
      "011010 000110": 1,
      "100011 111111": 1,
      "100100 110000": 1,
      "101111 110011": 1,
      "000111 011011": 1,
      "011001 000101": 2,
      "001100 010000": 2,
      "001101 000001": 1,
      "110011 100111": 1,
      "000010 010110": 1,
      "000000 010100": 1,
      "000100 010000": 1,
      "000101 000001": 1,
      "111110 101010": 1,
      "011000 001100": 2,
      "001000 010100": 1,
      "111001 101001": 1,
      "000111 010011": 1,
      "001010 000110": 1,
      "111100 100000": 1,
      "111010 100110": 1,
      "000101 010001": 1,
      "101100 111000": 1,
      "011011 000111": 1,
      "111100 101000": 1,
      "001000 011100": 1,
      "011000 000100": 1,
      "101110 110010": 1,
      "110011 101011": 1,
      "110110 101010": 1,
      "011001 001101": 1,
      "110100 101100": 1,
      "001111 011011": 1,
      "101010 110110": 1,
      "110000 100100": 1,
      "100001 111101": 1,
      "101100 110100": 1,
      "011111 001011": 1,
      "100011 110111": 1,
      "111101 101001": 1,
      "111011 100111": 1,
      "001100 000000": 1,
      "001111 010011": 1,
      "010000 000100": 1,
      "111101 110001": 1
    },
    "boundary_entropies": {
      "ground_state": {
        "entropy_A": 1.9556283921677866,
        "entropy_B": 1.9556283921677846,
        "mi_AB": 3.911256784335545
      },
      "excited_state": {
        "entropy_A": 2.0370985077089387,
        "entropy_B": 2.0370985077089374,
        "mi_AB": 4.0741970154178535
      },
      "rt_relation_test": {
        "entropy_ratio": 0.999999999999999,
        "rt_area_ratio": 1.0,
        "rt_deviation": 9.992007221626409e-16,
        "excited_entropy_ratio": 0.9999999999999993,
        "rt_relation_change": 3.3306690738754696e-16
      }
    }
  },
  "page_curve_analysis": null,
  "deutsch_ctc_analysis": {
    "fixed_point_density_matrix": [
      [
        {
          "real": 0.25,
          "imag": 0.0
        },
        {
          "real": 0.0,
          "imag": 0.0
        },
        {
          "real": 0.0,
          "imag": 0.0
        },
        {
          "real": 0.0,
          "imag": 0.0
        }
      ],
      [
        {
          "real": 0.0,
          "imag": 0.0
        },
        {
          "real": 0.25,
          "imag": 0.0
        },
        {
          "real": 0.0,
          "imag": 0.0
        },
        {
          "real": 0.0,
          "imag": 0.0
        }
      ],
      [
        {
          "real": 0.0,
          "imag": 0.0
        },
        {
          "real": 0.0,
          "imag": 0.0
        },
        {
          "real": 0.25,
          "imag": 0.0
        },
        {
          "real": 0.0,
          "imag": 0.0
        }
      ],
      [
        {
          "real": 0.0,
          "imag": 0.0
        },
        {
          "real": 0.0,
          "imag": 0.0
        },
        {
          "real": 0.0,
          "imag": 0.0
        },
        {
          "real": 0.25,
          "imag": 0.0
        }
      ]
    ],
    "convergence_info": {
      "iterations": 1,
      "converged": true,
      "final_fidelity": 0.9999999999999878,
      "fidelity_history": [
        0.9999999999999878
      ]
    },
    "sample_counts": {
      "1000": 12,
      "0100": 12,
      "0010": 12,
      "0001": 12
    },
    "loop_qubits": [
      0,
      1
    ]
  },
  "einstein_analysis": null,
  "dynamic_evidence": {
    "angle_sums_per_timestep": [
      [
        9.42477796076938,
        3.141592653589793,
        9.42477796076938,
        3.141592653589793,
        9.42477796076938,
        6.531500795510436,
        9.42477796076938,
        9.42477796076938,
        3.141592653589793,
        9.42477796076938,
        3.141592653589793,
        9.42477796076938,
        3.141592653589793,
        3.141592653589793,
        9.42477796076938,
        3.141592653589793,
        9.42477796076938,
        3.141592653589793,
        9.42477796076938,
        3.141592653589793
      ]
    ],
    "gromov_delta_per_timestep": [
      5.000000000000014
    ],
    "edge_mi_per_timestep": [
      {
        "0,1": 0.175218505386058,
        "0,5": 0.17521850538605777,
        "0,2": 0.5148548520167084,
        "0,4": 0.514854852016708,
        "0,3": 0.17521850538605777,
        "1,2": 0.17521850538605732,
        "1,4": 0.17521850538605777,
        "2,3": 0.17521850538605754,
        "2,4": 0.5148548520167089,
        "2,5": 0.1752185053860582,
        "3,4": 0.1752185053860582,
        "4,5": 0.17521850538605843
      }
    ],
    "shortest_paths_per_timestep": [
      {}
    ],
    "mean_distance_per_timestep": [
      4.843962200321785
    ],
    "triangle_violations_per_timestep": [
      0
    ],
    "embedding_coords_per_timestep": [
      [
        [
          0.36810877056664776,
          0.07016943171855507
        ],
        [
          -0.3670528656798636,
          -0.23496687665357377
        ],
        [
          0.2628062047015749,
          0.003367535390171
        ],
        [
          0.08172142939343723,
          -0.05820319731377199
        ],
        [
          -0.04441583172899588,
          0.029230463693966362
        ],
        [
          -0.3011677072528003,
          0.19040264316465333
        ]
      ]
    ],
    "regge_evolution_data": null,
    "evolution_summary": {
      "total_timesteps": 1,
      "gromov_delta_range": [
        5.000000000000014,
        5.000000000000014
      ],
      "mean_distance_range": [
        4.843962200321785,
        4.843962200321785
      ],
      "total_triangle_violations": 0,
      "hyperbolic_evolution": [
        false
      ],
      "regge_corrected": false
    }
  },
  "quantum_state_outputs": [
    {
      "timestep": 1,
      "statevector": [
        {
          "real": 0.061453542852227754,
          "imag": 0.11412974900023279
        },
        {
          "real": 0.14717803403828247,
          "imag": 0.04556853881958127
        },
        {
          "real": 0.07473455319686328,
          "imag": -0.11356090931438995
        },
        {
          "real": -0.1336964066968146,
          "imag": 0.030802539842579246
        },
        {
          "real": 0.14717803403828258,
          "imag": 0.04556853881958127
        },
        {
          "real": 0.07022471953543978,
          "imag": -0.1484985955661787
        },
        {
          "real": -0.13369640669681448,
          "imag": 0.030802539842579225
        },
        {
          "real": 0.12821479080821693,
          "imag": -0.0043933947749324
        },
        {
          "real": 0.07473455319686324,
          "imag": -0.11356090931438986
        },
        {
          "real": -0.13369640669681454,
          "imag": 0.030802539842579208
        },
        {
          "real": -0.13490098257309835,
          "imag": 0.030903505652839423
        },
        {
          "real": 0.09251952616993334,
          "imag": -0.04457622884747839
        },
        {
          "real": -0.13369640669681454,
          "imag": 0.03080253984257915
        },
        {
          "real": 0.12821479080821696,
          "imag": -0.004393394774932485
        },
        {
          "real": 0.09251952616993338,
          "imag": -0.04457622884747846
        },
        {
          "real": 0.10581584749356318,
          "imag": 0.060309529597483244
        },
        {
          "real": 0.14717803403828258,
          "imag": 0.045568538819581186
        },
        {
          "real": 0.0702247195354397,
          "imag": -0.14849859556617886
        },
        {
          "real": -0.13369640669681454,
          "imag": 0.030802539842579087
        },
        {
          "real": 0.12821479080821696,
          "imag": -0.004393394774932451
        },
        {
          "real": 0.07022471953543964,
          "imag": -0.14849859556617873
        },
        {
          "real": 0.08755913564603764,
          "imag": 0.06493534218924824
        },
        {
          "real": 0.1282147908082169,
          "imag": -0.004393394774932357
        },
        {
          "real": 0.10123388713428935,
          "imag": 0.015387632009302227
        },
        {
          "real": -0.1336964066968146,
          "imag": 0.03080253984257905
        },
        {
          "real": 0.12821479080821688,
          "imag": -0.004393394774932438
        },
        {
          "real": 0.09251952616993334,
          "imag": -0.04457622884747838
        },
        {
          "real": 0.10581584749356328,
          "imag": 0.06030952959748324
        },
        {
          "real": 0.12821479080821704,
          "imag": -0.004393394774932493
        },
        {
          "real": 0.1012338871342899,
          "imag": 0.015387632009302307
        },
        {
          "real": 0.1058158474935633,
          "imag": 0.06030952959748318
        },
        {
          "real": 0.060938667867795684,
          "imag": -0.10737188126911851
        },
        {
          "real": 0.07473455319686324,
          "imag": -0.11356090931438997
        },
        {
          "real": -0.13369640669681457,
          "imag": 0.030802539842579177
        },
        {
          "real": -0.13490098257309843,
          "imag": 0.03090350565283935
        },
        {
          "real": 0.09251952616993346,
          "imag": -0.04457622884747838
        },
        {
          "real": -0.13369640669681446,
          "imag": 0.0308025398425792
        },
        {
          "real": 0.12821479080821696,
          "imag": -0.004393394774932441
        },
        {
          "real": 0.09251952616993349,
          "imag": -0.044576228847478305
        },
        {
          "real": 0.10581584749356357,
          "imag": 0.06030952959748336
        },
        {
          "real": -0.13490098257309835,
          "imag": 0.030903505652839374
        },
        {
          "real": 0.0925195261699334,
          "imag": -0.0445762288474784
        },
        {
          "real": 0.04081851491984684,
          "imag": 0.15634305602364745
        },
        {
          "real": 0.01800096322269164,
          "imag": 0.09078886462813288
        },
        {
          "real": 0.0925195261699335,
          "imag": -0.04457622884747845
        },
        {
          "real": 0.1058158474935636,
          "imag": 0.06030952959748336
        },
        {
          "real": 0.01800096322269161,
          "imag": 0.09078886462813301
        },
        {
          "real": 0.04675995614685166,
          "imag": 0.06214489631336428
        },
        {
          "real": -0.13369640669681426,
          "imag": 0.03080253984257914
        },
        {
          "real": 0.12821479080821693,
          "imag": -0.004393394774932478
        },
        {
          "real": 0.09251952616993354,
          "imag": -0.04457622884747833
        },
        {
          "real": 0.10581584749356367,
          "imag": 0.06030952959748336
        },
        {
          "real": 0.12821479080821688,
          "imag": -0.004393394774932383
        },
        {
          "real": 0.10123388713428917,
          "imag": 0.015387632009302146
        },
        {
          "real": 0.10581584749356332,
          "imag": 0.06030952959748309
        },
        {
          "real": 0.06093866786779555,
          "imag": -0.10737188126911851
        },
        {
          "real": 0.09251952616993336,
          "imag": -0.044576228847478444
        },
        {
          "real": 0.10581584749356324,
          "imag": 0.06030952959748312
        },
        {
          "real": 0.01800096322269162,
          "imag": 0.09078886462813288
        },
        {
          "real": 0.04675995614685172,
          "imag": 0.062144896313364416
        },
        {
          "real": 0.1058158474935632,
          "imag": 0.06030952959748324
        },
        {
          "real": 0.060938667867795664,
          "imag": -0.10737188126911851
        },
        {
          "real": 0.046759956146851696,
          "imag": 0.06214489631336431
        },
        {
          "real": -0.04796563554906007,
          "imag": -0.10412872895128822
        }
      ],
      "mutual_information_matrix": [
        [
          0.0,
          0.175218505386058,
          0.5148548520167084,
          0.17521850538605777,
          0.514854852016708,
          0.17521850538605777
        ],
        [
          0.175218505386058,
          0.0,
          0.17521850538605732,
          0.5039866478206443,
          0.17521850538605777,
          0.5039866478206456
        ],
        [
