{
  "spec": {
    "num_qubits": 4,
    "topology": "triangulated",
    "custom_edges": "0-1:1.0000,0-2:1.0000,0-3:1.0000,1-2:1.0000,1-3:1.0000,2-3:1.0000",
    "alpha": 0.8,
    "weight": 1.711006056064766,
    "gamma": 2.837244799683726e-06,
    "sigma": 4.697183179302609e-06,
    "init_angle": 0.6436088123983004,
    "init_angles": null,
    "shots": 100,
    "device": "ibm_brisbane",
    "geometry": "spherical",
    "curvature": 4.5,
    "timesteps": 3,
    "dimension": 2,
    "mass_hinge": null,
    "mass_value": 0.0,
    "solve_regge": false,
    "lorentzian": true,
    "excite": true,
    "fast": false,
    "fast_preset": "balanced",
    "ctc_mode": false,
    "ctc_perturbation": null,
    "ctc_perturbation_strength": 1.0,
    "test_ctc_recovery": false,
    "strong_curvature": true,
    "charge_injection": true,
    "charge_strength": 2.5,
    "charge_location": null,
    "spin_injection": true,
    "spin_strength": 2.0,
    "spin_location": null,
    "edge_floor": 0.001,
    "compute_entropies": true,
    "hyperbolic_triangulation": true,
    "trotter_steps": 8,
    "dt": 0.05,
    "analyze_curvature": true,
    "einstein_solver": true,
    "page_curve": true,
    "radiation_ordering": null,
    "page_curve_timesteps": 15,
    "entropy_method": "hybrid",
    "num_shadows": 100,
    "shots_per_shadow": 1000,
    "num_bases": 20,
    "shots_per_basis": 1000,
    "enhanced_entanglement": false,
    "entanglement_strength": -0.03399248053704274,
    "interpolate_geometry": false,
    "smooth_charge_injection": false,
    "min_qubits_for_continuum": 10,
    "benchmark_against_classical_geometry": false,
    "geometry_fit_metric": "wasserstein,kl,euclidean",
    "verify_noise_robustness": false,
    "run_on_multiple_backends": false,
    "detect_and_flag_causal_loops": true,
    "restrict_information_flow_direction": "bidirectional",
    "filter_noncausal_edges": true,
    "use_ryu_takayanagi_test": true,
    "compare_MI_vs_subsystem_entropy": true,
    "embed_boundary_entropy_in_geometry": true,
    "entropy_engineering": true,
    "target_entropy_pattern": "quantum_gravity",
    "custom_target_entropies": null,
    "entropy_optimization_iterations": 200,
    "entropy_tolerance": 0.05,
    "continue_on_engineering_failure": true,
    "skip_entropy_engineering": false,
    "validate_engineered_geometry": true,
    "enhance_bell_violations": true,
    "bell_entanglement_strength": 4.0,
    "teleportation_circuits": true,
    "long_range_coupling": 3.0,
    "holographic_optimization": true,
    "rt_surface_encoding": true,
    "conformal_symmetry": true,
    "bulk_reconstruction": true,
    "scalable_entanglement": true,
    "parallel_execution": true,
    "memory_optimization": true,
    "circuit_compilation": "optimized",
    "real_hardware": false,
    "error_mitigation": true,
    "zero_noise_extrapolation": true,
    "zne_noise_factors": [
      1.0,
      2.0,
      3.0
    ],
    "zne_extrapolation_method": "polynomial",
    "hardware_calibration": true,
    "noise_characterization": true,
    "backend_name": "ibm_brisbane",
    "quantum_mode": true,
    "quantum_entanglement_strength": 5.0,
    "quantum_circuit_depth": 12,
    "geometric_teleportation": false,
    "teleportation_mode": "both",
    "bridge_strength": 1.0,
    "signal_state": "+",
    "emergent_geometry_teleportation": false,
    "teleportation_node_pairs": "auto",
    "teleportation_embedding_dim": 2,
    "teleportation_fidelity_threshold": 0.7,
    "superposition_gravity": true,
    "massive_bulk_mass_hinge": "0,1,2",
    "massive_bulk_mass_value": 2.0,
    "massless_bulk_mass_hinge": null,
    "massless_bulk_mass_value": 0.0,
    "superposition_control_qubit": 0,
    "superposition_phase": 0.0,
    "interference_analysis": true,
    "classical_mixture_comparison": true,
    "coherence_preservation": true,
    "bulk_reconstruction_method": "mi_embedding"
  },
  "uid": "T10VBP",
  "counts_per_timestep": [
    {
      "0011": 9,
      "0100": 19,
      "1100": 7,
      "1000": 2,
      "0111": 6,
      "0010": 8,
      "0101": 9,
      "1110": 4,
      "1101": 4,
      "1001": 6,
      "0001": 6,
      "0000": 7,
      "1010": 2,
      "0110": 5,
      "1111": 4,
      "1011": 2
    },
    {
      "1110": 5,
      "0110": 6,
      "1100": 13,
      "0000": 8,
      "0011": 11,
      "1011": 8,
      "0010": 2,
      "1000": 4,
      "1101": 5,
      "1010": 6,
      "0111": 7,
      "0101": 6,
      "1111": 6,
      "0001": 7,
      "0100": 1,
      "1001": 5
    },
    {
      "0100": 9,
      "0011": 4,
      "0111": 4,
      "1001": 7,
      "1010": 8,
      "0010": 7,
      "0101": 7,
      "1100": 9,
      "1011": 7,
      "0000": 7,
      "0110": 8,
      "1000": 6,
      "0001": 4,
      "1110": 4,
      "1111": 4,
      "1101": 5
    }
  ],
  "job_ids_per_timestep": [
    "d27v6a929u8s73f8mkk0",
    "d27v6bg56fsc73e6dn50",
    "d27v6d1ogaas73ct97ug"
  ],
  "entropy_per_timestep": [
    3.751744117998585,
    3.840551644872033,
    3.939501312007309
  ],
  "mutual_information_per_timestep": [
    {
      "I_0,1": 0.005669135181451939,
      "I_0,2": 0.011208139552788932,
      "I_0,3": 0.00284421910880037,
      "I_1,2": 0.015065353089341982,
      "I_1,3": 0.0001561596607591977,
      "I_2,3": 0.0010029391350417811
    },
    {
      "I_0,1": 0.005669135181451939,
      "I_0,2": 0.011208139552788932,
      "I_0,3": 0.00284421910880037,
      "I_1,2": 0.015065353089341982,
      "I_1,3": 0.0001561596607591977,
      "I_2,3": 0.0010029391350417811
    },
    {
      "I_0,1": 0.005669135181451939,
      "I_0,2": 0.011208139552788932,
      "I_0,3": 0.00284421910880037,
      "I_1,2": 0.015065353089341982,
      "I_1,3": 0.0001561596607591977,
      "I_2,3": 0.0010029391350417811
    }
  ],
  "boundary_entropies_per_timestep": [
    {
      "entropy_A": -0.0,
      "entropy_B": -0.0,
      "mi_AB": 0.0,
      "pure_state_check": true,
      "entropy_difference": 0.0,
      "multiple_regions": {
        "size_1_region_0": {
          "region": [
            0
          ],
          "entropy": 0.6191006644255871,
          "rt_area": 3,
          "size": 1
        },
        "size_1_region_1": {
          "region": [
            1
          ],
          "entropy": 0.6802920001921535,
          "rt_area": 3,
          "size": 1
        },
        "size_2_region_0": {
          "region": [
            0,
            1
          ],
          "entropy": 0.6108643020548935,
          "rt_area": 4,
          "size": 2
        },
        "size_2_region_1": {
          "region": [
            0,
            2
          ],
          "entropy": 0.6768585467349506,
          "rt_area": 4,
          "size": 2
        },
        "size_3_region_0": {
          "region": [
            0,
            1,
            2
          ],
          "entropy": 0.3863867062886037,
          "rt_area": 3,
          "size": 3
        },
        "size_3_region_1": {
          "region": [
            0,
            1,
            3
          ],
          "entropy": 0.42270908780599087,
          "rt_area": 3,
          "size": 3
        }
      }
    },
    {
      "entropy_A": -0.0,
      "entropy_B": -0.0,
      "mi_AB": 0.0,
      "pure_state_check": true,
      "entropy_difference": 0.0,
      "multiple_regions": {
        "size_1_region_0": {
          "region": [
            0
          ],
          "entropy": 0.6923469670899615,
          "rt_area": 3,
          "size": 1
        },
        "size_1_region_1": {
          "region": [
            1
          ],
          "entropy": 0.6929471672244782,
          "rt_area": 3,
          "size": 1
        },
        "size_2_region_0": {
          "region": [
            0,
            1
          ],
          "entropy": 0.5929533174474745,
          "rt_area": 4,
          "size": 2
        },
        "size_2_region_1": {
          "region": [
            0,
            2
          ],
          "entropy": 0.5269079614313803,
          "rt_area": 4,
          "size": 2
        },
        "size_3_region_0": {
          "region": [
            0,
            1,
            2
          ],
          "entropy": 0.42270908780599087,
          "rt_area": 3,
          "size": 3
        },
        "size_3_region_1": {
          "region": [
            0,
            1,
            3
          ],
          "entropy": 0.3250829733914482,
          "rt_area": 3,
          "size": 3
        }
      }
    },
    {
      "entropy_A": -0.0,
      "entropy_B": -0.0,
      "mi_AB": 0.0,
      "pure_state_check": true,
      "entropy_difference": 0.0,
      "multiple_regions": {
        "size_1_region_0": {
          "region": [
            0
          ],
          "entropy": 0.6931471805599453,
          "rt_area": 3,
          "size": 1
        },
        "size_1_region_1": {
          "region": [
            1
          ],
          "entropy": 0.6931471805599453,
          "rt_area": 3,
          "size": 1
        },
        "size_2_region_0": {
          "region": [
            0,
            1
          ],
          "entropy": 0.5269079614313803,
          "rt_area": 4,
          "size": 2
        },
        "size_2_region_1": {
          "region": [
            0,
            2
          ],
          "entropy": 0.583258840128597,
          "rt_area": 4,
          "size": 2
        },
        "size_3_region_0": {
          "region": [
            0,
            1,
            2
          ],
          "entropy": 0.34651533691866615,
          "rt_area": 3,
          "size": 3
        },
        "size_3_region_1": {
          "region": [
            0,
            1,
            3
          ],
          "entropy": 0.40496348506393853,
          "rt_area": 3,
          "size": 3
        }
      }
    }
  ],
  "distance_matrix_per_timestep": [
    [
      [
        0.0,
        5.172718698192764,
        4.491115018848204,
        5.862466727533245
      ],
      [
        5.172718698192764,
        0.0,
        4.195357668948546,
        11.03518542572601
      ],
      [
        4.491115018848204,
        4.195357668948546,
        0.0,
        6.904820454753112
      ],
      [
        5.862466727533245,
        11.03518542572601,
        6.904820454753112,
        0.0
      ]
    ],
    [
      [
        0.0,
        5.172718698192764,
        4.491115018848204,
        5.862466727533245
      ],
      [
        5.172718698192764,
        0.0,
        4.195357668948546,
        11.03518542572601
      ],
      [
        4.491115018848204,
        4.195357668948546,
        0.0,
        6.904820454753112
      ],
      [
        5.862466727533245,
        11.03518542572601,
        6.904820454753112,
        0.0
      ]
    ],
    [
      [
        0.0,
        5.172718698192764,
        4.491115018848204,
        5.862466727533245
      ],
      [
        5.172718698192764,
        0.0,
        4.195357668948546,
        11.03518542572601
      ],
      [
        4.491115018848204,
        4.195357668948546,
        0.0,
        6.904820454753112
      ],
      [
        5.862466727533245,
        11.03518542572601,
        6.904820454753112,
        0.0
      ]
    ]
  ],
  "edge_mi": {
    "0,1": 0.005669135181451939,
    "0,3": 0.00284421910880037,
    "0,2": 0.011208139552788932,
    "1,2": 0.015065353089341982,
    "2,3": 0.0010029391350417811
  },
  "distance_matrix": [
    [
      0.0,
      5.172718698192764,
      4.491115018848204,
      5.862466727533245
    ],
    [
      5.172718698192764,
      0.0,
      4.195357668948546,
      8.764631607694284
    ],
    [
      4.491115018848204,
      4.195357668948546,
      0.0,
      6.904820454753112
    ],
    [
      5.862466727533245,
      8.764631607694284,
      6.904820454753112,
      0.0
    ]
  ],
  "shortest_paths": {
    "0": {
      "0": 0,
      "2": 4.491115018848204,
      "1": 5.172718698192764,
      "3": 5.862466727533245
    },
    "1": {
      "1": 0,
      "2": 4.195357668948546,
      "0": 5.172718698192764,
      "3": 8.764631607694284
    },
    "2": {
      "2": 0,
      "1": 4.195357668948546,
      "0": 4.491115018848204,
      "3": 6.904820454753112
    },
    "3": {
      "3": 0,
      "0": 5.862466727533245,
      "2": 6.904820454753112,
      "1": 8.764631607694284
    }
  },
  "gromov_delta": 5.737047196749424,
  "mean_distance": 4.423888771996269,
  "angle_sums": [
    3.141592653589793,
    3.141592653589793,
    3.141592653589793,
    3.141592653589793
  ],
  "mean_angle_sum": 3.141592653589793,
  "min_angle_sum": 3.141592653589793,
  "max_angle_sum": 3.141592653589793,
  "angle_sum_deviations": [
    0.0,
    0.0,
    0.0,
    0.0
  ],
  "triangle_inequality_violations": [],
  "embedding_coords": [
    [
      -0.07313542544496311,
      0.11380438934442647
    ],
    [
      0.07865202697748831,
      -0.054135403320686594
    ],
    [
      -0.006544424690622681,
      -0.154590650403302
    ],
    [
      0.0010278231580974997,
      0.09492166437956212
    ]
  ],
  "embedding_coords_3d": [
    [
      -0.058962937406792613,
      -0.03977980598243353,
      0.11824866741081042
    ],
    [
      0.079909887804605,
      -0.018686832799504286,
      -0.08536536751808667
    ],
    [
      -0.06232429653010744,
      0.11752825184892611,
      -0.07307105802707729
    ],
    [
      0.041377346132295045,
      -0.05906161306698829,
      0.040187758134353546
    ]
  ],
  "edge_weight_variance": 0.0,
  "event_nodes": [
    [
      0,
      0
    ],
    [
      1,
      0
    ],
    [
      2,
      0
    ],
    [
      3,
      0
    ],
    [
      0,
      1
    ],
    [
      1,
      1
    ],
    [
      2,
      1
    ],
    [
      3,
      1
    ],
    [
      0,
      2
    ],
    [
      1,
      2
    ],
    [
      2,
      2
    ],
    [
      3,
      2
    ]
  ],
  "event_edges": [
    {
      "type": "spatial",
      "from": [
        0,
        0
      ],
      "to": [
        1,
        0
      ],
      "weight": 5.172718698192764
    },
    {
      "type": "spatial",
      "from": [
        0,
        0
      ],
      "to": [
        2,
        0
      ],
      "weight": 4.491115018848204
    },
    {
      "type": "spatial",
      "from": [
        0,
        0
      ],
      "to": [
        3,
        0
      ],
      "weight": 5.862466727533245
    },
    {
      "type": "spatial",
      "from": [
        1,
        0
      ],
      "to": [
        2,
        0
      ],
      "weight": 4.195357668948546
    },
    {
      "type": "spatial",
      "from": [
        1,
        0
      ],
      "to": [
        3,
        0
      ],
      "weight": 11.03518542572601
    },
    {
      "type": "spatial",
      "from": [
        2,
        0
      ],
      "to": [
        3,
        0
      ],
      "weight": 6.904820454753112
    },
    {
      "type": "temporal",
      "from": [
        0,
        0
      ],
      "to": [
        0,
        1
      ],
      "weight": 1.0
    },
    {
      "type": "temporal",
      "from": [
        1,
        0
      ],
      "to": [
        1,
        1
      ],
      "weight": 1.0
    },
    {
      "type": "temporal",
      "from": [
        2,
        0
      ],
      "to": [
        2,
        1
      ],
      "weight": 1.0
    },
    {
      "type": "temporal",
      "from": [
        3,
        0
      ],
      "to": [
        3,
        1
      ],
      "weight": 1.0
    },
    {
      "type": "spatial",
      "from": [
        0,
        1
      ],
      "to": [
        1,
        1
      ],
      "weight": 5.172718698192764
    },
    {
      "type": "spatial",
      "from": [
        0,
        1
      ],
      "to": [
        2,
        1
      ],
      "weight": 4.491115018848204
    },
    {
      "type": "spatial",
      "from": [
        0,
        1
      ],
      "to": [
        3,
        1
      ],
      "weight": 5.862466727533245
    },
    {
      "type": "spatial",
      "from": [
        1,
        1
      ],
      "to": [
        2,
        1
      ],
      "weight": 4.195357668948546
    },
    {
      "type": "spatial",
      "from": [
        1,
        1
      ],
      "to": [
        3,
        1
      ],
      "weight": 11.03518542572601
    },
    {
      "type": "spatial",
      "from": [
        2,
        1
      ],
      "to": [
        3,
        1
      ],
      "weight": 6.904820454753112
    },
    {
      "type": "temporal",
      "from": [
        0,
        1
      ],
      "to": [
        0,
        2
      ],
      "weight": 1.0
    },
    {
      "type": "temporal",
      "from": [
        1,
        1
      ],
      "to": [
        1,
        2
      ],
      "weight": 1.0
    },
    {
      "type": "temporal",
      "from": [
        2,
        1
      ],
      "to": [
        2,
        2
      ],
      "weight": 1.0
    },
    {
      "type": "temporal",
      "from": [
        3,
        1
      ],
      "to": [
        3,
        2
      ],
      "weight": 1.0
    },
    {
      "type": "spatial",
      "from": [
        0,
        2
      ],
      "to": [
        1,
        2
      ],
      "weight": 5.172718698192764
    },
    {
      "type": "spatial",
      "from": [
        0,
        2
      ],
      "to": [
        2,
        2
      ],
      "weight": 4.491115018848204
    },
    {
      "type": "spatial",
      "from": [
        0,
        2
      ],
      "to": [
        3,
        2
      ],
      "weight": 5.862466727533245
    },
    {
      "type": "spatial",
      "from": [
        1,
        2
      ],
      "to": [
        2,
        2
      ],
      "weight": 4.195357668948546
    },
    {
      "type": "spatial",
      "from": [
        1,
        2
      ],
      "to": [
        3,
        2
      ],
      "weight": 11.03518542572601
    },
    {
      "type": "spatial",
      "from": [
        2,
        2
      ],
      "to": [
        3,
        2
      ],
      "weight": 6.904820454753112
    }
  ],
  "lorentzian_dissimilarity": [
    [
      0.0,
      26.75701873063304,
      20.1701141125239,
      34.368516131434355,
      -1.0,
      25.75701873063304,
      19.1701141125239,
      33.368516131434355,
      -4.0,
      22.75701873063304,
      16.1701141125239,
      30.368516131434355
    ],
    [
      26.75701873063304,
      0.0,
      17.601025970405377,
      121.77531738015573,
      25.75701873063304,
      -1.0,
      16.601025970405377,
      120.77531738015573,
      22.75701873063304,
      -4.0,
      13.601025970405377,
      117.77531738015573
    ],
    [
      20.1701141125239,
      17.601025970405377,
      0.0,
      47.67654551237697,
      19.1701141125239,
      16.601025970405377,
      -1.0,
      46.67654551237697,
      16.1701141125239,
      13.601025970405377,
      -4.0,
      43.67654551237697
    ],
    [
      34.368516131434355,
      121.77531738015573,
      47.67654551237697,
      0.0,
      33.368516131434355,
      120.77531738015573,
      46.67654551237697,
      -1.0,
      30.368516131434355,
      117.77531738015573,
      43.67654551237697,
      -4.0
    ],
    [
      -1.0,
      25.75701873063304,
      19.1701141125239,
      33.368516131434355,
      0.0,
      26.75701873063304,
      20.1701141125239,
      34.368516131434355,
      -1.0,
      25.75701873063304,
      19.1701141125239,
      33.368516131434355
    ],
    [
      25.75701873063304,
      -1.0,
      16.601025970405377,
      120.77531738015573,
      26.75701873063304,
      0.0,
      17.601025970405377,
      121.77531738015573,
      25.75701873063304,
      -1.0,
      16.601025970405377,
      120.77531738015573
    ],
    [
      19.1701141125239,
      16.601025970405377,
      -1.0,
      46.67654551237697,
      20.1701141125239,
      17.601025970405377,
      0.0,
      47.67654551237697,
      19.1701141125239,
      16.601025970405377,
      -1.0,
      46.67654551237697
    ],
    [
      33.368516131434355,
      120.77531738015573,
      46.67654551237697,
      -1.0,
      34.368516131434355,
      121.77531738015573,
      47.67654551237697,
      0.0,
      33.368516131434355,
      120.77531738015573,
      46.67654551237697,
      -1.0
    ],
    [
      -4.0,
      22.75701873063304,
      16.1701141125239,
      30.368516131434355,
      -1.0,
      25.75701873063304,
      19.1701141125239,
      33.368516131434355,
      0.0,
      26.75701873063304,
      20.1701141125239,
      34.368516131434355
    ],
    [
      22.75701873063304,
      -4.0,
      13.601025970405377,
      117.77531738015573,
      25.75701873063304,
      -1.0,
      16.601025970405377,
      120.77531738015573,
      26.75701873063304,
      0.0,
      17.601025970405377,
      121.77531738015573
    ],
    [
      16.1701141125239,
      13.601025970405377,
      -4.0,
      43.67654551237697,
      19.1701141125239,
      16.601025970405377,
      -1.0,
      46.67654551237697,
      20.1701141125239,
      17.601025970405377,
      0.0,
      47.67654551237697
    ],
    [
      30.368516131434355,
      117.77531738015573,
      43.67654551237697,
      -4.0,
      33.368516131434355,
      120.77531738015573,
      46.67654551237697,
      -1.0,
      34.368516131434355,
      121.77531738015573,
      47.67654551237697,
      0.0
    ]
  ],
  "lorentzian_embedding": [
    [
      -0.774088790719874,
      -1.5206782365716045,
      -2.2190235153797655
    ],
    [
      1.8682628085802004,
      -2.868987033868296,
      3.2487313221826017
    ],
    [
      0.2533247907585982,
      0.9715502920594886,
      1.3941720932732173
    ],
    [
      2.650752687182467,
      4.601307847456053,
      -4.788949446912366
    ],
    [
      -0.6770873035421145,
      -1.576784827944067,
      -2.28169325768424
    ],
    [
      1.722217153470557,
      -2.940293897165671,
      3.2574633231349437
    ],
    [
      0.4056785741284981,
      1.0871757152364347,
      1.486560490223363
    ],
    [
      2.552612191131319,
      4.614925860572081,
      -4.82700369680353
    ],
    [
      -0.7740229253944781,
      -1.5206468427450062,
      -2.219006495253601
    ],
    [
      1.8682537910446002,
      -2.868974775027479,
      3.248738808172057
    ],
    [
      0.25331805151396675,
      0.9715438377482192,
      1.3941695854475202
    ],
    [
      2.65077574187934,
      4.601311655316097,
      -4.788955733235414
    ]
  ],
  "edge_length_evolution": [],
  "angle_deficit_evolution": [],
  "regge_action_evolution": [],
  "gromov_delta_evolution": [],
  "mass_hinge": null,
  "mass_value": 0.0,
  "matter": [
    {
      "(0, 1)": 0.0,
      "(1, 2)": 0.0,
      "(0, 3)": 0.0,
      "(2, 3)": 0.0,
      "(0, 2)": 0.0,
      "(1, 3)": 0.0
    },
    {
      "(0, 1)": 0.0,
      "(1, 2)": 0.0,
      "(0, 3)": 0.0,
      "(2, 3)": 0.0,
      "(0, 2)": 0.0,
      "(1, 3)": 0.0
    },
    {
      "(0, 1)": 0.0,
      "(1, 2)": 0.0,
      "(0, 3)": 0.0,
      "(2, 3)": 0.0,
      "(0, 2)": 0.0,
      "(1, 3)": 0.0
    }
  ],
  "stationary_solution": null,
  "einstein_analysis_per_timestep": [
    {
      "ricci_tensor": [
        [
          0.0022466216080115125,
          0.0
        ],
        [
          0.0,
          0.0022466216080115125
        ]
      ],
      "metric_tensor": [
        [
          1.0004493243216024,
          0.00022466216080115127
        ],
        [
          0.00022466216080115127,
          1.0004493243216024
        ]
      ],
      "stress_energy_tensor": [
        [
          0.0022466216080115125,
          4.493243216023025e-05
        ],
        [
          4.493243216023025e-05,
          0.0022466216080115125
        ]
      ],
      "einstein_solution": {
        "einstein_tensor": [
          [
            0.0,
            0.0
          ],
          [
            0.0,
            0.0
          ]
        ],
        "ricci_scalar": 0.004493243216023025,
        "metric_tensor": [
          [
            1.0,
            0.0
          ],
          [
            0.0,
            1.0
          ]
        ],
        "lhs": [
          [
            0.0,
            0.0
          ],
          [
            0.0,
            0.0
          ]
        ],
        "rhs": [
          [
            0.0022466216080115125,
            4.493243216023025e-05
          ],
          [
            4.493243216023025e-05,
            0.0022466216080115125
          ]
        ],
        "equations_satisfied": false,
        "residual": 0.003177838124588497,
        "conservation_violation": 0.0022466216080115125,
        "gravitational_constant": 0.039788735772973836,
        "cosmological_constant": 0.0
      },
      "entropy_first_derivative": 0.0,
      "entropy_second_derivative": 0.0,
      "entropy_curvature_correlation": 0.003177197747578201,
      "emergent_gravitational_constant": 0.0003575609341720947,
      "average_mutual_information": 0.004493243216023025,
      "ricci_scalar": 0.004493243216023025,
      "analysis_summary": {
        "einstein_equations_satisfied": false,
        "residual_magnitude": 0.003177838124588497,
        "conservation_violation": 0.0022466216080115125,
        "entropy_evolution_rate": 0.0,
        "entropy_acceleration": 0.0,
        "entanglement_curvature_coupling": 0.003177197747578201
      }
    },
    {
      "ricci_tensor": [
        [
          0.0022466216080115125,
          0.0
        ],
        [
          0.0,
          0.0022466216080115125
        ]
      ],
      "metric_tensor": [
        [
          1.0004493243216024,
          0.00022466216080115127
        ],
        [
          0.00022466216080115127,
          1.0004493243216024
        ]
      ],
      "stress_energy_tensor": [
        [
          0.0022466216080115125,
          4.493243216023025e-05
        ],
        [
          4.493243216023025e-05,
          0.0022466216080115125
        ]
      ],
      "einstein_solution": {
        "einstein_tensor": [
          [
            0.0,
            0.0
          ],
          [
            0.0,
            0.0
          ]
        ],
        "ricci_scalar": 0.004493243216023025,
        "metric_tensor": [
          [
            1.0,
            0.0
          ],
          [
            0.0,
            1.0
          ]
        ],
        "lhs": [
          [
            0.0,
            0.0
          ],
          [
            0.0,
            0.0
          ]
        ],
        "rhs": [
          [
            0.0022466216080115125,
            4.493243216023025e-05
          ],
          [
            4.493243216023025e-05,
            0.0022466216080115125
          ]
        ],
        "equations_satisfied": false,
        "residual": 0.003177838124588497,
        "conservation_violation": 0.0022466216080115125,
        "gravitational_constant": 0.039788735772973836,
        "cosmological_constant": 0.0
      },
      "entropy_first_derivative": 0.0,
      "entropy_second_derivative": 0.0,
      "entropy_curvature_correlation": 0.003177197747578201,
      "emergent_gravitational_constant": 0.0003575609341720947,
      "average_mutual_information": 0.004493243216023025,
      "ricci_scalar": 0.004493243216023025,
      "analysis_summary": {
        "einstein_equations_satisfied": false,
        "residual_magnitude": 0.003177838124588497,
        "conservation_violation": 0.0022466216080115125,
        "entropy_evolution_rate": 0.0,
        "entropy_acceleration": 0.0,
        "entanglement_curvature_coupling": 0.003177197747578201
      }
    },
    {
      "ricci_tensor": [
        [
          0.0022466216080115125,
          0.0
        ],
        [
          0.0,
          0.0022466216080115125
        ]
      ],
      "metric_tensor": [
        [
          1.0004493243216024,
          0.00022466216080115127
        ],
        [
          0.00022466216080115127,
          1.0004493243216024
        ]
      ],
      "stress_energy_tensor": [
        [
          0.0022466216080115125,
          4.493243216023025e-05
        ],
        [
          4.493243216023025e-05,
          0.0022466216080115125
        ]
      ],
      "einstein_solution": {
        "einstein_tensor": [
          [
            0.0,
            0.0
          ],
          [
            0.0,
            0.0
          ]
        ],
        "ricci_scalar": 0.004493243216023025,
        "metric_tensor": [
          [
            1.0,
            0.0
          ],
          [
            0.0,
            1.0
          ]
        ],
        "lhs": [
          [
            0.0,
            0.0
          ],
          [
            0.0,
            0.0
          ]
        ],
        "rhs": [
          [
            0.0022466216080115125,
            4.493243216023025e-05
          ],
          [
            4.493243216023025e-05,
            0.0022466216080115125
          ]
        ],
        "equations_satisfied": false,
        "residual": 0.003177838124588497,
        "conservation_violation": 0.0022466216080115125,
        "gravitational_constant": 0.039788735772973836,
        "cosmological_constant": 0.0
      },
      "entropy_first_derivative": 0.09387859700436185,
      "entropy_second_derivative": 0.010142140261827581,
      "entropy_curvature_correlation": 0.003177197747578201,
      "emergent_gravitational_constant": 0.0003575609341720947,
      "average_mutual_information": 0.004493243216023025,
      "ricci_scalar": 0.004493243216023025,
      "analysis_summary": {
        "einstein_equations_satisfied": false,
        "residual_magnitude": 0.003177838124588497,
        "conservation_violation": 0.0022466216080115125,
        "entropy_evolution_rate": 0.09387859700436185,
        "entropy_acceleration": 0.010142140261827581,
        "entanglement_curvature_coupling": 0.003177197747578201
      }
    }
  ],
  "bootstrap_analysis": {
    "gromov_delta": {
      "mean": 6.872324105765287,
      "lower_ci": 6.872324105765287,
      "upper_ci": 6.872324105765287,
      "all_values": [
        6.872324105765287,
        6.872324105765287,
        6.872324105765287
      ],
      "uncertainty": 0.0
    },
    "entropy": {
      "mean": 3.8439323582926423,
      "lower_ci": 3.751744117998585,
      "upper_ci": 3.939501312007309,
      "uncertainty": 0.09556895371466645
    },
    "distance_matrix": {
      "mean": [
        [
          0.0,
          5.172718698192764,
          4.491115018848204,
          5.862466727533245
        ],
        [
          5.172718698192764,
          0.0,
          4.195357668948546,
          11.035185425726008
        ],
        [
          4.491115018848204,
          4.195357668948546,
          0.0,
          6.904820454753112
        ],
        [
          5.862466727533245,
          11.035185425726008,
          6.904820454753112,
          0.0
        ]
      ],
      "lower_ci": [
        [
          0.0,
          5.172718698192764,
          4.491115018848204,
          5.862466727533245
        ],
        [
          5.172718698192764,
          0.0,
          4.195357668948546,
          11.035185425726008
        ],
        [
          4.491115018848204,
          4.195357668948546,
          0.0,
          6.904820454753112
        ],
        [
          5.862466727533245,
          11.035185425726008,
          6.904820454753112,
          0.0
        ]
      ],
      "upper_ci": [
        [
          0.0,
          5.172718698192764,
          4.491115018848204,
          5.862466727533245
        ],
        [
          5.172718698192764,
          0.0,
          4.195357668948546,
          11.035185425726008
        ],
        [
          4.491115018848204,
          4.195357668948546,
          0.0,
          6.904820454753112
        ],
        [
          5.862466727533245,
          11.035185425726008,
          6.904820454753112,
          0.0
        ]
      ]
    }
  },
  "topology_compatibility": {
    "current_topology": "triangulated",
    "explanation": "Triangulated topology is specifically designed for angle-sum curvature. Creates multiple triangles per vertex, enabling robust local curvature measurements. Each vertex has multiple incident triangles for well-defined angle sums.",
    "supports_local_curvature": true
  },
  "rt_surface_analysis": {
    "region_A": [
      0
    ],
    "region_B": [
      1,
      2,
      3
    ],
    "bulk_point": 2,
    "is_complementary": true,
    "rt_area_AB": 15.526300444574211,
    "rt_area_BA": 15.526300444574211,
    "area_consistent": true,
    "edges_consistent": true,
    "area_difference": 0.0,
    "rt_edges_AB": [
      [
        0,
        1
      ],
      [
        0,
        2
      ],
      [
        0,
        3
      ]
    ],
    "rt_edges_BA": [
      [
        0,
        1
      ],
      [
        0,
        2
      ],
      [
        0,
        3
      ]
    ],
    "edge_lengths": [
      5.172718698192764,
      4.491115018848204,
      5.862466727533245,
      4.195357668948546,
      11.03518542572601,
      6.904820454753112
    ],
    "all_edges": [
      [
        0,
        1
      ],
      [
        0,
        2
      ],
      [
        0,
        3
      ],
      [
        1,
        2
      ],
      [
        1,
        3
      ],
      [
        2,
        3
      ]
    ]
  },
  "bulk_excitation_analysis": {
    "ground_state_mi": [
      [
        0.0,
        0.19744779161233694,
        0.32026306430555773,
        0.19744779161233794
      ],
      [
        0.19744779161233694,
        0.0,
        0.19744779161233683,
        0.5485780305000905
      ],
      [
        0.32026306430555773,
        0.19744779161233683,
        0.0,
        0.1974477916123375
      ],
      [
        0.19744779161233794,
        0.5485780305000905,
        0.1974477916123375,
        0.0
      ]
    ],
    "excited_state_mi": [
      [
        0.0,
        0.203084289501952,
        0.2560946424086705,
        0.20308428950195223
      ],
      [
        0.203084289501952,
        0.0,
        0.41588460442014263,
        0.38481748172587604
      ],
      [
        0.2560946424086705,
        0.41588460442014263,
        0.0,
        0.41588460442014363
      ],
      [
        0.20308428950195223,
        0.38481748172587604,
        0.41588460442014363,
        0.0
      ]
    ],
    "mi_difference": [
      [
        0.0,
        0.005636497889615066,
        -0.0641684218968872,
        0.005636497889614289
      ],
      [
        0.005636497889615066,
        0.0,
        0.2184368128078058,
        -0.16376054877421442
      ],
      [
        -0.0641684218968872,
        0.2184368128078058,
        0.0,
        0.21843681280780614
      ],
      [
        0.005636497889614289,
        -0.16376054877421442,
        0.21843681280780614,
        0.0
      ]
    ],
    "avg_mi_change": 0.08450944900824287,
    "max_mi_change": 0.21843681280780614,
    "mi_change_boundary_A": NaN,
    "mi_change_boundary_B": 0.09103769228046583,
    "bulk_point": 2,
    "ground_state_counts": {
      "counts": {
        "0011": 9,
        "1110": 5,
        "1111": 6,
        "0001": 9,
        "1100": 10,
        "1000": 5,
        "0111": 5,
        "0100": 3,
        "1001": 9,
        "0000": 6,
        "1011": 8,
        "0010": 3,
        "1101": 4,
        "1010": 11,
        "0101": 4,
        "0110": 3
      },
      "job_id": "d27v6eg56fsc73e6dn80",
      "mutual_information": {
        "I_0,1": 0.0011619102115969782,
        "I_0,2": 0.00817883321240985,
        "I_0,3": 0.022449840808636864,
        "I_1,2": 0.0012026358246920252,
        "I_1,3": 0.0011848371952912582,
        "I_2,3": 0.004015621470982278
      }
    },
    "excited_state_counts": {
      "counts": {
        "1001": 10,
        "0110": 5,
        "1000": 7,
        "0011": 4,
        "1011": 6,
        "0101": 8,
        "0100": 10,
        "0000": 6,
        "0111": 4,
        "1010": 5,
        "0001": 8,
        "0010": 3,
        "1111": 9,
        "1110": 5,
        "1101": 6,
        "1100": 4
      },
      "job_id": "d27v6fp29u8s73f8mkpg",
      "mutual_information": {
        "I_0,1": 0.0002441087077730388,
        "I_0,2": 0.0012863686827763524,
        "I_0,3": 0.006733315557911249,
        "I_1,2": 0.005221705284698886,
        "I_1,3": 0.016273488006118705,
        "I_2,3": 0.007357450690169957
      }
    },
    "boundary_entropies": {
      "ground_state": {
        "entropy_A": 0.5466510182640106,
        "entropy_B": 0.5466510182640101,
        "mi_AB": 1.0933020365280035
      },
      "excited_state": {
        "entropy_A": 0.6032551122844456,
        "entropy_B": 0.6032551122844405,
        "mi_AB": 1.2065102245688761
      },
      "rt_relation_test": {
        "entropy_ratio": 0.999999999999999,
        "rt_area_ratio": 1.0,
        "rt_deviation": 9.992007221626409e-16,
        "excited_entropy_ratio": 0.9999999999999916,
        "rt_relation_change": 7.438494264988549e-15
      }
    }
  },
  "page_curve_analysis": null,
  "deutsch_ctc_analysis": null,
  "ctc_recovery_analysis": null,
  "einstein_analysis": null,
  "dynamic_evidence": {
    "angle_sums_per_timestep": [
      [
        3.141592653589793,
        0.0,
        3.141592653589793,
        3.141592653589793
      ],
      [
        3.141592653589793,
        0.0,
        3.141592653589793,
        3.141592653589793
      ],
      [
        3.141592653589793,
        0.0,
        3.141592653589793,
        3.141592653589793
      ]
    ],
    "gromov_delta_per_timestep": [
      6.872324105765287,
      6.872324105765287,
      6.872324105765287
    ],
    "edge_mi_per_timestep": [
      {
        "0,1": 0.005669135181451939,
        "0,3": 0.00284421910880037,
        "0,2": 0.011208139552788932,
        "1,2": 0.015065353089341982,
        "2,3": 0.0010029391350417811
      },
      {
        "0,1": 0.005669135181451939,
        "0,3": 0.00284421910880037,
        "0,2": 0.011208139552788932,
        "1,2": 0.015065353089341982,
        "2,3": 0.0010029391350417811
      },
      {
        "0,1": 0.005669135181451939,
        "0,3": 0.00284421910880037,
        "0,2": 0.011208139552788932,
        "1,2": 0.015065353089341982,
        "2,3": 0.0010029391350417811
      }
    ],
    "shortest_paths_per_timestep": [
      {
        "0": {
          "0": 0,
          "2": 4.491115018848204,
          "1": 5.172718698192764,
          "3": 5.862466727533245
        },
        "1": {
          "1": 0,
          "2": 4.195357668948546,
          "0": 5.172718698192764,
          "3": 11.03518542572601
        },
        "2": {
          "2": 0,
          "1": 4.195357668948546,
          "0": 4.491115018848204,
          "3": 6.904820454753112
        },
        "3": {
          "3": 0,
          "0": 5.862466727533245,
          "2": 6.904820454753112,
          "1": 11.03518542572601
        }
      },
      {
        "0": {
          "0": 0,
          "2": 4.491115018848204,
          "1": 5.172718698192764,
          "3": 5.862466727533245
        },
        "1": {
          "1": 0,
          "2": 4.195357668948546,
          "0": 5.172718698192764,
          "3": 11.03518542572601
        },
        "2": {
          "2": 0,
          "1": 4.195357668948546,
          "0": 4.491115018848204,
          "3": 6.904820454753112
        },
        "3": {
          "3": 0,
          "0": 5.862466727533245,
          "2": 6.904820454753112,
          "1": 11.03518542572601
        }
      },
      {
        "0": {
          "0": 0,
          "2": 4.491115018848204,
          "1": 5.172718698192764,
          "3": 5.862466727533245
        },
        "1": {
          "1": 0,
          "2": 4.195357668948546,
          "0": 5.172718698192764,
          "3": 11.03518542572601
        },
        "2": {
          "2": 0,
          "1": 4.195357668948546,
          "0": 4.491115018848204,
          "3": 6.904820454753112
        },
        "3": {
          "3": 0,
          "0": 5.862466727533245,
          "2": 6.904820454753112,
          "1": 11.03518542572601
        }
      }
    ],
