{
  "spec": {
    "num_qubits": 4,
    "topology": "triangulated",
    "custom_edges": "0-1:0.9763,0-2:0.9172,0-3:0.9903,1-2:1.0000,1-3:0.9083,2-3:0.9083",
    "alpha": 0.8,
    "weight": 0.9300543822724289,
    "gamma": 5.4741458259093456e-05,
    "sigma": 9.233002442316712e-05,
    "init_angle": -0.01315917519364514,
    "init_angles": null,
    "shots": 100,
    "device": "simulator",
    "geometry": "spherical",
    "curvature": 1.0,
    "timesteps": 2,
    "dimension": 2,
    "mass_hinge": null,
    "mass_value": 0.0,
    "solve_regge": false,
    "lorentzian": true,
    "excite": true,
    "fast": true,
    "fast_preset": "ultra_fast",
    "ctc_mode": true,
    "strong_curvature": true,
    "charge_injection": true,
    "charge_strength": 2.5,
    "charge_location": null,
    "spin_injection": true,
    "spin_strength": 2.0,
    "spin_location": null,
    "edge_floor": 0.001,
    "compute_entropies": true,
    "hyperbolic_triangulation": true,
    "trotter_steps": 8,
    "dt": 0.05,
    "analyze_curvature": true,
    "einstein_solver": true,
    "page_curve": true,
    "radiation_ordering": null,
    "page_curve_timesteps": 15,
    "entropy_method": "hybrid",
    "num_shadows": 100,
    "shots_per_shadow": 1000,
    "num_bases": 20,
    "shots_per_basis": 1000,
    "enhanced_entanglement": false,
    "entanglement_strength": 0.5524901644363625,
    "interpolate_geometry": false,
    "smooth_charge_injection": false,
    "min_qubits_for_continuum": 10,
    "benchmark_against_classical_geometry": false,
    "geometry_fit_metric": "wasserstein,kl,euclidean",
    "verify_noise_robustness": false,
    "run_on_multiple_backends": false,
    "detect_and_flag_causal_loops": true,
    "restrict_information_flow_direction": "bidirectional",
    "filter_noncausal_edges": true,
    "use_ryu_takayanagi_test": true,
    "compare_MI_vs_subsystem_entropy": true,
    "embed_boundary_entropy_in_geometry": true,
    "entropy_engineering": true,
    "target_entropy_pattern": "quantum_gravity",
    "custom_target_entropies": null,
    "entropy_optimization_iterations": 200,
    "entropy_tolerance": 0.05,
    "continue_on_engineering_failure": true,
    "validate_engineered_geometry": true,
    "enhance_bell_violations": true,
    "bell_entanglement_strength": 4.0,
    "teleportation_circuits": true,
    "long_range_coupling": 3.0,
    "holographic_optimization": true,
    "rt_surface_encoding": true,
    "conformal_symmetry": true,
    "bulk_reconstruction": true,
    "scalable_entanglement": true,
    "parallel_execution": true,
    "memory_optimization": true,
    "circuit_compilation": "optimized",
    "real_hardware": false,
    "error_mitigation": true,
    "zero_noise_extrapolation": true,
    "zne_noise_factors": [
      1.0,
      2.0,
      3.0
    ],
    "zne_extrapolation_method": "polynomial",
    "hardware_calibration": true,
    "noise_characterization": true,
    "backend_name": "ibm_brisbane",
    "quantum_mode": true,
    "quantum_entanglement_strength": 5.0,
    "quantum_circuit_depth": 12
  },
  "uid": "ZBFTP6",
  "counts_per_timestep": [
    null,
    null
  ],
  "job_ids_per_timestep": [
    null,
    null
  ],
  "entropy_per_timestep": [
    null,
    null
  ],
  "mutual_information_per_timestep": [
    {
      "I_0,1": 0.017933340468355645,
      "I_0,2": 0.018265976877273944,
      "I_0,3": 0.017933340468355964,
      "I_1,2": 0.01793334046835576,
      "I_1,3": 0.004084342320626953,
      "I_2,3": 0.017933340468355777
    },
    {
      "I_0,1": 0.18910251912280662,
      "I_0,2": 0.1758053956598995,
      "I_0,3": 0.1891025191228069,
      "I_1,2": 0.18910251912280557,
      "I_1,3": 0.1180585254915576,
      "I_2,3": 0.1891025191228059
    }
  ],
  "boundary_entropies_per_timestep": [
    {
      "entropy_A": 0.019689679799614584,
      "entropy_B": 0.019689679799613505,
      "mi_AB": 0.039379359599222744,
      "pure_state_check": true,
      "entropy_difference": 1.078998002057574e-15,
      "multiple_regions": {
        "size_1_region_0": {
          "region": [
            0
          ],
          "entropy": 0.026780497077936522,
          "rt_area": 3,
          "size": 1
        },
        "size_1_region_1": {
          "region": [
            1
          ],
          "entropy": 0.01968967979961361,
          "rt_area": 3,
          "size": 1
        },
        "size_1_region_2": {
          "region": [
            2
          ],
          "entropy": 0.026780497077936474,
          "rt_area": 3,
          "size": 1
        },
        "size_2_region_0": {
          "region": [
            0,
            1
          ],
          "entropy": 0.028536836409194487,
          "rt_area": 4,
          "size": 2
        },
        "size_2_region_1": {
          "region": [
            0,
            2
          ],
          "entropy": 0.035295017278599336,
          "rt_area": 4,
          "size": 2
        },
        "size_2_region_2": {
          "region": [
            0,
            3
          ],
          "entropy": 0.02853683640919396,
          "rt_area": 4,
          "size": 2
        },
        "size_3_region_0": {
          "region": [
            0,
            1,
            2
          ],
          "entropy": 0.019689679799614584,
          "rt_area": 3,
          "size": 3
        },
        "size_3_region_1": {
          "region": [
            0,
            1,
            3
          ],
          "entropy": 0.02678049707793593,
          "rt_area": 3,
          "size": 3
        },
        "size_3_region_2": {
          "region": [
            0,
            2,
            3
          ],
          "entropy": 0.01968967979961594,
          "rt_area": 3,
          "size": 3
        }
      }
    },
    {
      "entropy_A": 0.25216629744370644,
      "entropy_B": 0.2521662974437066,
      "mi_AB": 0.504332594887399,
      "pure_state_check": true,
      "entropy_difference": 1.6653345369377348e-16,
      "multiple_regions": {
        "size_1_region_0": {
          "region": [
            0
          ],
          "entropy": 0.28103973252787673,
          "rt_area": 3,
          "size": 1
        },
        "size_1_region_1": {
          "region": [
            1
          ],
          "entropy": 0.2521662974437066,
          "rt_area": 3,
          "size": 1
        },
        "size_1_region_2": {
          "region": [
            2
          ],
          "entropy": 0.2810397325278762,
          "rt_area": 3,
          "size": 1
        },
        "size_2_region_0": {
          "region": [
            0,
            1
          ],
          "entropy": 0.3441035108487762,
          "rt_area": 4,
          "size": 2
        },
        "size_2_region_1": {
          "region": [
            0,
            2
          ],
          "entropy": 0.3862740693958535,
          "rt_area": 4,
          "size": 2
        },
        "size_2_region_2": {
          "region": [
            0,
            3
          ],
          "entropy": 0.3441035108487764,
          "rt_area": 4,
          "size": 2
        },
        "size_3_region_0": {
          "region": [
            0,
            1,
            2
          ],
          "entropy": 0.25216629744370644,
          "rt_area": 3,
          "size": 3
        },
        "size_3_region_1": {
          "region": [
            0,
            1,
            3
          ],
          "entropy": 0.2810397325278798,
          "rt_area": 3,
          "size": 3
        },
        "size_3_region_2": {
          "region": [
            0,
            2,
            3
          ],
          "entropy": 0.2521662974437088,
          "rt_area": 3,
          "size": 3
        }
      }
    }
  ],
  "distance_matrix_per_timestep": [
    [
      [
        0.0,
        4.02109370261889,
        4.002715136602319,
        4.021093702618872
      ],
      [
        4.02109370261889,
        0.0,
        4.021093702618883,
        8.042187405237762
      ],
      [
        4.002715136602319,
        4.021093702618883,
        0.0,
        4.021093702618882
      ],
      [
        4.021093702618872,
        8.042187405237762,
        4.021093702618882,
        0.0
      ]
    ],
    [
      [
        0.0,
        1.6654659817628477,
        1.738377602166218,
        1.6654659817628463
      ],
      [
        1.6654659817628477,
        0.0,
        1.6654659817628532,
        3.330931963525694
      ],
      [
        1.738377602166218,
        1.6654659817628532,
        0.0,
        1.6654659817628514
      ],
      [
        1.6654659817628463,
        3.330931963525694,
        1.6654659817628514,
        0.0
      ]
    ]
  ],
  "edge_mi": {
    "0,1": 0.18910251912280662,
    "0,3": 0.1891025191228069,
    "0,2": 0.1758053956598995,
    "1,2": 0.18910251912280557,
    "2,3": 0.1891025191228059
  },
  "distance_matrix": [
    [
      0.0,
      1.6654659817628477,
      1.738377602166218,
      1.6654659817628463
    ],
    [
      1.6654659817628477,
      0.0,
      1.6654659817628532,
      2.1365747987312607
    ],
    [
      1.738377602166218,
      1.6654659817628532,
      0.0,
      1.6654659817628514
    ],
    [
      1.6654659817628463,
      2.1365747987312607,
      1.6654659817628514,
      0.0
    ]
  ],
  "shortest_paths": {
    "0": {
      "0": 0,
      "3": 1.6654659817628463,
      "1": 1.6654659817628477,
      "2": 1.738377602166218
    },
    "1": {
      "1": 0,
      "0": 1.6654659817628477,
      "2": 1.6654659817628532,
      "3": 2.1365747987312607
    },
    "2": {
      "2": 0,
      "3": 1.6654659817628514,
      "1": 1.6654659817628532,
      "0": 1.738377602166218
    },
    "3": {
      "3": 0,
      "0": 1.6654659817628463,
      "2": 1.6654659817628514,
      "1": 2.1365747987312607
    }
  },
  "gromov_delta": 1.068287399365631,
  "mean_distance": 1.3171020409936096,
  "angle_sums": [
    5.115856569316096,
    5.641962352484059,
    5.115856569316091,
    5.6419623524840805
  ],
  "mean_angle_sum": 5.378909460900081,
  "min_angle_sum": 5.115856569316091,
  "max_angle_sum": 5.6419623524840805,
  "angle_sum_deviations": [
    1.9742639157263024,
    2.500369698894266,
    1.974263915726298,
    2.5003696988942874
  ],
  "triangle_inequality_violations": [],
  "embedding_coords": null,
  "edge_weight_variance": 0.0015615622222222212,
  "event_nodes": [
    [
      0,
      0
    ],
    [
      1,
      0
    ],
    [
      2,
      0
    ],
    [
      3,
      0
    ],
    [
      0,
      1
    ],
    [
      1,
      1
    ],
    [
      2,
      1
    ],
    [
      3,
      1
    ]
  ],
  "event_edges": [
    {
      "type": "spatial",
      "from": [
        0,
        0
      ],
      "to": [
        1,
        0
      ],
      "weight": 4.02109370261889
    },
    {
      "type": "spatial",
      "from": [
        0,
        0
      ],
      "to": [
        2,
        0
      ],
      "weight": 4.002715136602319
    },
    {
      "type": "spatial",
      "from": [
        0,
        0
      ],
      "to": [
        3,
        0
      ],
      "weight": 4.021093702618872
    },
    {
      "type": "spatial",
      "from": [
        1,
        0
      ],
      "to": [
        2,
        0
      ],
      "weight": 4.021093702618883
    },
    {
      "type": "spatial",
      "from": [
        1,
        0
      ],
      "to": [
        3,
        0
      ],
      "weight": 8.042187405237762
    },
    {
      "type": "spatial",
      "from": [
        2,
        0
      ],
      "to": [
        3,
        0
      ],
      "weight": 4.021093702618882
    },
    {
      "type": "temporal",
      "from": [
        0,
        0
      ],
      "to": [
        0,
        1
      ],
      "weight": 1.0
    },
    {
      "type": "temporal",
      "from": [
        1,
        0
      ],
      "to": [
        1,
        1
      ],
      "weight": 1.0
    },
    {
      "type": "temporal",
      "from": [
        2,
        0
      ],
      "to": [
        2,
        1
      ],
      "weight": 1.0
    },
    {
      "type": "temporal",
      "from": [
        3,
        0
      ],
      "to": [
        3,
        1
      ],
      "weight": 1.0
    },
    {
      "type": "spatial",
      "from": [
        0,
        1
      ],
      "to": [
        1,
        1
      ],
      "weight": 1.6654659817628477
    },
    {
      "type": "spatial",
      "from": [
        0,
        1
      ],
      "to": [
        2,
        1
      ],
      "weight": 1.738377602166218
    },
    {
      "type": "spatial",
      "from": [
        0,
        1
      ],
      "to": [
        3,
        1
      ],
      "weight": 1.6654659817628463
    },
    {
      "type": "spatial",
      "from": [
        1,
        1
      ],
      "to": [
        2,
        1
      ],
      "weight": 1.6654659817628532
    },
    {
      "type": "spatial",
      "from": [
        1,
        1
      ],
      "to": [
        3,
        1
      ],
      "weight": 3.330931963525694
    },
    {
      "type": "spatial",
      "from": [
        2,
        1
      ],
      "to": [
        3,
        1
      ],
      "weight": 1.6654659817628514
    }
  ],
  "lorentzian_dissimilarity": [
    [
      0.0,
      16.16919456524129,
      16.021728464785323,
      16.16919456524115,
      -1.0,
      15.169194565241291,
      15.021728464785323,
      15.169194565241149
    ],
    [
      16.16919456524129,
      0.0,
      16.169194565241234,
      64.67677826096488,
      15.169194565241291,
      -1.0,
      15.169194565241234,
      63.67677826096488
    ],
    [
      16.021728464785323,
      16.169194565241234,
      0.0,
      16.169194565241227,
      15.021728464785323,
      15.169194565241234,
      -1.0,
      15.169194565241227
    ],
    [
      16.16919456524115,
      64.67677826096488,
      16.169194565241227,
      0.0,
      15.169194565241149,
      63.67677826096488,
      15.169194565241227,
      -1.0
    ],
    [
      -1.0,
      15.169194565241291,
      15.021728464785323,
      15.169194565241149,
      0.0,
      2.773776936409286,
      3.02195668771317,
      2.7737769364092815
    ],
    [
      15.169194565241291,
      -1.0,
      15.169194565241234,
      63.67677826096488,
      2.773776936409286,
      0.0,
      2.7737769364093046,
      11.095107745637135
    ],
    [
      15.021728464785323,
      15.169194565241234,
      -1.0,
      15.169194565241227,
      3.02195668771317,
      2.7737769364093046,
      0.0,
      2.773776936409299
    ],
    [
      15.169194565241149,
      63.67677826096488,
      15.169194565241227,
      -1.0,
      2.7737769364092815,
      11.095107745637135,
      2.773776936409299,
      0.0
    ]
  ],
  "lorentzian_embedding": [
    [
      0.0,
      0.0,
      0.0
    ],
    [
      0.0,
      0.0,
      0.0
    ],
    [
      0.0,
      0.0,
      0.0
    ],
    [
      0.0,
      0.0,
      0.0
    ],
    [
      0.0,
      0.0,
      0.0
    ],
    [
      0.0,
      0.0,
      0.0
    ],
    [
      0.0,
      0.0,
      0.0
    ],
    [
      0.0,
      0.0,
      0.0
    ]
  ],
  "edge_length_evolution": [],
  "angle_deficit_evolution": [],
  "regge_action_evolution": [],
  "gromov_delta_evolution": [],
  "mass_hinge": null,
  "mass_value": 0.0,
  "matter": [
    {
      "(0, 1)": 0.0,
      "(1, 2)": 0.0,
      "(0, 3)": 0.0,
      "(2, 3)": 0.0,
      "(0, 2)": 0.0,
      "(1, 3)": 0.0
    },
    {
      "(0, 1)": 0.0,
      "(1, 2)": 0.0,
      "(0, 3)": 0.0,
      "(2, 3)": 0.0,
      "(0, 2)": 0.0,
      "(1, 3)": 0.0
    }
  ],
  "stationary_solution": null,
  "einstein_analysis_per_timestep": [
    {
      "ricci_tensor": [
        [
          0.005880230066957753,
          0.0
        ],
        [
          0.0,
          0.005880230066957753
        ]
      ],
      "metric_tensor": [
        [
          1.0011760460133916,
          0.0005880230066957754
        ],
        [
          0.0005880230066957754,
          1.0011760460133916
        ]
      ],
      "stress_energy_tensor": [
        [
          0.005880230066957753,
          0.00011760460133915506
        ],
        [
          0.00011760460133915506,
          0.005880230066957753
        ]
      ],
      "einstein_solution": {
        "einstein_tensor": [
          [
            0.0,
            0.0
          ],
          [
            0.0,
            0.0
          ]
        ],
        "ricci_scalar": 0.011760460133915506,
        "metric_tensor": [
          [
            1.0,
            0.0
          ],
          [
            0.0,
            1.0
          ]
        ],
        "lhs": [
          [
            0.0,
            0.0
          ],
          [
            0.0,
            0.0
          ]
        ],
        "rhs": [
          [
            0.005880230066957753,
            0.00011760460133915506
          ],
          [
            0.00011760460133915506,
            0.005880230066957753
          ]
        ],
        "equations_satisfied": false,
        "residual": 0.008317564124503053,
        "conservation_violation": 0.005880230066957753,
        "gravitational_constant": 0.039788735772973836,
        "cosmological_constant": 0.0
      },
      "entropy_first_derivative": 0.0,
      "entropy_second_derivative": 0.0,
      "entropy_curvature_correlation": 0.008315896110568714,
      "emergent_gravitational_constant": 0.0009358676816739131,
      "average_mutual_information": 0.011760460133915506,
      "ricci_scalar": 0.011760460133915506,
      "analysis_summary": {
        "einstein_equations_satisfied": false,
        "residual_magnitude": 0.008317564124503053,
        "conservation_violation": 0.005880230066957753,
        "entropy_evolution_rate": 0.0,
        "entropy_acceleration": 0.0,
        "entanglement_curvature_coupling": 0.008315896110568714
      }
    },
    {
      "ricci_tensor": [
        [
          0.06564212485266763,
          0.0
        ],
        [
          0.0,
          0.06564212485266763
        ]
      ],
      "metric_tensor": [
        [
          1.0131284249705335,
          0.006564212485266763
        ],
        [
          0.006564212485266763,
          1.0131284249705335
        ]
      ],
      "stress_energy_tensor": [
        [
          0.06564212485266763,
          0.0013128424970533525
        ],
        [
          0.0013128424970533525,
          0.06564212485266763
        ]
      ],
      "einstein_solution": {
        "einstein_tensor": [
          [
            0.0,
            0.0
          ],
          [
            0.0,
            0.0
          ]
        ],
        "ricci_scalar": 0.13128424970533525,
        "metric_tensor": [
          [
            1.0,
            0.0
          ],
          [
            0.0,
            1.0
          ]
        ],
        "lhs": [
          [
            0.0,
            0.0
          ],
          [
            0.0,
            0.0
          ]
        ],
        "rhs": [
          [
            0.06564212485266763,
            0.0013128424970533525
          ],
          [
            0.0013128424970533525,
            0.06564212485266763
          ]
        ],
        "equations_satisfied": false,
        "residual": 0.09285054777000805,
        "conservation_violation": 0.06564212485266763,
        "gravitational_constant": 0.039788735772973836,
        "cosmological_constant": 0.0
      },
      "entropy_first_derivative": 0.0,
      "entropy_second_derivative": 0.0,
      "entropy_curvature_correlation": 0.09283197822963082,
      "emergent_gravitational_constant": 0.010447268645357406,
      "average_mutual_information": 0.13128424970533525,
      "ricci_scalar": 0.13128424970533525,
      "analysis_summary": {
        "einstein_equations_satisfied": false,
        "residual_magnitude": 0.09285054777000805,
        "conservation_violation": 0.06564212485266763,
        "entropy_evolution_rate": 0.0,
        "entropy_acceleration": 0.0,
        "entanglement_curvature_coupling": 0.09283197822963082
      }
    }
  ],
  "bootstrap_analysis": {
    "gromov_delta": {
      "mean": 2.843279842190869,
      "lower_ci": 1.6654659817628477,
      "upper_ci": 4.02109370261889,
      "all_values": [
        4.02109370261889,
        1.6654659817628477
      ],
      "uncertainty": 1.1778138604280208
    },
    "entropy": {
      "mean": null,
      "lower_ci": null,
      "upper_ci": null,
      "uncertainty": null
    },
    "distance_matrix": {
      "mean": [
        [
          0.0,
          2.843279842190869,
          2.8705463693842685,
          2.843279842190859
        ],
        [
          2.843279842190869,
          0.0,
          2.843279842190868,
          5.686559684381728
        ],
        [
          2.8705463693842685,
          2.843279842190868,
          0.0,
          2.8432798421908667
        ],
        [
          2.843279842190859,
          5.686559684381728,
          2.8432798421908667,
          0.0
        ]
      ],
      "lower_ci": [
        [
          0.0,
          1.6654659817628477,
          1.738377602166218,
          1.6654659817628463
        ],
        [
          1.6654659817628477,
          0.0,
          1.6654659817628532,
          3.330931963525694
        ],
        [
          1.738377602166218,
          1.6654659817628532,
          0.0,
          1.6654659817628514
        ],
        [
          1.6654659817628463,
          3.330931963525694,
          1.6654659817628514,
          0.0
        ]
      ],
      "upper_ci": [
        [
          0.0,
          4.02109370261889,
          4.002715136602319,
          4.021093702618872
        ],
        [
          4.02109370261889,
          0.0,
          4.021093702618883,
          8.042187405237762
        ],
        [
          4.002715136602319,
          4.021093702618883,
          0.0,
          4.021093702618882
        ],
        [
          4.021093702618872,
          8.042187405237762,
          4.021093702618882,
          0.0
        ]
      ]
    }
  },
  "topology_compatibility": {
    "current_topology": "triangulated",
    "explanation": "Triangulated topology is specifically designed for angle-sum curvature. Creates multiple triangles per vertex, enabling robust local curvature measurements. Each vertex has multiple incident triangles for well-defined angle sums.",
    "supports_local_curvature": true
  },
  "rt_surface_analysis": {
    "region_A": [
      0
    ],
    "region_B": [
      1,
      2,
      3
    ],
    "bulk_point": 2,
    "is_complementary": true,
    "rt_area_AB": 5.069309565691912,
    "rt_area_BA": 5.069309565691912,
    "area_consistent": true,
    "edges_consistent": true,
    "area_difference": 0.0,
    "rt_edges_AB": [
      [
        0,
        1
      ],
      [
        0,
        2
      ],
      [
        0,
        3
      ]
    ],
    "rt_edges_BA": [
      [
        0,
        1
      ],
      [
        0,
        2
      ],
      [
        0,
        3
      ]
    ],
    "edge_lengths": [
      1.6654659817628477,
      1.738377602166218,
      1.6654659817628463,
      1.6654659817628532,
      3.330931963525694,
      1.6654659817628514
    ],
    "all_edges": [
      [
        0,
        1
      ],
      [
        0,
        2
      ],
      [
        0,
        3
      ],
      [
        1,
        2
      ],
      [
        1,
        3
      ],
      [
        2,
        3
      ]
    ]
  },
  "bulk_excitation_analysis": {
    "ground_state_mi": [
      [
        0.0,
        0.18910251912280707,
        0.1758053956598994,
        0.1891025191228069
      ],
      [
        0.18910251912280707,
        0.0,
        0.189102519122806,
        0.11805852549155771
      ],
      [
        0.1758053956598994,
        0.189102519122806,
        0.0,
        0.18910251912280635
      ],
      [
        0.1891025191228069,
        0.11805852549155771,
        0.18910251912280635,
        0.0
      ]
    ],
    "excited_state_mi": [
      [
        0.0,
        0.1728599522548313,
        0.16795762500219902,
        0.17285995225483103
      ],
      [
        0.1728599522548313,
        0.0,
        0.3458780231007953,
        0.15745057985690203
      ],
      [
        0.16795762500219902,
        0.3458780231007953,
        0.0,
        0.345878023100795
      ],
      [
        0.17285995225483103,
        0.15745057985690203,
        0.345878023100795,
        0.0
      ]
    ],
    "mi_difference": [
      [
        0.0,
        -0.01624256686797576,
        -0.00784777065770037,
        -0.01624256686797587
      ],
      [
        -0.01624256686797576,
        0.0,
        0.15677550397798928,
        0.03939205436534432
      ],
      [
        -0.00784777065770037,
        0.15677550397798928,
        0.0,
        0.15677550397798867
      ],
      [
        -0.01624256686797587,
        0.03939205436534432,
        0.15677550397798867,
        0.0
      ]
    ],
    "avg_mi_change": 0.049159495839371785,
    "max_mi_change": 0.15677550397798928,
    "mi_change_boundary_A": NaN,
    "mi_change_boundary_B": 0.11764768744044075,
    "bulk_point": 2,
    "ground_state_counts": {
      "0001 0001": 1,
      "1010 1010": 2,
      "1001 1001": 3,
      "1110 1110": 4,
      "0101 0101": 1,
      "0000 0000": 64,
      "1000 1000": 9,
      "0010 0010": 7,
      "0111 0111": 2,
      "1100 1100": 2,
      "0011 0011": 3,
      "1101 1101": 2
    },
    "excited_state_counts": {
      "1010 1000": 1,
      "1010 0000": 23,
      "1000 0010": 7,
      "0010 1000": 6,
      "1001 0001": 1,
      "0010 0000": 3,
      "0100 1010": 1,
      "1100 0000": 4,
      "1110 0000": 23,
      "1101 0011": 1,
      "1100 0010": 5,
      "1000 0000": 6,
      "1010 0010": 1,
      "0101 1011": 1,
      "0110 1100": 1,
      "0110 0000": 3,
      "0001 0011": 1,
      "0011 1001": 1,
      "0100 1000": 1,
      "1111 1001": 1,
      "1000 0110": 2,
      "0001 1111": 1,
      "1001 0111": 4,
      "0000 0000": 1,
      "0001 0111": 1
    },
    "boundary_entropies": {
      "ground_state": {
        "entropy_A": 0.25216629744370644,
        "entropy_B": 0.2521662974437066,
        "mi_AB": 0.504332594887399
      },
      "excited_state": {
        "entropy_A": 0.36229524537821073,
        "entropy_B": 0.36229524537820823,
        "mi_AB": 0.7245904907564035
      },
      "rt_relation_test": {
        "entropy_ratio": 1.0000000000000007,
        "rt_area_ratio": 1.0,
        "rt_deviation": 6.661338147750939e-16,
        "excited_entropy_ratio": 0.9999999999999931,
        "rt_relation_change": 7.549516567451064e-15
      }
    }
  },
  "page_curve_analysis": null,
  "einstein_analysis": null,
  "dynamic_evidence": {
    "angle_sums_per_timestep": [
      [
        9.42477796076938,
        0.0,
        9.42477796076938,
        3.1415927080383605
      ],
      [
        5.115856569316096,
        0.0,
        5.115856569316091,
        3.141592653589793
      ]
    ],
    "gromov_delta_per_timestep": [
      4.02109370261889,
      1.6654659817628477
    ],
    "edge_mi_per_timestep": [
      {
        "0,1": 0.017933340468355645,
        "0,3": 0.017933340468355964,
        "0,2": 0.018265976877273944,
        "1,2": 0.01793334046835576,
        "2,3": 0.017933340468355777
      },
      {
        "0,1": 0.18910251912280662,
        "0,3": 0.1891025191228069,
        "0,2": 0.1758053956598995,
        "1,2": 0.18910251912280557,
        "2,3": 0.1891025191228059
      }
    ],
    "shortest_paths_per_timestep": [
      {
        "0": {
          "0": 0,
          "2": 4.002715136602319,
          "3": 4.021093702618872,
          "1": 4.02109370261889
        },
        "1": {
          "1": 0,
          "2": 4.021093702618883,
          "0": 4.02109370261889,
          "3": 8.042187405237762
        },
        "2": {
          "2": 0,
          "0": 4.002715136602319,
          "3": 4.021093702618882,
          "1": 4.021093702618883
        },
        "3": {
          "3": 0,
          "0": 4.021093702618872,
          "2": 4.021093702618882,
          "1": 8.042187405237762
        }
      },
      {
        "0": {
          "0": 0,
          "3": 1.6654659817628463,
          "1": 1.6654659817628477,
          "2": 1.738377602166218
        },
        "1": {
          "1": 0,
          "0": 1.6654659817628477,
          "2": 1.6654659817628532,
          "3": 3.330931963525694
        },
        "2": {
          "2": 0,
          "3": 1.6654659817628514,
          "1": 1.6654659817628532,
          "0": 1.738377602166218
        },
        "3": {
          "3": 0,
          "0": 1.6654659817628463,
          "2": 1.6654659817628514,
          "1": 3.330931963525694
        }
      }
    ],
    "mean_distance_per_timestep": [
      3.5161596690394505,
      1.4663966865929137
    ],
    "triangle_violations_per_timestep": [
      0,
      0
    ],
    "embedding_coords_per_timestep": [
      [
        [
          0.13115927095775162,
          0.557923863135166
        ],
        [
          -0.17000031254282666,
          -0.12132822161054149
        ],
        [
          -0.19751799282577095,
          -0.5394373318978334
        ],
        [
          0.236359034410846,
          0.1028416903732089
        ]
      ],
      [
        [
          0.4090109393350974,
          0.5049215436132808
        ],
        [
          -0.445206574323561,
          0.011231024773586075
        ],
        [
          0.46489227476960365,
          -0.4602939062627089
        ],
        [
          -0.42869663978114014,
          -0.055858662124158076
        ]
      ]
    ],
    "regge_evolution_data": null,
    "evolution_summary": {
      "total_timesteps": 2,
      "gromov_delta_range": [
        1.6654659817628477,
        4.02109370261889
      ],
      "mean_distance_range": [
        1.4663966865929137,
        3.5161596690394505
      ],
      "total_triangle_violations": 0,
      "hyperbolic_evolution": [
        false,
        false
      ],
      "regge_corrected": false
    }
  },
  "quantum_state_outputs": [
    {
      "timestep": 1,
      "statevector": [
        {
          "real": -0.32617024243768034,
          "imag": -0.8046178604901827
        },
        {
          "real": -0.1754980861867511,
          "imag": -0.1233670806670483
        },
        {
          "real": -0.23599757239717,
          "imag": -0.0675743944622527
        },
        {
          "real": -0.05685725853811786,
          "imag": 0.046893976315798384
        },
        {
          "real": -0.17549808618675108,
          "imag": -0.12336708066704824
        },
        {
          "real": -0.0646334229636133,
          "imag": 0.022526261156954587
        },
        {
          "real": -0.05685725853811791,
          "imag": 0.04689397631579837
        },
        {
          "real": 0.011926625678773409,
          "imag": 0.020975249305505757
        },
        {
          "real": -0.23599757239717004,
          "imag": -0.06757439446225263
        },
        {
          "real": -0.05685725853811788,
          "imag": 0.046893976315798364
        },
        {
          "real": -0.05673747851706349,
          "imag": 0.040355433357666656
        },
        {
          "real": 0.010057330533423468,
          "imag": 0.021881379362756994
        },
        {
          "real": -0.05685725853811788,
          "imag": 0.04689397631579836
        },
        {
          "real": 0.011926625678773409,
          "imag": 0.020975249305505757
        },
        {
          "real": 0.010057330533423468,
          "imag": 0.021881379362756997
        },
        {
          "real": 0.005939002792877377,
          "imag": -0.004835094061778134
        }
      ],
      "mutual_information_matrix": [
        [
          0.0,
          0.017933340468355645,
          0.018265976877273944,
          0.017933340468355964
        ],
        [
          0.017933340468355645,
          0.0,
          0.01793334046835576,
          0.004084342320626953
        ],
        [
          0.018265976877273944,
          0.01793334046835576,
          0.0,
          0.017933340468355777
        ],
        [
          0.017933340468355964,
          0.004084342320626953,
          0.017933340468355777,
          0.0
        ]
      ],
      "circuit_depth": 42,
      "num_gates": 77
    },
    {
      "timestep": 2,
      "statevector": [
        {
          "real": -0.42639409872437256,
          "imag": 0.6791182235719934
        },
        {
          "real": -0.09522941917325344,
          "imag": 0.08300861904917751
        },
        {
          "real": -0.11529654623154496,
          "imag": 0.28698868006369194
        },
        {
          "real": -0.026438466546587498,
          "imag": 0.12747953253002237
        },
        {
          "real": -0.09522941917325332,
          "imag": 0.08300861904917756
        },
        {
          "real": -0.07263543711828656,
          "imag": 0.009607720598378059
        },
        {
          "real": -0.026438466546587543,
          "imag": 0.1274795325300223
        },
        {
          "real": 0.08318386879756999,
          "imag": 0.06638595079239419
        },
        {
          "real": -0.11529654623154499,
          "imag": 0.2869886800636919
        },
        {
          "real": -0.026438466546587543,
          "imag": 0.12747953253002234
        },
        {
          "real": -0.021094083835797278,
          "imag": 0.09595176020238567
        },
        {
          "real": 0.06226551721284067,
          "imag": 0.08573387027697393
        },
        {
          "real": -0.026438466546587484,
          "imag": 0.12747953253002225
        },
        {
          "real": 0.08318386879756993,
          "imag": 0.06638595079239419
        },
        {
          "real": 0.06226551721284066,
          "imag": 0.08573387027697392
        },
        {
          "real": 0.016470737157480486,
          "imag": -0.07454926960972966
        }
      ],
      "mutual_information_matrix": [
        [
          0.0,
          0.18910251912280662,
          0.1758053956598995,
          0.1891025191228069
        ],
        [
          0.18910251912280662,
          0.0,
          0.18910251912280557,
          0.1180585254915576
        ],
        [
          0.1758053956598995,
          0.18910251912280557,
          0.0,
          0.1891025191228059
        ],
        [
          0.1891025191228069,
          0.1180585254915576,
          0.1891025191228059,
          0.0
        ]
      ],
      "circuit_depth": 82,
      "num_gates": 149
    }
  ]
}