{
  "experiment_name": "temporal_embedding_metric_enhanced",
  "timestamp": "20250711_154336",
  "parameters": {
    "device": "simulator",
    "shots": 1024,
    "num_timesteps_list": [
      2,
      3,
      4
    ],
    "num_qubits": 3,
    "use_controlled_rotations": true
  },
  "results": [
    {
      "num_timesteps": 2,
      "num_qubits": 3,
      "mi_results": {
        "mutual_information": 2.4312690960413037,
        "entropy_temporal": 1.2156345480206532,
        "entropy_system": 1.2156345480206543,
        "entropy_full": 3.967733676725306e-15
      },
      "mi_matrix": [
        [
          0.0,
          0.5912145602041468,
          0.20255614177804504,
          0.2025561417780446,
          0.20255614177804393
        ],
        [
          0.5912145602041468,
          0.0,
          0.21493672041518508,
          0.2149367204151864,
          0.2149367204151864
        ],
        [
          0.20255614177804504,
          0.21493672041518508,
          0.0,
          0.35819701784578584,
          0.35819701784578517
        ],
        [
          0.2025561417780446,
          0.2149367204151864,
          0.35819701784578584,
          0.0,
          0.35819701784578806
        ],
        [
          0.20255614177804393,
          0.2149367204151864,
          0.35819701784578517,
          0.35819701784578806,
          0.0
        ]
      ],
      "counts": {
        "01100 00000": 29,
        "11011 00000": 29,
        "10101 00000": 28,
        "11101 00000": 140,
        "10011 00000": 6,
        "00100 00000": 43,
        "11110 00000": 255,
        "11000 00000": 43,
        "11100 00000": 31,
        "10100 00000": 27,
        "01111 00000": 37,
        "01101 00000": 29,
        "10001 00000": 5,
        "11111 00000": 151,
        "11001 00000": 37,
        "10111 00000": 23,
        "01000 00000": 29,
        "00111 00000": 10,
        "00000 00000": 22,
        "10000 00000": 27,
        "01011 00000": 4,
        "00001 00000": 2,
        "00101 00000": 11,
        "01001 00000": 6
      },
      "use_controlled_rotations": true
    },
    {
      "num_timesteps": 3,
      "num_qubits": 3,
      "mi_results": {
        "mutual_information": 2.759526720789121,
        "entropy_temporal": 1.3797633603945634,
        "entropy_system": 1.3797633603945638,
        "entropy_full": 6.189219299327215e-15
      },
      "mi_matrix": [
        [
          0.0,
          0.4722724042240418,
          0.04794256813222897,
          0.09940592805335968,
          0.09940592805335857,
          0.09940592805335902
        ],
        [
          0.4722724042240418,
          0.0,
          0.15597222904291774,
          0.042159846861894446,
          0.04215984686189467,
          0.042159846861894223
        ],
        [
          0.04794256813222897,
          0.15597222904291774,
          0.0,
          0.06825715289339551,
          0.06825715289339551,
          0.06825715289339507
        ],
        [
          0.09940592805335968,
          0.042159846861894446,
          0.06825715289339551,
          0.0,
          0.3716898276464864,
          0.3716898276464866
        ],
        [
          0.09940592805335857,
          0.04215984686189467,
          0.06825715289339551,
          0.3716898276464864,
          0.0,
          0.37168982764648306
        ],
        [
          0.09940592805335902,
          0.042159846861894223,
          0.06825715289339507,
          0.3716898276464866,
          0.37168982764648306,
          0.0
        ]
      ],
      "counts": {
        "111100 000000": 104,
        "101101 000000": 10,
        "011010 000000": 18,
        "111110 000000": 109,
        "101010 000000": 13,
        "111001 000000": 113,
        "001000 000000": 24,
        "010110 000000": 1,
        "000101 000000": 22,
        "111010 000000": 51,
        "111000 000000": 15,
        "110111 000000": 20,
        "111111 000000": 57,
        "100000 000000": 18,
        "011000 000000": 18,
        "100101 000000": 23,
        "101111 000000": 16,
        "111101 000000": 6,
        "001111 000000": 6,
        "010010 000000": 12,
        "010000 000000": 21,
        "001010 000000": 5,
        "000000 000000": 22,
        "010111 000000": 8,
        "101000 000000": 13,
        "111011 000000": 99,
        "110011 000000": 15,
        "100011 000000": 1,
        "010101 000000": 17,
        "110101 000000": 14,
        "001101 000000": 16,
        "001011 000000": 3,
        "100111 000000": 13,
        "101011 000000": 8,
        "000111 000000": 1,
        "100010 000000": 21,
        "011101 000000": 9,
        "110000 000000": 17,
        "110010 000000": 16,
        "011110 000000": 10,
        "110110 000000": 7,
        "011011 000000": 9,
        "011001 000000": 1,
        "101110 000000": 6,
        "001110 000000": 1,
        "011111 000000": 13,
        "110001 000000": 2
      },
      "use_controlled_rotations": true
    },
    {
      "num_timesteps": 4,
      "num_qubits": 3,
      "mi_results": {
        "mutual_information": 3.0070413952653867,
        "entropy_temporal": 1.5035206976327002,
        "entropy_system": 1.503520697632697,
        "entropy_full": 1.0592662175791199e-14
      },
      "mi_matrix": [
        [
          0.0,
          0.5590027519472915,
          0.08664350426052891,
          0.014757281041418713,
          0.06893642433056124,
          0.06893642433056146,
          0.0689364243305608
        ],
        [
          0.5590027519472915,
          0.0,
          0.21644004717929377,
          0.07412071610552262,
          0.011138501402641499,
          0.01113850140264172,
          0.011138501402641277
        ],
        [
          0.08664350426052891,
          0.21644004717929377,
          0.0,
          0.14039387895788336,
          0.03310433788963607,
          0.03310433788963607,
          0.03310433788963607
        ],
        [
          0.014757281041418713,
          0.07412071610552262,
          0.14039387895788336,
          0.0,
          0.03882809657213082,
          0.03882809657213082,
          0.03882809657213104
        ],
        [
          0.06893642433056124,
          0.011138501402641499,
          0.03310433788963607,
          0.03882809657213082,
          0.0,
          0.3939582532291781,
          0.3939582532291781
        ],
        [
          0.06893642433056146,
          0.01113850140264172,
          0.03310433788963607,
          0.03882809657213082,
          0.3939582532291781,
          0.0,
          0.3939582532291781
        ],
        [
          0.0689364243305608,
          0.011138501402641277,
          0.03310433788963607,
          0.03882809657213104,
          0.3939582532291781,
          0.3939582532291781,
          0.0
        ]
      ],
      "counts": {
        "1110011 0000000": 48,
        "1001011 0000000": 5,
        "1110111 0000000": 69,
        "0001011 0000000": 9,
        "1011101 0000000": 9,
        "1100000 0000000": 10,
        "1111111 0000000": 32,
        "0100000 0000000": 7,
        "0100100 0000000": 5,
        "1111101 0000000": 34,
        "1000101 0000000": 5,
        "1000100 0000000": 6,
        "1111100 0000000": 59,
        "0111001 0000000": 7,
        "1011010 0000000": 3,
        "1100110 0000000": 4,
        "1110010 0000000": 59,
        "0000100 0000000": 2,
        "1010110 0000000": 14,
        "1101010 0000000": 5,
        "1101111 0000000": 12,
        "0110100 0000000": 7,
        "0111101 0000000": 12,
        "0011010 0000000": 8,
        "1111000 0000000": 57,
        "1101011 0000000": 6,
        "1010111 0000000": 1,
        "0000101 0000000": 30,
        "0101010 0000000": 14,
        "1011110 0000000": 6,
        "1100010 0000000": 6,
        "1110001 0000000": 62,
        "0101001 0000000": 11,
        "1111110 0000000": 32,
        "0010100 0000000": 5,
        "1001001 0000000": 4,
        "1111001 0000000": 8,
        "0011011 0000000": 8,
        "1110110 0000000": 29,
        "1001010 0000000": 16,
        "0111011 0000000": 13,
        "0010000 0000000": 10,
        "1011001 0000000": 5,
        "1101001 0000000": 9,
        "0111110 0000000": 2,
        "1001111 0000000": 6,
        "0011111 0000000": 7,
        "0110000 0000000": 11,
        "0101111 0000000": 6,
        "1110100 0000000": 17,
        "1100111 0000000": 3,
        "1011011 0000000": 8,
        "1010000 0000000": 10,
        "0000000 0000000": 8,
        "0110010 0000000": 6,
        "1101101 0000000": 8,
        "1101110 0000000": 8,
        "0100101 0000000": 7,
        "1011100 0000000": 4,
        "1100100 0000000": 10,
        "0001010 0000000": 24,
        "1010100 0000000": 11,
        "1101100 0000000": 5,
        "1100011 0000000": 1,
        "1011111 0000000": 5,
        "0111111 0000000": 10,
        "1110000 0000000": 11,
        "0110001 0000000": 4,
        "0100110 0000000": 3,
        "0101011 0000000": 10,
        "1000000 0000000": 6,
        "1010001 0000000": 3,
        "0110110 0000000": 4,
        "1010010 0000000": 3,
        "1100001 0000000": 2,
        "0111100 0000000": 1,
        "0010101 0000000": 9,
        "1000111 0000000": 1,
        "1111011 0000000": 5,
        "0101110 0000000": 3,
        "0100010 0000000": 1,
        "1001110 0000000": 4,
        "0011101 0000000": 2,
        "0010110 0000000": 2,
        "1001101 0000000": 1,
        "0111010 0000000": 2,
        "1000110 0000000": 2,
        "0001101 0000000": 1,
        "0110111 0000000": 1,
        "0011001 0000000": 1,
        "0001110 0000000": 1,
        "1000001 0000000": 1
      },
      "use_controlled_rotations": true
    }
  ],
  "embedding_analysis": {
    "timesteps_2": {
      "mds_coords": [
        [
          0.10953657982412873,
          2.7235412059387114,
          -1.1094684201011191
        ],
        [
          -0.40869842690181557,
          1.5866423103298386,
          -2.0582896238046464
        ],
        [
          -1.4987591768924902,
          -1.6357571981666006,
          0.9188818067040572
        ],
        [
          0.655240033951841,
          -0.5625181566034291,
          2.22658236368719
        ],
        [
          1.142680990018336,
          -2.111908161498519,
          0.022293873514517837
        ]
      ],
      "tsne_coords": [
        [
          20.21807289123535,
          78.97113800048828
        ],
        [
          67.53240966796875,
          4.81029748916626
        ],
        [
          -49.53267288208008,
          20.66451644897461
        ],
        [
          58.413394927978516,
          -82.63550567626953
        ],
        [
          -30.592479705810547,
          -64.79698181152344
        ]
      ],
      "distance_matrix": [
        [
          0.0,
          1.6914304482356655,
          4.936878508563103,
          4.9368785085631135,
          4.93687850856313
        ],
        [
          1.6914304482356655,
          0.0,
          4.652510494985929,
          4.652510494985901,
          4.652510494985901
        ],
        [
          4.936878508563103,
          4.652510494985929,
          0.0,
          2.79175190866223,
          2.791751908662235
        ],
        [
          4.9368785085631135,
          4.652510494985901,
          2.79175190866223,
          0.0,
          2.7917519086622127
        ],
        [
          4.93687850856313,
          4.652510494985901,
          2.791751908662235,
          2.7917519086622127,
          0.0
        ]
      ]
    },
    "timesteps_3": {
      "mds_coords": [
        [
          -1.6485429470649153,
          -2.7245302492769508,
          -5.9116458057586
        ],
        [
          -5.233033343606245,
          -11.528882931424963,
          -1.8918653642785568
        ],
        [
          -2.241485170664211,
          -6.397650054303509,
          7.708520992124645
        ],
        [
          3.060928444429832,
          6.87037117155494,
          1.2200493657834133
        ],
        [
          1.742804234128059,
          7.462498649075742,
          -0.5128789125496767
        ],
        [
          4.319328782777479,
          6.318193414374742,
          -0.612180275321224
        ]
      ],
      "tsne_coords": [
        [
          47.023536682128906,
          18.6351375579834
        ],
        [
          -15.766068458557129,
          85.36724090576172
        ],
        [
          -30.431703567504883,
          8.847919464111328
        ],
        [
          -86.98283386230469,
          -44.93147659301758
        ],
        [
          2.9568538665771484,
          -61.70695495605469
        ],
        [
          -98.93138122558594,
          45.93901443481445
        ]
      ],
      "distance_matrix": [
        [
          0.0,
          2.117417561641074,
          20.857855160925595,
          10.0596610274811,
          10.059661027481212,
          10.059661027481166
        ],
        [
          2.117417561641074,
          0.0,
          6.4113566548323435,
          23.718688651479955,
          23.718688651479827,
          23.71868865148008
        ],
        [
          20.857855160925595,
          6.4113566548323435,
          0.0,
          14.650264585415664,
          14.650264585415664,
          14.650264585415758
        ],
        [
          10.0596610274811,
          23.718688651479955,
          14.650264585415664,
          0.0,
          2.6904080639598025,
          2.6904080639598007
        ],
        [
          10.059661027481212,
          23.718688651479827,
          14.650264585415664,
          2.6904080639598025,
          0.0,
          2.6904080639598265
        ],
        [
          10.059661027481166,
          23.71868865148008,
          14.650264585415758,
          2.6904080639598007,
          2.6904080639598265,
          0.0
        ]
      ]
    },
    "timesteps_4": {
      "mds_coords": [
        [
          -2.5444654914979785,
          -5.983233210033026,
          -11.750356646977854
        ],
        [
          -29.01086342853325,
          26.62876043284368,
          -11.60526469751057
        ],
        [
          -9.366533790692992,
          9.375645295998865,
          -2.7449256204173813
        ],
        [
          -5.626900355171481,
          15.326117253659882,
          10.859234368682174
        ],
        [
          16.43693159783153,
          -14.273985520878028,
          4.741407695511989
        ],
        [
          15.009391288011493,
          -15.250517866478278,
          6.187382586485671
        ],
        [
          15.102440180052678,
          -15.822786385113101,
          4.312522314225974
        ]
      ],
      "tsne_coords": [
        [
          11.471162796020508,
          17.36985969543457
        ],
        [
          6.997222423553467,
          11.763814926147461
        ],
        [
          7.949983596801758,
          15.619168281555176
        ],
        [
          15.19980239868164,
          13.75241756439209
        ],
        [
          13.761736869812012,
          10.191535949707031
        ],
        [
          9.560895919799805,
          9.072574615478516
        ],
        [
          10.729402542114258,
          12.860100746154785
        ]
      ],
      "distance_matrix": [
        [
          0.0,
          1.7888967587721842,
          11.541412909388093,
          67.75856871091744,
          14.505908941490311,
          14.505908941490263,
          14.505908941490404
        ],
        [
          1.7888967587721842,
          0.0,
          4.620195720877416,
          13.491322820647598,
          89.77062472139652,
          89.77062472139473,
          89.7706247213983
        ],
        [
          11.541412909388093,
          4.620195720877416,
          0.0,
          7.122766923001422,
          30.206609077174203,
          30.206609077174203,
          30.206609077174203
        ],
        [
          67.75856871091744,
          13.491322820647598,
          7.122766923001422,
          0.0,
          25.753882739516005,
          25.753882739516005,
          25.753882739515856
        ],
        [
          14.505908941490311,
          89.77062472139652,
          30.206609077174203,
          25.753882739516005,
          0.0,
          2.538333575879406,
          2.538333575879406
        ],
        [
          14.505908941490263,
          89.77062472139473,
          30.206609077174203,
          25.753882739516005,
          2.538333575879406,
          0.0,
          2.538333575879406
        ],
        [
          14.505908941490404,
          89.7706247213983,
          30.206609077174203,
          25.753882739515856,
          2.538333575879406,
          2.538333575879406,
          0.0
        ]
      ]
    }
  },
  "summary_metrics": {
    "max_mutual_information": 3.0070413952653867,
    "average_mutual_information": 2.7326124040319377,
    "num_experiments": 3
  }
}