{
  "spec": {
    "num_qubits": 4,
    "topology": "triangulated",
    "custom_edges": "0-1:1.0000,0-2:0.9244,0-3:1.0000,1-2:1.0000,1-3:0.8819,2-3:0.8819",
    "alpha": 0.8,
    "weight": 0.9857559826289596,
    "gamma": -2.7070327204257658e-11,
    "sigma": 1.3696998127889256e-09,
    "init_angle": -6.412140877760661e-08,
    "init_angles": null,
    "shots": 100,
    "device": "simulator",
    "geometry": "spherical",
    "curvature": 4.5,
    "timesteps": 2,
    "dimension": 2,
    "mass_hinge": null,
    "mass_value": 0.0,
    "solve_regge": false,
    "lorentzian": true,
    "excite": true,
    "fast": false,
    "fast_preset": "balanced",
    "ctc_mode": false,
    "ctc_perturbation": null,
    "ctc_perturbation_strength": 1.0,
    "test_ctc_recovery": false,
    "strong_curvature": true,
    "charge_injection": true,
    "charge_strength": 2.5,
    "charge_location": null,
    "spin_injection": true,
    "spin_strength": 2.0,
    "spin_location": null,
    "edge_floor": 0.001,
    "compute_entropies": true,
    "hyperbolic_triangulation": true,
    "trotter_steps": 8,
    "dt": 0.05,
    "analyze_curvature": true,
    "einstein_solver": true,
    "page_curve": true,
    "radiation_ordering": null,
    "page_curve_timesteps": 15,
    "entropy_method": "hybrid",
    "num_shadows": 100,
    "shots_per_shadow": 1000,
    "num_bases": 20,
    "shots_per_basis": 1000,
    "enhanced_entanglement": false,
    "entanglement_strength": 0.48363967564073873,
    "interpolate_geometry": false,
    "smooth_charge_injection": false,
    "min_qubits_for_continuum": 10,
    "benchmark_against_classical_geometry": false,
    "geometry_fit_metric": "wasserstein,kl,euclidean",
    "verify_noise_robustness": false,
    "run_on_multiple_backends": false,
    "detect_and_flag_causal_loops": true,
    "restrict_information_flow_direction": "bidirectional",
    "filter_noncausal_edges": true,
    "use_ryu_takayanagi_test": true,
    "compare_MI_vs_subsystem_entropy": true,
    "embed_boundary_entropy_in_geometry": true,
    "entropy_engineering": true,
    "target_entropy_pattern": "quantum_gravity",
    "custom_target_entropies": null,
    "entropy_optimization_iterations": 200,
    "entropy_tolerance": 0.05,
    "continue_on_engineering_failure": true,
    "skip_entropy_engineering": false,
    "validate_engineered_geometry": true,
    "enhance_bell_violations": true,
    "bell_entanglement_strength": 4.0,
    "teleportation_circuits": true,
    "long_range_coupling": 3.0,
    "holographic_optimization": true,
    "rt_surface_encoding": true,
    "conformal_symmetry": true,
    "bulk_reconstruction": true,
    "scalable_entanglement": true,
    "parallel_execution": true,
    "memory_optimization": true,
    "circuit_compilation": "optimized",
    "real_hardware": false,
    "error_mitigation": true,
    "zero_noise_extrapolation": true,
    "zne_noise_factors": [
      1.0,
      2.0,
      3.0
    ],
    "zne_extrapolation_method": "polynomial",
    "hardware_calibration": true,
    "noise_characterization": true,
    "backend_name": "ibm_brisbane",
    "quantum_mode": true,
    "quantum_entanglement_strength": 5.0,
    "quantum_circuit_depth": 12,
    "geometric_teleportation": false,
    "teleportation_mode": "both",
    "bridge_strength": 1.0,
    "signal_state": "+",
    "emergent_geometry_teleportation": false,
    "teleportation_node_pairs": "auto",
    "teleportation_embedding_dim": 2,
    "teleportation_fidelity_threshold": 0.7,
    "superposition_gravity": true,
    "massive_bulk_mass_hinge": "2",
    "massive_bulk_mass_value": 1.0,
    "massless_bulk_mass_hinge": "None",
    "massless_bulk_mass_value": 0.0,
    "superposition_control_qubit": 0,
    "superposition_phase": 0.0,
    "interference_analysis": true,
    "classical_mixture_comparison": true,
    "coherence_preservation": true,
    "bulk_reconstruction_method": "mi_embedding"
  },
  "uid": "0U1529",
  "counts_per_timestep": [
    null,
    null
  ],
  "job_ids_per_timestep": [
    null,
    null
  ],
  "entropy_per_timestep": [
    null,
    null
  ],
  "mutual_information_per_timestep": [
    {
      "I_0,1": 0.02087437405599229,
      "I_0,2": 0.020918395105541943,
      "I_0,3": 0.02087437405599269,
      "I_1,2": 0.020874374055991754,
      "I_1,3": 0.004966985707570704,
      "I_2,3": 0.020874374055992906
    },
    {
      "I_0,1": 0.1815838840035493,
      "I_0,2": 0.1643860106212756,
      "I_0,3": 0.18158388400355052,
      "I_1,2": 0.18158388400354913,
      "I_1,3": 0.11959863866769394,
      "I_2,3": 0.18158388400354863
    }
  ],
  "boundary_entropies_per_timestep": [
    {
      "entropy_A": 0.023027638549792243,
      "entropy_B": 0.023027638549791125,
      "mi_AB": 0.046055277099577394,
      "pure_state_check": true,
      "entropy_difference": 1.1171619185290638e-15,
      "multiple_regions": {
        "size_1_region_0": {
          "region": [
            0
          ],
          "entropy": 0.031003343248776544,
          "rt_area": 3,
          "size": 1
        },
        "size_1_region_1": {
          "region": [
            1
          ],
          "entropy": 0.023027638549790196,
          "rt_area": 3,
          "size": 1
        },
        "size_1_region_2": {
          "region": [
            2
          ],
          "entropy": 0.031003343248776866,
          "rt_area": 3,
          "size": 1
        },
        "size_2_region_0": {
          "region": [
            0,
            1
          ],
          "entropy": 0.033156607742574555,
          "rt_area": 4,
          "size": 2
        },
        "size_2_region_1": {
          "region": [
            0,
            2
          ],
          "entropy": 0.0410882913920114,
          "rt_area": 4,
          "size": 2
        },
        "size_2_region_2": {
          "region": [
            0,
            3
          ],
          "entropy": 0.03315660774257497,
          "rt_area": 4,
          "size": 2
        },
        "size_3_region_0": {
          "region": [
            0,
            1,
            2
          ],
          "entropy": 0.023027638549792243,
          "rt_area": 3,
          "size": 3
        },
        "size_3_region_1": {
          "region": [
            0,
            1,
            3
          ],
          "entropy": 0.031003343248778334,
          "rt_area": 3,
          "size": 3
        },
        "size_3_region_2": {
          "region": [
            0,
            2,
            3
          ],
          "entropy": 0.023027638549791826,
          "rt_area": 3,
          "size": 3
        }
      }
    },
    {
      "entropy_A": 0.24749625583387705,
      "entropy_B": 0.24749625583387386,
      "mi_AB": 0.49499251166773733,
      "pure_state_check": true,
      "entropy_difference": 3.191891195797325e-15,
      "multiple_regions": {
        "size_1_region_0": {
          "region": [
            0
          ],
          "entropy": 0.2698899418106637,
          "rt_area": 3,
          "size": 1
        },
        "size_1_region_1": {
          "region": [
            1
          ],
          "entropy": 0.24749625583387275,
          "rt_area": 3,
          "size": 1
        },
        "size_1_region_2": {
          "region": [
            2
          ],
          "entropy": 0.2698899418106636,
          "rt_area": 3,
          "size": 1
        },
        "size_2_region_0": {
          "region": [
            0,
            1
          ],
          "entropy": 0.335802313640987,
          "rt_area": 4,
          "size": 2
        },
        "size_2_region_1": {
          "region": [
            0,
            2
          ],
          "entropy": 0.3753938730000516,
          "rt_area": 4,
          "size": 2
        },
        "size_2_region_2": {
          "region": [
            0,
            3
          ],
          "entropy": 0.3358023136409872,
          "rt_area": 4,
          "size": 2
        },
        "size_3_region_0": {
          "region": [
            0,
            1,
            2
          ],
          "entropy": 0.24749625583387705,
          "rt_area": 3,
          "size": 3
        },
        "size_3_region_1": {
          "region": [
            0,
            1,
            3
          ],
          "entropy": 0.2698899418106661,
          "rt_area": 3,
          "size": 3
        },
        "size_3_region_2": {
          "region": [
            0,
            2,
            3
          ],
          "entropy": 0.24749625583387486,
          "rt_area": 3,
          "size": 3
        }
      }
    }
  ],
  "distance_matrix_per_timestep": [
    [
      [
        0.0,
        3.869232994036474,
        3.867126358524496,
        3.8692329940364547
      ],
      [
        3.869232994036474,
        0.0,
        3.8692329940364996,
        7.738465988072928
      ],
      [
        3.867126358524496,
        3.8692329940364996,
        0.0,
        3.8692329940364445
      ],
      [
        3.8692329940364547,
        7.738465988072928,
        3.8692329940364445,
        0.0
      ]
    ],
    [
      [
        0.0,
        1.7060375612268155,
        1.8055378935252708,
        1.7060375612268086
      ],
      [
        1.7060375612268155,
        0.0,
        1.7060375612268164,
        3.412075122453624
      ],
      [
        1.8055378935252708,
        1.7060375612268164,
        0.0,
        1.706037561226819
      ],
      [
        1.7060375612268086,
        3.412075122453624,
        1.706037561226819,
        0.0
      ]
    ]
  ],
  "edge_mi": {
    "0,1": 0.1815838840035493,
    "0,3": 0.18158388400355052,
    "0,2": 0.1643860106212756,
    "1,2": 0.18158388400354913,
    "2,3": 0.18158388400354863
  },
  "distance_matrix": [
    [
      0.0,
      1.7060375612268155,
      1.8055378935252708,
      1.7060375612268086
    ],
    [
      1.7060375612268155,
      0.0,
      1.7060375612268164,
      2.1236138199075265
    ],
    [
      1.8055378935252708,
      1.7060375612268164,
      0.0,
      1.706037561226819
    ],
    [
      1.7060375612268086,
      2.1236138199075265,
      1.706037561226819,
      0.0
    ]
  ],
  "shortest_paths": {
    "0": {
      "0": 0,
      "3": 1.7060375612268086,
      "1": 1.7060375612268155,
      "2": 1.8055378935252708
    },
    "1": {
      "1": 0,
      "0": 1.7060375612268155,
      "2": 1.7060375612268164,
      "3": 2.1236138199075265
    },
    "2": {
      "2": 0,
      "1": 1.7060375612268164,
      "3": 1.706037561226819,
      "0": 1.8055378935252708
    },
    "3": {
      "3": 0,
      "0": 1.7060375612268086,
      "2": 1.706037561226819,
      "1": 2.1236138199075265
    }
  },
  "gromov_delta": 1.0618069099537668,
  "mean_distance": 1.344162744792507,
  "angle_sums": [
    9.42477796076938,
    9.42477796076938,
    9.42477796076938,
    9.42477796076938
  ],
  "mean_angle_sum": 9.42477796076938,
  "min_angle_sum": 9.42477796076938,
  "max_angle_sum": 9.42477796076938,
  "angle_sum_deviations": [
    6.283185307179586,
    6.283185307179586,
    6.283185307179586,
    6.283185307179586
  ],
  "triangle_inequality_violations": [],
  "embedding_coords": [
    [
      -0.044626571749640326,
      0.1516805518573079
    ],
    [
      0.1029556022301041,
      -0.04714562030808582
    ],
    [
      0.12435834678361907,
      -0.12975721139638616
    ],
    [
      -0.18268737726408285,
      0.0252222798471641
    ]
  ],
  "embedding_coords_3d": [
    [
      0.12730342670959696,
      -0.020868953969765427,
      -0.09518331971132815
    ],
    [
      -0.06686274260658139,
      0.02147096761493766,
      0.15490015385739295
    ],
    [
      0.04926442450932476,
      0.006273079307664696,
      0.1043720237089435
    ],
    [
      -0.1097051086123403,
      -0.006875092952836929,
      -0.1640888578550083
    ]
  ],
  "edge_weight_variance": 0.002901228888888888,
  "event_nodes": [
    [
      0,
      0
    ],
    [
      1,
      0
    ],
    [
      2,
      0
    ],
    [
      3,
      0
    ],
    [
      0,
      1
    ],
    [
      1,
      1
    ],
    [
      2,
      1
    ],
    [
      3,
      1
    ]
  ],
  "event_edges": [
    {
      "type": "spatial",
      "from": [
        0,
        0
      ],
      "to": [
        1,
        0
      ],
      "weight": 3.869232994036474
    },
    {
      "type": "spatial",
      "from": [
        0,
        0
      ],
      "to": [
        2,
        0
      ],
      "weight": 3.867126358524496
    },
    {
      "type": "spatial",
      "from": [
        0,
        0
      ],
      "to": [
        3,
        0
      ],
      "weight": 3.8692329940364547
    },
    {
      "type": "spatial",
      "from": [
        1,
        0
      ],
      "to": [
        2,
        0
      ],
      "weight": 3.8692329940364996
    },
    {
      "type": "spatial",
      "from": [
        1,
        0
      ],
      "to": [
        3,
        0
      ],
      "weight": 7.738465988072928
    },
    {
      "type": "spatial",
      "from": [
        2,
        0
      ],
      "to": [
        3,
        0
      ],
      "weight": 3.8692329940364445
    },
    {
      "type": "temporal",
      "from": [
        0,
        0
      ],
      "to": [
        0,
        1
      ],
      "weight": 1.0
    },
    {
      "type": "temporal",
      "from": [
        1,
        0
      ],
      "to": [
        1,
        1
      ],
      "weight": 1.0
    },
    {
      "type": "temporal",
      "from": [
        2,
        0
      ],
      "to": [
        2,
        1
      ],
      "weight": 1.0
    },
    {
      "type": "temporal",
      "from": [
        3,
        0
      ],
      "to": [
        3,
        1
      ],
      "weight": 1.0
    },
    {
      "type": "spatial",
      "from": [
        0,
        1
      ],
      "to": [
        1,
        1
      ],
      "weight": 1.7060375612268155
    },
    {
      "type": "spatial",
      "from": [
        0,
        1
      ],
      "to": [
        2,
        1
      ],
      "weight": 1.8055378935252708
    },
    {
      "type": "spatial",
      "from": [
        0,
        1
      ],
      "to": [
        3,
        1
      ],
      "weight": 1.7060375612268086
    },
    {
      "type": "spatial",
      "from": [
        1,
        1
      ],
      "to": [
        2,
        1
      ],
      "weight": 1.7060375612268164
    },
    {
      "type": "spatial",
      "from": [
        1,
        1
      ],
      "to": [
        3,
        1
      ],
      "weight": 3.412075122453624
    },
    {
      "type": "spatial",
      "from": [
        2,
        1
      ],
      "to": [
        3,
        1
      ],
      "weight": 1.706037561226819
    }
  ],
  "lorentzian_dissimilarity": [
    [
      0.0,
      14.970963962140456,
      14.95466627279493,
      14.970963962140308,
      -1.0,
      13.970963962140456,
      13.95466627279493,
      13.970963962140308
    ],
    [
      14.970963962140456,
      0.0,
      14.970963962140655,
      59.88385584856152,
      13.970963962140456,
      -1.0,
      13.970963962140655,
      58.88385584856152
    ],
    [
      14.95466627279493,
      14.970963962140655,
      0.0,
      14.970963962140228,
      13.95466627279493,
      13.970963962140655,
      -1.0,
      13.970963962140228
    ],
    [
      14.970963962140308,
      59.88385584856152,
      14.970963962140228,
      0.0,
      13.970963962140308,
      58.88385584856152,
      13.970963962140228,
      -1.0
    ],
    [
      -1.0,
      13.970963962140456,
      13.95466627279493,
      13.970963962140308,
      0.0,
      2.9105641603167403,
      3.2599670849556723,
      2.9105641603167167
    ],
    [
      13.970963962140456,
      -1.0,
      13.970963962140655,
      58.88385584856152,
      2.9105641603167403,
      0.0,
      2.9105641603167434,
      11.642256641266913
    ],
    [
      13.95466627279493,
      13.970963962140655,
      -1.0,
      13.970963962140228,
      3.2599670849556723,
      2.9105641603167434,
      0.0,
      2.9105641603167522
    ],
    [
      13.970963962140308,
      58.88385584856152,
      13.970963962140228,
      -1.0,
      2.9105641603167167,
      11.642256641266913,
      2.9105641603167522,
      0.0
    ]
  ],
  "lorentzian_embedding": [
    [
      0.8690102363987549,
      0.7640240301554467,
      0.9536769489561295
    ],
    [
      2.101937867677064,
      -3.253996420110276,
      1.375744356272121
    ],
    [
      0.8689834728845837,
      0.7640417520632542,
      0.9536280711260327
    ],
    [
      -0.5714821776126834,
      4.662272486068329,
      -0.34290945201687256
    ],
    [
      0.3482450133582349,
      0.46326563953176364,
      -1.241778070489469
    ],
    [
      -2.472894078496716,
      -2.7085551994792905,
      -2.8179613317004653
    ],
    [
      0.3482003052152912,
      0.4632712931307994,
      -1.2418410319747166
    ],
    [
      2.5079986931798643,
      3.2531972820521173,
      -2.4531432017027837
    ]
  ],
  "edge_length_evolution": [],
  "angle_deficit_evolution": [],
  "regge_action_evolution": [],
  "gromov_delta_evolution": [],
  "mass_hinge": null,
  "mass_value": 0.0,
  "matter": [
    {
      "(0, 1)": 0.0,
      "(1, 2)": 0.0,
      "(0, 3)": 0.0,
      "(2, 3)": 0.0,
      "(0, 2)": 0.0,
      "(1, 3)": 0.0
    },
    {
      "(0, 1)": 0.0,
      "(1, 2)": 0.0,
      "(0, 3)": 0.0,
      "(2, 3)": 0.0,
      "(0, 2)": 0.0,
      "(1, 3)": 0.0
    }
  ],
  "stationary_solution": null,
  "einstein_analysis_per_timestep": [
    {
      "ricci_tensor": [
        [
          0.006836429814817642,
          0.0
        ],
        [
          0.0,
          0.006836429814817642
        ]
      ],
      "metric_tensor": [
        [
          1.0013672859629634,
          0.0006836429814817643
        ],
        [
          0.0006836429814817643,
          1.0013672859629634
        ]
      ],
      "stress_energy_tensor": [
        [
          0.006836429814817642,
          0.00013672859629635284
        ],
        [
          0.00013672859629635284,
          0.006836429814817642
        ]
      ],
      "einstein_solution": {
        "einstein_tensor": [
          [
            0.0,
            0.0
          ],
          [
            0.0,
            0.0
          ]
        ],
        "ricci_scalar": 0.013672859629635284,
        "metric_tensor": [
          [
            1.0,
            0.0
          ],
          [
            0.0,
            1.0
          ]
        ],
        "lhs": [
          [
            0.0,
            0.0
          ],
          [
            0.0,
            0.0
          ]
        ],
        "rhs": [
          [
            0.006836429814817642,
            0.00013672859629635284
          ],
          [
            0.00013672859629635284,
            0.006836429814817642
          ]
        ],
        "equations_satisfied": false,
        "residual": 0.009670105203354588,
        "conservation_violation": 0.006836429814817642,
        "gravitational_constant": 0.039788735772973836,
        "cosmological_constant": 0.0
      },
      "entropy_first_derivative": 0.0,
      "entropy_second_derivative": 0.0,
      "entropy_curvature_correlation": 0.00966816676232948,
      "emergent_gravitational_constant": 0.0010880515981290385,
      "average_mutual_information": 0.013672859629635284,
      "ricci_scalar": 0.013672859629635284,
      "analysis_summary": {
        "einstein_equations_satisfied": false,
        "residual_magnitude": 0.009670105203354588,
        "conservation_violation": 0.006836429814817642,
        "entropy_evolution_rate": 0.0,
        "entropy_acceleration": 0.0,
        "entanglement_curvature_coupling": 0.00966816676232948
      }
    },
    {
      "ricci_tensor": [
        [
          0.06314501158144795,
          0.0
        ],
        [
          0.0,
          0.06314501158144795
        ]
      ],
      "metric_tensor": [
        [
          1.0126290023162896,
          0.006314501158144795
        ],
        [
          0.006314501158144795,
          1.0126290023162896
        ]
      ],
      "stress_energy_tensor": [
        [
          0.06314501158144795,
          0.001262900231628959
        ],
        [
          0.001262900231628959,
          0.06314501158144795
        ]
      ],
      "einstein_solution": {
        "einstein_tensor": [
          [
            0.0,
            0.0
          ],
          [
            0.0,
            0.0
          ]
        ],
        "ricci_scalar": 0.1262900231628959,
        "metric_tensor": [
          [
            1.0,
            0.0
          ],
          [
            0.0,
            1.0
          ]
        ],
        "lhs": [
          [
            0.0,
            0.0
          ],
          [
            0.0,
            0.0
          ]
        ],
        "rhs": [
          [
            0.06314501158144795,
            0.001262900231628959
          ],
          [
            0.001262900231628959,
            0.06314501158144795
          ]
        ],
        "equations_satisfied": false,
        "residual": 0.08931839009539125,
        "conservation_violation": 0.06314501158144795,
        "gravitational_constant": 0.039788735772973836,
        "cosmological_constant": 0.0
      },
      "entropy_first_derivative": 0.0,
      "entropy_second_derivative": 0.0,
      "entropy_curvature_correlation": 0.08930052677469012,
      "emergent_gravitational_constant": 0.01004984072478242,
      "average_mutual_information": 0.1262900231628959,
      "ricci_scalar": 0.1262900231628959,
      "analysis_summary": {
        "einstein_equations_satisfied": false,
        "residual_magnitude": 0.08931839009539125,
        "conservation_violation": 0.06314501158144795,
        "entropy_evolution_rate": 0.0,
        "entropy_acceleration": 0.0,
        "entanglement_curvature_coupling": 0.08930052677469012
      }
    }
  ],
  "bootstrap_analysis": {
    "gromov_delta": {
      "mean": 2.7876352776316535,
      "lower_ci": 1.7060375612268155,
      "upper_ci": 3.8692329940364916,
      "all_values": [
        3.8692329940364916,
        1.7060375612268155
      ],
      "uncertainty": 1.081597716404838
    },
    "entropy": {
      "mean": null,
      "lower_ci": null,
      "upper_ci": null,
      "uncertainty": null
    },
    "distance_matrix": {
      "mean": [
        [
          0.0,
          2.7876352776316446,
          2.8363321260248835,
          2.7876352776316318
        ],
        [
          2.7876352776316446,
          0.0,
          2.787635277631658,
          5.575270555263276
        ],
        [
          2.8363321260248835,
          2.787635277631658,
          0.0,
          2.7876352776316318
        ],
        [
          2.7876352776316318,
          5.575270555263276,
          2.7876352776316318,
          0.0
        ]
      ],
      "lower_ci": [
        [
          0.0,
          1.7060375612268155,
          1.8055378935252708,
          1.7060375612268086
        ],
        [
          1.7060375612268155,
          0.0,
          1.7060375612268164,
          3.412075122453624
        ],
        [
          1.8055378935252708,
          1.7060375612268164,
          0.0,
          1.706037561226819
        ],
        [
          1.7060375612268086,
          3.412075122453624,
          1.706037561226819,
          0.0
        ]
      ],
      "upper_ci": [
        [
          0.0,
          3.869232994036474,
          3.867126358524496,
          3.8692329940364547
        ],
        [
          3.869232994036474,
          0.0,
          3.8692329940364996,
          7.738465988072928
        ],
        [
          3.867126358524496,
          3.8692329940364996,
          0.0,
          3.8692329940364445
        ],
        [
          3.8692329940364547,
          7.738465988072928,
          3.8692329940364445,
          0.0
        ]
      ]
    }
  },
  "topology_compatibility": {
    "current_topology": "triangulated",
    "explanation": "Triangulated topology is specifically designed for angle-sum curvature. Creates multiple triangles per vertex, enabling robust local curvature measurements. Each vertex has multiple incident triangles for well-defined angle sums.",
    "supports_local_curvature": true
  },
  "rt_surface_analysis": {
    "region_A": [
      0
    ],
    "region_B": [
      1,
      2,
      3
    ],
    "bulk_point": 2,
    "is_complementary": true,
    "rt_area_AB": 5.217613015978895,
    "rt_area_BA": 5.217613015978895,
    "area_consistent": true,
    "edges_consistent": true,
    "area_difference": 0.0,
    "rt_edges_AB": [
      [
        0,
        1
      ],
      [
        0,
        2
      ],
      [
        0,
        3
      ]
    ],
    "rt_edges_BA": [
      [
        0,
        1
      ],
      [
        0,
        2
      ],
      [
        0,
        3
      ]
    ],
    "edge_lengths": [
      1.7060375612268155,
      1.8055378935252708,
      1.7060375612268086,
      1.7060375612268164,
      3.412075122453624,
      1.706037561226819
    ],
    "all_edges": [
      [
        0,
        1
      ],
      [
        0,
        2
      ],
      [
        0,
        3
      ],
      [
        1,
        2
      ],
      [
        1,
        3
      ],
      [
        2,
        3
      ]
    ]
  },
  "bulk_excitation_analysis": {
    "ground_state_mi": [
      [
        0.0,
        0.1815838840035494,
        0.16438601062127572,
        0.1815838840035503
      ],
      [
        0.1815838840035494,
        0.0,
        0.18158388400354936,
        0.11959863866769493
      ],
      [
        0.16438601062127572,
        0.18158388400354936,
        0.0,
        0.18158388400354886
      ],
      [
        0.1815838840035503,
        0.11959863866769493,
        0.18158388400354886,
        0.0
      ]
    ],
    "excited_state_mi": [
      [
        0.0,
        0.1699911739621346,
        0.15458721640420203,
        0.1699911739621348
      ],
      [
        0.1699911739621346,
        0.0,
        0.29511354706998566,
        0.14424993908774164
      ],
      [
        0.15458721640420203,
        0.29511354706998566,
        0.0,
        0.2951135470699873
      ],
      [
        0.1699911739621348,
        0.14424993908774164,
        0.2951135470699873,
        0.0
      ]
    ],
    "mi_difference": [
      [
        0.0,
        -0.011592710041414822,
        -0.009798794217073692,
        -0.011592710041415488
      ],
      [
        -0.011592710041414822,
        0.0,
        0.1135296630664363,
        0.024651300420046707
      ],
      [
        -0.009798794217073692,
        0.1135296630664363,
        0.0,
        0.11352966306643847
      ],
      [
        -0.011592710041415488,
        0.024651300420046707,
        0.11352966306643847,
        0.0
      ]
    ],
    "avg_mi_change": 0.035586855106603185,
    "max_mi_change": 0.11352966306643847,
    "mi_change_boundary_A": NaN,
    "mi_change_boundary_B": 0.08390354218430716,
    "bulk_point": 2,
    "ground_state_counts": {
      "1010 1010": 2,
      "1001 1001": 3,
      "0000 0000": 63,
      "1011 1011": 2,
      "0110 0110": 1,
      "1111 1111": 1,
      "1000 1000": 11,
      "0100 0100": 1,
      "1101 1101": 2,
      "0010 0010": 8,
      "1100 1100": 1,
      "0011 0011": 2,
      "0111 0111": 1,
      "0001 0001": 2
    },
    "excited_state_counts": {
      "1100 0010": 2,
      "0000 1110": 1,
      "1110 0000": 30,
      "1010 0000": 31,
      "1000 0110": 1,
      "0110 1000": 3,
      "0010 0000": 2,
      "0010 1000": 5,
      "0000 1000": 1,
      "1000 0010": 7,
      "0100 1010": 1,
      "1100 0000": 3,
      "0010 0100": 1,
      "1001 1011": 1,
      "0010 1100": 1,
      "0110 0000": 2,
      "1110 0010": 1,
      "1110 1000": 1,
      "1000 0000": 4,
      "0001 1111": 1,
      "1011 0001": 1
    },
    "boundary_entropies": {
      "ground_state": {
        "entropy_A": 0.24749625583387705,
        "entropy_B": 0.24749625583387386,
        "mi_AB": 0.49499251166773733
      },
      "excited_state": {
        "entropy_A": 0.327282489706361,
        "entropy_B": 0.32728248970635954,
        "mi_AB": 0.6545649794127073
      },
      "rt_relation_test": {
        "entropy_ratio": 0.9999999999999871,
        "rt_area_ratio": 1.0,
        "rt_deviation": 1.2878587085651816e-14,
        "excited_entropy_ratio": 0.9999999999999956,
        "rt_relation_change": 8.43769498715119e-15
      }
    }
  },
  "page_curve_analysis": null,
  "deutsch_ctc_analysis": null,
  "ctc_recovery_analysis": null,
  "einstein_analysis": null,
  "dynamic_evidence": {
    "angle_sums_per_timestep": [
      [
        6.377919925065536,
        0.0,
        6.377919925065131,
        3.141592653589793
      ],
      [
        9.42477796076938,
        0.0,
        9.42477796076938,
        3.141592709699536
      ]
    ],
    "gromov_delta_per_timestep": [
      3.8692329940364916,
      1.7060375612268155
    ],
    "edge_mi_per_timestep": [
      {
        "0,1": 0.02087437405599229,
        "0,3": 0.02087437405599269,
        "0,2": 0.020918395105541943,
        "1,2": 0.020874374055991754,
        "2,3": 0.020874374055992906
      },
      {
        "0,1": 0.1815838840035493,
        "0,3": 0.18158388400355052,
        "0,2": 0.1643860106212756,
        "1,2": 0.18158388400354913,
        "2,3": 0.18158388400354863
      }
    ],
    "shortest_paths_per_timestep": [
      {
        "0": {
          "0": 0,
          "2": 3.867126358524496,
          "3": 3.8692329940364547,
          "1": 3.869232994036474
        },
        "1": {
          "1": 0,
          "0": 3.869232994036474,
          "2": 3.8692329940364996,
          "3": 7.738465988072928
        },
        "2": {
          "2": 0,
          "0": 3.867126358524496,
          "3": 3.8692329940364445,
          "1": 3.8692329940364996
        },
        "3": {
          "3": 0,
          "2": 3.8692329940364445,
          "0": 3.8692329940364547,
          "1": 7.738465988072928
        }
      },
      {
        "0": {
          "0": 0,
          "3": 1.7060375612268086,
          "1": 1.7060375612268155,
          "2": 1.8055378935252708
        },
        "1": {
          "1": 0,
          "0": 1.7060375612268155,
          "2": 1.7060375612268164,
          "3": 3.412075122453624
        },
        "2": {
          "2": 0,
          "1": 1.7060375612268164,
          "3": 1.706037561226819,
          "0": 1.8055378935252708
        },
        "3": {
          "3": 0,
          "0": 1.7060375612268086,
          "2": 1.706037561226819,
          "1": 3.412075122453624
        }
      }
    ],
    "mean_distance_per_timestep": [
      3.385315540342912,
      1.5052204076107691
    ],
    "triangle_violations_per_timestep": [
      0,
      0
    ],
    "embedding_coords_per_timestep": [
      [
        [
          0.1686164485312125,
          0.24006445525512532
        ],
        [
          -0.2065798629844695,
          -0.07040140958175092
        ],
        [
          0.20618036144944304,
          -0.2073044449892088
        ],
        [
          -0.16821694699618603,
          0.03764139931583446
        ]
      ],
      [
        [
          0.024181339010581945,
          0.17444763501297686
        ],
        [
          -0.06059134307785231,
          0.08434856615656816
        ],
        [
          0.04643246487746993,
          -0.17539838616090841
        ],
        [
          -0.010022460810199562,
          -0.0833978150086366
        ]
      ]
    ],
    "regge_evolution_data": null,
    "evolution_summary": {
      "total_timesteps": 2,
      "gromov_delta_range": [
        1.7060375612268155,
        3.8692329940364916
      ],
      "mean_distance_range": [
        1.5052204076107691,
        3.385315540342912
      ],
      "total_triangle_violations": 0,
      "hyperbolic_evolution": [
        false,
        false
      ],
      "regge_corrected": false
    }
  },
  "quantum_state_outputs": [
    {
      "timestep": 1,
      "statevector": [
        {
          "real": -0.421669503547922,
          "imag": -0.7613270870428127
        },
        {
          "real": -0.17518418673806385,
          "imag": -0.11387000653986162
        },
        {
          "real": -0.24032404020314393,
          "imag": -0.05259115046310761
        },
        {
          "real": -0.057085889636136526,
          "imag": 0.04779009135633796
        },
        {
          "real": -0.1751841867380637,
          "imag": -0.11387000653986165
        },
        {
          "real": -0.06479467301051255,
          "imag": 0.020623928143561614
        },
        {
          "real": -0.057085889636136505,
          "imag": 0.04779009135633794
        },
        {
          "real": 0.012139434688692712,
          "imag": 0.02188518478885331
        },
        {
          "real": -0.2403240402031439,
          "imag": -0.05259115046310764
        },
        {
          "real": -0.057085889636136505,
          "imag": 0.047790091356337945
        },
        {
          "real": -0.056654450827359704,
          "imag": 0.040612015319933595
        },
        {
          "real": 0.010013546246872309,
          "imag": 0.022894816741315285
        },
        {
          "real": -0.05708588963613653,
          "imag": 0.04779009135633792
        },
        {
          "real": 0.012139434688692708,
          "imag": 0.021885184788853318
        },
        {
          "real": 0.01001354624687231,
          "imag": 0.022894816741315296
        },
        {
          "real": 0.006294566024757933,
          "imag": -0.005148356454074439
        }
      ],
      "mutual_information_matrix": [
        [
          0.0,
          0.02087437405599229,
          0.020918395105541943,
          0.02087437405599269
        ],
        [
          0.02087437405599229,
          0.0,
          0.020874374055991754,
          0.004966985707570704
        ],
        [
          0.020918395105541943,
          0.020874374055991754,
          0.0,
          0.020874374055992906
        ],
        [
          0.02087437405599269,
          0.004966985707570704,
          0.020874374055992906,
          0.0
        ]
      ],
      "circuit_depth": 42,
      "num_gates": 77
    },
    {
      "timestep": 2,
      "statevector": [
        {
          "real": -0.2773281710810055,
          "imag": 0.7769040970045377
        },
        {
          "real": -0.06444617003603849,
          "imag": 0.08449506924843282
        },
        {
          "real": -0.07354816003516773,
          "imag": 0.29198720033483117
        },
        {
          "real": -0.01809517375482376,
          "imag": 0.11845686514892981
        },
        {
          "real": -0.06444617003603834,
          "imag": 0.0844950692484329
        },
        {
          "real": -0.06050610137413014,
          "imag": -0.001093792920666759
        },
        {
          "real": -0.01809517375482376,
          "imag": 0.11845686514892975
        },
        {
          "real": 0.08070481687043336,
          "imag": 0.06213007182889656
        },
        {
          "real": -0.07354816003516744,
          "imag": 0.2919872003348309
        },
        {
          "real": -0.01809517375482383,
          "imag": 0.11845686514892975
        },
        {
          "real": -0.01033021651581242,
          "imag": 0.08711953961195888
        },
        {
          "real": 0.058558376093654455,
          "imag": 0.0827876448132229
        },
        {
          "real": -0.01809517375482382,
          "imag": 0.11845686514892967
        },
        {
          "real": 0.08070481687043334,
          "imag": 0.062130071828896544
        },
        {
          "real": 0.05855837609365444,
          "imag": 0.0827876448132229
        },
        {
          "real": 0.012054941436802758,
          "imag": -0.07305800484451341
        }
      ],
      "mutual_information_matrix": [
        [
          0.0,
          0.1815838840035493,
          0.1643860106212756,
          0.18158388400355052
        ],
        [
          0.1815838840035493,
          0.0,
          0.18158388400354913,
          0.11959863866769394
        ],
        [
          0.1643860106212756,
          0.18158388400354913,
          0.0,
          0.18158388400354863
        ],
        [
          0.18158388400355052,
          0.11959863866769394,
          0.18158388400354863,
          0.0
        ]
      ],
      "circuit_depth": 82,
      "num_gates": 149
    }
  ],
  "emergent_geometry_teleportation": null,
  "superposition_gravity": null,
  "teleportation_geometry_correlation": null
}