{
  "circuit_info": {
    "num_qubits": 4,
    "control_qubit": 0,
    "phase": 0.0,
    "massive_bulk_params": {
      "mass_hinge": "2",
      "mass_value": 1.0
    },
    "massless_bulk_params": {
      "mass_hinge": "None",
      "mass_value": 0.0
    }
  },
  "execution_info": {
    "device": "simulator",
    "shots": 100,
    "job_id": null,
    "total_shots": 100,
    "unique_states": 11
  },
  "superposition_state": {
    "counts": {
      "0010": 16,
      "1100": 11,
      "0100": 10,
      "0110": 12,
      "0000": 10,
      "1000": 12,
      "1010": 7,
      "1110": 15,
      "1001": 4,
      "0011": 2,
      "0111": 1
    },
    "mutual_information_matrix": [
      [
        0.0,
        0.002239864124137042,
        0.02899254661608653,
        0.0014436715944517835
      ],
      [
        0.002239864124137042,
        0.0,
        0.0047812516658586116,
        0.018337897427570506
      ],
      [
        0.02899254661608653,
        0.0047812516658586116,
        0.0,
        0.0045788984099343205
      ],
      [
        0.0014436715944517835,
        0.018337897427570506,
        0.0045788984099343205,
        0.0
      ]
    ]
  },
  "bulk_reconstruction": {
    "method": "mi_embedding",
    "num_qubits": 4,
    "mi_matrix": [
      [
        0.0,
        0.002239864124137042,
        0.02899254661608653,
        0.0014436715944517835
      ],
      [
        0.002239864124137042,
        0.0,
        0.0047812516658586116,
        0.018337897427570506
      ],
      [
        0.02899254661608653,
        0.0047812516658586116,
        0.0,
        0.0045788984099343205
      ],
      [
        0.0014436715944517835,
        0.018337897427570506,
        0.0045788984099343205,
        0.0
      ]
    ],
    "mds_embedding": {
      "coordinates_3d": [
        [
          -0.5128757187039399,
          0.27935063284413925,
          0.15892055482363787
        ],
        [
          0.13052063033440117,
          0.10995222397028918,
          -0.5837495976889308
        ],
        [
          -0.08371588548750918,
          -0.590394142214745,
          0.08908175887142507
        ],
        [
          0.4660709738560351,
          0.20109128540075064,
          0.33574728399261594
        ]
      ],
      "stress": 2.000005598876574,
      "embedding_quality": "poor"
    }
  },
  "classical_comparison": {
    "massive": {
      "counts": {
        "1111": 10,
        "0110": 9,
        "1011": 6,
        "0000": 7,
        "1000": 12,
        "0111": 5,
        "1101": 5,
        "1010": 4,
        "1001": 7,
        "1100": 2,
        "0011": 4,
        "0100": 9,
        "1110": 7,
        "0010": 5,
        "0101": 6,
        "0001": 2
      },
      "mutual_information_matrix": [
        [
          0.0,
          0.00729915676047397,
          0.005419410812053865,
          0.020279140095746655
        ],
        [
          0.00729915676047397,
          0.0,
          0.02358681684356189,
          0.000289601160025783
        ],
        [
          0.005419410812053865,
          0.02358681684356189,
          0.0,
          0.019553464967439933
        ],
        [
          0.020279140095746655,
          0.000289601160025783,
          0.019553464967439933,
          0.0
        ]
      ],
      "bulk_reconstruction": {
        "method": "mi_embedding",
        "num_qubits": 4,
        "mi_matrix": [
          [
            0.0,
            0.00729915676047397,
            0.005419410812053865,
            0.020279140095746655
          ],
          [
            0.00729915676047397,
            0.0,
            0.02358681684356189,
            0.000289601160025783
          ],
          [
            0.005419410812053865,
            0.02358681684356189,
            0.0,
            0.019553464967439933
          ],
          [
            0.020279140095746655,
            0.000289601160025783,
            0.019553464967439933,
            0.0
          ]
        ],
        "mds_embedding": {
          "coordinates_3d": [
            [
              -0.24948299142861075,
              -0.21512472008106825,
              0.509478362438903
            ],
            [
              0.008931642987572812,
              -0.436477606025505,
              -0.4224031286453846
            ],
            [
              -0.3179334853959806,
              0.461378556659838,
              -0.21559004381170063
            ],
            [
              0.558484833837313,
              0.19022376944732436,
              0.12851481001631568
            ]
          ],
          "stress": 2.0000044341706995,
          "embedding_quality": "poor"
        }
      }
    },
    "massless": {
      "counts": {
        "1011": 5,
        "0000": 7,
        "0001": 7,
        "1001": 6,
        "1101": 5,
        "0100": 9,
        "1100": 4,
        "0011": 11,
        "0111": 5,
        "0110": 5,
        "0010": 4,
        "1000": 8,
        "1111": 7,
        "0101": 8,
        "1110": 4,
        "1010": 5
      },
      "mutual_information_matrix": [
        [
          0.0,
          0.011720271194285217,
          0.0001683299172005005,
          0.000680582607821556
        ],
        [
          0.011720271194285217,
          0.0,
          0.0004482487332745349,
          0.0006805826078215577
        ],
        [
          0.0001683299172005005,
          0.0004482487332745349,
          0.0,
          0.0005436533367526794
        ],
        [
          0.000680582607821556,
          0.0006805826078215577,
          0.0005436533367526794,
          0.0
        ]
      ],
      "bulk_reconstruction": {
        "method": "mi_embedding",
        "num_qubits": 4,
        "mi_matrix": [
          [
            0.0,
            0.011720271194285217,
            0.0001683299172005005,
            0.000680582607821556
          ],
          [
            0.011720271194285217,
            0.0,
            0.0004482487332745349,
            0.0006805826078215577
          ],
          [
            0.0001683299172005005,
            0.0004482487332745349,
            0.0,
            0.0005436533367526794
          ],
          [
            0.000680582607821556,
            0.0006805826078215577,
            0.0005436533367526794,
            0.0
          ]
        ],
        "mds_embedding": {
          "coordinates_3d": [
            [
              -0.25927762350301353,
              -0.2163881333467081,
              0.5064361770771401
            ],
            [
              0.01654829807881574,
              -0.4462013000150596,
              -0.4135357304474419
            ],
            [
              -0.32728357444450995,
              0.47240181940450415,
              -0.21426743946378612
            ],
            [
              0.5700128998689158,
              0.19018761395614087,
              0.12136699283264352
            ]
          ],
          "stress": 2.000005347223467,
          "embedding_quality": "poor"
        }
      }
    }
  },
  "interference_analysis": {
    "interference_detected": false,
    "interference_strength": 0.0,
    "max_interference_strength": 0.0,
    "interference_term_matrix": null,
    "supporting_qubit_pairs": [],
    "quantum_effects": [],
    "classical_vs_quantum_differences": {},
    "massive_mi_matrix": null,
    "massless_mi_matrix": null,
    "classical_mixture_matrix": null
  }
}