{
  "spec": {
    "num_qubits": 4,
    "topology": "triangulated",
    "custom_edges": "0-1:0.7978,0-2:0.6115,0-3:0.8421,1-2:1.0000,1-3:0.5834,2-3:0.5834",
    "alpha": 0.8,
    "weight": 0.6520753541111752,
    "gamma": 0.08861952617121899,
    "sigma": -5.050261496916589e-07,
    "init_angle": 0.5916919094653496,
    "init_angles": null,
    "shots": 100,
    "device": "simulator",
    "geometry": "spherical",
    "curvature": 4.5,
    "timesteps": 3,
    "dimension": 2,
    "mass_hinge": null,
    "mass_value": 0.0,
    "solve_regge": false,
    "lorentzian": true,
    "excite": true,
    "fast": false,
    "fast_preset": "balanced",
    "ctc_mode": false,
    "ctc_perturbation": null,
    "ctc_perturbation_strength": 1.0,
    "test_ctc_recovery": false,
    "strong_curvature": true,
    "charge_injection": true,
    "charge_strength": 2.5,
    "charge_location": null,
    "spin_injection": true,
    "spin_strength": 2.0,
    "spin_location": null,
    "edge_floor": 0.001,
    "compute_entropies": true,
    "hyperbolic_triangulation": true,
    "trotter_steps": 8,
    "dt": 0.05,
    "analyze_curvature": true,
    "einstein_solver": true,
    "page_curve": true,
    "radiation_ordering": null,
    "page_curve_timesteps": 15,
    "entropy_method": "hybrid",
    "num_shadows": 100,
    "shots_per_shadow": 1000,
    "num_bases": 20,
    "shots_per_basis": 1000,
    "enhanced_entanglement": false,
    "entanglement_strength": 0.4929577202668062,
    "interpolate_geometry": false,
    "smooth_charge_injection": false,
    "min_qubits_for_continuum": 10,
    "benchmark_against_classical_geometry": false,
    "geometry_fit_metric": "wasserstein,kl,euclidean",
    "verify_noise_robustness": false,
    "run_on_multiple_backends": false,
    "detect_and_flag_causal_loops": true,
    "restrict_information_flow_direction": "bidirectional",
    "filter_noncausal_edges": true,
    "use_ryu_takayanagi_test": true,
    "compare_MI_vs_subsystem_entropy": true,
    "embed_boundary_entropy_in_geometry": true,
    "entropy_engineering": true,
    "target_entropy_pattern": "quantum_gravity",
    "custom_target_entropies": null,
    "entropy_optimization_iterations": 200,
    "entropy_tolerance": 0.05,
    "continue_on_engineering_failure": true,
    "skip_entropy_engineering": false,
    "validate_engineered_geometry": true,
    "enhance_bell_violations": true,
    "bell_entanglement_strength": 4.0,
    "teleportation_circuits": true,
    "long_range_coupling": 3.0,
    "holographic_optimization": true,
    "rt_surface_encoding": true,
    "conformal_symmetry": true,
    "bulk_reconstruction": true,
    "scalable_entanglement": true,
    "parallel_execution": true,
    "memory_optimization": true,
    "circuit_compilation": "optimized",
    "real_hardware": false,
    "error_mitigation": true,
    "zero_noise_extrapolation": true,
    "zne_noise_factors": [
      1.0,
      2.0,
      3.0
    ],
    "zne_extrapolation_method": "polynomial",
    "hardware_calibration": true,
    "noise_characterization": true,
    "backend_name": "ibm_brisbane",
    "quantum_mode": true,
    "quantum_entanglement_strength": 5.0,
    "quantum_circuit_depth": 12,
    "geometric_teleportation": false,
    "teleportation_mode": "both",
    "bridge_strength": 1.0,
    "signal_state": "+",
    "emergent_geometry_teleportation": false,
    "teleportation_node_pairs": "auto",
    "teleportation_embedding_dim": 2,
    "teleportation_fidelity_threshold": 0.7,
    "superposition_gravity": true,
    "massive_bulk_mass_hinge": "2",
    "massive_bulk_mass_value": 1.0,
    "massless_bulk_mass_hinge": "None",
    "massless_bulk_mass_value": 0.0,
    "superposition_control_qubit": 0,
    "superposition_phase": 0.0,
    "interference_analysis": true,
    "classical_mixture_comparison": true,
    "coherence_preservation": true,
    "bulk_reconstruction_method": "mi_embedding"
  },
  "uid": "JTGQTV",
  "counts_per_timestep": [
    null,
    null,
    null
  ],
  "job_ids_per_timestep": [
    null,
    null,
    null
  ],
  "entropy_per_timestep": [
    null,
    null,
    null
  ],
  "mutual_information_per_timestep": [
    {
      "I_0,1": 0.19794178898563913,
      "I_0,2": 0.23353722676324928,
      "I_0,3": 0.19794178898563808,
      "I_1,2": 0.19794178898563908,
      "I_1,3": 0.09023979657093428,
      "I_2,3": 0.19794178898563763
    },
    {
      "I_0,1": 0.4820673919969174,
      "I_0,2": 0.5767538400429459,
      "I_0,3": 0.4820673919969165,
      "I_1,2": 0.4820673919969167,
      "I_1,3": 0.43024095151556385,
      "I_2,3": 0.4820673919969165
    },
    {
      "I_0,1": 0.4942430396915116,
      "I_0,2": 0.7009928496488675,
      "I_0,3": 0.49424303969151184,
      "I_1,2": 0.4942430396915114,
      "I_1,3": 0.6049642225181442,
      "I_2,3": 0.4942430396915116
    }
  ],
  "boundary_entropies_per_timestep": [
    {
      "entropy_A": 0.23982354179514523,
      "entropy_B": 0.23982354179514137,
      "mi_AB": 0.47964708359027225,
      "pure_state_check": true,
      "entropy_difference": 3.858025010572419e-15,
      "multiple_regions": {
        "size_1_region_0": {
          "region": [
            0
          ],
          "entropy": 0.3114722568912992,
          "rt_area": 3,
          "size": 1
        },
        "size_1_region_1": {
          "region": [
            1
          ],
          "entropy": 0.23982354179514237,
          "rt_area": 3,
          "size": 1
        },
        "size_1_region_2": {
          "region": [
            2
          ],
          "entropy": 0.3114722568912991,
          "rt_area": 3,
          "size": 1
        },
        "size_2_region_0": {
          "region": [
            0,
            1
          ],
          "entropy": 0.3533540097008017,
          "rt_area": 4,
          "size": 2
        },
        "size_2_region_1": {
          "region": [
            0,
            2
          ],
          "entropy": 0.389407287019349,
          "rt_area": 4,
          "size": 2
        },
        "size_2_region_2": {
          "region": [
            0,
            3
          ],
          "entropy": 0.3533540097008021,
          "rt_area": 4,
          "size": 2
        },
        "size_3_region_0": {
          "region": [
            0,
            1,
            2
          ],
          "entropy": 0.23982354179514523,
          "rt_area": 3,
          "size": 3
        },
        "size_3_region_1": {
          "region": [
            0,
            1,
            3
          ],
          "entropy": 0.3114722568913019,
          "rt_area": 3,
          "size": 3
        },
        "size_3_region_2": {
          "region": [
            0,
            2,
            3
          ],
          "entropy": 0.2398235417951446,
          "rt_area": 3,
          "size": 3
        }
      }
    },
    {
      "entropy_A": 0.7540819990614984,
      "entropy_B": 0.7540819990614986,
      "mi_AB": 1.5081639981229813,
      "pure_state_check": true,
      "entropy_difference": 2.220446049250313e-16,
      "multiple_regions": {
        "size_1_region_0": {
          "region": [
            0
          ],
          "entropy": 0.8273384433251905,
          "rt_area": 3,
          "size": 1
        },
        "size_1_region_1": {
          "region": [
            1
          ],
          "entropy": 0.7540819990614986,
          "rt_area": 3,
          "size": 1
        },
        "size_1_region_2": {
          "region": [
            2
          ],
          "entropy": 0.8273384433251902,
          "rt_area": 3,
          "size": 1
        },
        "size_2_region_0": {
          "region": [
            0,
            1
          ],
          "entropy": 1.0993530503897722,
          "rt_area": 4,
          "size": 2
        },
        "size_2_region_1": {
          "region": [
            0,
            2
          ],
          "entropy": 1.0779230466074339,
          "rt_area": 4,
          "size": 2
        },
        "size_2_region_2": {
          "region": [
            0,
            3
          ],
          "entropy": 1.0993530503897726,
          "rt_area": 4,
          "size": 2
        },
        "size_3_region_0": {
          "region": [
            0,
            1,
            2
          ],
          "entropy": 0.7540819990614984,
          "rt_area": 3,
          "size": 3
        },
        "size_3_region_1": {
          "region": [
            0,
            1,
            3
          ],
          "entropy": 0.8273384433251926,
          "rt_area": 3,
          "size": 3
        },
        "size_3_region_2": {
          "region": [
            0,
            2,
            3
          ],
          "entropy": 0.7540819990615004,
          "rt_area": 3,
          "size": 3
        }
      }
    },
    {
      "entropy_A": 0.8623582811941791,
      "entropy_B": 0.8623582811941755,
      "mi_AB": 1.724716562388329,
      "pure_state_check": true,
      "entropy_difference": 3.6637359812630166e-15,
      "multiple_regions": {
        "size_1_region_0": {
          "region": [
            0
          ],
          "entropy": 0.9103725947595356,
          "rt_area": 3,
          "size": 1
        },
        "size_1_region_1": {
          "region": [
            1
          ],
          "entropy": 0.8623582811941755,
          "rt_area": 3,
          "size": 1
        },
        "size_1_region_2": {
          "region": [
            2
          ],
          "entropy": 0.9103725947595358,
          "rt_area": 3,
          "size": 1
        },
        "size_2_region_0": {
          "region": [
            0,
            1
          ],
          "entropy": 1.2784878362621999,
          "rt_area": 4,
          "size": 2
        },
        "size_2_region_1": {
          "region": [
            0,
            2
          ],
          "entropy": 1.1197523398702045,
          "rt_area": 4,
          "size": 2
        },
        "size_2_region_2": {
          "region": [
            0,
            3
          ],
          "entropy": 1.2784878362621996,
          "rt_area": 4,
          "size": 2
        },
        "size_3_region_0": {
          "region": [
            0,
            1,
            2
          ],
          "entropy": 0.8623582811941791,
          "rt_area": 3,
          "size": 3
        },
        "size_3_region_1": {
          "region": [
            0,
            1,
            3
          ],
          "entropy": 0.9103725947595375,
          "rt_area": 3,
          "size": 3
        },
        "size_3_region_2": {
          "region": [
            0,
            2,
            3
          ],
          "entropy": 0.8623582811941786,
          "rt_area": 3,
          "size": 3
        }
      }
    }
  ],
  "distance_matrix_per_timestep": [
    [
      [
        0.0,
        1.619782286534635,
        1.4544137851877696,
        1.6197822865346403
      ],
      [
        1.619782286534635,
        0.0,
        1.6197822865346354,
        3.2395645730692753
      ],
      [
        1.4544137851877696,
        1.6197822865346354,
        0.0,
        1.6197822865346425
      ],
      [
        1.6197822865346403,
        3.2395645730692753,
        1.6197822865346425,
        0.0
      ]
    ],
    [
      [
        0.0,
        0.7296713572840909,
        0.5503397238785777,
        0.7296713572840927
      ],
      [
        0.7296713572840909,
        0.0,
        0.7296713572840923,
        1.4593427145681837
      ],
      [
        0.5503397238785777,
        0.7296713572840923,
        0.0,
        0.7296713572840927
      ],
      [
        0.7296713572840927,
        1.4593427145681837,
        0.7296713572840927,
        0.0
      ]
    ],
    [
      [
        0.0,
        0.7047278995970624,
        0.355257592215165,
        0.704727899597062
      ],
      [
        0.7047278995970624,
        0.0,
        0.7047278995970628,
        1.4094557991941243
      ],
      [
        0.355257592215165,
        0.7047278995970628,
        0.0,
        0.7047278995970624
      ],
      [
        0.704727899597062,
        1.4094557991941243,
        0.7047278995970624,
        0.0
      ]
    ]
  ],
  "edge_mi": {
    "0,1": 0.4942430396915116,
    "0,3": 0.49424303969151184,
    "0,2": 0.7009928496488675,
    "1,2": 0.4942430396915114,
    "2,3": 0.4942430396915116
  },
  "distance_matrix": [
    [
      0.0,
      0.7047278995970624,
      0.355257592215165,
      0.704727899597062
    ],
    [
      0.7047278995970624,
      0.0,
      0.7047278995970628,
      0.5025859590335635
    ],
    [
      0.355257592215165,
      0.7047278995970628,
      0.0,
      0.7047278995970624
    ],
    [
      0.704727899597062,
      0.5025859590335635,
      0.7047278995970624,
      0.0
    ]
  ],
  "shortest_paths": {
    "0": {
      "0": 0,
      "2": 0.355257592215165,
      "3": 0.704727899597062,
      "1": 0.7047278995970624
    },
    "1": {
      "1": 0,
      "3": 0.5025859590335635,
      "0": 0.7047278995970624,
      "2": 0.7047278995970628
    },
    "2": {
      "2": 0,
      "0": 0.355257592215165,
      "3": 0.7047278995970624,
      "1": 0.7047278995970628
    },
    "3": {
      "3": 0,
      "1": 0.5025859590335635,
      "0": 0.704727899597062,
      "2": 0.7047278995970624
    }
  },
  "gromov_delta": 0.5270991034894801,
  "mean_distance": 0.4595943937046223,
  "angle_sums": [
    3.837341282670716,
    4.121437990945913,
    3.837341282670716,
    4.121437990945915
  ],
  "mean_angle_sum": 3.979389636808315,
  "min_angle_sum": 3.837341282670716,
  "max_angle_sum": 4.121437990945915,
  "angle_sum_deviations": [
    0.6957486290809229,
    0.97984533735612,
    0.6957486290809229,
    0.9798453373561218
  ],
  "triangle_inequality_violations": [],
  "embedding_coords": [
    [
      0.07866726343509418,
      0.23853487371978052
    ],
    [
      -0.04732968013137643,
      -0.2782887223461979
    ],
    [
      0.2504109981760029,
      0.01921416048808804
    ],
    [
      -0.2817485814797206,
      0.020539688138329397
    ]
  ],
  "embedding_coords_3d": [
    [
      -0.24022422414727548,
      0.04050682026551563,
      0.0688014111150546
    ],
    [
      0.09955515461564479,
      0.08088615920428882,
      -0.2534308267530361
    ],
    [
      -0.07708733994435624,
      -0.23713495468534793,
      0.04367876758869473
    ],
    [
      0.21775640947598696,
      0.11574197521554348,
      0.14095064804928673
    ]
  ],
  "edge_weight_variance": 0.024474235555555546,
  "event_nodes": [
    [
      0,
      0
    ],
    [
      1,
      0
    ],
    [
      2,
      0
    ],
    [
      3,
      0
    ],
    [
      0,
      1
    ],
    [
      1,
      1
    ],
    [
      2,
      1
    ],
    [
      3,
      1
    ],
    [
      0,
      2
    ],
    [
      1,
      2
    ],
    [
      2,
      2
    ],
    [
      3,
      2
    ]
  ],
  "event_edges": [
    {
      "type": "spatial",
      "from": [
        0,
        0
      ],
      "to": [
        1,
        0
      ],
      "weight": 1.619782286534635
    },
    {
      "type": "spatial",
      "from": [
        0,
        0
      ],
      "to": [
        2,
        0
      ],
      "weight": 1.4544137851877696
    },
    {
      "type": "spatial",
      "from": [
        0,
        0
      ],
      "to": [
        3,
        0
      ],
      "weight": 1.6197822865346403
    },
    {
      "type": "spatial",
      "from": [
        1,
        0
      ],
      "to": [
        2,
        0
      ],
      "weight": 1.6197822865346354
    },
    {
      "type": "spatial",
      "from": [
        1,
        0
      ],
      "to": [
        3,
        0
      ],
      "weight": 3.2395645730692753
    },
    {
      "type": "spatial",
      "from": [
        2,
        0
      ],
      "to": [
        3,
        0
      ],
      "weight": 1.6197822865346425
    },
    {
      "type": "temporal",
      "from": [
        0,
        0
      ],
      "to": [
        0,
        1
      ],
      "weight": 1.0
    },
    {
      "type": "temporal",
      "from": [
        1,
        0
      ],
      "to": [
        1,
        1
      ],
      "weight": 1.0
    },
    {
      "type": "temporal",
      "from": [
        2,
        0
      ],
      "to": [
        2,
        1
      ],
      "weight": 1.0
    },
    {
      "type": "temporal",
      "from": [
        3,
        0
      ],
      "to": [
        3,
        1
      ],
      "weight": 1.0
    },
    {
      "type": "spatial",
      "from": [
        0,
        1
      ],
      "to": [
        1,
        1
      ],
      "weight": 0.7296713572840909
    },
    {
      "type": "spatial",
      "from": [
        0,
        1
      ],
      "to": [
        2,
        1
      ],
      "weight": 0.5503397238785777
    },
    {
      "type": "spatial",
      "from": [
        0,
        1
      ],
      "to": [
        3,
        1
      ],
      "weight": 0.7296713572840927
    },
    {
      "type": "spatial",
      "from": [
        1,
        1
      ],
      "to": [
        2,
        1
      ],
      "weight": 0.7296713572840923
    },
    {
      "type": "spatial",
      "from": [
        1,
        1
      ],
      "to": [
        3,
        1
      ],
      "weight": 1.4593427145681837
    },
    {
      "type": "spatial",
      "from": [
        2,
        1
      ],
      "to": [
        3,
        1
      ],
      "weight": 0.7296713572840927
    },
    {
      "type": "temporal",
      "from": [
        0,
        1
      ],
      "to": [
        0,
        2
      ],
      "weight": 1.0
    },
    {
      "type": "temporal",
      "from": [
        1,
        1
      ],
      "to": [
        1,
        2
      ],
      "weight": 1.0
    },
    {
      "type": "temporal",
      "from": [
        2,
        1
      ],
      "to": [
        2,
        2
      ],
      "weight": 1.0
    },
    {
      "type": "temporal",
      "from": [
        3,
        1
      ],
      "to": [
        3,
        2
      ],
      "weight": 1.0
    },
    {
      "type": "spatial",
      "from": [
        0,
        2
      ],
      "to": [
        1,
        2
      ],
      "weight": 0.7047278995970624
    },
    {
      "type": "spatial",
      "from": [
        0,
        2
      ],
      "to": [
        2,
        2
      ],
      "weight": 0.355257592215165
    },
    {
      "type": "spatial",
      "from": [
        0,
        2
      ],
      "to": [
        3,
        2
      ],
      "weight": 0.704727899597062
    },
    {
      "type": "spatial",
      "from": [
        1,
        2
      ],
      "to": [
        2,
        2
      ],
      "weight": 0.7047278995970628
    },
    {
      "type": "spatial",
      "from": [
        1,
        2
      ],
      "to": [
        3,
        2
      ],
      "weight": 1.4094557991941243
    },
    {
      "type": "spatial",
      "from": [
        2,
        2
      ],
      "to": [
        3,
        2
      ],
      "weight": 0.7047278995970624
    }
  ],
  "lorentzian_dissimilarity": [
    [
      0.0,
      2.62369465577137,
      2.115319458544216,
      2.6236946557713874,
      -1.0,
      1.62369465577137,
      1.1153194585442159,
      1.6236946557713874,
      -4.0,
      -1.37630534422863,
      -1.8846805414557841,
      -1.3763053442286126
    ],
    [
      2.62369465577137,
      0.0,
      2.623694655771372,
      10.494778623085516,
      1.62369465577137,
      -1.0,
      1.6236946557713718,
      9.494778623085516,
      -1.37630534422863,
      -4.0,
      -1.3763053442286282,
      6.494778623085516
    ],
    [
      2.115319458544216,
      2.623694655771372,
      0.0,
      2.623694655771395,
      1.1153194585442159,
      1.6236946557713718,
      -1.0,
      1.623694655771395,
      -1.8846805414557841,
      -1.3763053442286282,
      -4.0,
      -1.376305344228605
    ],
    [
      2.6236946557713874,
      10.494778623085516,
      2.623694655771395,
      0.0,
      1.6236946557713874,
      9.494778623085516,
      1.623694655771395,
      -1.0,
      -1.3763053442286126,
      6.494778623085516,
      -1.376305344228605,
      -4.0
    ],
    [
      -1.0,
      1.62369465577137,
      1.1153194585442159,
      1.6236946557713874,
      0.0,
      0.5324202896408075,
      0.3028738116787491,
      0.5324202896408101,
      -1.0,
      -0.46757971035919255,
      -0.697126188321251,
      -0.4675797103591899
    ],
    [
      1.62369465577137,
      -1.0,
      1.6236946557713718,
      9.494778623085516,
      0.5324202896408075,
      0.0,
      0.5324202896408095,
      2.129681158563235,
      -0.46757971035919255,
      -1.0,
      -0.46757971035919055,
      1.1296811585632351
    ],
    [
      1.1153194585442159,
      1.6236946557713718,
      -1.0,
      1.623694655771395,
      0.3028738116787491,
      0.5324202896408095,
      0.0,
      0.5324202896408101,
      -0.697126188321251,
      -0.46757971035919055,
      -1.0,
      -0.4675797103591899
    ],
    [
      1.6236946557713874,
      9.494778623085516,
      1.623694655771395,
      -1.0,
      0.5324202896408101,
      2.129681158563235,
      0.5324202896408101,
      0.0,
      -0.4675797103591899,
      1.1296811585632351,
      -0.4675797103591899,
      -1.0
    ],
    [
      -4.0,
      -1.37630534422863,
      -1.8846805414557841,
      -1.3763053442286126,
      -1.0,
      -0.46757971035919255,
      -0.697126188321251,
      -0.4675797103591899,
      0.0,
      0.49664141247048726,
      0.12620795682651648,
      0.4966414124704866
    ],
    [
      -1.37630534422863,
      -4.0,
      -1.3763053442286282,
      6.494778623085516,
      -0.46757971035919255,
      -1.0,
      -0.46757971035919055,
      1.1296811585632351,
      0.49664141247048726,
      0.0,
      0.4966414124704879,
      1.9865656498819477
    ],
    [
      -1.8846805414557841,
      -1.3763053442286282,
      -4.0,
      -1.376305344228605,
      -0.697126188321251,
      -0.46757971035919055,
      -1.0,
      -0.4675797103591899,
      0.12620795682651648,
      0.4966414124704879,
      0.0,
      0.49664141247048726
    ],
    [
      -1.3763053442286126,
      6.494778623085516,
      -1.376305344228605,
      -4.0,
      -0.4675797103591899,
      1.1296811585632351,
      -0.4675797103591899,
      -1.0,
      0.4966414124704866,
      1.9865656498819477,
      0.49664141247048726,
      0.0
    ]
  ],
  "lorentzian_embedding": [
    [
      0.3902867762333453,
      0.31361066107754226,
      -0.04390095055807496
    ],
    [
      0.31262815311452213,
      -1.2589374512296854,
      -1.034797121891511
    ],
    [
      0.04858950781783032,
      0.5673167007697186,
      -1.462829313016016
    ],
    [
      -0.22703373765742144,
      2.2052658695109146,
      -0.5453568416612701
    ],
    [
      1.1285652472805945,
      0.23366026804201306,
      -0.2920910215482908
    ],
    [
      0.7548705180346186,
      -0.6797015978590256,
      -0.8247016143575968
    ],
    [
      0.9904532465149095,
      0.33620944206136466,
      -0.8656436117980426
    ],
    [
      0.42729090635049594,
      1.4230165554940915,
      -0.5276085721872202
    ],
    [
      2.273487660395888,
      0.005068301427421695,
      0.0634266201146638
    ],
    [
      2.0596347779292477,
      -0.8169196316948402,
      -0.5350379585733013
    ],
    [
      2.075691100264596,
      0.15193385672851356,
      -0.7579235517458378
    ],
    [
      1.7655319097179234,
      1.0709346036662963,
      -0.26831875079110057
    ]
  ],
  "edge_length_evolution": [],
  "angle_deficit_evolution": [],
  "regge_action_evolution": [],
  "gromov_delta_evolution": [],
  "mass_hinge": null,
  "mass_value": 0.0,
  "matter": [
    {
      "(0, 1)": 0.0,
      "(1, 2)": 0.0,
      "(0, 3)": 0.0,
      "(2, 3)": 0.0,
      "(0, 2)": 0.0,
      "(1, 3)": 0.0
    },
    {
      "(0, 1)": 0.0,
      "(1, 2)": 0.0,
      "(0, 3)": 0.0,
      "(2, 3)": 0.0,
      "(0, 2)": 0.0,
      "(1, 3)": 0.0
    },
    {
      "(0, 1)": 0.0,
      "(1, 2)": 0.0,
      "(0, 3)": 0.0,
      "(2, 3)": 0.0,
      "(0, 2)": 0.0,
      "(1, 3)": 0.0
    }
  ],
  "stationary_solution": null,
  "einstein_analysis_per_timestep": [
    {
      "ricci_tensor": [
        [
          0.06972151120479608,
          0.0
        ],
        [
          0.0,
          0.06972151120479608
        ]
      ],
      "metric_tensor": [
        [
          1.0139443022409593,
          0.006972151120479608
        ],
        [
          0.006972151120479608,
          1.0139443022409593
        ]
      ],
      "stress_energy_tensor": [
        [
          0.06972151120479608,
          0.0013944302240959216
        ],
        [
          0.0013944302240959216,
          0.06972151120479608
        ]
      ],
      "einstein_solution": {
        "einstein_tensor": [
          [
            0.0,
            0.0
          ],
          [
            0.0,
            0.0
          ]
        ],
        "ricci_scalar": 0.13944302240959217,
        "metric_tensor": [
          [
            1.0,
            0.0
          ],
          [
            0.0,
            1.0
          ]
        ],
        "lhs": [
          [
            0.0,
            0.0
          ],
          [
            0.0,
            0.0
          ]
        ],
        "rhs": [
          [
            0.06972151120479608,
            0.0013944302240959216
          ],
          [
            0.0013944302240959216,
            0.06972151120479608
          ]
        ],
        "equations_satisfied": false,
        "residual": 0.09862082498468949,
        "conservation_violation": 0.06972151120479608,
        "gravitational_constant": 0.039788735772973836,
        "cosmological_constant": 0.0
      },
      "entropy_first_derivative": 0.0,
      "entropy_second_derivative": 0.0,
      "entropy_curvature_correlation": 0.09860110173497058,
      "emergent_gravitational_constant": 0.011096523148080264,
      "average_mutual_information": 0.13944302240959217,
      "ricci_scalar": 0.13944302240959217,
      "analysis_summary": {
        "einstein_equations_satisfied": false,
        "residual_magnitude": 0.09862082498468949,
        "conservation_violation": 0.06972151120479608,
        "entropy_evolution_rate": 0.0,
        "entropy_acceleration": 0.0,
        "entanglement_curvature_coupling": 0.09860110173497058
      }
    },
    {
      "ricci_tensor": [
        [
          0.18345402247163606,
          0.0
        ],
        [
          0.0,
          0.18345402247163606
        ]
      ],
      "metric_tensor": [
        [
          1.0366908044943273,
          0.018345402247163606
        ],
        [
          0.018345402247163606,
          1.0366908044943273
        ]
      ],
      "stress_energy_tensor": [
        [
          0.18345402247163606,
          0.0036690804494327214
        ],
        [
          0.0036690804494327214,
          0.18345402247163606
        ]
      ],
      "einstein_solution": {
        "einstein_tensor": [
          [
            0.0,
            0.0
          ],
          [
            0.0,
            0.0
          ]
        ],
        "ricci_scalar": 0.3669080449432721,
        "metric_tensor": [
          [
            1.0,
            0.0
          ],
          [
            0.0,
            1.0
          ]
        ],
        "lhs": [
          [
            0.0,
            0.0
          ],
          [
            0.0,
            0.0
          ]
        ],
        "rhs": [
          [
            0.18345402247163606,
            0.0036690804494327214
          ],
          [
            0.0036690804494327214,
            0.18345402247163606
          ]
        ],
        "equations_satisfied": false,
        "residual": 0.2594950500967907,
        "conservation_violation": 0.18345402247163606,
        "gravitational_constant": 0.039788735772973836,
        "cosmological_constant": 0.0
      },
      "entropy_first_derivative": 0.0,
      "entropy_second_derivative": 0.0,
      "entropy_curvature_correlation": 0.2594431616512864,
      "emergent_gravitational_constant": 0.029197614506452526,
      "average_mutual_information": 0.3669080449432721,
      "ricci_scalar": 0.3669080449432721,
      "analysis_summary": {
        "einstein_equations_satisfied": false,
        "residual_magnitude": 0.2594950500967907,
        "conservation_violation": 0.18345402247163606,
        "entropy_evolution_rate": 0.0,
        "entropy_acceleration": 0.0,
        "entanglement_curvature_coupling": 0.2594431616512864
      }
    },
    {
      "ricci_tensor": [
        [
          0.20518307693331614,
          0.0
        ],
        [
          0.0,
          0.20518307693331614
        ]
      ],
      "metric_tensor": [
        [
          1.0410366153866633,
          0.020518307693331614
        ],
        [
          0.020518307693331614,
          1.0410366153866633
        ]
      ],
      "stress_energy_tensor": [
        [
          0.20518307693331614,
          0.004103661538666323
        ],
        [
          0.004103661538666323,
          0.20518307693331614
        ]
      ],
      "einstein_solution": {
        "einstein_tensor": [
          [
            0.0,
            0.0
          ],
          [
            0.0,
            0.0
          ]
        ],
        "ricci_scalar": 0.4103661538666323,
        "metric_tensor": [
          [
            1.0,
            0.0
          ],
          [
            0.0,
            1.0
          ]
        ],
        "lhs": [
          [
            0.0,
            0.0
          ],
          [
            0.0,
            0.0
          ]
        ],
        "rhs": [
          [
            0.20518307693331614,
            0.004103661538666323
          ],
          [
            0.004103661538666323,
            0.20518307693331614
          ]
        ],
        "equations_satisfied": false,
        "residual": 0.29023071890427815,
        "conservation_violation": 0.20518307693331614,
        "gravitational_constant": 0.039788735772973836,
        "cosmological_constant": 0.0
      },
      "entropy_first_derivative": 0.0,
      "entropy_second_derivative": 0.0,
      "entropy_curvature_correlation": 0.2901726851685379,
      "emergent_gravitational_constant": 0.03265590093274191,
      "average_mutual_information": 0.4103661538666323,
      "ricci_scalar": 0.4103661538666323,
      "analysis_summary": {
        "einstein_equations_satisfied": false,
        "residual_magnitude": 0.29023071890427815,
        "conservation_violation": 0.20518307693331614,
        "entropy_evolution_rate": 0.0,
        "entropy_acceleration": 0.0,
        "entanglement_curvature_coupling": 0.2901726851685379
      }
    }
  ],
  "bootstrap_analysis": {
    "gromov_delta": {
      "mean": 1.0180605144719321,
      "lower_ci": 0.7047278995970624,
      "upper_ci": 1.619782286534641,
      "all_values": [
        1.619782286534641,
        0.7296713572840927,
        0.7047278995970625
      ],
      "uncertainty": 0.6017217720627088
    },
    "entropy": {
      "mean": null,
      "lower_ci": null,
      "upper_ci": null,
      "uncertainty": null
    },
    "distance_matrix": {
      "mean": [
        [
          0.0,
          1.0180605144719295,
          0.7866703670938374,
          1.0180605144719317
        ],
        [
          1.0180605144719295,
          0.0,
          1.0180605144719301,
          2.036121028943861
        ],
        [
          0.7866703670938374,
          1.0180605144719301,
          0.0,
          1.0180605144719326
        ],
        [
          1.0180605144719317,
          2.036121028943861,
          1.0180605144719326,
          0.0
        ]
      ],
      "lower_ci": [
        [
          0.0,
          0.7047278995970624,
          0.355257592215165,
          0.704727899597062
        ],
        [
          0.7047278995970624,
          0.0,
          0.7047278995970628,
          1.4094557991941243
        ],
        [
          0.355257592215165,
          0.7047278995970628,
          0.0,
          0.7047278995970624
        ],
        [
          0.704727899597062,
          1.4094557991941243,
          0.7047278995970624,
          0.0
        ]
      ],
      "upper_ci": [
        [
          0.0,
          1.619782286534635,
          1.4544137851877696,
          1.6197822865346403
        ],
        [
          1.619782286534635,
          0.0,
          1.6197822865346356,
          3.2395645730692753
        ],
        [
          1.4544137851877696,
          1.6197822865346356,
          0.0,
          1.6197822865346427
        ],
        [
          1.6197822865346403,
          3.2395645730692753,
          1.6197822865346427,
          0.0
        ]
      ]
    }
  },
  "topology_compatibility": {
    "current_topology": "triangulated",
    "explanation": "Triangulated topology is specifically designed for angle-sum curvature. Creates multiple triangles per vertex, enabling robust local curvature measurements. Each vertex has multiple incident triangles for well-defined angle sums.",
    "supports_local_curvature": true
  },
  "rt_surface_analysis": {
    "region_A": [
      0
    ],
    "region_B": [
      1,
      2,
      3
    ],
    "bulk_point": 2,
    "is_complementary": true,
    "rt_area_AB": 1.7647133914092894,
    "rt_area_BA": 1.7647133914092894,
    "area_consistent": true,
    "edges_consistent": true,
    "area_difference": 0.0,
    "rt_edges_AB": [
      [
        0,
        1
      ],
      [
        0,
        2
      ],
      [
        0,
        3
      ]
    ],
    "rt_edges_BA": [
      [
        0,
        1
      ],
      [
        0,
        2
      ],
      [
        0,
        3
      ]
    ],
    "edge_lengths": [
      0.7047278995970624,
      0.355257592215165,
      0.704727899597062,
      0.7047278995970628,
      1.4094557991941243,
      0.7047278995970624
    ],
    "all_edges": [
      [
        0,
        1
      ],
      [
        0,
        2
      ],
      [
        0,
        3
      ],
      [
        1,
        2
      ],
      [
        1,
        3
      ],
      [
        2,
        3
      ]
    ]
  },
  "bulk_excitation_analysis": {
    "ground_state_mi": [
      [
        0.0,
        0.4942430396915112,
        0.7009928496488669,
        0.4942430396915114
      ],
      [
        0.4942430396915112,
        0.0,
        0.49424303969151184,
        0.6049642225181446
      ],
      [
        0.7009928496488669,
        0.49424303969151184,
        0.0,
        0.49424303969151184
      ],
      [
        0.4942430396915114,
        0.6049642225181446,
        0.49424303969151184,
        0.0
      ]
    ],
    "excited_state_mi": [
      [
        0.0,
        0.6746936766565919,
        0.6077203203955845,
        0.6746936766565921
      ],
      [
        0.6746936766565919,
        0.0,
        0.49567323035721045,
        0.6949705603800671
      ],
      [
        0.6077203203955845,
        0.49567323035721045,
        0.0,
        0.49567323035721045
      ],
      [
        0.6746936766565921,
        0.6949705603800671,
        0.49567323035721045,
        0.0
      ]
    ],
    "mi_difference": [
      [
        0.0,
        0.18045063696508068,
        -0.09327252925328233,
        0.18045063696508068
      ],
      [
        0.18045063696508068,
        0.0,
        0.0014301906656986052,
        0.09000633786192247
      ],
      [
        -0.09327252925328233,
        0.0014301906656986052,
        0.0,
        0.0014301906656986052
      ],
      [
        0.18045063696508068,
        0.09000633786192247,
        0.0014301906656986052,
        0.0
      ]
    ],
    "avg_mi_change": 0.06838006529709542,
    "max_mi_change": 0.18045063696508068,
    "mi_change_boundary_A": NaN,
    "mi_change_boundary_B": 0.030955573064439895,
    "bulk_point": 2,
    "ground_state_counts": {
      "1101 1101": 2,
      "0010 0010": 10,
      "0110 0110": 1,
      "1000 1000": 5,
      "1111 1111": 16,
      "0111 0111": 4,
      "1100 1100": 2,
      "0011 0011": 4,
      "0001 0001": 1,
      "0000 0000": 29,
      "1001 1001": 3,
      "1010 1010": 6,
      "1011 1011": 4,
      "0101 0101": 5,
      "1110 1110": 8
    },
    "excited_state_counts": {
      "0011 1011": 1,
      "1101 0011": 1,
      "1100 0010": 6,
      "0111 1111": 1,
      "1110 0000": 13,
      "0001 1111": 6,
      "0011 1001": 1,
      "0100 1000": 1,
      "0011 1101": 1,
      "0100 1110": 1,
      "0101 1111": 7,
      "1111 0101": 1,
      "0110 1110": 1,
      "1010 0000": 19,
      "0001 1011": 4,
      "0111 1101": 3,
      "0100 0110": 1,
      "1000 0110": 1,
      "0110 1000": 4,
      "1000 0010": 1,
      "0000 1010": 3,
      "0110 0000": 2,
      "0010 0000": 3,
      "1111 0111": 1,
      "1001 0011": 1,
      "1100 0000": 2,
      "0100 1010": 2,
      "0110 1100": 2,
      "0000 1000": 1,
      "1011 0111": 1,
      "0101 1011": 1,
      "1110 0100": 2,
      "1000 0000": 1,
      "1011 0101": 1,
      "0010 1100": 2,
      "0010 1000": 1
    },
    "boundary_entropies": {
      "ground_state": {
        "entropy_A": 0.8623582811941791,
        "entropy_B": 0.8623582811941755,
        "mi_AB": 1.724716562388329
      },
      "excited_state": {
        "entropy_A": 0.8644874916020909,
        "entropy_B": 0.8644874916020862,
        "mi_AB": 1.7289749832041548
      },
      "rt_relation_test": {
        "entropy_ratio": 0.9999999999999958,
        "rt_area_ratio": 1.0,
        "rt_deviation": 4.218847493575595e-15,
        "excited_entropy_ratio": 0.9999999999999944,
        "rt_relation_change": 1.3322676295501878e-15
      }
    }
  },
  "page_curve_analysis": null,
  "deutsch_ctc_analysis": null,
  "ctc_recovery_analysis": null,
  "einstein_analysis": null,
  "dynamic_evidence": {
    "angle_sums_per_timestep": [
      [
        3.141592653589793,
        0.0,
        3.141592653589793,
        3.141592669474024
      ],
      [
        4.279090214618905,
        0.0,
        4.279090214618908,
        3.141593320894973
      ],
      [
        3.837341282670716,
        0.0,
        3.837341282670716,
        3.141592938624678
      ]
    ],
    "gromov_delta_per_timestep": [
      1.619782286534641,
      0.7296713572840927,
      0.7047278995970625
    ],
    "edge_mi_per_timestep": [
      {
        "0,1": 0.19794178898563913,
        "0,3": 0.19794178898563808,
        "0,2": 0.23353722676324928,
        "1,2": 0.19794178898563908,
        "2,3": 0.19794178898563763
      },
      {
        "0,1": 0.4820673919969174,
        "0,3": 0.4820673919969165,
        "0,2": 0.5767538400429459,
        "1,2": 0.4820673919969167,
        "2,3": 0.4820673919969165
      },
      {
        "0,1": 0.4942430396915116,
        "0,3": 0.49424303969151184,
        "0,2": 0.7009928496488675,
        "1,2": 0.4942430396915114,
        "2,3": 0.4942430396915116
      }
    ],
    "shortest_paths_per_timestep": [
      {
        "0": {
          "0": 0,
          "2": 1.4544137851877696,
          "1": 1.619782286534635,
          "3": 1.6197822865346403
        },
        "1": {
          "1": 0,
          "0": 1.619782286534635,
          "2": 1.6197822865346354,
          "3": 3.2395645730692753
        },
        "2": {
          "2": 0,
          "0": 1.4544137851877696,
          "1": 1.6197822865346354,
          "3": 1.6197822865346425
        },
        "3": {
          "3": 0,
          "0": 1.6197822865346403,
          "2": 1.6197822865346425,
          "1": 3.2395645730692753
        }
      },
      {
        "0": {
          "0": 0,
          "2": 0.5503397238785777,
          "1": 0.7296713572840909,
          "3": 0.7296713572840927
        },
        "1": {
          "1": 0,
          "0": 0.7296713572840909,
          "2": 0.7296713572840923,
          "3": 1.4593427145681837
        },
        "2": {
          "2": 0,
          "0": 0.5503397238785777,
