{
  "circuit_info": {
    "num_qubits": 4,
    "control_qubit": 0,
    "phase": 0.0,
    "massive_bulk_params": {
      "mass_hinge": "2",
      "mass_value": 1.0
    },
    "massless_bulk_params": {
      "mass_hinge": "None",
      "mass_value": 0.0
    }
  },
  "execution_info": {
    "device": "simulator",
    "shots": 100,
    "job_id": null,
    "total_shots": 100,
    "unique_states": 15
  },
  "superposition_state": {
    "counts": {
      "0000": 11,
      "1000": 6,
      "0001": 2,
      "1010": 15,
      "1110": 9,
      "0110": 8,
      "1101": 2,
      "1100": 10,
      "1011": 6,
      "0100": 19,
      "0010": 6,
      "1001": 3,
      "0111": 1,
      "0011": 1,
      "0101": 1
    },
    "mutual_information_matrix": [
      [
        0.0,
        0.0008827585808555607,
        0.035699819847168614,
        0.01771983956847769
      ],
      [
        0.0008827585808555607,
        0.0,
        0.029243083581451765,
        0.05033758765269569
      ],
      [
        0.035699819847168614,
        0.029243083581451765,
        0.0,
        0.023509197008648945
      ],
      [
        0.01771983956847769,
        0.05033758765269569,
        0.023509197008648945,
        0.0
      ]
    ]
  },
  "bulk_reconstruction": {
    "method": "mi_embedding",
    "num_qubits": 4,
    "mi_matrix": [
      [
        0.0,
        0.0008827585808555607,
        0.035699819847168614,
        0.01771983956847769
      ],
      [
        0.0008827585808555607,
        0.0,
        0.029243083581451765,
        0.05033758765269569
      ],
      [
        0.035699819847168614,
        0.029243083581451765,
        0.0,
        0.023509197008648945
      ],
      [
        0.01771983956847769,
        0.05033758765269569,
        0.023509197008648945,
        0.0
      ]
    ],
    "mds_embedding": {
      "coordinates_3d": [
        [
          -0.5082764372256162,
          0.2875878523425872,
          0.1628473313080737
        ],
        [
          0.1418927747178751,
          0.09697319537964705,
          -0.570430982300265
        ],
        [
          -0.08966678551515006,
          -0.5791323183019685,
          0.08579071919865555
        ],
        [
          0.45605044802220907,
          0.19457127057893353,
          0.3217929317935356
        ]
      ],
      "stress": 2.0000049266757416,
      "embedding_quality": "poor"
    }
  },
  "classical_comparison": {
    "massive": {
      "counts": {
        "1000": 3,
        "1011": 7,
        "0010": 7,
        "1110": 12,
        "0001": 11,
        "1010": 5,
        "1101": 2,
        "0011": 8,
        "0110": 5,
        "0101": 7,
        "0100": 5,
        "1100": 15,
        "0111": 3,
        "1111": 5,
        "0000": 4,
        "1001": 1
      },
      "mutual_information_matrix": [
        [
          0.0,
          1.6890290317730884e-05,
          0.054402051701243334,
          0.0582151240898824
        ],
        [
          1.6890290317730884e-05,
          0.0,
          0.01107217420979753,
          0.010429369068262008
        ],
        [
          0.054402051701243334,
          0.01107217420979753,
          0.0,
          0.05771241273064434
        ],
        [
          0.0582151240898824,
          0.010429369068262008,
          0.05771241273064434,
          0.0
        ]
      ],
      "bulk_reconstruction": {
        "method": "mi_embedding",
        "num_qubits": 4,
        "mi_matrix": [
          [
            0.0,
            1.6890290317730884e-05,
            0.054402051701243334,
            0.0582151240898824
          ],
          [
            1.6890290317730884e-05,
            0.0,
            0.01107217420979753,
            0.010429369068262008
          ],
          [
            0.054402051701243334,
            0.01107217420979753,
            0.0,
            0.05771241273064434
          ],
          [
            0.0582151240898824,
            0.010429369068262008,
            0.05771241273064434,
            0.0
          ]
        ],
        "mds_embedding": {
          "coordinates_3d": [
            [
              -0.4781944568664628,
              0.28279528496848805,
              0.18696128109167218
            ],
            [
              0.09560195687653755,
              0.09132724846079195,
              -0.6084196036805748
            ],
            [
              -0.06783479318705625,
              -0.5670843526419322,
              0.11027839902436327
            ],
            [
              0.4504272931762066,
              0.19296181921357122,
              0.3111799235649831
            ]
          ],
          "stress": 2.0000051288152467,
          "embedding_quality": "poor"
        }
      }
    },
    "massless": {
      "counts": {
        "1000": 6,
        "1111": 3,
        "0010": 8,
        "0100": 8,
        "1101": 6,
        "1100": 13,
        "0001": 10,
        "0101": 1,
        "1011": 7,
        "0111": 3,
        "0011": 9,
        "1110": 10,
        "0000": 2,
        "1010": 8,
        "1001": 4,
        "0110": 2
      },
      "mutual_information_matrix": [
        [
          0.0,
          0.0002943290510651845,
          0.05550268782668541,
          0.024462117713884096
        ],
        [
          0.0002943290510651845,
          0.0,
          0.029243083581451793,
          0.00029432905106516107
        ],
        [
          0.05550268782668541,
          0.029243083581451793,
          0.0,
          0.04014551134316248
        ],
        [
          0.024462117713884096,
          0.00029432905106516107,
          0.04014551134316248,
          0.0
        ]
      ],
      "bulk_reconstruction": {
        "method": "mi_embedding",
        "num_qubits": 4,
        "mi_matrix": [
          [
            0.0,
            0.0002943290510651845,
            0.05550268782668541,
            0.024462117713884096
          ],
          [
            0.0002943290510651845,
            0.0,
            0.029243083581451793,
            0.00029432905106516107
          ],
          [
            0.05550268782668541,
            0.029243083581451793,
            0.0,
            0.04014551134316248
          ],
          [
            0.024462117713884096,
            0.00029432905106516107,
            0.04014551134316248,
            0.0
          ]
        ],
        "mds_embedding": {
          "coordinates_3d": [
            [
              -0.4948073200345857,
              0.2842355790756363,
              0.16874634359249818
            ],
            [
              0.11031190982099541,
              0.08155918706711465,
              -0.5998819207944409
            ],
            [
              -0.07820543583030386,
              -0.5620773668582929,
              0.10115506618305581
            ],
            [
              0.4627008460425809,
              0.1962826007160925,
              0.32998051101937426
            ]
          ],
          "stress": 2.0000046961898565,
          "embedding_quality": "poor"
        }
      }
    }
  },
  "interference_analysis": {
    "interference_detected": false,
    "interference_strength": 0.0,
    "max_interference_strength": 0.0,
    "interference_term_matrix": null,
    "supporting_qubit_pairs": [],
    "quantum_effects": [],
    "classical_vs_quantum_differences": {},
    "massive_mi_matrix": null,
    "massless_mi_matrix": null,
    "classical_mixture_matrix": null
  }
}