{
  "spec": {
    "num_qubits": 4,
    "topology": "triangulated",
    "custom_edges": "0-1:0.8576,0-2:0.6573,0-3:0.9052,1-2:1.0000,1-3:0.6271,2-3:0.6271",
    "alpha": 0.8,
    "weight": 0.7009158979994543,
    "gamma": 0.01,
    "sigma": 0.3505241331103584,
    "init_angle": 0.33984647256646433,
    "init_angles": null,
    "shots": 100,
    "device": "simulator",
    "geometry": "spherical",
    "curvature": 4.5,
    "timesteps": 2,
    "dimension": 2,
    "mass_hinge": null,
    "mass_value": 0.0,
    "solve_regge": false,
    "lorentzian": true,
    "excite": true,
    "fast": false,
    "fast_preset": "balanced",
    "ctc_mode": false,
    "ctc_perturbation": null,
    "ctc_perturbation_strength": 1.0,
    "test_ctc_recovery": false,
    "strong_curvature": true,
    "charge_injection": true,
    "charge_strength": 2.5,
    "charge_location": null,
    "spin_injection": true,
    "spin_strength": 2.0,
    "spin_location": null,
    "edge_floor": 0.001,
    "compute_entropies": true,
    "hyperbolic_triangulation": true,
    "trotter_steps": 8,
    "dt": 0.05,
    "analyze_curvature": true,
    "einstein_solver": true,
    "page_curve": true,
    "radiation_ordering": null,
    "page_curve_timesteps": 15,
    "entropy_method": "hybrid",
    "num_shadows": 100,
    "shots_per_shadow": 1000,
    "num_bases": 20,
    "shots_per_basis": 1000,
    "enhanced_entanglement": false,
    "entanglement_strength": 1.4392734972970573,
    "interpolate_geometry": false,
    "smooth_charge_injection": false,
    "min_qubits_for_continuum": 10,
    "benchmark_against_classical_geometry": false,
    "geometry_fit_metric": "wasserstein,kl,euclidean",
    "verify_noise_robustness": false,
    "run_on_multiple_backends": false,
    "detect_and_flag_causal_loops": true,
    "restrict_information_flow_direction": "bidirectional",
    "filter_noncausal_edges": true,
    "use_ryu_takayanagi_test": true,
    "compare_MI_vs_subsystem_entropy": true,
    "embed_boundary_entropy_in_geometry": true,
    "entropy_engineering": true,
    "target_entropy_pattern": "quantum_gravity",
    "custom_target_entropies": null,
    "entropy_optimization_iterations": 200,
    "entropy_tolerance": 0.05,
    "continue_on_engineering_failure": true,
    "skip_entropy_engineering": false,
    "validate_engineered_geometry": true,
    "enhance_bell_violations": true,
    "bell_entanglement_strength": 4.0,
    "teleportation_circuits": true,
    "long_range_coupling": 3.0,
    "holographic_optimization": true,
    "rt_surface_encoding": true,
    "conformal_symmetry": true,
    "bulk_reconstruction": true,
    "scalable_entanglement": true,
    "parallel_execution": true,
    "memory_optimization": true,
    "circuit_compilation": "optimized",
    "real_hardware": false,
    "error_mitigation": true,
    "zero_noise_extrapolation": true,
    "zne_noise_factors": [
      1.0,
      2.0,
      3.0
    ],
    "zne_extrapolation_method": "polynomial",
    "hardware_calibration": true,
    "noise_characterization": true,
    "backend_name": "ibm_brisbane",
    "quantum_mode": true,
    "quantum_entanglement_strength": 5.0,
    "quantum_circuit_depth": 12,
    "geometric_teleportation": false,
    "teleportation_mode": "both",
    "bridge_strength": 1.0,
    "signal_state": "+",
    "emergent_geometry_teleportation": false,
    "teleportation_node_pairs": "auto",
    "teleportation_embedding_dim": 2,
    "teleportation_fidelity_threshold": 0.7,
    "superposition_gravity": true,
    "massive_bulk_mass_hinge": "2",
    "massive_bulk_mass_value": 1.0,
    "massless_bulk_mass_hinge": "None",
    "massless_bulk_mass_value": 0.0,
    "superposition_control_qubit": 0,
    "superposition_phase": 0.0,
    "interference_analysis": true,
    "classical_mixture_comparison": true,
    "coherence_preservation": true,
    "bulk_reconstruction_method": "mi_embedding"
  },
  "uid": "L4V1LH",
  "counts_per_timestep": [
    null,
    null
  ],
  "job_ids_per_timestep": [
    null,
    null
  ],
  "entropy_per_timestep": [
    null,
    null
  ],
  "mutual_information_per_timestep": [
    {
      "I_0,1": 0.098007847060984,
      "I_0,2": 0.10873835529232084,
      "I_0,3": 0.09800784706098184,
      "I_1,2": 0.09800784706098398,
      "I_1,3": 0.03498971927753858,
      "I_2,3": 0.0980078470609835
    },
    {
      "I_0,1": 0.37030271851223495,
      "I_0,2": 0.4064262920066327,
      "I_0,3": 0.37030271851223506,
      "I_1,2": 0.37030271851223606,
      "I_1,3": 0.2869296118182214,
      "I_2,3": 0.3703027185122352
    }
  ],
  "boundary_entropies_per_timestep": [
    {
      "entropy_A": 0.11355787170214335,
      "entropy_B": 0.11355787170214321,
      "mi_AB": 0.22711574340428223,
      "pure_state_check": true,
      "entropy_difference": 1.3877787807814457e-16,
      "multiple_regions": {
        "size_1_region_0": {
          "region": [
            0
          ],
          "entropy": 0.15043218970953456,
          "rt_area": 3,
          "size": 1
        },
        "size_1_region_1": {
          "region": [
            1
          ],
          "entropy": 0.113557871702143,
          "rt_area": 3,
          "size": 1
        },
        "size_1_region_2": {
          "region": [
            2
          ],
          "entropy": 0.15043218970953465,
          "rt_area": 3,
          "size": 1
        },
        "size_2_region_0": {
          "region": [
            0,
            1
          ],
          "entropy": 0.16598221435069363,
          "rt_area": 4,
          "size": 2
        },
        "size_2_region_1": {
          "region": [
            0,
            2
          ],
          "entropy": 0.1921260241267489,
          "rt_area": 4,
          "size": 2
        },
        "size_2_region_2": {
          "region": [
            0,
            3
          ],
          "entropy": 0.16598221435069557,
          "rt_area": 4,
          "size": 2
        },
        "size_3_region_0": {
          "region": [
            0,
            1,
            2
          ],
          "entropy": 0.11355787170214335,
          "rt_area": 3,
          "size": 3
        },
        "size_3_region_1": {
          "region": [
            0,
            1,
            3
          ],
          "entropy": 0.15043218970953665,
          "rt_area": 3,
          "size": 3
        },
        "size_3_region_2": {
          "region": [
            0,
            2,
            3
          ],
          "entropy": 0.11355787170214275,
          "rt_area": 3,
          "size": 3
        }
      }
    },
    {
      "entropy_A": 0.5299721470579734,
      "entropy_B": 0.5299721470579668,
      "mi_AB": 1.0599442941159327,
      "pure_state_check": true,
      "entropy_difference": 6.5503158452884236e-15,
      "multiple_regions": {
        "size_1_region_0": {
          "region": [
            0
          ],
          "entropy": 0.5897204871521734,
          "rt_area": 3,
          "size": 1
        },
        "size_1_region_1": {
          "region": [
            1
          ],
          "entropy": 0.5299721470579668,
          "rt_area": 3,
          "size": 1
        },
        "size_1_region_2": {
          "region": [
            2
          ],
          "entropy": 0.5897204871521735,
          "rt_area": 3,
          "size": 1
        },
        "size_2_region_0": {
          "region": [
            0,
            1
          ],
          "entropy": 0.7493899156979047,
          "rt_area": 4,
          "size": 2
        },
        "size_2_region_1": {
          "region": [
            0,
            2
          ],
          "entropy": 0.773014682297713,
          "rt_area": 4,
          "size": 2
        },
        "size_2_region_2": {
          "region": [
            0,
            3
          ],
          "entropy": 0.7493899156979041,
          "rt_area": 4,
          "size": 2
        },
        "size_3_region_0": {
          "region": [
            0,
            1,
            2
          ],
          "entropy": 0.5299721470579734,
          "rt_area": 3,
          "size": 3
        },
        "size_3_region_1": {
          "region": [
            0,
            1,
            3
          ],
          "entropy": 0.5897204871521772,
          "rt_area": 3,
          "size": 3
        },
        "size_3_region_2": {
          "region": [
            0,
            2,
            3
          ],
          "entropy": 0.5299721470579692,
          "rt_area": 3,
          "size": 3
        }
      }
    }
  ],
  "distance_matrix_per_timestep": [
    [
      [
        0.0,
        2.3227077314663034,
        2.21881069251834,
        2.3227077314663256
      ],
      [
        2.3227077314663034,
        0.0,
        2.322707731466304,
        4.645415462932613
      ],
      [
        2.21881069251834,
        2.322707731466304,
        0.0,
        2.3227077314663087
      ],
      [
        2.3227077314663256,
        4.645415462932613,
        2.3227077314663087,
        0.0
      ]
    ],
    [
      [
        0.0,
        0.9934344497116216,
        0.9003526899122791,
        0.9934344497116213
      ],
      [
        0.9934344497116216,
        0.0,
        0.9934344497116187,
        1.9868688994232397
      ],
      [
        0.9003526899122791,
        0.9934344497116187,
        0.0,
        0.9934344497116211
      ],
      [
        0.9934344497116213,
        1.9868688994232397,
        0.9934344497116211,
        0.0
      ]
    ]
  ],
  "edge_mi": {
    "0,1": 0.37030271851223495,
    "0,3": 0.37030271851223506,
    "0,2": 0.4064262920066327,
    "1,2": 0.37030271851223606,
    "2,3": 0.3703027185122352
  },
  "distance_matrix": [
    [
      0.0,
      0.9934344497116216,
      0.9003526899122791,
      0.9934344497116213
    ],
    [
      0.9934344497116216,
      0.0,
      0.9934344497116187,
      1.2485183482912146
    ],
    [
      0.9003526899122791,
      0.9934344497116187,
      0.0,
      0.9934344497116211
    ],
    [
      0.9934344497116213,
      1.2485183482912146,
      0.9934344497116211,
      0.0
    ]
  ],
  "shortest_paths": {
    "0": {
      "0": 0,
      "2": 0.9003526899122791,
      "3": 0.9934344497116213,
      "1": 0.9934344497116216
    },
    "1": {
      "1": 0,
      "2": 0.9934344497116187,
      "0": 0.9934344497116216,
      "3": 1.2485183482912146
    },
    "2": {
      "2": 0,
      "0": 0.9003526899122791,
      "1": 0.9934344497116187,
      "3": 0.9934344497116211
    },
    "3": {
      "3": 0,
      "2": 0.9934344497116211,
      "0": 0.9934344497116213,
      "1": 1.2485183482912146
    }
  },
  "gromov_delta": 0.6242591741456085,
  "mean_distance": 0.765326104631247,
  "angle_sums": [
    7.6433539103083925,
    9.42477796076938,
    7.643353910308414,
    9.42477796076938
  ],
  "mean_angle_sum": 8.53406593553889,
  "min_angle_sum": 7.6433539103083925,
  "max_angle_sum": 9.42477796076938,
  "angle_sum_deviations": [
    4.501761256718599,
    6.283185307179586,
    4.501761256718621,
    6.283185307179586
  ],
  "triangle_inequality_violations": [],
  "embedding_coords": [
    [
      0.15483282976300586,
      0.2246373275413327
    ],
    [
      -0.1778252484239137,
      0.07475766193894719
    ],
    [
      0.18721488223006513,
      -0.19850126268570684
    ],
    [
      -0.1642224635691573,
      -0.10089372679457308
    ]
  ],
  "embedding_coords_3d": [
    [
      -0.23509842587058719,
      0.13747206054405148,
      0.02937668586920703
    ],
    [
      0.13798845839011023,
      0.07506090029462498,
      -0.11524666139925056
    ],
    [
      -0.056507171645216334,
      -0.2672168803773148,
      -0.02085471582056561
    ],
    [
      0.15361713912569328,
      0.05468391953863828,
      0.10672469135060916
    ]
  ],
  "edge_weight_variance": 0.021983915833333336,
  "event_nodes": [
    [
      0,
      0
    ],
    [
      1,
      0
    ],
    [
      2,
      0
    ],
    [
      3,
      0
    ],
    [
      0,
      1
    ],
    [
      1,
      1
    ],
    [
      2,
      1
    ],
    [
      3,
      1
    ]
  ],
  "event_edges": [
    {
      "type": "spatial",
      "from": [
        0,
        0
      ],
      "to": [
        1,
        0
      ],
      "weight": 2.3227077314663034
    },
    {
      "type": "spatial",
      "from": [
        0,
        0
      ],
      "to": [
        2,
        0
      ],
      "weight": 2.21881069251834
    },
    {
      "type": "spatial",
      "from": [
        0,
        0
      ],
      "to": [
        3,
        0
      ],
      "weight": 2.3227077314663256
    },
    {
      "type": "spatial",
      "from": [
        1,
        0
      ],
      "to": [
        2,
        0
      ],
      "weight": 2.322707731466304
    },
    {
      "type": "spatial",
      "from": [
        1,
        0
      ],
      "to": [
        3,
        0
      ],
      "weight": 4.645415462932613
    },
    {
      "type": "spatial",
      "from": [
        2,
        0
      ],
      "to": [
        3,
        0
      ],
      "weight": 2.3227077314663087
    },
    {
      "type": "temporal",
      "from": [
        0,
        0
      ],
      "to": [
        0,
        1
      ],
      "weight": 1.0
    },
    {
      "type": "temporal",
      "from": [
        1,
        0
      ],
      "to": [
        1,
        1
      ],
      "weight": 1.0
    },
    {
      "type": "temporal",
      "from": [
        2,
        0
      ],
      "to": [
        2,
        1
      ],
      "weight": 1.0
    },
    {
      "type": "temporal",
      "from": [
        3,
        0
      ],
      "to": [
        3,
        1
      ],
      "weight": 1.0
    },
    {
      "type": "spatial",
      "from": [
        0,
        1
      ],
      "to": [
        1,
        1
      ],
      "weight": 0.9934344497116216
    },
    {
      "type": "spatial",
      "from": [
        0,
        1
      ],
      "to": [
        2,
        1
      ],
      "weight": 0.9003526899122791
    },
    {
      "type": "spatial",
      "from": [
        0,
        1
      ],
      "to": [
        3,
        1
      ],
      "weight": 0.9934344497116213
    },
    {
      "type": "spatial",
      "from": [
        1,
        1
      ],
      "to": [
        2,
        1
      ],
      "weight": 0.9934344497116187
    },
    {
      "type": "spatial",
      "from": [
        1,
        1
      ],
      "to": [
        3,
        1
      ],
      "weight": 1.9868688994232397
    },
    {
      "type": "spatial",
      "from": [
        2,
        1
      ],
      "to": [
        3,
        1
      ],
      "weight": 0.9934344497116211
    }
  ],
  "lorentzian_dissimilarity": [
    [
      0.0,
      5.394971205813341,
      4.923120889233715,
      5.3949712058134445,
      -1.0,
      4.394971205813341,
      3.923120889233715,
      4.3949712058134445
    ],
    [
      5.394971205813341,
      0.0,
      5.394971205813343,
      21.579884823253423,
      4.394971205813341,
      -1.0,
      4.394971205813343,
      20.579884823253423
    ],
    [
      4.923120889233715,
      5.394971205813343,
      0.0,
      5.394971205813366,
      3.923120889233715,
      4.394971205813343,
      -1.0,
      4.394971205813366
    ],
    [
      5.3949712058134445,
      21.579884823253423,
      5.394971205813366,
      0.0,
      4.3949712058134445,
      20.579884823253423,
      4.394971205813366,
      -1.0
    ],
    [
      -1.0,
      4.394971205813341,
      3.923120889233715,
      4.3949712058134445,
      0.0,
      0.9869120058738325,
      0.8106349662322766,
      0.9869120058738319
    ],
    [
      4.394971205813341,
      -1.0,
      4.394971205813343,
      20.579884823253423,
      0.9869120058738325,
      0.0,
      0.9869120058738265,
      3.947648023495316
    ],
    [
      3.923120889233715,
      4.394971205813343,
      -1.0,
      4.394971205813366,
      0.8106349662322766,
      0.9869120058738265,
      0.0,
      0.9869120058738314
    ],
    [
      4.3949712058134445,
      20.579884823253423,
      4.394971205813366,
      -1.0,
      0.9869120058738319,
      3.947648023495316,
      0.9869120058738314,
      0.0
    ]
  ],
  "lorentzian_embedding": [
    [
      0.5830830082205776,
      0.6736902697248546,
      0.18106542747666804
    ],
    [
      -0.3592305757283173,
      -1.807897778517848,
      0.2565515026718345
    ],
    [
      0.5831102051815837,
      0.6736837656577106,
      0.18104639304171455
    ],
    [
      1.4806879058258413,
      3.089182129895354,
      -0.31595999931593943
    ],
    [
      0.47694218904758534,
      0.5168005577172283,
      -0.8195494754611207
    ],
    [
      1.7681355365706262,
      -1.2616833574968098,
      -1.3353911400700222
    ],
    [
      0.47687108963131974,
      0.5167969368325694,
      -0.8195902237634907
    ],
    [
      -1.0096014272228102,
      2.0069480831386035,
      -2.142759614448876
    ]
  ],
  "edge_length_evolution": [],
  "angle_deficit_evolution": [],
  "regge_action_evolution": [],
  "gromov_delta_evolution": [],
  "mass_hinge": null,
  "mass_value": 0.0,
  "matter": [
    {
      "(0, 1)": 0.0,
      "(1, 2)": 0.0,
      "(0, 3)": 0.0,
      "(2, 3)": 0.0,
      "(0, 2)": 0.0,
      "(1, 3)": 0.0
    },
    {
      "(0, 1)": 0.0,
      "(1, 2)": 0.0,
      "(0, 3)": 0.0,
      "(2, 3)": 0.0,
      "(0, 2)": 0.0,
      "(1, 3)": 0.0
    }
  ],
  "stationary_solution": null,
  "einstein_analysis_per_timestep": [
    {
      "ricci_tensor": [
        [
          0.033484966425862045,
          0.0
        ],
        [
          0.0,
          0.033484966425862045
        ]
      ],
      "metric_tensor": [
        [
          1.0066969932851724,
          0.0033484966425862046
        ],
        [
          0.0033484966425862046,
          1.0066969932851724
        ]
      ],
      "stress_energy_tensor": [
        [
          0.033484966425862045,
          0.0006696993285172409
        ],
        [
          0.0006696993285172409,
          0.033484966425862045
        ]
      ],
      "einstein_solution": {
        "einstein_tensor": [
          [
            0.0,
            0.0
          ],
          [
            0.0,
            0.0
          ]
        ],
        "ricci_scalar": 0.06696993285172409,
        "metric_tensor": [
          [
            1.0,
            0.0
          ],
          [
            0.0,
            1.0
          ]
        ],
        "lhs": [
          [
            0.0,
            0.0
          ],
          [
            0.0,
            0.0
          ]
        ],
        "rhs": [
          [
            0.033484966425862045,
            0.0006696993285172409
          ],
          [
            0.0006696993285172409,
            0.033484966425862045
          ]
        ],
        "equations_satisfied": false,
        "residual": 0.04736436368688436,
        "conservation_violation": 0.033484966425862045,
        "gravitational_constant": 0.039788735772973836,
        "cosmological_constant": 0.0
      },
      "entropy_first_derivative": 0.0,
      "entropy_second_derivative": 0.0,
      "entropy_curvature_correlation": 0.04735488865506238,
      "emergent_gravitational_constant": 0.0053292979259421,
      "average_mutual_information": 0.06696993285172409,
      "ricci_scalar": 0.06696993285172409,
      "analysis_summary": {
        "einstein_equations_satisfied": false,
        "residual_magnitude": 0.04736436368688436,
        "conservation_violation": 0.033484966425862045,
        "entropy_evolution_rate": 0.0,
        "entropy_acceleration": 0.0,
        "entanglement_curvature_coupling": 0.04735488865506238
      }
    },
    {
      "ricci_tensor": [
        [
          0.1359104236171122,
          0.0
        ],
        [
          0.0,
          0.1359104236171122
        ]
      ],
      "metric_tensor": [
        [
          1.0271820847234225,
          0.013591042361711221
        ],
        [
          0.013591042361711221,
          1.0271820847234225
        ]
      ],
      "stress_energy_tensor": [
        [
          0.1359104236171122,
          0.002718208472342244
        ],
        [
          0.002718208472342244,
          0.1359104236171122
        ]
      ],
      "einstein_solution": {
        "einstein_tensor": [
          [
            0.0,
            0.0
          ],
          [
            0.0,
            0.0
          ]
        ],
        "ricci_scalar": 0.2718208472342244,
        "metric_tensor": [
          [
            1.0,
            0.0
          ],
          [
            0.0,
            1.0
          ]
        ],
        "lhs": [
          [
            0.0,
            0.0
          ],
          [
            0.0,
            0.0
          ]
        ],
        "rhs": [
          [
            0.1359104236171122,
            0.002718208472342244
          ],
          [
            0.002718208472342244,
            0.1359104236171122
          ]
        ],
        "equations_satisfied": false,
        "residual": 0.19224480177670344,
        "conservation_violation": 0.1359104236171122,
        "gravitational_constant": 0.039788735772973836,
        "cosmological_constant": 0.0
      },
      "entropy_first_derivative": 0.0,
      "entropy_second_derivative": 0.0,
      "entropy_curvature_correlation": 0.1922063593471928,
      "emergent_gravitational_constant": 0.02163081573637688,
      "average_mutual_information": 0.2718208472342244,
      "ricci_scalar": 0.2718208472342244,
      "analysis_summary": {
        "einstein_equations_satisfied": false,
        "residual_magnitude": 0.19224480177670344,
        "conservation_violation": 0.1359104236171122,
        "entropy_evolution_rate": 0.0,
        "entropy_acceleration": 0.0,
        "entanglement_curvature_coupling": 0.1922063593471928
      }
    }
  ],
  "bootstrap_analysis": {
    "gromov_delta": {
      "mean": 1.658071090588969,
      "lower_ci": 0.993434449711621,
      "upper_ci": 2.322707731466317,
      "all_values": [
        2.322707731466317,
        0.993434449711621
      ],
      "uncertainty": 0.6646366408773481
    },
    "entropy": {
      "mean": null,
      "lower_ci": null,
      "upper_ci": null,
      "uncertainty": null
    },
    "distance_matrix": {
      "mean": [
        [
          0.0,
          1.6580710905889626,
          1.5595816912153095,
          1.6580710905889735
        ],
        [
          1.6580710905889626,
          0.0,
          1.6580710905889613,
          3.316142181177926
        ],
        [
          1.5595816912153095,
          1.6580710905889613,
          0.0,
          1.6580710905889648
        ],
        [
          1.6580710905889735,
          3.316142181177926,
          1.6580710905889648,
          0.0
        ]
      ],
      "lower_ci": [
        [
          0.0,
          0.9934344497116216,
          0.9003526899122791,
          0.9934344497116213
        ],
        [
          0.9934344497116216,
          0.0,
          0.9934344497116187,
          1.9868688994232397
        ],
        [
          0.9003526899122791,
          0.9934344497116187,
          0.0,
          0.9934344497116211
        ],
        [
          0.9934344497116213,
          1.9868688994232397,
          0.9934344497116211,
          0.0
        ]
      ],
      "upper_ci": [
        [
          0.0,
          2.3227077314663034,
          2.21881069251834,
          2.3227077314663256
        ],
        [
          2.3227077314663034,
          0.0,
          2.322707731466304,
          4.645415462932613
        ],
        [
          2.21881069251834,
          2.322707731466304,
          0.0,
          2.3227077314663087
        ],
        [
          2.3227077314663256,
          4.645415462932613,
          2.3227077314663087,
          0.0
        ]
      ]
    }
  },
  "topology_compatibility": {
    "current_topology": "triangulated",
    "explanation": "Triangulated topology is specifically designed for angle-sum curvature. Creates multiple triangles per vertex, enabling robust local curvature measurements. Each vertex has multiple incident triangles for well-defined angle sums.",
    "supports_local_curvature": true
  },
  "rt_surface_analysis": {
    "region_A": [
      0
    ],
    "region_B": [
      1,
      2,
      3
    ],
    "bulk_point": 2,
    "is_complementary": true,
    "rt_area_AB": 2.887221589335522,
    "rt_area_BA": 2.887221589335522,
    "area_consistent": true,
    "edges_consistent": true,
    "area_difference": 0.0,
    "rt_edges_AB": [
      [
        0,
        1
      ],
      [
        0,
        2
      ],
      [
        0,
        3
      ]
    ],
    "rt_edges_BA": [
      [
        0,
        1
      ],
      [
        0,
        2
      ],
      [
        0,
        3
      ]
    ],
    "edge_lengths": [
      0.9934344497116216,
      0.9003526899122791,
      0.9934344497116213,
      0.9934344497116187,
      1.9868688994232397,
      0.9934344497116211
    ],
    "all_edges": [
      [
        0,
        1
      ],
      [
        0,
        2
      ],
      [
        0,
        3
      ],
      [
        1,
        2
      ],
      [
        1,
        3
      ],
      [
        2,
        3
      ]
    ]
  },
  "bulk_excitation_analysis": {
    "ground_state_mi": [
      [
        0.0,
        0.3703027185122354,
        0.40642629200663405,
        0.37030271851223595
      ],
      [
        0.3703027185122354,
        0.0,
        0.3703027185122363,
        0.2869296118182212
      ],
      [
        0.40642629200663405,
        0.3703027185122363,
        0.0,
        0.37030271851223584
      ],
      [
        0.37030271851223595,
        0.2869296118182212,
        0.37030271851223584,
        0.0
      ]
    ],
    "excited_state_mi": [
      [
        0.0,
        0.4238499699686106,
        0.358809951859429,
        0.42384996996861035
      ],
      [
        0.4238499699686106,
        0.0,
        0.5318737203705929,
        0.38439984251859016
      ],
      [
        0.358809951859429,
        0.5318737203705929,
        0.0,
        0.5318737203705928
      ],
      [
        0.42384996996861035,
        0.38439984251859016,
        0.5318737203705928,
        0.0
      ]
    ],
    "mi_difference": [
      [
        0.0,
        0.05354725145637518,
        -0.04761634014720506,
        0.0535472514563744
      ],
      [
        0.05354725145637518,
        0.0,
        0.1615710018583566,
        0.09747023070036898
      ],
      [
        -0.04761634014720506,
        0.1615710018583566,
        0.0,
        0.16157100185835693
      ],
      [
        0.0535472514563744,
        0.09747023070036898,
        0.16157100185835693,
        0.0
      ]
    ],
    "avg_mi_change": 0.07191538468462964,
    "max_mi_change": 0.16157100185835693,
    "mi_change_boundary_A": NaN,
    "mi_change_boundary_B": 0.1402040781390275,
    "bulk_point": 2,
    "ground_state_counts": {
      "1111 1111": 6,
      "0110 0110": 4,
      "1000 1000": 11,
      "0010 0010": 11,
      "0100 0100": 2,
      "1101 1101": 7,
      "0101 0101": 2,
      "0001 0001": 4,
      "0000 0000": 32,
      "1001 1001": 4,
      "0111 0111": 2,
      "1011 1011": 6,
      "1110 1110": 3,
      "0011 0011": 3,
      "1100 1100": 3
    },
    "excited_state_counts": {
      "1000 0010": 5,
      "0100 1010": 1,
      "1100 0000": 3,
      "1111 0011": 1,
      "0110 1100": 3,
      "0110 0000": 3,
      "1001 0111": 2,
      "1001 0011": 2,
      "1100 0110": 1,
      "1101 0111": 1,
      "1110 0000": 17,
      "1111 0001": 2,
      "1010 0000": 22,
      "1001 0001": 1,
      "0010 0000": 2,
      "1000 0110": 1,
      "0110 1000": 8,
      "1101 0011": 1,
      "1100 0010": 2,
      "0110 1110": 1,
      "0101 1011": 3,
      "0001 1011": 2,
      "0100 1110": 2,
      "0011 1101": 2,
      "1101 1101": 1,
      "1101 1011": 1,
      "0100 0010": 1,
      "1000 1110": 1,
      "0111 1011": 1,
      "0010 1010": 1,
      "0010 1000": 1,
      "1000 1010": 1,
      "1010 0110": 1,
      "0111 1001": 1,
      "0111 1101": 1,
      "1110 1000": 1
    },
    "boundary_entropies": {
      "ground_state": {
        "entropy_A": 0.5299721470579734,
        "entropy_B": 0.5299721470579668,
        "mi_AB": 1.0599442941159327
      },
      "excited_state": {
        "entropy_A": 0.6565273076827474,
        "entropy_B": 0.6565273076827447,
        "mi_AB": 1.3130546153654896
      },
      "rt_relation_test": {
        "entropy_ratio": 0.9999999999999877,
        "rt_area_ratio": 1.0,
        "rt_deviation": 1.2323475573339238e-14,
        "excited_entropy_ratio": 0.9999999999999959,
        "rt_relation_change": 8.215650382226158e-15
      }
    }
  },
  "page_curve_analysis": null,
  "deutsch_ctc_analysis": null,
  "ctc_recovery_analysis": null,
  "einstein_analysis": null,
  "dynamic_evidence": {
    "angle_sums_per_timestep": [
      [
        4.323454681902474,
        3.141592653589793,
        4.323454681902426,
        0.0
      ],
      [
        7.6433539103083925,
        3.141592653589793,
        7.643353910308414,
        0.0
      ]
    ],
    "gromov_delta_per_timestep": [
      2.322707731466317,
      0.993434449711621
    ],
    "edge_mi_per_timestep": [
      {
        "0,1": 0.098007847060984,
        "0,3": 0.09800784706098184,
        "0,2": 0.10873835529232084,
        "1,2": 0.09800784706098398,
        "2,3": 0.0980078470609835
      },
      {
        "0,1": 0.37030271851223495,
        "0,3": 0.37030271851223506,
        "0,2": 0.4064262920066327,
        "1,2": 0.37030271851223606,
        "2,3": 0.3703027185122352
      }
    ],
    "shortest_paths_per_timestep": [
      {
        "0": {
          "0": 0,
          "2": 2.21881069251834,
          "1": 2.3227077314663034,
          "3": 2.3227077314663256
        },
        "1": {
          "1": 0,
          "0": 2.3227077314663034,
          "2": 2.322707731466304,
          "3": 4.645415462932613
        },
        "2": {
          "2": 0,
          "0": 2.21881069251834,
          "1": 2.322707731466304,
          "3": 2.3227077314663087
        },
        "3": {
          "3": 0,
          "2": 2.3227077314663087,
          "0": 2.3227077314663256,
          "1": 4.645415462932613
        }
      },
      {
        "0": {
          "0": 0,
          "2": 0.9003526899122791,
          "3": 0.9934344497116213,
          "1": 0.9934344497116216
        },
        "1": {
          "1": 0,
          "2": 0.9934344497116187,
          "0": 0.9934344497116216,
          "3": 1.9868688994232397
        },
        "2": {
          "2": 0,
          "0": 0.9003526899122791,
          "1": 0.9934344497116187,
          "3": 0.9934344497116211
        },
        "3": {
          "3": 0,
          "2": 0.9934344497116211,
          "0": 0.9934344497116213,
          "1": 1.9868688994232397
        }
      }
    ],
    "mean_distance_per_timestep": [
      2.0193821351645243,
      0.8576199235227502
    ],
    "triangle_violations_per_timestep": [
      0,
      0
    ],
    "embedding_coords_per_timestep": [
      [
        [
          0.07687683245322595,
          0.26308553345735014
        ],
        [
          0.19646582743499572,
          -0.03982661112874092
        ],
        [
          -0.10605871568741503,
          -0.2991797431545739
        ],
        [
          -0.16728394420080658,
          0.07592082082596473
        ]
      ],
      [
        [
          0.07232949138618336,
          0.3005762880280513
        ],
        [
          -0.05638564731941005,
          -0.0008167104869947119
        ],
        [
          -0.10566237991991231,
          -0.29403223250459914
        ],
        [
          0.089718535853139,
          -0.005727345036457376
        ]
      ]
    ],
    "regge_evolution_data": null,
    "evolution_summary": {
      "total_timesteps": 2,
      "gromov_delta_range": [
        0.993434449711621,
        2.322707731466317
      ],
      "mean_distance_range": [
        0.8576199235227502,
        2.0193821351645243
      ],
      "total_triangle_violations": 0,
      "hyperbolic_evolution": [
        false,
        false
      ],
      "regge_corrected": false
    }
  },
  "quantum_state_outputs": [
    {
      "timestep": 1,
      "statevector": [
        {
          "real": -0.04373050710046493,
          "imag": -0.7016211398588968
        },
        {
          "real": -0.10908125619591168,
          "imag": -0.24353245740054005
        },
        {
          "real": -0.2331204420016521,
          "imag": -0.21010124563255383
        },
        {
          "real": -0.15279243995819333,
          "imag": 0.021854095504665202
        },
        {
          "real": -0.10908125619591169,
          "imag": -0.24353245740054008
        },
        {
          "real": -0.13818420808421325,
          "imag": -0.04318175279075297
        },
        {
          "real": -0.15279243995819347,
          "imag": 0.0218540955046652
        },
        {
          "real": 0.0015696018408274243,
          "imag": 0.08407126108923048
        },
        {
          "real": -0.23312044200165216,
          "imag": -0.21010124563255372
        },
        {
          "real": -0.1527924399581934,
          "imag": 0.021854095504665213
        },
        {
          "real": -0.14152266479392284,
          "imag": 0.0007830681511244875
        },
        {
          "real": -0.011002619053072668,
          "imag": 0.08352784045513018
        },
        {
          "real": -0.15279243995819336,
          "imag": 0.021854095504665206
        },
        {
          "real": 0.001569601840827425,
          "imag": 0.08407126108923048
        },
        {
          "real": -0.011002619053072663,
          "imag": 0.08352784045513013
        },
        {
          "real": 0.040567898903094916,
          "imag": -0.01275231911171953
        }
      ],
      "mutual_information_matrix": [
        [
          0.0,
          0.098007847060984,
          0.10873835529232084,
          0.09800784706098184
        ],
        [
          0.098007847060984,
          0.0,
          0.09800784706098398,
          0.03498971927753858
        ],
        [
          0.10873835529232084,
          0.09800784706098398,
          0.0,
          0.0980078470609835
        ],
        [
          0.09800784706098184,
          0.03498971927753858,
          0.0980078470609835,
          0.0
        ]
      ],
      "circuit_depth": 42,
      "num_gates": 77
    },
    {
      "timestep": 2,
      "statevector": [
        {
          "real": -0.5992795874275707,
          "imag": 0.22866653446617397
        },
        {
          "real": -0.13440475535610183,
          "imag": 0.013122626776520362
        },
        {
          "real": -0.28143107150268204,
          "imag": 0.1743591918331018
        },
        {
          "real": -0.1258723183376288,
          "imag": 0.11641073089213834
        },
        {
          "real": -0.13440475535610194,
          "imag": 0.01312262677652028
        },
        {
          "real": -0.07169983269332085,
          "imag": -0.07128206194556341
        },
        {
          "real": -0.12587231833762874,
          "imag": 0.1164107308921383
        },
        {
          "real": 0.039585558749923574,
          "imag": 0.19223929337560736
        },
        {
          "real": -0.2814310715026821,
          "imag": 0.17435919183310186
        },
        {
          "real": -0.12587231833762874,
          "imag": 0.11641073089213834
        },
        {
          "real": -0.08693289537999331,
          "imag": 0.08459744641283215
        },
        {
          "real": -0.019561585348030004,
          "imag": 0.19536021249167038
        },
        {
          "real": -0.12587231833762885,
          "imag": 0.11641073089213837
        },
        {
          "real": 0.03958555874992361,
          "imag": 0.19223929337560738
        },
        {
          "real": -0.019561585348030014,
          "imag": 0.1953602124916705
        },
        {
          "real": 0.14214831376903098,
          "imag": -0.12659740608076414
        }
      ],
      "mutual_information_matrix": [
        [
          0.0,
          0.37030271851223495,
          0.4064262920066327,
          0.37030271851223506
        ],
        [
          0.37030271851223495,
          0.0,
          0.37030271851223606,
          0.2869296118182214
        ],
        [
          0.4064262920066327,
          0.37030271851223606,
          0.0,
          0.3703027185122352
        ],
        [
          0.37030271851223506,
          0.2869296118182214,
          0.3703027185122352,
          0.0
        ]
      ],
      "circuit_depth": 82,
      "num_gates": 149
    }
  ],
  "emergent_geometry_teleportation": null,
  "superposition_gravity": null,
  "teleportation_geometry_correlation": null
}