{
  "circuit_info": {
    "num_qubits": 4,
    "control_qubit": 0,
    "phase": 0.0,
    "massive_bulk_params": {
      "mass_hinge": "2",
      "mass_value": 1.0
    },
    "massless_bulk_params": {
      "mass_hinge": "None",
      "mass_value": 0.0
    }
  },
  "execution_info": {
    "device": "simulator",
    "shots": 100,
    "job_id": null,
    "total_shots": 100,
    "unique_states": 12
  },
  "superposition_state": {
    "counts": {
      "1000": 7,
      "0000": 11,
      "0100": 20,
      "0010": 5,
      "1111": 3,
      "1010": 25,
      "0001": 4,
      "1100": 4,
      "0110": 8,
      "1110": 11,
      "1101": 1,
      "0101": 1
    },
    "mutual_information_matrix": [
      [
        0.0,
        0.010086929533015643,
        0.001631412897005427,
        0.001228146275456676
      ],
      [
        0.010086929533015643,
        0.0,
        0.010166299815329231,
        0.18843331729367702
      ],
      [
        0.001631412897005427,
        0.010166299815329231,
        0.0,
        0.035007123092036616
      ],
      [
        0.001228146275456676,
        0.18843331729367702,
        0.035007123092036616,
        0.0
      ]
    ]
  },
  "bulk_reconstruction": {
    "method": "mi_embedding",
    "num_qubits": 4,
    "mi_matrix": [
      [
        0.0,
        0.010086929533015643,
        0.001631412897005427,
        0.001228146275456676
      ],
      [
        0.010086929533015643,
        0.0,
        0.010166299815329231,
        0.18843331729367702
      ],
      [
        0.001631412897005427,
        0.010166299815329231,
        0.0,
        0.035007123092036616
      ],
      [
        0.001228146275456676,
        0.18843331729367702,
        0.035007123092036616,
        0.0
      ]
    ],
    "mds_embedding": {
      "coordinates_3d": [
        [
          -0.5410576024519821,
          0.29355397224001517,
          0.13510568299771958
        ],
        [
          0.21128391837712035,
          0.14840860362549427,
          -0.49122580648935615
        ],
        [
          -0.10613833710251422,
          -0.6040701285167757,
          0.06638550756540187
        ],
        [
          0.43591202117831723,
          0.16210755265106283,
          0.2897346159258894
        ]
      ],
      "stress": 2.0000053479667135,
      "embedding_quality": "poor"
    }
  },
  "classical_comparison": {
    "massive": {
      "counts": {
        "1100": 6,
        "0011": 10,
        "1000": 5,
        "0001": 6,
        "0010": 5,
        "1110": 8,
        "1101": 10,
        "0111": 5,
        "0101": 8,
        "1111": 6,
        "1001": 8,
        "1011": 4,
        "1010": 7,
        "0100": 4,
        "0000": 4,
        "0110": 4
      },
      "mutual_information_matrix": [
        [
          0.0,
          0.01013156432804483,
          5.770803875130518e-06,
          0.009194162716787371
        ],
        [
          0.01013156432804483,
          0.0,
          0.004578898409934223,
          0.0024781831022708464
        ],
        [
          5.770803875130518e-06,
          0.004578898409934223,
          0.0,
          0.007042575881164845
        ],
        [
          0.009194162716787371,
          0.0024781831022708464,
          0.007042575881164845,
          0.0
        ]
      ],
      "bulk_reconstruction": {
        "method": "mi_embedding",
        "num_qubits": 4,
        "mi_matrix": [
          [
            0.0,
            0.01013156432804483,
            5.770803875130518e-06,
            0.009194162716787371
          ],
          [
            0.01013156432804483,
            0.0,
            0.004578898409934223,
            0.0024781831022708464
          ],
          [
            5.770803875130518e-06,
            0.004578898409934223,
            0.0,
            0.007042575881164845
          ],
          [
            0.009194162716787371,
            0.0024781831022708464,
            0.007042575881164845,
            0.0
          ]
        ],
        "mds_embedding": {
          "coordinates_3d": [
            [
              -0.2556605833670678,
              -0.21612818832715955,
              0.5074132152613435
            ],
            [
              0.015905974094227743,
              -0.4441810577174324,
              -0.4159942321110941
            ],
            [
              -0.32467872771023487,
              0.4707747157398872,
              -0.21522886921869827
            ],
            [
              0.5644333369826264,
              0.1895345303050711,
              0.12380988606748582
            ]
          ],
          "stress": 2.0000050651489008,
          "embedding_quality": "poor"
        }
      }
    },
    "massless": {
      "counts": {
        "0110": 8,
        "1111": 1,
        "1100": 9,
        "1110": 8,
        "1101": 7,
        "0001": 9,
        "1010": 12,
        "0000": 7,
        "1000": 6,
        "0010": 6,
        "0011": 4,
        "1011": 2,
        "0100": 7,
        "0101": 9,
        "0111": 4,
        "1001": 1
      },
      "mutual_information_matrix": [
        [
          0.0,
          0.04079401627904733,
          0.0024050064835517172,
          0.04615458060622095
        ],
        [
          0.04079401627904733,
          0.0,
          0.009516761630553205,
          0.0062101589197407076
        ],
        [
          0.0024050064835517172,
          0.009516761630553205,
          0.0,
          0.0004482487332745696
        ],
        [
          0.04615458060622095,
          0.0062101589197407076,
          0.0004482487332745696,
          0.0
        ]
      ],
      "bulk_reconstruction": {
        "method": "mi_embedding",
        "num_qubits": 4,
        "mi_matrix": [
          [
            0.0,
            0.04079401627904733,
            0.0024050064835517172,
            0.04615458060622095
          ],
          [
            0.04079401627904733,
            0.0,
            0.009516761630553205,
            0.0062101589197407076
          ],
          [
            0.0024050064835517172,
            0.009516761630553205,
            0.0,
            0.0004482487332745696
          ],
          [
            0.04615458060622095,
            0.0062101589197407076,
            0.0004482487332745696,
            0.0
          ]
        ],
        "mds_embedding": {
          "coordinates_3d": [
            [
              -0.232383198900295,
              -0.21243167778010774,
              0.4950568113500028
            ],
            [
              0.0012691248314865948,
              -0.44205776022483395,
              -0.40589149566688354
            ],
            [
              -0.32788363201100074,
              0.4749122877566964,
              -0.22077945426590556
            ],
            [
              0.5589977060800018,
              0.1795771502473598,
              0.13161413858395202
            ]
          ],
          "stress": 2.000004172422551,
          "embedding_quality": "poor"
        }
      }
    }
  },
  "interference_analysis": {
    "interference_detected": false,
    "interference_strength": 0.0,
    "max_interference_strength": 0.0,
    "interference_term_matrix": null,
    "supporting_qubit_pairs": [],
    "quantum_effects": [],
    "classical_vs_quantum_differences": {},
    "massive_mi_matrix": null,
    "massless_mi_matrix": null,
    "classical_mixture_matrix": null
  }
}