
=== contradictions_test ===
Results: {'disconnected': {'entropy': 1.9986786256715585, 'mutual_information_matrix': [[0.0, 8.881784197001252e-16, 1.999999999999999, 8.881784197001252e-16, 6.661338147750939e-16, 6.661338147750939e-16], [8.881784197001252e-16, 0.0, 8.881784197001252e-16, 1.999999999999999, 6.661338147750939e-16, 6.661338147750939e-16], [1.999999999999999, 8.881784197001252e-16, 0.0, 8.881784197001252e-16, 6.661338147750939e-16, 6.661338147750939e-16], [8.881784197001252e-16, 1.999999999999999, 8.881784197001252e-16, 0.0, 6.661338147750939e-16, 6.661338147750939e-16], [6.661338147750939e-16, 6.661338147750939e-16, 6.661338147750939e-16, 6.661338147750939e-16, 0.0, 6.406853007629834e-16], [6.661338147750939e-16, 6.661338147750939e-16, 6.661338147750939e-16, 6.661338147750939e-16, 6.406853007629834e-16, 0.0]], 'counts': {'000101': 477, '001111': 537, '001010': 518, '000000': 516}}, 'over_entangled': {'entropy': 0.9999828016636879, 'mutual_information_matrix': [[0.0, 1.0, 2.220446049250313e-16, 1.0, 2.220446049250313e-16, 1.0], [1.0, 0.0, 2.220446049250313e-16, 1.0, 2.220446049250313e-16, 1.0], [2.220446049250313e-16, 2.220446049250313e-16, 0.0, 2.220446049250313e-16, 3.203426503814918e-16, 2.220446049250313e-16], [1.0, 1.0, 2.220446049250313e-16, 0.0, 2.220446049250313e-16, 1.0], [2.220446049250313e-16, 2.220446049250313e-16, 3.203426503814918e-16, 2.220446049250313e-16, 0.0, 2.220446049250313e-16], [1.0, 1.0, 2.220446049250313e-16, 1.0, 2.220446049250313e-16, 0.0]], 'counts': {'101011': 1029, '000000': 1019}}, 'non_local': {'entropy': 0.9999993120664018, 'mutual_information_matrix': [[0.0, 2.220446049250313e-16, 2.220446049250313e-16, 2.220446049250313e-16, 2.220446049250313e-16, 1.9999999999999987], [2.220446049250313e-16, 0.0, 3.203426503814918e-16, 3.203426503814918e-16, 3.203426503814918e-16, 2.220446049250313e-16], [2.220446049250313e-16, 3.203426503814918e-16, 0.0, 3.203426503814918e-16, 3.203426503814918e-16, 2.220446049250313e-16], [2.220446049250313e-16, 3.203426503814918e-16, 3.203426503814918e-16, 0.0, 3.203426503814918e-16, 2.220446049250313e-16], [2.220446049250313e-16, 3.203426503814918e-16, 3.203426503814918e-16, 3.203426503814918e-16, 0.0, 2.220446049250313e-16], [1.9999999999999987, 2.220446049250313e-16, 2.220446049250313e-16, 2.220446049250313e-16, 2.220446049250313e-16, 0.0]], 'counts': {'100001': 1025, '000000': 1023}}}
Theory Comparison: {'expected_entropies': {'disconnected': 0.5, 'over_entangled': 1.0, 'non_local': 0.7}, 'holographic_violations': {'disconnected': True, 'over_entangled': False, 'non_local': True}}

Implications for contradictions_test:

    The contradictions test demonstrates:
    1. Disconnected bulk leads to reduced boundary entropy
    2. Over-entanglement creates non-physical correlations
    3. Non-local connections violate locality constraints
    4. The mutual information patterns reveal the underlying quantum structure
    
