
=== contradictions_test ===
Results: {'disconnected': {'entropy': 1.9995281300377301, 'mutual_information_matrix': [[0.0, 8.881784197001252e-16, 1.999999999999999, 8.881784197001252e-16, 6.661338147750939e-16, 6.661338147750939e-16], [8.881784197001252e-16, 0.0, 8.881784197001252e-16, 1.999999999999999, 6.661338147750939e-16, 6.661338147750939e-16], [1.999999999999999, 8.881784197001252e-16, 0.0, 8.881784197001252e-16, 6.661338147750939e-16, 6.661338147750939e-16], [8.881784197001252e-16, 1.999999999999999, 8.881784197001252e-16, 0.0, 6.661338147750939e-16, 6.661338147750939e-16], [6.661338147750939e-16, 6.661338147750939e-16, 6.661338147750939e-16, 6.661338147750939e-16, 0.0, 6.406853007629834e-16], [6.661338147750939e-16, 6.661338147750939e-16, 6.661338147750939e-16, 6.661338147750939e-16, 6.406853007629834e-16, 0.0]], 'counts': {'001111': 498, '001010': 523, '000101': 500, '000000': 527}}, 'over_entangled': {'entropy': 0.9996360541028833, 'mutual_information_matrix': [[0.0, 1.0, 2.220446049250313e-16, 1.0, 2.220446049250313e-16, 1.0], [1.0, 0.0, 2.220446049250313e-16, 1.0, 2.220446049250313e-16, 1.0], [2.220446049250313e-16, 2.220446049250313e-16, 0.0, 2.220446049250313e-16, 3.203426503814918e-16, 2.220446049250313e-16], [1.0, 1.0, 2.220446049250313e-16, 0.0, 2.220446049250313e-16, 1.0], [2.220446049250313e-16, 2.220446049250313e-16, 3.203426503814918e-16, 2.220446049250313e-16, 0.0, 2.220446049250313e-16], [1.0, 1.0, 2.220446049250313e-16, 1.0, 2.220446049250313e-16, 0.0]], 'counts': {'000000': 1001, '101011': 1047}}, 'non_local': {'entropy': 0.9985438488633307, 'mutual_information_matrix': [[0.0, 2.220446049250313e-16, 2.220446049250313e-16, 2.220446049250313e-16, 2.220446049250313e-16, 1.9999999999999987], [2.220446049250313e-16, 0.0, 3.203426503814918e-16, 3.203426503814918e-16, 3.203426503814918e-16, 2.220446049250313e-16], [2.220446049250313e-16, 3.203426503814918e-16, 0.0, 3.203426503814918e-16, 3.203426503814918e-16, 2.220446049250313e-16], [2.220446049250313e-16, 3.203426503814918e-16, 3.203426503814918e-16, 0.0, 3.203426503814918e-16, 2.220446049250313e-16], [2.220446049250313e-16, 3.203426503814918e-16, 3.203426503814918e-16, 3.203426503814918e-16, 0.0, 2.220446049250313e-16], [1.9999999999999987, 2.220446049250313e-16, 2.220446049250313e-16, 2.220446049250313e-16, 2.220446049250313e-16, 0.0]], 'counts': {'100001': 978, '000000': 1070}}}
Theory Comparison: {'expected_entropies': {'disconnected': 0.5, 'over_entangled': 1.0, 'non_local': 0.7}, 'holographic_violations': {'disconnected': True, 'over_entangled': False, 'non_local': True}}

Implications for contradictions_test:

    The contradictions test demonstrates:
    1. Disconnected bulk leads to reduced boundary entropy
    2. Over-entanglement creates non-physical correlations
    3. Non-local connections violate locality constraints
    4. The mutual information patterns reveal the underlying quantum structure
    

=== emergent_geometry ===
Results: {'mutual_information_matrix': [[0.0, 1.0, 2.220446049250313e-16, 1.0, 2.220446049250313e-16, 1.0], [1.0, 0.0, 2.220446049250313e-16, 1.0, 2.220446049250313e-16, 1.0], [2.220446049250313e-16, 2.220446049250313e-16, 0.0, 2.220446049250313e-16, 3.203426503814918e-16, 2.220446049250313e-16], [1.0, 1.0, 2.220446049250313e-16, 0.0, 2.220446049250313e-16, 1.0], [2.220446049250313e-16, 2.220446049250313e-16, 3.203426503814918e-16, 2.220446049250313e-16, 0.0, 2.220446049250313e-16], [1.0, 1.0, 2.220446049250313e-16, 1.0, 2.220446049250313e-16, 0.0]], 'geometric_structure': 'Linear chain with bulk-boundary connection'}
Theory Comparison: {'expected_geometry': 'Linear chain', 'emergent_dimension': '1D', 'bulk_boundary_correspondence': True}

Implications for emergent_geometry:

    The emergent geometry test reveals:
    1. Mutual information patterns encode geometric structure
    2. The system exhibits clear bulk-boundary correspondence
    3. The entanglement structure gives rise to emergent dimensions
    4. Quantum correlations map to geometric relationships
    
