{
  "spec": {
    "num_qubits": 4,
    "topology": "triangulated",
    "custom_edges": "0-1:1.0000,0-2:1.0000,0-3:1.0000,1-2:1.0000,1-3:1.0000,2-3:1.0000",
    "alpha": 0.8,
    "weight": 1.7159835101217769,
    "gamma": 0.02999662090947395,
    "sigma": -1.8926312092058092e-08,
    "init_angle": 0.6376296493577821,
    "init_angles": null,
    "shots": 100,
    "device": "simulator",
    "geometry": "spherical",
    "curvature": 4.5,
    "timesteps": 3,
    "dimension": 2,
    "mass_hinge": null,
    "mass_value": 0.0,
    "solve_regge": false,
    "lorentzian": true,
    "excite": true,
    "fast": false,
    "fast_preset": "balanced",
    "ctc_mode": false,
    "ctc_perturbation": null,
    "ctc_perturbation_strength": 1.0,
    "test_ctc_recovery": false,
    "strong_curvature": true,
    "charge_injection": true,
    "charge_strength": 2.5,
    "charge_location": null,
    "spin_injection": true,
    "spin_strength": 2.0,
    "spin_location": null,
    "edge_floor": 0.001,
    "compute_entropies": true,
    "hyperbolic_triangulation": true,
    "trotter_steps": 8,
    "dt": 0.05,
    "analyze_curvature": true,
    "einstein_solver": true,
    "page_curve": true,
    "radiation_ordering": null,
    "page_curve_timesteps": 15,
    "entropy_method": "hybrid",
    "num_shadows": 100,
    "shots_per_shadow": 1000,
    "num_bases": 20,
    "shots_per_basis": 1000,
    "enhanced_entanglement": false,
    "entanglement_strength": -3.768848246909569e-11,
    "interpolate_geometry": false,
    "smooth_charge_injection": false,
    "min_qubits_for_continuum": 10,
    "benchmark_against_classical_geometry": false,
    "geometry_fit_metric": "wasserstein,kl,euclidean",
    "verify_noise_robustness": false,
    "run_on_multiple_backends": false,
    "detect_and_flag_causal_loops": true,
    "restrict_information_flow_direction": "bidirectional",
    "filter_noncausal_edges": true,
    "use_ryu_takayanagi_test": true,
    "compare_MI_vs_subsystem_entropy": true,
    "embed_boundary_entropy_in_geometry": true,
    "entropy_engineering": true,
    "target_entropy_pattern": "quantum_gravity",
    "custom_target_entropies": null,
    "entropy_optimization_iterations": 200,
    "entropy_tolerance": 0.05,
    "continue_on_engineering_failure": true,
    "skip_entropy_engineering": false,
    "validate_engineered_geometry": true,
    "enhance_bell_violations": true,
    "bell_entanglement_strength": 4.0,
    "teleportation_circuits": true,
    "long_range_coupling": 3.0,
    "holographic_optimization": true,
    "rt_surface_encoding": true,
    "conformal_symmetry": true,
    "bulk_reconstruction": true,
    "scalable_entanglement": true,
    "parallel_execution": true,
    "memory_optimization": true,
    "circuit_compilation": "optimized",
    "real_hardware": false,
    "error_mitigation": true,
    "zero_noise_extrapolation": true,
    "zne_noise_factors": [
      1.0,
      2.0,
      3.0
    ],
    "zne_extrapolation_method": "polynomial",
    "hardware_calibration": true,
    "noise_characterization": true,
    "backend_name": "ibm_brisbane",
    "quantum_mode": true,
    "quantum_entanglement_strength": 5.0,
    "quantum_circuit_depth": 12,
    "geometric_teleportation": false,
    "teleportation_mode": "both",
    "bridge_strength": 1.0,
    "signal_state": "+",
    "emergent_geometry_teleportation": false,
    "teleportation_node_pairs": "auto",
    "teleportation_embedding_dim": 2,
    "teleportation_fidelity_threshold": 0.7,
    "superposition_gravity": true,
    "massive_bulk_mass_hinge": "2",
    "massive_bulk_mass_value": 1.0,
    "massless_bulk_mass_hinge": "None",
    "massless_bulk_mass_value": 0.0,
    "superposition_control_qubit": 0,
    "superposition_phase": 0.0,
    "interference_analysis": true,
    "classical_mixture_comparison": true,
    "coherence_preservation": true,
    "bulk_reconstruction_method": "mi_embedding"
  },
  "uid": "06RAJO",
  "counts_per_timestep": [
    null,
    null,
    null
  ],
  "job_ids_per_timestep": [
    null,
    null,
    null
  ],
  "entropy_per_timestep": [
    null,
    null,
    null
  ],
  "mutual_information_per_timestep": [
    {
      "I_0,1": 0.28756744717171634,
      "I_0,2": 0.36500610526892563,
      "I_0,3": 0.28756744717171745,
      "I_1,2": 0.28756744717171734,
      "I_1,3": 0.3234185965754929,
      "I_2,3": 0.2875674471717171
    },
    {
      "I_0,1": 0.14367396329615056,
      "I_0,2": 0.3864123385339546,
      "I_0,3": 0.14367396329615012,
      "I_1,2": 0.14367396329614968,
      "I_1,3": 0.5038701761160153,
      "I_2,3": 0.14367396329614945
    },
    {
      "I_0,1": 0.1944384956463331,
      "I_0,2": 0.3139268169652737,
      "I_0,3": 0.19443849564633242,
      "I_1,2": 0.1944384956463321,
      "I_1,3": 0.542706029615522,
      "I_2,3": 0.19443849564633164
    }
  ],
  "boundary_entropies_per_timestep": [
    {
      "entropy_A": 0.5603884043682065,
      "entropy_B": 0.5603884043682037,
      "mi_AB": 1.1207768087363998,
      "pure_state_check": true,
      "entropy_difference": 2.7755575615628914e-15,
      "multiple_regions": {
        "size_1_region_0": {
          "region": [
            0
          ],
          "entropy": 0.5811821587149206,
          "rt_area": 3,
          "size": 1
        },
        "size_1_region_1": {
          "region": [
            1
          ],
          "entropy": 0.560388404368204,
          "rt_area": 3,
          "size": 1
        },
        "size_1_region_2": {
          "region": [
            2
          ],
          "entropy": 0.5811821587149206,
          "rt_area": 3,
          "size": 1
        },
        "size_2_region_0": {
          "region": [
            0,
            1
          ],
          "entropy": 0.8540031159114071,
          "rt_area": 4,
          "size": 2
        },
        "size_2_region_1": {
          "region": [
            0,
            2
          ],
          "entropy": 0.797358212160915,
          "rt_area": 4,
          "size": 2
        },
        "size_2_region_2": {
          "region": [
            0,
            3
          ],
          "entropy": 0.8540031159114071,
          "rt_area": 4,
          "size": 2
        },
        "size_3_region_0": {
          "region": [
            0,
            1,
            2
          ],
          "entropy": 0.5603884043682065,
          "rt_area": 3,
          "size": 3
        },
        "size_3_region_1": {
          "region": [
            0,
            1,
            3
          ],
          "entropy": 0.5811821587149217,
          "rt_area": 3,
          "size": 3
        },
        "size_3_region_2": {
          "region": [
            0,
            2,
            3
          ],
          "entropy": 0.5603884043682071,
          "rt_area": 3,
          "size": 3
        }
      }
    },
    {
      "entropy_A": 0.5502155768498981,
      "entropy_B": 0.5502155768498969,
      "mi_AB": 1.1004311536997868,
      "pure_state_check": true,
      "entropy_difference": 1.2212453270876722e-15,
      "multiple_regions": {
        "size_1_region_0": {
          "region": [
            0
          ],
          "entropy": 0.4914866580588685,
          "rt_area": 3,
          "size": 1
        },
        "size_1_region_1": {
          "region": [
            1
          ],
          "entropy": 0.5502155768498975,
          "rt_area": 3,
          "size": 1
        },
        "size_1_region_2": {
          "region": [
            2
          ],
          "entropy": 0.4914866580588678,
          "rt_area": 3,
          "size": 1
        },
        "size_2_region_0": {
          "region": [
            0,
            1
          ],
          "entropy": 0.8980282716126156,
          "rt_area": 4,
          "size": 2
        },
        "size_2_region_1": {
          "region": [
            0,
            2
          ],
          "entropy": 0.5965609775837808,
          "rt_area": 4,
          "size": 2
        },
        "size_2_region_2": {
          "region": [
            0,
            3
          ],
          "entropy": 0.8980282716126151,
          "rt_area": 4,
          "size": 2
        },
        "size_3_region_0": {
          "region": [
            0,
            1,
            2
          ],
          "entropy": 0.5502155768498981,
          "rt_area": 3,
          "size": 3
        },
        "size_3_region_1": {
          "region": [
            0,
            1,
            3
          ],
          "entropy": 0.49148665805886793,
          "rt_area": 3,
          "size": 3
        },
        "size_3_region_2": {
          "region": [
            0,
            2,
            3
          ],
          "entropy": 0.550215576849898,
          "rt_area": 3,
          "size": 3
        }
      }
    },
    {
      "entropy_A": 0.5395241104316182,
      "entropy_B": 0.5395241104316173,
      "mi_AB": 1.079048220863226,
      "pure_state_check": true,
      "entropy_difference": 8.881784197001252e-16,
      "multiple_regions": {
        "size_1_region_0": {
          "region": [
            0
          ],
          "entropy": 0.42513450410649345,
          "rt_area": 3,
          "size": 1
        },
        "size_1_region_1": {
          "region": [
            1
          ],
          "entropy": 0.5395241104316165,
          "rt_area": 3,
          "size": 1
        },
        "size_1_region_2": {
          "region": [
            2
          ],
          "entropy": 0.4251345041064931,
          "rt_area": 3,
          "size": 1
        },
        "size_2_region_0": {
          "region": [
            0,
            1
          ],
          "entropy": 0.770220118891778,
          "rt_area": 4,
          "size": 2
        },
        "size_2_region_1": {
          "region": [
            0,
            2
          ],
          "entropy": 0.5363421912477129,
          "rt_area": 4,
          "size": 2
        },
        "size_2_region_2": {
          "region": [
            0,
            3
          ],
          "entropy": 0.7702201188917785,
          "rt_area": 4,
          "size": 2
        },
        "size_3_region_0": {
          "region": [
            0,
            1,
            2
          ],
          "entropy": 0.5395241104316182,
          "rt_area": 3,
          "size": 3
        },
        "size_3_region_1": {
          "region": [
            0,
            1,
            3
          ],
          "entropy": 0.4251345041065004,
          "rt_area": 3,
          "size": 3
        },
        "size_3_region_2": {
          "region": [
            0,
            2,
            3
          ],
          "entropy": 0.5395241104316177,
          "rt_area": 3,
          "size": 3
        }
      }
    }
  ],
  "distance_matrix_per_timestep": [
    [
      [
        0.0,
        1.2462978474005972,
        1.0078411987753566,
        1.2462978474005932
      ],
      [
        1.2462978474005972,
        0.0,
        1.2462978474005937,
        2.4925956948011883
      ],
      [
        1.0078411987753566,
        1.2462978474005937,
        0.0,
        1.2462978474005946
      ],
      [
        1.2462978474005932,
        2.4925956948011883,
        1.2462978474005946,
        0.0
      ]
    ],
    [
      [
        0.0,
        1.9402086902319002,
        0.9508502451298982,
        1.9402086902319033
      ],
      [
        1.9402086902319002,
        0.0,
        1.9402086902319065,
        3.8804173804638036
      ],
      [
        0.9508502451298982,
        1.9402086902319065,
        0.0,
        1.940208690231908
      ],
      [
        1.9402086902319033,
        3.8804173804638036,
        1.940208690231908,
        0.0
      ]
    ],
    [
      [
        0.0,
        1.6376393836876555,
        1.1585953872277897,
        1.637639383687659
      ],
      [
        1.6376393836876555,
        0.0,
        1.6376393836876606,
        3.2752787673753145
      ],
      [
        1.1585953872277897,
        1.6376393836876606,
        0.0,
        1.637639383687663
      ],
      [
        1.637639383687659,
        3.2752787673753145,
        1.637639383687663,
        0.0
      ]
    ]
  ],
  "edge_mi": {
    "0,1": 0.1944384956463331,
    "0,3": 0.19443849564633242,
    "0,2": 0.3139268169652737,
    "1,2": 0.1944384956463321,
    "2,3": 0.19443849564633164
  },
  "distance_matrix": [
    [
      0.0,
      1.6376393836876555,
      1.1585953872277897,
      1.637639383687659
    ],
    [
      1.6376393836876555,
      0.0,
      1.6376393836876606,
      0.611187487571841
    ],
    [
      1.1585953872277897,
      1.6376393836876606,
      0.0,
      1.637639383687663
    ],
    [
      1.637639383687659,
      0.611187487571841,
      1.637639383687663,
      0.0
    ]
  ],
  "shortest_paths": {
    "0": {
      "0": 0,
      "2": 1.1585953872277897,
      "1": 1.6376393836876555,
      "3": 1.637639383687659
    },
    "1": {
      "1": 0,
      "3": 0.611187487571841,
      "0": 1.6376393836876555,
      "2": 1.6376393836876606
    },
    "2": {
      "2": 0,
      "0": 1.1585953872277897,
      "1": 1.6376393836876606,
      "3": 1.637639383687663
    },
    "3": {
      "3": 0,
      "1": 0.611187487571841,
      "0": 1.637639383687659,
      "2": 1.637639383687663
    }
  },
  "gromov_delta": 1.3320456399017413,
  "mean_distance": 1.0400425511937836,
  "angle_sums": [
    3.141592653589793,
    3.141592653589793,
    3.141592653589793,
    3.141592653589793
  ],
  "mean_angle_sum": 3.141592653589793,
  "min_angle_sum": 3.141592653589793,
  "max_angle_sum": 3.141592653589793,
  "angle_sum_deviations": [
    0.0,
    0.0,
    0.0,
    0.0
  ],
  "triangle_inequality_violations": [],
  "embedding_coords": [
    [
      -0.011998468426821327,
      0.029162979970744206
    ],
    [
      0.05311064104803477,
      0.007270171403240763
    ],
    [
      -0.011672966976783184,
      -0.0827298120958709
    ],
    [
      -0.02943920564443026,
      0.04629666072188593
    ]
  ],
  "embedding_coords_3d": [
    [
      -0.022947717631648344,
      0.009817998722682691,
      0.00819441970535878
    ],
    [
      -0.014831396929631108,
      -0.008809565962905323,
      -0.03694566538971125
    ],
    [
      -0.022191908055839975,
      -0.06968112374501767,
      -0.008474964073074628
    ],
    [
      0.05997102261711944,
      0.06867269098524029,
      0.03722620975742712
    ]
  ],
  "edge_weight_variance": 0.0,
  "event_nodes": [
    [
      0,
      0
    ],
    [
      1,
      0
    ],
    [
      2,
      0
    ],
    [
      3,
      0
    ],
    [
      0,
      1
    ],
    [
      1,
      1
    ],
    [
      2,
      1
    ],
    [
      3,
      1
    ],
    [
      0,
      2
    ],
    [
      1,
      2
    ],
    [
      2,
      2
    ],
    [
      3,
      2
    ]
  ],
  "event_edges": [
    {
      "type": "spatial",
      "from": [
        0,
        0
      ],
      "to": [
        1,
        0
      ],
      "weight": 1.2462978474005972
    },
    {
      "type": "spatial",
      "from": [
        0,
        0
      ],
      "to": [
        2,
        0
      ],
      "weight": 1.0078411987753566
    },
    {
      "type": "spatial",
      "from": [
        0,
        0
      ],
      "to": [
        3,
        0
      ],
      "weight": 1.2462978474005932
    },
    {
      "type": "spatial",
      "from": [
        1,
        0
      ],
      "to": [
        2,
        0
      ],
      "weight": 1.2462978474005937
    },
    {
      "type": "spatial",
      "from": [
        1,
        0
      ],
      "to": [
        3,
        0
      ],
      "weight": 2.4925956948011883
    },
    {
      "type": "spatial",
      "from": [
        2,
        0
      ],
      "to": [
        3,
        0
      ],
      "weight": 1.2462978474005946
    },
    {
      "type": "temporal",
      "from": [
        0,
        0
      ],
      "to": [
        0,
        1
      ],
      "weight": 1.0
    },
    {
      "type": "temporal",
      "from": [
        1,
        0
      ],
      "to": [
        1,
        1
      ],
      "weight": 1.0
    },
    {
      "type": "temporal",
      "from": [
        2,
        0
      ],
      "to": [
        2,
        1
      ],
      "weight": 1.0
    },
    {
      "type": "temporal",
      "from": [
        3,
        0
      ],
      "to": [
        3,
        1
      ],
      "weight": 1.0
    },
    {
      "type": "spatial",
      "from": [
        0,
        1
      ],
      "to": [
        1,
        1
      ],
      "weight": 1.9402086902319002
    },
    {
      "type": "spatial",
      "from": [
        0,
        1
      ],
      "to": [
        2,
        1
      ],
      "weight": 0.9508502451298982
    },
    {
      "type": "spatial",
      "from": [
        0,
        1
      ],
      "to": [
        3,
        1
      ],
      "weight": 1.9402086902319033
    },
    {
      "type": "spatial",
      "from": [
        1,
        1
      ],
      "to": [
        2,
        1
      ],
      "weight": 1.9402086902319065
    },
    {
      "type": "spatial",
      "from": [
        1,
        1
      ],
      "to": [
        3,
        1
      ],
      "weight": 3.8804173804638036
    },
    {
      "type": "spatial",
      "from": [
        2,
        1
      ],
      "to": [
        3,
        1
      ],
      "weight": 1.940208690231908
    },
    {
      "type": "temporal",
      "from": [
        0,
        1
      ],
      "to": [
        0,
        2
      ],
      "weight": 1.0
    },
    {
      "type": "temporal",
      "from": [
        1,
        1
      ],
      "to": [
        1,
        2
      ],
      "weight": 1.0
    },
    {
      "type": "temporal",
      "from": [
        2,
        1
      ],
      "to": [
        2,
        2
      ],
      "weight": 1.0
    },
    {
      "type": "temporal",
      "from": [
        3,
        1
      ],
      "to": [
        3,
        2
      ],
      "weight": 1.0
    },
    {
      "type": "spatial",
      "from": [
        0,
        2
      ],
      "to": [
        1,
        2
      ],
      "weight": 1.6376393836876555
    },
    {
      "type": "spatial",
      "from": [
        0,
        2
      ],
      "to": [
        2,
        2
      ],
      "weight": 1.1585953872277897
    },
    {
      "type": "spatial",
      "from": [
        0,
        2
      ],
      "to": [
        3,
        2
      ],
      "weight": 1.637639383687659
    },
    {
      "type": "spatial",
      "from": [
        1,
        2
      ],
      "to": [
        2,
        2
      ],
      "weight": 1.6376393836876606
    },
    {
      "type": "spatial",
      "from": [
        1,
        2
      ],
      "to": [
        3,
        2
      ],
      "weight": 3.2752787673753145
    },
    {
      "type": "spatial",
      "from": [
        2,
        2
      ],
      "to": [
        3,
        2
      ],
      "weight": 1.637639383687663
    }
  ],
  "lorentzian_dissimilarity": [
    [
      0.0,
      1.5532583244353624,
      1.015743881948948,
      1.5532583244353524,
      -1.0,
      0.5532583244353624,
      0.015743881948947935,
      0.5532583244353524,
      -4.0,
      -2.4467416755646374,
      -2.984256118051052,
      -2.4467416755646476
    ],
    [
      1.5532583244353624,
      0.0,
      1.5532583244353535,
      6.213033297741418,
      0.5532583244353624,
      -1.0,
      0.5532583244353535,
      5.213033297741418,
      -2.4467416755646374,
      -4.0,
      -2.4467416755646463,
      2.2130332977414184
    ],
    [
      1.015743881948948,
      1.5532583244353535,
      0.0,
      1.5532583244353557,
      0.015743881948947935,
      0.5532583244353535,
      -1.0,
      0.5532583244353557,
      -2.984256118051052,
      -2.4467416755646463,
      -4.0,
      -2.4467416755646445
    ],
    [
      1.5532583244353524,
      6.213033297741418,
      1.5532583244353557,
      0.0,
      0.5532583244353524,
      5.213033297741418,
      0.5532583244353557,
      -1.0,
      -2.4467416755646476,
      2.2130332977414184,
      -2.4467416755646445,
      -4.0
    ],
    [
      -1.0,
      0.5532583244353624,
      0.015743881948947935,
      0.5532583244353524,
      0.0,
      3.7644097616513856,
      0.9041161886635876,
      3.764409761651398,
      -1.0,
      2.7644097616513856,
      -0.09588381133641244,
      2.764409761651398
    ],
    [
      0.5532583244353624,
      -1.0,
      0.5532583244353535,
      5.213033297741418,
      3.7644097616513856,
      0.0,
      3.76440976165141,
      15.057639046605567,
      2.7644097616513856,
      -1.0,
      2.76440976165141,
      14.057639046605567
    ],
    [
      0.015743881948947935,
      0.5532583244353535,
      -1.0,
      0.5532583244353557,
      0.9041161886635876,
      3.76440976165141,
      0.0,
      3.764409761651416,
      -0.09588381133641244,
      2.76440976165141,
      -1.0,
      2.764409761651416
    ],
    [
      0.5532583244353524,
      5.213033297741418,
      0.5532583244353557,
      -1.0,
      3.764409761651398,
      15.057639046605567,
      3.764409761651416,
      0.0,
      2.764409761651398,
      14.057639046605567,
      2.764409761651416,
      -1.0
    ],
    [
      -4.0,
      -2.4467416755646374,
      -2.984256118051052,
      -2.4467416755646476,
      -1.0,
      2.7644097616513856,
      -0.09588381133641244,
      2.764409761651398,
      0.0,
      2.6818627510048842,
      1.342343271305512,
      2.681862751004896
    ],
    [
      -2.4467416755646374,
      -4.0,
      -2.4467416755646463,
      2.2130332977414184,
      2.7644097616513856,
      -1.0,
      2.76440976165141,
      14.057639046605567,
      2.6818627510048842,
      0.0,
      2.6818627510049007,
      10.72745100401956
    ],
    [
      -2.984256118051052,
      -2.4467416755646463,
      -4.0,
      -2.4467416755646445,
      -0.09588381133641244,
      2.76440976165141,
      -1.0,
      2.764409761651416,
      1.342343271305512,
      2.6818627510049007,
      0.0,
      2.6818627510049087
    ],
    [
      -2.4467416755646476,
      2.2130332977414184,
      -2.4467416755646445,
      -4.0,
      2.764409761651398,
      14.057639046605567,
      2.764409761651416,
      -1.0,
      2.681862751004896,
      10.72745100401956,
      2.6818627510049087,
      0.0
    ]
  ],
  "lorentzian_embedding": [
    [
      -0.18416414544626333,
      0.16856505367528085,
      -0.8641670216406758
    ],
    [
      0.06977294843930298,
      -0.39824745389740834,
      0.007542482476332267
    ],
    [
      -0.3061617163957961,
      0.9228753087200946,
      -0.6300986578116592
    ],
    [
      -0.49420177692724165,
      1.4764205419843457,
      -1.493590859228874
    ],
    [
      1.0499314873346788,
      -0.24055034551144305,
      -0.7648552114562922
    ],
    [
      1.9018028528113908,
      -0.2453189977593858,
      1.3868064818043775
    ],
    [
      0.8739224218094241,
      0.8477398927784746,
      -0.42714698341510254
    ],
    [
      1.2539205334865873,
      0.6054527076502508,
      -2.42454332112942
    ],
    [
      1.8284118792978141,
      -0.0798688957070513,
      -0.5591354485362553
    ],
    [
      2.4253764793779484,
      -0.37273819376430833,
      1.2447569936097782
    ],
    [
      1.7583195005333012,
      0.3535062191682027,
      -0.42465484610708754
    ],
    [
      1.8230659312045419,
      0.5136273469879505,
      -2.145701746920026
    ]
  ],
  "edge_length_evolution": [],
  "angle_deficit_evolution": [],
  "regge_action_evolution": [],
  "gromov_delta_evolution": [],
  "mass_hinge": null,
  "mass_value": 0.0,
  "matter": [
    {
      "(0, 1)": 0.0,
      "(1, 2)": 0.0,
      "(0, 3)": 0.0,
      "(2, 3)": 0.0,
      "(0, 2)": 0.0,
      "(1, 3)": 0.0
    },
    {
      "(0, 1)": 0.0,
      "(1, 2)": 0.0,
      "(0, 3)": 0.0,
      "(2, 3)": 0.0,
      "(0, 2)": 0.0,
      "(1, 3)": 0.0
    },
    {
      "(0, 1)": 0.0,
      "(1, 2)": 0.0,
      "(0, 3)": 0.0,
      "(2, 3)": 0.0,
      "(0, 2)": 0.0,
      "(1, 3)": 0.0
    }
  ],
  "stationary_solution": null,
  "einstein_analysis_per_timestep": [
    {
      "ricci_tensor": [
        [
          0.11491840565820542,
          0.0
        ],
        [
          0.0,
          0.11491840565820542
        ]
      ],
      "metric_tensor": [
        [
          1.022983681131641,
          0.011491840565820543
        ],
        [
          0.011491840565820543,
          1.022983681131641
        ]
      ],
      "stress_energy_tensor": [
        [
          0.11491840565820542,
          0.0022983681131641086
        ],
        [
          0.0022983681131641086,
          0.11491840565820542
        ]
      ],
      "einstein_solution": {
        "einstein_tensor": [
          [
            0.0,
            0.0
          ],
          [
            0.0,
            0.0
          ]
        ],
        "ricci_scalar": 0.22983681131641084,
        "metric_tensor": [
          [
            1.0,
            0.0
          ],
          [
            0.0,
            1.0
          ]
        ],
        "lhs": [
          [
            0.0,
            0.0
          ],
          [
            0.0,
            0.0
          ]
        ],
        "rhs": [
          [
            0.11491840565820542,
            0.0022983681131641086
          ],
          [
            0.0022983681131641086,
            0.11491840565820542
          ]
        ],
        "equations_satisfied": false,
        "residual": 0.1625516684319633,
        "conservation_violation": 0.11491840565820542,
        "gravitational_constant": 0.039788735772973836,
        "cosmological_constant": 0.0
      },
      "entropy_first_derivative": 0.0,
      "entropy_second_derivative": 0.0,
      "entropy_curvature_correlation": 0.16251916284812729,
      "emergent_gravitational_constant": 0.01828983231274303,
      "average_mutual_information": 0.22983681131641084,
      "ricci_scalar": 0.22983681131641084,
      "analysis_summary": {
        "einstein_equations_satisfied": false,
        "residual_magnitude": 0.1625516684319633,
        "conservation_violation": 0.11491840565820542,
        "entropy_evolution_rate": 0.0,
        "entropy_acceleration": 0.0,
        "entanglement_curvature_coupling": 0.16251916284812729
      }
    },
    {
      "ricci_tensor": [
        [
          0.09156114798966061,
          0.0
        ],
        [
          0.0,
          0.09156114798966061
        ]
      ],
      "metric_tensor": [
        [
          1.018312229597932,
          0.009156114798966062
        ],
        [
          0.009156114798966062,
          1.018312229597932
        ]
      ],
      "stress_energy_tensor": [
        [
          0.09156114798966061,
          0.0018312229597932123
        ],
        [
          0.0018312229597932123,
          0.09156114798966061
        ]
      ],
      "einstein_solution": {
        "einstein_tensor": [
          [
            0.0,
            0.0
          ],
          [
            0.0,
            0.0
          ]
        ],
        "ricci_scalar": 0.18312229597932123,
        "metric_tensor": [
          [
            1.0,
            0.0
          ],
          [
            0.0,
            1.0
          ]
        ],
        "lhs": [
          [
            0.0,
            0.0
          ],
          [
            0.0,
            0.0
          ]
        ],
        "rhs": [
          [
            0.09156114798966061,
            0.0018312229597932123
          ],
          [
            0.0018312229597932123,
            0.09156114798966061
          ]
        ],
        "equations_satisfied": false,
        "residual": 0.12951291208766022,
        "conservation_violation": 0.09156114798966061,
        "gravitational_constant": 0.039788735772973836,
        "cosmological_constant": 0.0
      },
      "entropy_first_derivative": 0.0,
      "entropy_second_derivative": 0.0,
      "entropy_curvature_correlation": 0.1294870122734283,
      "emergent_gravitational_constant": 0.014572409297723042,
      "average_mutual_information": 0.18312229597932123,
      "ricci_scalar": 0.18312229597932123,
      "analysis_summary": {
        "einstein_equations_satisfied": false,
        "residual_magnitude": 0.12951291208766022,
        "conservation_violation": 0.09156114798966061,
        "entropy_evolution_rate": 0.0,
        "entropy_acceleration": 0.0,
        "entanglement_curvature_coupling": 0.1294870122734283
      }
    },
    {
      "ricci_tensor": [
        [
          0.1021491768228828,
          0.0
        ],
        [
          0.0,
          0.1021491768228828
        ]
      ],
      "metric_tensor": [
        [
          1.0204298353645767,
          0.01021491768228828
        ],
        [
          0.01021491768228828,
          1.0204298353645767
        ]
      ],
      "stress_energy_tensor": [
        [
          0.1021491768228828,
          0.002042983536457656
        ],
        [
          0.002042983536457656,
          0.1021491768228828
        ]
      ],
      "einstein_solution": {
        "einstein_tensor": [
          [
            0.0,
            0.0
          ],
          [
            0.0,
            0.0
          ]
        ],
        "ricci_scalar": 0.2042983536457656,
        "metric_tensor": [
          [
            1.0,
            0.0
          ],
          [
            0.0,
            1.0
          ]
        ],
        "lhs": [
          [
            0.0,
            0.0
          ],
          [
            0.0,
            0.0
          ]
        ],
        "rhs": [
          [
            0.1021491768228828,
            0.002042983536457656
          ],
          [
            0.002042983536457656,
            0.1021491768228828
          ]
        ],
        "equations_satisfied": false,
        "residual": 0.14448964050978058,
        "conservation_violation": 0.1021491768228828,
        "gravitational_constant": 0.039788735772973836,
        "cosmological_constant": 0.0
      },
      "entropy_first_derivative": 0.0,
      "entropy_second_derivative": 0.0,
      "entropy_curvature_correlation": 0.14446074624816843,
      "emergent_gravitational_constant": 0.016257546424129868,
      "average_mutual_information": 0.2042983536457656,
      "ricci_scalar": 0.2042983536457656,
      "analysis_summary": {
        "einstein_equations_satisfied": false,
        "residual_magnitude": 0.14448964050978058,
        "conservation_violation": 0.1021491768228828,
        "entropy_evolution_rate": 0.0,
        "entropy_acceleration": 0.0,
        "entanglement_curvature_coupling": 0.14446074624816843
      }
    }
  ],
  "bootstrap_analysis": {
    "gromov_delta": {
      "mean": 1.608048640440053,
      "lower_ci": 1.2462978474005961,
      "upper_ci": 1.9402086902319031,
      "all_values": [
        1.2462978474005961,
        1.9402086902319033,
        1.6376393836876588
      ],
      "uncertainty": 0.3321600497918502
    },
    "entropy": {
      "mean": null,
      "lower_ci": null,
      "upper_ci": null,
      "uncertainty": null
    },
    "distance_matrix": {
      "mean": [
        [
          0.0,
          1.6080486404400507,
          1.0390956103776814,
          1.608048640440052
        ],
        [
          1.6080486404400507,
          0.0,
          1.6080486404400534,
          3.2160972808801023
        ],
        [
          1.0390956103776814,
          1.6080486404400534,
          0.0,
          1.6080486404400551
        ],
        [
          1.608048640440052,
          3.2160972808801023,
          1.6080486404400551,
          0.0
        ]
      ],
      "lower_ci": [
        [
          0.0,
          1.2462978474005972,
          0.9698472296783843,
          1.2462978474005932
        ],
        [
          1.2462978474005972,
          0.0,
          1.2462978474005937,
          2.4925956948011883
        ],
        [
          0.9508502451298982,
          1.2462978474005937,
          0.0,
          1.2462978474005946
        ],
        [
          1.2462978474005932,
          2.4925956948011883,
          1.2462978474005946,
          0.0
        ]
      ],
      "upper_ci": [
        [
          0.0,
          1.9402086902319002,
          1.1585953872277897,
          1.9402086902319031
        ],
        [
          1.9402086902319002,
          0.0,
          1.9402086902319065,
          3.8804173804638036
        ],
        [
          1.1585953872277897,
          1.9402086902319065,
          0.0,
          1.940208690231908
        ],
        [
          1.9402086902319031,
          3.8804173804638036,
          1.940208690231908,
          0.0
        ]
      ]
    }
  },
  "topology_compatibility": {
    "current_topology": "triangulated",
    "explanation": "Triangulated topology is specifically designed for angle-sum curvature. Creates multiple triangles per vertex, enabling robust local curvature measurements. Each vertex has multiple incident triangles for well-defined angle sums.",
    "supports_local_curvature": true
  },
  "rt_surface_analysis": {
    "region_A": [
      0
    ],
    "region_B": [
      1,
      2,
      3
    ],
    "bulk_point": 2,
    "is_complementary": true,
    "rt_area_AB": 4.433874154603105,
    "rt_area_BA": 4.433874154603105,
    "area_consistent": true,
    "edges_consistent": true,
    "area_difference": 0.0,
    "rt_edges_AB": [
      [
        0,
        1
      ],
      [
        0,
        2
      ],
      [
        0,
        3
      ]
    ],
    "rt_edges_BA": [
      [
        0,
        1
      ],
      [
        0,
        2
      ],
      [
        0,
        3
      ]
    ],
    "edge_lengths": [
      1.6376393836876555,
      1.1585953872277897,
      1.637639383687659,
      1.6376393836876606,
      3.2752787673753145,
      1.637639383687663
    ],
    "all_edges": [
      [
        0,
        1
      ],
      [
        0,
        2
      ],
      [
        0,
        3
      ],
      [
        1,
        2
      ],
      [
        1,
        3
      ],
      [
        2,
        3
      ]
    ]
  },
  "bulk_excitation_analysis": {
    "ground_state_mi": [
      [
        0.0,
        0.19443849564633198,
        0.3139268169652737,
        0.1944384956463322
      ],
      [
        0.19443849564633198,
        0.0,
        0.19443849564633175,
        0.5427060296155215
      ],
      [
        0.3139268169652737,
        0.19443849564633175,
        0.0,
        0.19443849564633242
      ],
      [
        0.1944384956463322,
        0.5427060296155215,
        0.19443849564633242,
        0.0
      ]
    ],
    "excited_state_mi": [
      [
        0.0,
        0.19849637794131425,
        0.2531909952536029,
        0.19849637794131592
      ],
      [
        0.19849637794131425,
        0.0,
        0.418279005384401,
        0.38424552301983983
      ],
      [
        0.2531909952536029,
        0.418279005384401,
        0.0,
        0.41827900538440055
      ],
      [
        0.19849637794131592,
        0.38424552301983983,
        0.41827900538440055,
        0.0
      ]
    ],
    "mi_difference": [
      [
        0.0,
        0.0040578822949822735,
        -0.0607358217116708,
        0.004057882294983717
      ],
      [
        0.0040578822949822735,
        0.0,
        0.22384050973806924,
        -0.15846050659568167
      ],
      [
        -0.0607358217116708,
        0.22384050973806924,
        0.0,
        0.22384050973806813
      ],
      [
        0.004057882294983717,
        -0.15846050659568167,
        0.22384050973806813,
        0.0
      ]
    ],
    "avg_mi_change": 0.08437413904668198,
    "max_mi_change": 0.22384050973806924,
    "mi_change_boundary_A": NaN,
    "mi_change_boundary_B": 0.09640683762681856,
    "bulk_point": 2,
    "ground_state_counts": {
      "1110 1110": 1,
      "1010 1010": 1,
      "0001 0001": 5,
      "0000 0000": 63,
      "1011 1011": 5,
      "1000 1000": 8,
      "0010 0010": 13,
      "1101 1101": 3,
      "0101 0101": 1
    },
    "excited_state_counts": {
      "1000 0010": 9,
      "0100 1010": 5,
      "1100 0000": 5,
      "0101 1011": 1,
      "0110 1000": 7,
      "1100 0010": 3,
      "1110 0000": 23,
      "1010 0000": 19,
      "0110 0000": 5,
      "0100 1000": 2,
      "0010 1000": 3,
      "0010 0000": 3,
      "1000 0000": 1,
      "1101 1011": 1,
      "0100 0010": 1,
      "1101 0111": 1,
      "1001 0101": 1,
      "1001 0011": 1,
      "1010 0100": 2,
      "0110 0010": 1,
      "1111 1101": 1,
      "0000 0000": 1,
      "1011 0101": 1,
      "1110 0100": 1,
      "1000 0100": 1,
      "0100 1110": 1
    },
    "boundary_entropies": {
      "ground_state": {
        "entropy_A": 0.5395241104316182,
        "entropy_B": 0.5395241104316173,
        "mi_AB": 1.079048220863226
      },
      "excited_state": {
        "entropy_A": 0.6005530817111553,
        "entropy_B": 0.6005530817111522,
        "mi_AB": 1.2011061634222984
      },
      "rt_relation_test": {
        "entropy_ratio": 0.9999999999999983,
        "rt_area_ratio": 1.0,
        "rt_deviation": 1.6653345369377348e-15,
        "excited_entropy_ratio": 0.9999999999999948,
        "rt_relation_change": 3.552713678800501e-15
      }
    }
  },
  "page_curve_analysis": null,
  "deutsch_ctc_analysis": null,
  "ctc_recovery_analysis": null,
  "einstein_analysis": null,
  "dynamic_evidence": {
    "angle_sums_per_timestep": [
      [
        9.42477796076938,
        3.141592653589793,
        9.42477796076938,
        0.0
      ],
      [
        3.141592653589793,
        0.0,
        3.141592653589793,
        3.1415928483992053
      ],
      [
        3.141592653589793,
        0.0,
        3.141592653589793,
        3.1415926795283124
      ]
    ],
    "gromov_delta_per_timestep": [
      1.2462978474005961,
      1.9402086902319033,
      1.6376393836876588
    ],
    "edge_mi_per_timestep": [
      {
        "0,1": 0.28756744717171634,
        "0,3": 0.28756744717171745,
        "0,2": 0.36500610526892563,
        "1,2": 0.28756744717171734,
        "2,3": 0.2875674471717171
      },
      {
        "0,1": 0.14367396329615056,
        "0,3": 0.14367396329615012,
        "0,2": 0.3864123385339546,
        "1,2": 0.14367396329614968,
        "2,3": 0.14367396329614945
      },
      {
        "0,1": 0.1944384956463331,
        "0,3": 0.19443849564633242,
        "0,2": 0.3139268169652737,
        "1,2": 0.1944384956463321,
        "2,3": 0.19443849564633164
      }
    ],
    "shortest_paths_per_timestep": [
      {
        "0": {
          "0": 0,
          "2": 1.0078411987753566,
          "3": 1.2462978474005932,
          "1": 1.2462978474005972
        },
        "1": {
          "1": 0,
          "2": 1.2462978474005937,
          "0": 1.2462978474005972,
          "3": 2.4925956948011883
        },
        "2": {
          "2": 0,
          "0": 1.0078411987753566,
          "1": 1.2462978474005937,
          "3": 1.2462978474005946
        },
        "3": {
          "3": 0,
          "0": 1.2462978474005932,
          "2": 1.2462978474005946,
          "1": 2.4925956948011883
        }
      },
      {
        "0": {
          "0": 0,
          "2": 0.9508502451298982,
          "1": 1.9402086902319002,
          "3": 1.9402086902319033
        },
        "1": {
          "1": 0,
          "0": 1.9402086902319002,
          "2": 1.9402086902319065,
          "3": 3.8804173804638036
        },
        "2": {
          "2": 0,
          "0": 0.9508502451298982,
          "1": 1.9402086902319065,
          "3": 1.940208690231908
        },
        "3": {
          "3": 0,
          "0": 1.9402086902319033,
          "2": 1.940208690231908,
          "1": 3.8804173804638036
        }
      },
      {
        "0": {
          "0": 0,
          "2": 1.1585953872277897,
          "1": 1.6376393836876555,
          "3": 1.637639383687659
        },
        "1": {
          "1": 0,
