{
  "spec": {
    "num_qubits": 4,
    "topology": "triangulated",
    "custom_edges": "0-1:1.0000,0-2:1.0000,0-3:1.0000,1-2:1.0000,1-3:1.0000,2-3:1.0000",
    "alpha": 0.8,
    "weight": 1.7203434620040727,
    "gamma": 0.0004088068419706879,
    "sigma": 0.0005180951349537816,
    "init_angle": 0.6348207130005342,
    "init_angles": null,
    "shots": 100,
    "device": "ibm_brisbane",
    "geometry": "spherical",
    "curvature": 4.5,
    "timesteps": 3,
    "dimension": 2,
    "mass_hinge": null,
    "mass_value": 0.0,
    "solve_regge": false,
    "lorentzian": true,
    "excite": true,
    "fast": false,
    "fast_preset": "balanced",
    "ctc_mode": false,
    "ctc_perturbation": null,
    "ctc_perturbation_strength": 1.0,
    "test_ctc_recovery": false,
    "strong_curvature": true,
    "charge_injection": true,
    "charge_strength": 2.5,
    "charge_location": null,
    "spin_injection": true,
    "spin_strength": 2.0,
    "spin_location": null,
    "edge_floor": 0.001,
    "compute_entropies": true,
    "hyperbolic_triangulation": true,
    "trotter_steps": 8,
    "dt": 0.05,
    "analyze_curvature": true,
    "einstein_solver": true,
    "page_curve": true,
    "radiation_ordering": null,
    "page_curve_timesteps": 15,
    "entropy_method": "hybrid",
    "num_shadows": 100,
    "shots_per_shadow": 1000,
    "num_bases": 20,
    "shots_per_basis": 1000,
    "enhanced_entanglement": false,
    "entanglement_strength": 0.013556333419520648,
    "interpolate_geometry": false,
    "smooth_charge_injection": false,
    "min_qubits_for_continuum": 10,
    "benchmark_against_classical_geometry": false,
    "geometry_fit_metric": "wasserstein,kl,euclidean",
    "verify_noise_robustness": false,
    "run_on_multiple_backends": false,
    "detect_and_flag_causal_loops": true,
    "restrict_information_flow_direction": "bidirectional",
    "filter_noncausal_edges": true,
    "use_ryu_takayanagi_test": true,
    "compare_MI_vs_subsystem_entropy": true,
    "embed_boundary_entropy_in_geometry": true,
    "entropy_engineering": true,
    "target_entropy_pattern": "quantum_gravity",
    "custom_target_entropies": null,
    "entropy_optimization_iterations": 200,
    "entropy_tolerance": 0.05,
    "continue_on_engineering_failure": true,
    "skip_entropy_engineering": false,
    "validate_engineered_geometry": true,
    "enhance_bell_violations": true,
    "bell_entanglement_strength": 4.0,
    "teleportation_circuits": true,
    "long_range_coupling": 3.0,
    "holographic_optimization": true,
    "rt_surface_encoding": true,
    "conformal_symmetry": true,
    "bulk_reconstruction": true,
    "scalable_entanglement": true,
    "parallel_execution": true,
    "memory_optimization": true,
    "circuit_compilation": "optimized",
    "real_hardware": false,
    "error_mitigation": true,
    "zero_noise_extrapolation": true,
    "zne_noise_factors": [
      1.0,
      2.0,
      3.0
    ],
    "zne_extrapolation_method": "polynomial",
    "hardware_calibration": true,
    "noise_characterization": true,
    "backend_name": "ibm_brisbane",
    "quantum_mode": true,
    "quantum_entanglement_strength": 5.0,
    "quantum_circuit_depth": 12,
    "geometric_teleportation": false,
    "teleportation_mode": "both",
    "bridge_strength": 1.0,
    "signal_state": "+",
    "emergent_geometry_teleportation": false,
    "teleportation_node_pairs": "auto",
    "teleportation_embedding_dim": 2,
    "teleportation_fidelity_threshold": 0.7,
    "superposition_gravity": true,
    "massive_bulk_mass_hinge": "0,1,2",
    "massive_bulk_mass_value": 2.0,
    "massless_bulk_mass_hinge": null,
    "massless_bulk_mass_value": 0.0,
    "superposition_control_qubit": 0,
    "superposition_phase": 0.0,
    "interference_analysis": true,
    "classical_mixture_comparison": true,
    "coherence_preservation": true,
    "bulk_reconstruction_method": "mi_embedding"
  },
  "uid": "9ES60U",
  "counts_per_timestep": [
    {
      "0000": 10,
      "0111": 6,
      "1111": 9,
      "0001": 5,
      "0110": 6,
      "0100": 6,
      "1011": 5,
      "1001": 9,
      "1110": 8,
      "1000": 6,
      "1100": 5,
      "0101": 9,
      "1101": 8,
      "0011": 4,
      "1010": 1,
      "0010": 3
    },
    {
      "1011": 2,
      "1101": 3,
      "0011": 6,
      "0001": 7,
      "0101": 7,
      "1111": 7,
      "1001": 9,
      "1110": 7,
      "0100": 7,
      "1010": 7,
      "0111": 11,
      "1000": 5,
      "0010": 3,
      "1100": 4,
      "0110": 10,
      "0000": 5
    },
    {
      "1111": 5,
      "1100": 3,
      "1011": 12,
      "0011": 8,
      "0101": 9,
      "0000": 6,
      "1010": 10,
      "1110": 3,
      "0110": 6,
      "1001": 10,
      "0010": 2,
      "0111": 6,
      "0001": 7,
      "1101": 4,
      "0100": 7,
      "1000": 2
    }
  ],
  "job_ids_per_timestep": [
    "d27uivo56fsc73e6d220",
    "d27uj1056fsc73e6d24g",
    "d27uj2boctts738jn69g"
  ],
  "entropy_per_timestep": [
    3.8795545404687473,
    3.884355275266608,
    3.8344647265753946
  ],
  "mutual_information_per_timestep": [
    {
      "I_0,1": 0.0006724508340313247,
      "I_0,2": 0.0003481107871283456,
      "I_0,3": 0.007050158551725888,
      "I_1,2": 0.021772412292009075,
      "I_1,3": 0.0020525344815721814,
      "I_2,3": 0.0007061147911165671
    },
    {
      "I_0,1": 0.0006724508340313247,
      "I_0,2": 0.0003481107871283456,
      "I_0,3": 0.007050158551725888,
      "I_1,2": 0.021772412292009075,
      "I_1,3": 0.0020525344815721814,
      "I_2,3": 0.0007061147911165671
    },
    {
      "I_0,1": 0.0006724508340313247,
      "I_0,2": 0.0003481107871283456,
      "I_0,3": 0.007050158551725888,
      "I_1,2": 0.021772412292009075,
      "I_1,3": 0.0020525344815721814,
      "I_2,3": 0.0007061147911165671
    }
  ],
  "boundary_entropies_per_timestep": [
    {
      "entropy_A": -0.0,
      "entropy_B": -0.0,
      "mi_AB": 0.0,
      "pure_state_check": true,
      "entropy_difference": 0.0,
      "multiple_regions": {
        "size_1_region_0": {
          "region": [
            0
          ],
          "entropy": 0.6929471672244782,
          "rt_area": 3,
          "size": 1
        },
        "size_1_region_1": {
          "region": [
            1
          ],
          "entropy": 0.6833149135741658,
          "rt_area": 3,
          "size": 1
        },
        "size_2_region_0": {
          "region": [
            0,
            1
          ],
          "entropy": 0.5269079614313803,
          "rt_area": 4,
          "size": 2
        },
        "size_2_region_1": {
          "region": [
            0,
            2
          ],
          "entropy": 0.6108643020548935,
          "rt_area": 4,
          "size": 2
        },
        "size_3_region_0": {
          "region": [
            0,
            1,
            2
          ],
          "entropy": 0.42270908780599087,
          "rt_area": 3,
          "size": 3
        },
        "size_3_region_1": {
          "region": [
            0,
            1,
            3
          ],
          "entropy": 0.3863867062886037,
          "rt_area": 3,
          "size": 3
        }
      }
    },
    {
      "entropy_A": -0.0,
      "entropy_B": -0.0,
      "mi_AB": 0.0,
      "pure_state_check": true,
      "entropy_difference": 0.0,
      "multiple_regions": {
        "size_1_region_0": {
          "region": [
            0
          ],
          "entropy": 0.6859298002523728,
          "rt_area": 3,
          "size": 1
        },
        "size_1_region_1": {
          "region": [
            1
          ],
          "entropy": 0.6859298002523728,
          "rt_area": 3,
          "size": 1
        },
        "size_2_region_0": {
          "region": [
            0,
            1
          ],
          "entropy": 0.5139566706172256,
          "rt_area": 4,
          "size": 2
        },
        "size_2_region_1": {
          "region": [
            0,
            2
          ],
          "entropy": 0.5730569171314204,
          "rt_area": 4,
          "size": 2
        },
        "size_3_region_0": {
          "region": [
            0,
            1,
            2
          ],
          "entropy": 0.3669249912727096,
          "rt_area": 3,
          "size": 3
        },
        "size_3_region_1": {
          "region": [
            0,
            1,
            3
          ],
          "entropy": 0.2787693717685874,
          "rt_area": 3,
          "size": 3
        }
      }
    },
    {
      "entropy_A": -0.0,
      "entropy_B": -0.0,
      "mi_AB": 0.0,
      "pure_state_check": true,
      "entropy_difference": 0.0,
      "multiple_regions": {
        "size_1_region_0": {
          "region": [
            0
          ],
          "entropy": 0.6929471672244782,
          "rt_area": 3,
          "size": 1
        },
        "size_1_region_1": {
          "region": [
            1
          ],
          "entropy": 0.683314913574166,
          "rt_area": 3,
          "size": 1
        },
        "size_2_region_0": {
          "region": [
            0,
            1
          ],
          "entropy": 0.5392763414970504,
          "rt_area": 4,
          "size": 2
        },
        "size_2_region_1": {
          "region": [
            0,
            2
          ],
          "entropy": 0.60215168259268,
          "rt_area": 4,
          "size": 2
        },
        "size_3_region_0": {
          "region": [
            0,
            1,
            2
          ],
          "entropy": 0.3863867062886037,
          "rt_area": 3,
          "size": 3
        },
        "size_3_region_1": {
          "region": [
            0,
            1,
            3
          ],
          "entropy": 0.2787693717685874,
          "rt_area": 3,
          "size": 3
        }
      }
    }
  ],
  "distance_matrix_per_timestep": [
    [
      [
        0.0,
        7.304581558407992,
        7.962989775036538,
        4.9547051728043385
      ],
      [
        7.304581558407992,
        0.0,
        3.8271116017895066,
        11.082844341827926
      ],
      [
        7.962989775036538,
        3.8271116017895066,
        0.0,
        7.255732740038418
      ],
      [
        4.9547051728043385,
        11.082844341827926,
        7.255732740038418,
        0.0
      ]
    ],
    [
      [
        0.0,
        7.304581558407992,
        7.962989775036538,
        4.9547051728043385
      ],
      [
        7.304581558407992,
        0.0,
        3.8271116017895066,
        11.082844341827926
      ],
      [
        7.962989775036538,
        3.8271116017895066,
        0.0,
        7.255732740038418
      ],
      [
        4.9547051728043385,
        11.082844341827926,
        7.255732740038418,
        0.0
      ]
    ],
    [
      [
        0.0,
        7.304581558407992,
        7.962989775036538,
        4.9547051728043385
      ],
      [
        7.304581558407992,
        0.0,
        3.8271116017895066,
        11.082844341827926
      ],
      [
        7.962989775036538,
        3.8271116017895066,
        0.0,
        7.255732740038418
      ],
      [
        4.9547051728043385,
        11.082844341827926,
        7.255732740038418,
        0.0
      ]
    ]
  ],
  "edge_mi": {
    "0,1": 0.0006724508340313247,
    "0,3": 0.007050158551725888,
    "0,2": 0.0003481107871283456,
    "1,2": 0.021772412292009075,
    "2,3": 0.0007061147911165671
  },
  "distance_matrix": [
    [
      0.0,
      7.304581558407992,
      7.962989775036538,
      4.9547051728043385
    ],
    [
      7.304581558407992,
      0.0,
      3.8271116017895066,
      6.188679916987244
    ],
    [
      7.962989775036538,
      3.8271116017895066,
      0.0,
      7.255732740038418
    ],
    [
      4.9547051728043385,
      6.188679916987244,
      7.255732740038418,
      0.0
    ]
  ],
  "shortest_paths": {
    "0": {
      "0": 0,
      "3": 4.9547051728043385,
      "1": 7.304581558407992,
      "2": 7.962989775036538
    },
    "1": {
      "1": 0,
      "2": 3.8271116017895066,
      "3": 6.188679916987244,
      "0": 7.304581558407992
    },
    "2": {
      "2": 0,
      "1": 3.8271116017895066,
      "3": 7.255732740038418,
      "0": 7.962989775036538
    },
    "3": {
      "3": 0,
      "0": 4.9547051728043385,
      "1": 6.188679916987244,
      "2": 7.255732740038418
    }
  },
  "gromov_delta": 5.720229865827511,
  "mean_distance": 4.686725095633005,
  "angle_sums": [
    3.141592653589793,
    3.141592653589793,
    3.141592653589793,
    3.141592653589793
  ],
  "mean_angle_sum": 3.141592653589793,
  "min_angle_sum": 3.141592653589793,
  "max_angle_sum": 3.141592653589793,
  "angle_sum_deviations": [
    0.0,
    0.0,
    0.0,
    0.0
  ],
  "triangle_inequality_violations": [],
  "embedding_coords": [
    [
      -0.02906926123093871,
      0.1828975602481891
    ],
    [
      -0.08708864130297632,
      0.01276178880370491
    ],
    [
      0.12556049627707352,
      -0.18520548000574674
    ],
    [
      -0.009402593743158483,
      -0.010453869046147243
    ]
  ],
  "embedding_coords_3d": [
    [
      0.05450069469479303,
      0.1889532205609178,
      0.08037076419314874
    ],
    [
      0.050778163431484585,
      -0.12054681770927968,
      -0.13946095100936937
    ],
    [
      -0.04244812420742203,
      0.01842613281501441,
      0.05547441012331764
    ],
    [
      -0.06283073391885559,
      -0.08683253566665254,
      0.003615776692902953
    ]
  ],
  "edge_weight_variance": 0.0,
  "event_nodes": [
    [
      0,
      0
    ],
    [
      1,
      0
    ],
    [
      2,
      0
    ],
    [
      3,
      0
    ],
    [
      0,
      1
    ],
    [
      1,
      1
    ],
    [
      2,
      1
    ],
    [
      3,
      1
    ],
    [
      0,
      2
    ],
    [
      1,
      2
    ],
    [
      2,
      2
    ],
    [
      3,
      2
    ]
  ],
  "event_edges": [
    {
      "type": "spatial",
      "from": [
        0,
        0
      ],
      "to": [
        1,
        0
      ],
      "weight": 7.304581558407992
    },
    {
      "type": "spatial",
      "from": [
        0,
        0
      ],
      "to": [
        2,
        0
      ],
      "weight": 7.962989775036538
    },
    {
      "type": "spatial",
      "from": [
        0,
        0
      ],
      "to": [
        3,
        0
      ],
      "weight": 4.9547051728043385
    },
    {
      "type": "spatial",
      "from": [
        1,
        0
      ],
      "to": [
        2,
        0
      ],
      "weight": 3.8271116017895066
    },
    {
      "type": "spatial",
      "from": [
        1,
        0
      ],
      "to": [
        3,
        0
      ],
      "weight": 11.082844341827926
    },
    {
      "type": "spatial",
      "from": [
        2,
        0
      ],
      "to": [
        3,
        0
      ],
      "weight": 7.255732740038418
    },
    {
      "type": "temporal",
      "from": [
        0,
        0
      ],
      "to": [
        0,
        1
      ],
      "weight": 1.0
    },
    {
      "type": "temporal",
      "from": [
        1,
        0
      ],
      "to": [
        1,
        1
      ],
      "weight": 1.0
    },
    {
      "type": "temporal",
      "from": [
        2,
        0
      ],
      "to": [
        2,
        1
      ],
      "weight": 1.0
    },
    {
      "type": "temporal",
      "from": [
        3,
        0
      ],
      "to": [
        3,
        1
      ],
      "weight": 1.0
    },
    {
      "type": "spatial",
      "from": [
        0,
        1
      ],
      "to": [
        1,
        1
      ],
      "weight": 7.304581558407992
    },
    {
      "type": "spatial",
      "from": [
        0,
        1
      ],
      "to": [
        2,
        1
      ],
      "weight": 7.962989775036538
    },
    {
      "type": "spatial",
      "from": [
        0,
        1
      ],
      "to": [
        3,
        1
      ],
      "weight": 4.9547051728043385
    },
    {
      "type": "spatial",
      "from": [
        1,
        1
      ],
      "to": [
        2,
        1
      ],
      "weight": 3.8271116017895066
    },
    {
      "type": "spatial",
      "from": [
        1,
        1
      ],
      "to": [
        3,
        1
      ],
      "weight": 11.082844341827926
    },
    {
      "type": "spatial",
      "from": [
        2,
        1
      ],
      "to": [
        3,
        1
      ],
      "weight": 7.255732740038418
    },
    {
      "type": "temporal",
      "from": [
        0,
        1
      ],
      "to": [
        0,
        2
      ],
      "weight": 1.0
    },
    {
      "type": "temporal",
      "from": [
        1,
        1
      ],
      "to": [
        1,
        2
      ],
      "weight": 1.0
    },
    {
      "type": "temporal",
      "from": [
        2,
        1
      ],
      "to": [
        2,
        2
      ],
      "weight": 1.0
    },
    {
      "type": "temporal",
      "from": [
        3,
        1
      ],
      "to": [
        3,
        2
      ],
      "weight": 1.0
    },
    {
      "type": "spatial",
      "from": [
        0,
        2
      ],
      "to": [
        1,
        2
      ],
      "weight": 7.304581558407992
    },
    {
      "type": "spatial",
      "from": [
        0,
        2
      ],
      "to": [
        2,
        2
      ],
      "weight": 7.962989775036538
    },
    {
      "type": "spatial",
      "from": [
        0,
        2
      ],
      "to": [
        3,
        2
      ],
      "weight": 4.9547051728043385
    },
    {
      "type": "spatial",
      "from": [
        1,
        2
      ],
      "to": [
        2,
        2
      ],
      "weight": 3.8271116017895066
    },
    {
      "type": "spatial",
      "from": [
        1,
        2
      ],
      "to": [
        3,
        2
      ],
      "weight": 11.082844341827926
    },
    {
      "type": "spatial",
      "from": [
        2,
        2
      ],
      "to": [
        3,
        2
      ],
      "weight": 7.255732740038418
    }
  ],
  "lorentzian_dissimilarity": [
    [
      0.0,
      53.356911743434125,
      63.40920615733646,
      24.54910334941407,
      -1.0,
      52.356911743434125,
      62.40920615733646,
      23.54910334941407,
      -4.0,
      49.356911743434125,
      59.40920615733646,
      20.54910334941407
    ],
    [
      53.356911743434125,
      0.0,
      14.646783212551844,
      122.82943870518727,
      52.356911743434125,
      -1.0,
      13.646783212551844,
      121.82943870518727,
      49.356911743434125,
      -4.0,
      10.646783212551844,
      118.82943870518727
    ],
    [
      63.40920615733646,
      14.646783212551844,
      0.0,
      52.64565759486541,
      62.40920615733646,
      13.646783212551844,
      -1.0,
      51.64565759486541,
      59.40920615733646,
      10.646783212551844,
      -4.0,
      48.64565759486541
    ],
    [
      24.54910334941407,
      122.82943870518727,
      52.64565759486541,
      0.0,
      23.54910334941407,
      121.82943870518727,
      51.64565759486541,
      -1.0,
      20.54910334941407,
      118.82943870518727,
      48.64565759486541,
      -4.0
    ],
    [
      -1.0,
      52.356911743434125,
      62.40920615733646,
      23.54910334941407,
      0.0,
      53.356911743434125,
      63.40920615733646,
      24.54910334941407,
      -1.0,
      52.356911743434125,
      62.40920615733646,
      23.54910334941407
    ],
    [
      52.356911743434125,
      -1.0,
      13.646783212551844,
      121.82943870518727,
      53.356911743434125,
      0.0,
      14.646783212551844,
      122.82943870518727,
      52.356911743434125,
      -1.0,
      13.646783212551844,
      121.82943870518727
    ],
    [
      62.40920615733646,
      13.646783212551844,
      -1.0,
      51.64565759486541,
      63.40920615733646,
      14.646783212551844,
      0.0,
      52.64565759486541,
      62.40920615733646,
      13.646783212551844,
      -1.0,
      51.64565759486541
    ],
    [
      23.54910334941407,
      121.82943870518727,
      51.64565759486541,
      -1.0,
      24.54910334941407,
      122.82943870518727,
      52.64565759486541,
      0.0,
      23.54910334941407,
      121.82943870518727,
      51.64565759486541,
      -1.0
    ],
    [
      -4.0,
      49.356911743434125,
      59.40920615733646,
      20.54910334941407,
      -1.0,
      52.356911743434125,
      62.40920615733646,
      23.54910334941407,
      0.0,
      53.356911743434125,
      63.40920615733646,
      24.54910334941407
    ],
    [
      49.356911743434125,
      -4.0,
      10.646783212551844,
      118.82943870518727,
      52.356911743434125,
      -1.0,
      13.646783212551844,
      121.82943870518727,
      53.356911743434125,
      0.0,
      14.646783212551844,
      122.82943870518727
    ],
    [
      59.40920615733646,
      10.646783212551844,
      -4.0,
      48.64565759486541,
      62.40920615733646,
      13.646783212551844,
      -1.0,
      51.64565759486541,
      63.40920615733646,
      14.646783212551844,
      0.0,
      52.64565759486541
    ],
    [
      20.54910334941407,
      118.82943870518727,
      48.64565759486541,
      -4.0,
      23.54910334941407,
      121.82943870518727,
      51.64565759486541,
      -1.0,
      24.54910334941407,
      122.82943870518727,
      52.64565759486541,
      0.0
    ]
  ],
  "lorentzian_embedding": [
    [
      0.8372223526781778,
      3.9057315274243356,
      0.3362239199542338
    ],
    [
      2.260665987865064,
      -2.471695032257639,
      3.9000854028857828
    ],
    [
      -2.345624149360303,
      -4.325117279526362,
      -1.6154191028931097
    ],
    [
      3.2474993405606,
      4.074738632550285,
      -4.985860598132361
    ],
    [
      0.9386601884317662,
      3.991786217407081,
      0.38787059276766084
    ],
    [
      2.1740551661268332,
      -2.5134494349446355,
      3.9342426888660733
    ],
    [
      -2.2781461844601605,
      -4.35188505332167,
      -1.6423971764875056
    ],
    [
      3.1658807117505128,
      4.0577072429766945,
      -5.0445478786544085
    ],
    [
      0.8372547066897192,
      3.905737291229915,
      0.33622412373289906
    ],
    [
      2.260670400027278,
      -2.4716962114624037,
      3.9000850413343673
    ],
    [
      -2.345618109991374,
      -4.325114217789053,
      -1.6154178812081372
    ],
    [
      3.2475088534656207,
      4.074738627730836,
      -4.985865999081829
    ]
  ],
  "edge_length_evolution": [],
  "angle_deficit_evolution": [],
  "regge_action_evolution": [],
  "gromov_delta_evolution": [],
  "mass_hinge": null,
  "mass_value": 0.0,
  "matter": [
    {
      "(0, 1)": 0.0,
      "(1, 2)": 0.0,
      "(0, 3)": 0.0,
      "(2, 3)": 0.0,
      "(0, 2)": 0.0,
      "(1, 3)": 0.0
    },
    {
      "(0, 1)": 0.0,
      "(1, 2)": 0.0,
      "(0, 3)": 0.0,
      "(2, 3)": 0.0,
      "(0, 2)": 0.0,
      "(1, 3)": 0.0
    },
    {
      "(0, 1)": 0.0,
      "(1, 2)": 0.0,
      "(0, 3)": 0.0,
      "(2, 3)": 0.0,
      "(0, 2)": 0.0,
      "(1, 3)": 0.0
    }
  ],
  "stationary_solution": null,
  "einstein_analysis_per_timestep": [
    {
      "ricci_tensor": [
        [
          0.0020376113585989612,
          0.0
        ],
        [
          0.0,
          0.0020376113585989612
        ]
      ],
      "metric_tensor": [
        [
          1.0004075222717197,
          0.00020376113585989614
        ],
        [
          0.00020376113585989614,
          1.0004075222717197
        ]
      ],
      "stress_energy_tensor": [
        [
          0.0020376113585989612,
          4.0752227171979225e-05
        ],
        [
          4.0752227171979225e-05,
          0.0020376113585989612
        ]
      ],
      "einstein_solution": {
        "einstein_tensor": [
          [
            0.0,
            0.0
          ],
          [
            0.0,
            0.0
          ]
        ],
        "ricci_scalar": 0.0040752227171979225,
        "metric_tensor": [
          [
            1.0,
            0.0
          ],
          [
            0.0,
            1.0
          ]
        ],
        "lhs": [
          [
            0.0,
            0.0
          ],
          [
            0.0,
            0.0
          ]
        ],
        "rhs": [
          [
            0.0020376113585989612,
            4.0752227171979225e-05
          ],
          [
            4.0752227171979225e-05,
            0.0020376113585989612
          ]
        ],
        "equations_satisfied": false,
        "residual": 0.002882193884078926,
        "conservation_violation": 0.0020376113585989612,
        "gravitational_constant": 0.039788735772973836,
        "cosmological_constant": 0.0
      },
      "entropy_first_derivative": 0.0,
      "entropy_second_derivative": 0.0,
      "entropy_curvature_correlation": 0.0028816126181847946,
      "emergent_gravitational_constant": 0.00032429591982121724,
      "average_mutual_information": 0.0040752227171979225,
      "ricci_scalar": 0.0040752227171979225,
      "analysis_summary": {
        "einstein_equations_satisfied": false,
        "residual_magnitude": 0.002882193884078926,
        "conservation_violation": 0.0020376113585989612,
        "entropy_evolution_rate": 0.0,
        "entropy_acceleration": 0.0,
        "entanglement_curvature_coupling": 0.0028816126181847946
      }
    },
    {
      "ricci_tensor": [
        [
          0.0020376113585989612,
          0.0
        ],
        [
          0.0,
          0.0020376113585989612
        ]
      ],
      "metric_tensor": [
        [
          1.0004075222717197,
          0.00020376113585989614
        ],
        [
          0.00020376113585989614,
          1.0004075222717197
        ]
      ],
      "stress_energy_tensor": [
        [
          0.0020376113585989612,
          4.0752227171979225e-05
        ],
        [
          4.0752227171979225e-05,
          0.0020376113585989612
        ]
      ],
      "einstein_solution": {
        "einstein_tensor": [
          [
            0.0,
            0.0
          ],
          [
            0.0,
            0.0
          ]
        ],
        "ricci_scalar": 0.0040752227171979225,
        "metric_tensor": [
          [
            1.0,
            0.0
          ],
          [
            0.0,
            1.0
          ]
        ],
        "lhs": [
          [
            0.0,
            0.0
          ],
          [
            0.0,
            0.0
          ]
        ],
        "rhs": [
          [
            0.0020376113585989612,
            4.0752227171979225e-05
          ],
          [
            4.0752227171979225e-05,
            0.0020376113585989612
          ]
        ],
        "equations_satisfied": false,
        "residual": 0.002882193884078926,
        "conservation_violation": 0.0020376113585989612,
        "gravitational_constant": 0.039788735772973836,
        "cosmological_constant": 0.0
      },
      "entropy_first_derivative": 0.0,
      "entropy_second_derivative": 0.0,
      "entropy_curvature_correlation": 0.0028816126181847946,
      "emergent_gravitational_constant": 0.00032429591982121724,
      "average_mutual_information": 0.0040752227171979225,
      "ricci_scalar": 0.0040752227171979225,
      "analysis_summary": {
        "einstein_equations_satisfied": false,
        "residual_magnitude": 0.002882193884078926,
        "conservation_violation": 0.0020376113585989612,
        "entropy_evolution_rate": 0.0,
        "entropy_acceleration": 0.0,
        "entanglement_curvature_coupling": 0.0028816126181847946
      }
    },
    {
      "ricci_tensor": [
        [
          0.0020376113585989612,
          0.0
        ],
        [
          0.0,
          0.0020376113585989612
        ]
      ],
      "metric_tensor": [
        [
          1.0004075222717197,
          0.00020376113585989614
        ],
        [
          0.00020376113585989614,
          1.0004075222717197
        ]
      ],
      "stress_energy_tensor": [
        [
          0.0020376113585989612,
          4.0752227171979225e-05
        ],
        [
          4.0752227171979225e-05,
          0.0020376113585989612
        ]
      ],
      "einstein_solution": {
        "einstein_tensor": [
          [
            0.0,
            0.0
          ],
          [
            0.0,
            0.0
          ]
        ],
        "ricci_scalar": 0.0040752227171979225,
        "metric_tensor": [
          [
            1.0,
            0.0
          ],
          [
            0.0,
            1.0
          ]
        ],
        "lhs": [
          [
            0.0,
            0.0
          ],
          [
            0.0,
            0.0
          ]
        ],
        "rhs": [
          [
            0.0020376113585989612,
            4.0752227171979225e-05
          ],
          [
            4.0752227171979225e-05,
            0.0020376113585989612
          ]
        ],
        "equations_satisfied": false,
        "residual": 0.002882193884078926,
        "conservation_violation": 0.0020376113585989612,
        "gravitational_constant": 0.039788735772973836,
        "cosmological_constant": 0.0
      },
      "entropy_first_derivative": -0.022544906946676324,
      "entropy_second_derivative": -0.05469128348907404,
      "entropy_curvature_correlation": 0.0028816126181847946,
      "emergent_gravitational_constant": 0.00032429591982121724,
      "average_mutual_information": 0.0040752227171979225,
      "ricci_scalar": 0.0040752227171979225,
      "analysis_summary": {
        "einstein_equations_satisfied": false,
        "residual_magnitude": 0.002882193884078926,
        "conservation_violation": 0.0020376113585989612,
        "entropy_evolution_rate": 0.022544906946676324,
        "entropy_acceleration": 0.05469128348907404,
        "entanglement_curvature_coupling": 0.0028816126181847946
      }
    }
  ],
  "bootstrap_analysis": {
    "gromov_delta": {
      "mean": 7.255732740038418,
      "lower_ci": 7.255732740038418,
      "upper_ci": 7.255732740038418,
      "all_values": [
        7.255732740038418,
        7.255732740038418,
        7.255732740038418
      ],
      "uncertainty": 0.0
    },
    "entropy": {
      "mean": 3.8661248474369163,
      "lower_ci": 3.8344647265753946,
      "upper_ci": 3.8843552752666084,
      "uncertainty": 0.018230427829692086
    },
    "distance_matrix": {
      "mean": [
        [
          0.0,
          7.304581558407992,
          7.9629897750365375,
          4.9547051728043385
        ],
        [
          7.304581558407992,
          0.0,
          3.827111601789506,
          11.082844341827927
        ],
        [
          7.9629897750365375,
          3.827111601789506,
          0.0,
          7.255732740038418
        ],
        [
          4.9547051728043385,
          11.082844341827927,
          7.255732740038418,
          0.0
        ]
      ],
      "lower_ci": [
        [
          0.0,
          7.304581558407992,
          7.9629897750365375,
          4.9547051728043385
        ],
        [
          7.304581558407992,
          0.0,
          3.827111601789506,
          11.082844341827927
        ],
        [
          7.9629897750365375,
          3.827111601789506,
          0.0,
          7.255732740038418
        ],
        [
          4.9547051728043385,
          11.082844341827927,
          7.255732740038418,
          0.0
        ]
      ],
      "upper_ci": [
        [
          0.0,
          7.304581558407992,
          7.9629897750365375,
          4.9547051728043385
        ],
        [
          7.304581558407992,
          0.0,
          3.827111601789506,
          11.082844341827927
        ],
        [
          7.9629897750365375,
          3.827111601789506,
          0.0,
          7.255732740038418
        ],
        [
          4.9547051728043385,
          11.082844341827927,
          7.255732740038418,
          0.0
        ]
      ]
    }
  },
  "topology_compatibility": {
    "current_topology": "triangulated",
    "explanation": "Triangulated topology is specifically designed for angle-sum curvature. Creates multiple triangles per vertex, enabling robust local curvature measurements. Each vertex has multiple incident triangles for well-defined angle sums.",
    "supports_local_curvature": true
  },
  "rt_surface_analysis": {
    "region_A": [
      0
    ],
    "region_B": [
      1,
      2,
      3
    ],
    "bulk_point": 2,
    "is_complementary": true,
    "rt_area_AB": 20.222276506248868,
    "rt_area_BA": 20.222276506248868,
    "area_consistent": true,
    "edges_consistent": true,
    "area_difference": 0.0,
    "rt_edges_AB": [
      [
        0,
        1
      ],
      [
        0,
        2
      ],
      [
        0,
        3
      ]
    ],
    "rt_edges_BA": [
      [
        0,
        1
      ],
      [
        0,
        2
      ],
      [
        0,
        3
      ]
    ],
    "edge_lengths": [
      7.304581558407992,
      7.962989775036538,
      4.9547051728043385,
      3.8271116017895066,
      11.082844341827926,
      7.255732740038418
    ],
    "all_edges": [
      [
        0,
        1
      ],
      [
        0,
        2
      ],
      [
        0,
        3
      ],
      [
        1,
        2
      ],
      [
        1,
        3
      ],
      [
        2,
        3
      ]
    ]
  },
  "bulk_excitation_analysis": {
    "ground_state_mi": [
      [
        0.0,
        0.1928585392412,
        0.309437903005612,
        0.192858539241199
      ],
      [
        0.1928585392412,
        0.0,
        0.19285853924119833,
        0.5404309417131443
      ],
      [
        0.309437903005612,
        0.19285853924119833,
        0.0,
        0.19285853924119944
      ],
      [
        0.192858539241199,
        0.5404309417131443,
        0.19285853924119944,
        0.0
      ]
    ],
    "excited_state_mi": [
      [
        0.0,
        0.19535264639423022,
        0.25150805392965303,
        0.19535264639423144
      ],
      [
        0.19535264639423022,
        0.0,
        0.4198842326365082,
        0.38565218248157396
      ],
      [
        0.25150805392965303,
        0.4198842326365082,
        0.0,
        0.41988423263650654
      ],
      [
        0.19535264639423144,
        0.38565218248157396,
        0.41988423263650654,
        0.0
      ]
    ],
    "mi_difference": [
      [
        0.0,
        0.002494107153030223,
        -0.057929849075958995,
        0.0024941071530324432
      ],
      [
        0.002494107153030223,
        0.0,
        0.22702569339530987,
        -0.15477875923157036
      ],
      [
        -0.057929849075958995,
        0.22702569339530987,
        0.0,
        0.2270256933953071
      ],
      [
        0.0024941071530324432,
        -0.15477875923157036,
        0.2270256933953071,
        0.0
      ]
    ],
    "avg_mi_change": 0.08396852617552612,
    "max_mi_change": 0.22702569339530987,
    "mi_change_boundary_A": NaN,
    "mi_change_boundary_B": 0.0997575425196822,
    "bulk_point": 2,
    "ground_state_counts": {
      "counts": {
        "0110": 10,
        "0001": 5,
        "0000": 5,
        "0101": 8,
        "1111": 5,
        "1001": 5,
        "1010": 3,
        "1011": 10,
        "1101": 9,
        "1100": 5,
        "1110": 7,
        "1000": 6,
        "0010": 6,
        "0100": 10,
        "0011": 4,
        "0111": 2
      },
      "job_id": "d27uj3hogaas73ct8iu0",
      "mutual_information": {
        "I_0,1": 0.0028258725892607757,
        "I_0,2": 0.00974448676616007,
        "I_0,3": 0.02909757736522539,
        "I_1,2": 0.006329828864800421,
        "I_1,3": 0.002607827956711724,
        "I_2,3": 0.004689455997120336
      }
    },
    "excited_state_counts": {
      "counts": {
        "0001": 9,
        "1110": 9,
        "1111": 7,
        "0100": 7,
        "1011": 8,
        "1101": 6,
        "0101": 4,
        "0000": 5,
        "1010": 4,
        "0110": 6,
        "1100": 7,
        "0111": 4,
        "0011": 10,
        "1000": 4,
        "0010": 6,
        "1001": 4
      },
      "job_id": "d27uj5129u8s73f8m0f0",
      "mutual_information": {
        "I_0,1": 0.000984820857605883,
        "I_0,2": 0.029097577365225294,
        "I_0,3": 0.0002664613472596871,
        "I_1,2": 0.0011619102115969764,
        "I_1,3": 0.0027581019183448782,
        "I_2,3": 0.02350919700864896
      }
    },
    "boundary_entropies": {
      "ground_state": {
        "entropy_A": 0.5364082637425626,
        "entropy_B": 0.5364082637425569,
        "mi_AB": 1.0728165274851
      },
      "excited_state": {
        "entropy_A": 0.6002496017858934,
        "entropy_B": 0.6002496017858905,
        "mi_AB": 1.2004992035717637
      },
      "rt_relation_test": {
        "entropy_ratio": 0.9999999999999895,
        "rt_area_ratio": 1.0,
        "rt_deviation": 1.0547118733938987e-14,
        "excited_entropy_ratio": 0.9999999999999952,
        "rt_relation_change": 5.773159728050814e-15
      }
    }
  },
  "page_curve_analysis": null,
  "deutsch_ctc_analysis": null,
  "ctc_recovery_analysis": null,
  "einstein_analysis": null,
  "dynamic_evidence": {
    "angle_sums_per_timestep": [
      [
        3.141592653589793,
        3.141592653589793,
        3.141592653589793,
        0.0
      ],
      [
        3.141592653589793,
        3.141592653589793,
        3.141592653589793,
        0.0
      ],
      [
        3.141592653589793,
        3.141592653589793,
        3.141592653589793,
        0.0
      ]
    ],
    "gromov_delta_per_timestep": [
      7.255732740038418,
      7.255732740038418,
      7.255732740038418
    ],
    "edge_mi_per_timestep": [
      {
        "0,1": 0.0006724508340313247,
        "0,3": 0.007050158551725888,
        "0,2": 0.0003481107871283456,
        "1,2": 0.021772412292009075,
        "2,3": 0.0007061147911165671
      },
      {
        "0,1": 0.0006724508340313247,
        "0,3": 0.007050158551725888,
        "0,2": 0.0003481107871283456,
        "1,2": 0.021772412292009075,
        "2,3": 0.0007061147911165671
      },
      {
        "0,1": 0.0006724508340313247,
        "0,3": 0.007050158551725888,
        "0,2": 0.0003481107871283456,
        "1,2": 0.021772412292009075,
        "2,3": 0.0007061147911165671
      }
    ],
    "shortest_paths_per_timestep": [
      {
        "0": {
          "0": 0,
          "3": 4.9547051728043385,
          "1": 7.304581558407992,
          "2": 7.962989775036538
        },
        "1": {
          "1": 0,
          "2": 3.8271116017895066,
          "0": 7.304581558407992,
          "3": 11.082844341827926
        },
        "2": {
          "2": 0,
          "1": 3.8271116017895066,
          "3": 7.255732740038418,
          "0": 7.962989775036538
        },
        "3": {
          "3": 0,
          "0": 4.9547051728043385,
          "2": 7.255732740038418,
          "1": 11.082844341827926
        }
      },
      {
        "0": {
          "0": 0,
          "3": 4.9547051728043385,
          "1": 7.304581558407992,
          "2": 7.962989775036538
        },
        "1": {
          "1": 0,
          "2": 3.8271116017895066,
          "0": 7.304581558407992,
          "3": 11.082844341827926
        },
        "2": {
          "2": 0,
          "1": 3.8271116017895066,
          "3": 7.255732740038418,
          "0": 7.962989775036538
        },
        "3": {
          "3": 0,
          "0": 4.9547051728043385,
          "2": 7.255732740038418,
          "1": 11.082844341827926
        }
      },
      {
        "0": {
          "0": 0,
          "3": 4.9547051728043385,
          "1": 7.304581558407992,
          "2": 7.962989775036538
        },
        "1": {
          "1": 0,
          "2": 3.8271116017895066,
          "0": 7.304581558407992,
          "3": 11.082844341827926
        },
        "2": {
          "2": 0,
          "1": 3.8271116017895066,
          "3": 7.255732740038418,
          "0": 7.962989775036538
        },
        "3": {
