{
  "spec": {
    "num_qubits": 4,
    "topology": "triangulated",
    "custom_edges": "0-1:0.8692,0-2:0.6662,0-3:0.9175,1-2:1.0000,1-3:0.6356,2-3:0.6356",
    "alpha": 0.8,
    "weight": 0.7104359244405849,
    "gamma": 0.1638229376118016,
    "sigma": 0.27611178750796417,
    "init_angle": 2.063707995529239,
    "init_angles": null,
    "shots": 100,
    "device": "ibm_brisbane",
    "geometry": "spherical",
    "curvature": 4.5,
    "timesteps": 2,
    "dimension": 2,
    "mass_hinge": null,
    "mass_value": 0.0,
    "solve_regge": false,
    "lorentzian": true,
    "excite": true,
    "fast": false,
    "fast_preset": "balanced",
    "ctc_mode": false,
    "ctc_perturbation": null,
    "ctc_perturbation_strength": 1.0,
    "test_ctc_recovery": false,
    "strong_curvature": true,
    "charge_injection": true,
    "charge_strength": 2.5,
    "charge_location": null,
    "spin_injection": true,
    "spin_strength": 2.0,
    "spin_location": null,
    "edge_floor": 0.001,
    "compute_entropies": true,
    "hyperbolic_triangulation": true,
    "trotter_steps": 8,
    "dt": 0.05,
    "analyze_curvature": true,
    "einstein_solver": true,
    "page_curve": true,
    "radiation_ordering": null,
    "page_curve_timesteps": 15,
    "entropy_method": "hybrid",
    "num_shadows": 100,
    "shots_per_shadow": 1000,
    "num_bases": 20,
    "shots_per_basis": 1000,
    "enhanced_entanglement": false,
    "entanglement_strength": 0.7906517878582446,
    "interpolate_geometry": false,
    "smooth_charge_injection": false,
    "min_qubits_for_continuum": 10,
    "benchmark_against_classical_geometry": false,
    "geometry_fit_metric": "wasserstein,kl,euclidean",
    "verify_noise_robustness": false,
    "run_on_multiple_backends": false,
    "detect_and_flag_causal_loops": true,
    "restrict_information_flow_direction": "bidirectional",
    "filter_noncausal_edges": true,
    "use_ryu_takayanagi_test": true,
    "compare_MI_vs_subsystem_entropy": true,
    "embed_boundary_entropy_in_geometry": true,
    "entropy_engineering": true,
    "target_entropy_pattern": "quantum_gravity",
    "custom_target_entropies": null,
    "entropy_optimization_iterations": 200,
    "entropy_tolerance": 0.05,
    "continue_on_engineering_failure": true,
    "skip_entropy_engineering": false,
    "validate_engineered_geometry": true,
    "enhance_bell_violations": true,
    "bell_entanglement_strength": 4.0,
    "teleportation_circuits": true,
    "long_range_coupling": 3.0,
    "holographic_optimization": true,
    "rt_surface_encoding": true,
    "conformal_symmetry": true,
    "bulk_reconstruction": true,
    "scalable_entanglement": true,
    "parallel_execution": true,
    "memory_optimization": true,
    "circuit_compilation": "optimized",
    "real_hardware": false,
    "error_mitigation": true,
    "zero_noise_extrapolation": true,
    "zne_noise_factors": [
      1.0,
      2.0,
      3.0
    ],
    "zne_extrapolation_method": "polynomial",
    "hardware_calibration": true,
    "noise_characterization": true,
    "backend_name": "ibm_brisbane",
    "quantum_mode": true,
    "quantum_entanglement_strength": 5.0,
    "quantum_circuit_depth": 12,
    "geometric_teleportation": false,
    "teleportation_mode": "both",
    "bridge_strength": 1.0,
    "signal_state": "+",
    "emergent_geometry_teleportation": false,
    "teleportation_node_pairs": "auto",
    "teleportation_embedding_dim": 2,
    "teleportation_fidelity_threshold": 0.7,
    "superposition_gravity": true,
    "massive_bulk_mass_hinge": "0,1,2",
    "massive_bulk_mass_value": 2.0,
    "massless_bulk_mass_hinge": null,
    "massless_bulk_mass_value": 0.0,
    "superposition_control_qubit": 0,
    "superposition_phase": 0.0,
    "interference_analysis": true,
    "classical_mixture_comparison": true,
    "coherence_preservation": true,
    "bulk_reconstruction_method": "mi_embedding"
  },
  "uid": "VNQL8W",
  "counts_per_timestep": [
    {
      "1000": 7,
      "1110": 8,
      "0110": 8,
      "0010": 8,
      "1101": 6,
      "0000": 6,
      "0111": 8,
      "1010": 4,
      "1001": 11,
      "0001": 3,
      "0101": 5,
      "0100": 3,
      "1111": 7,
      "0011": 8,
      "1011": 4,
      "1100": 4
    },
    {
      "1100": 5,
      "0011": 2,
      "1011": 13,
      "1111": 6,
      "1000": 11,
      "0110": 10,
      "0001": 7,
      "1101": 4,
      "1010": 9,
      "1110": 5,
      "0000": 5,
      "0100": 6,
      "0101": 5,
      "0010": 4,
      "0111": 3,
      "1001": 5
    }
  ],
  "job_ids_per_timestep": [
    "d27tqk856fsc73e6c4p0",
    "d27tqm929u8s73f8l3sg"
  ],
  "entropy_per_timestep": [
    3.90889936776238,
    3.850034245373689
  ],
  "mutual_information_per_timestep": [
    {
      "I_0,1": 0.002074222413532943,
      "I_0,2": 0.0002167739782736617,
      "I_0,3": 0.00175675633966706,
      "I_1,2": 0.013327617866356008,
      "I_1,3": 0.020778484848206054,
      "I_2,3": 8.006405767310557e-08
    },
    {
      "I_0,1": 0.002074222413532943,
      "I_0,2": 0.0002167739782736617,
      "I_0,3": 0.00175675633966706,
      "I_1,2": 0.013327617866356008,
      "I_1,3": 0.020778484848206054,
      "I_2,3": 8.006405767310557e-08
    }
  ],
  "boundary_entropies_per_timestep": [
    {
      "entropy_A": -0.0,
      "entropy_B": -0.0,
      "mi_AB": 0.0,
      "pure_state_check": true,
      "entropy_difference": 0.0,
      "multiple_regions": {
        "size_1_region_0": {
          "region": [
            0
          ],
          "entropy": 0.6929471672244782,
          "rt_area": 3,
          "size": 1
        },
        "size_1_region_1": {
          "region": [
            1
          ],
          "entropy": 0.6929471672244782,
          "rt_area": 3,
          "size": 1
        },
        "size_2_region_0": {
          "region": [
            0,
            1
          ],
          "entropy": 0.5623351446188083,
          "rt_area": 4,
          "size": 2
        },
        "size_2_region_1": {
          "region": [
            0,
            2
          ],
          "entropy": 0.4558862130273584,
          "rt_area": 4,
          "size": 2
        },
        "size_3_region_0": {
          "region": [
            0,
            1,
            2
          ],
          "entropy": 0.30253782309749805,
          "rt_area": 3,
          "size": 3
        },
        "size_3_region_1": {
          "region": [
            0,
            1,
            3
          ],
          "entropy": 0.40496348506393853,
          "rt_area": 3,
          "size": 3
        }
      }
    },
    {
      "entropy_A": -0.0,
      "entropy_B": -0.0,
      "mi_AB": 0.0,
      "pure_state_check": true,
      "entropy_difference": 0.0,
      "multiple_regions": {
        "size_1_region_0": {
          "region": [
            0
          ],
          "entropy": 0.6802920001921535,
          "rt_area": 3,
          "size": 1
        },
        "size_1_region_1": {
          "region": [
            1
          ],
          "entropy": 0.6859298002523728,
          "rt_area": 3,
          "size": 1
        },
        "size_2_region_0": {
          "region": [
            0,
            1
          ],
          "entropy": 0.4713934868100941,
          "rt_area": 4,
          "size": 2
        },
        "size_2_region_1": {
          "region": [
            0,
            2
          ],
          "entropy": 0.5392763414970504,
          "rt_area": 4,
          "size": 2
        },
        "size_3_region_0": {
          "region": [
            0,
            1,
            2
          ],
          "entropy": 0.3669249912727096,
          "rt_area": 3,
          "size": 3
        },
        "size_3_region_1": {
          "region": [
            0,
            1,
            3
          ],
          "entropy": 0.30253782309749805,
          "rt_area": 3,
          "size": 3
        }
      }
    }
  ],
  "distance_matrix_per_timestep": [
    [
      [
        0.0,
        6.178168935998282,
        8.436655322015529,
        6.344286159151041
      ],
      [
        6.178168935998282,
        0.0,
        4.317916865460582,
        12.522455095149322
      ],
      [
        8.436655322015529,
        4.317916865460582,
        0.0,
        14.78094148116657
      ],
      [
        6.344286159151041,
        12.522455095149322,
        14.78094148116657,
        0.0
      ]
    ],
    [
      [
        0.0,
        6.178168935998282,
        8.436655322015529,
        6.344286159151041
      ],
      [
        6.178168935998282,
        0.0,
        4.317916865460582,
        12.522455095149322
      ],
      [
        8.436655322015529,
        4.317916865460582,
        0.0,
        14.78094148116657
      ],
      [
        6.344286159151041,
        12.522455095149322,
        14.78094148116657,
        0.0
      ]
    ]
  ],
  "edge_mi": {
    "0,1": 0.002074222413532943,
    "0,3": 0.00175675633966706,
    "0,2": 0.0002167739782736617,
    "1,2": 0.013327617866356008,
    "2,3": 8.006405767310557e-08
  },
  "distance_matrix": [
    [
      0.0,
      6.178168935998282,
      8.436655322015529,
      6.344286159151041
    ],
    [
      6.178168935998282,
      0.0,
      4.317916865460582,
      3.873837209915217
    ],
    [
      8.436655322015529,
      4.317916865460582,
      0.0,
      8.1917540753758
    ],
    [
      6.344286159151041,
      3.873837209915217,
      8.1917540753758,
      0.0
    ]
  ],
  "shortest_paths": {
    "0": {
      "0": 0,
      "1": 6.178168935998282,
      "3": 6.344286159151041,
      "2": 8.436655322015529
    },
    "1": {
      "1": 0,
      "3": 3.873837209915217,
      "2": 4.317916865460582,
      "0": 6.178168935998282
    },
    "2": {
      "2": 0,
      "1": 4.317916865460582,
      "3": 8.1917540753758,
      "0": 8.436655322015529
    },
    "3": {
      "3": 0,
      "1": 3.873837209915217,
      "0": 6.344286159151041,
      "2": 8.1917540753758
    }
  },
  "gromov_delta": 5.148453696276615,
  "mean_distance": 4.667827320989556,
  "angle_sums": [
    3.141592653589793,
    3.141592653589793,
    4.231726071725979,
    0.0
  ],
  "mean_angle_sum": 2.6287278447263915,
  "min_angle_sum": 0.0,
  "max_angle_sum": 4.231726071725979,
  "angle_sum_deviations": [
    0.0,
    0.0,
    1.090133418136186,
    -3.141592653589793
  ],
  "triangle_inequality_violations": [],
  "embedding_coords": [
    [
      0.011874929521468664,
      0.14169213542503487
    ],
    [
      0.18645183978620347,
      -0.028691506390852106
    ],
    [
      -0.05956813852902187,
      -0.17247593153462495
    ],
    [
      -0.13875863077865025,
      0.059475302500442195
    ]
  ],
  "embedding_coords_3d": [
    [
      -0.005413143634793331,
      0.05029053951737349,
      0.011826112163354415
    ],
    [
      0.037719733439644826,
      -0.05569886706907804,
      -0.16700615061570026
    ],
    [
      -0.18023926297421014,
      0.06651959126535195,
      -0.0025998614301899715
    ],
    [
      0.14793267316935865,
      -0.06111126371364738,
      0.1577798998825358
    ]
  ],
  "edge_weight_variance": 0.021598652499999992,
  "event_nodes": [
    [
      0,
      0
    ],
    [
      1,
      0
    ],
    [
      2,
      0
    ],
    [
      3,
      0
    ],
    [
      0,
      1
    ],
    [
      1,
      1
    ],
    [
      2,
      1
    ],
    [
      3,
      1
    ]
  ],
  "event_edges": [
    {
      "type": "spatial",
      "from": [
        0,
        0
      ],
      "to": [
        1,
        0
      ],
      "weight": 6.178168935998282
    },
    {
      "type": "spatial",
      "from": [
        0,
        0
      ],
      "to": [
        2,
        0
      ],
      "weight": 8.436655322015529
    },
    {
      "type": "spatial",
      "from": [
        0,
        0
      ],
      "to": [
        3,
        0
      ],
      "weight": 6.344286159151041
    },
    {
      "type": "spatial",
      "from": [
        1,
        0
      ],
      "to": [
        2,
        0
      ],
      "weight": 4.317916865460582
    },
    {
      "type": "spatial",
      "from": [
        1,
        0
      ],
      "to": [
        3,
        0
      ],
      "weight": 12.522455095149322
    },
    {
      "type": "spatial",
      "from": [
        2,
        0
      ],
      "to": [
        3,
        0
      ],
      "weight": 14.78094148116657
    },
    {
      "type": "temporal",
      "from": [
        0,
        0
      ],
      "to": [
        0,
        1
      ],
      "weight": 1.0
    },
    {
      "type": "temporal",
      "from": [
        1,
        0
      ],
      "to": [
        1,
        1
      ],
      "weight": 1.0
    },
    {
      "type": "temporal",
      "from": [
        2,
        0
      ],
      "to": [
        2,
        1
      ],
      "weight": 1.0
    },
    {
      "type": "temporal",
      "from": [
        3,
        0
      ],
      "to": [
        3,
        1
      ],
      "weight": 1.0
    },
    {
      "type": "spatial",
      "from": [
        0,
        1
      ],
      "to": [
        1,
        1
      ],
      "weight": 6.178168935998282
    },
    {
      "type": "spatial",
      "from": [
        0,
        1
      ],
      "to": [
        2,
        1
      ],
      "weight": 8.436655322015529
    },
    {
      "type": "spatial",
      "from": [
        0,
        1
      ],
      "to": [
        3,
        1
      ],
      "weight": 6.344286159151041
    },
    {
      "type": "spatial",
      "from": [
        1,
        1
      ],
      "to": [
        2,
        1
      ],
      "weight": 4.317916865460582
    },
    {
      "type": "spatial",
      "from": [
        1,
        1
      ],
      "to": [
        3,
        1
      ],
      "weight": 12.522455095149322
    },
    {
      "type": "spatial",
      "from": [
        2,
        1
      ],
      "to": [
        3,
        1
      ],
      "weight": 14.78094148116657
    }
  ],
  "lorentzian_dissimilarity": [
    [
      0.0,
      38.169771401734145,
      71.17715302249294,
      40.24996686919547,
      -1.0,
      37.169771401734145,
      70.17715302249294,
      39.24996686919547
    ],
    [
      38.169771401734145,
      0.0,
      18.644406057028934,
      156.8118816100312,
      37.169771401734145,
      -1.0,
      17.644406057028934,
      155.8118816100312
    ],
    [
      71.17715302249294,
      18.644406057028934,
      0.0,
      218.4762310696706,
      70.17715302249294,
      17.644406057028934,
      -1.0,
      217.4762310696706
    ],
    [
      40.24996686919547,
      156.8118816100312,
      218.4762310696706,
      0.0,
      39.24996686919547,
      155.8118816100312,
      217.4762310696706,
      -1.0
    ],
    [
      -1.0,
      37.169771401734145,
      70.17715302249294,
      39.24996686919547,
      0.0,
      38.169771401734145,
      71.17715302249294,
      40.24996686919547
    ],
    [
      37.169771401734145,
      -1.0,
      17.644406057028934,
      155.8118816100312,
      38.169771401734145,
      0.0,
      18.644406057028934,
      156.8118816100312
    ],
    [
      70.17715302249294,
      17.644406057028934,
      -1.0,
      217.4762310696706,
      71.17715302249294,
      18.644406057028934,
      0.0,
      218.4762310696706
    ],
    [
      39.24996686919547,
      155.8118816100312,
      217.4762310696706,
      -1.0,
      40.24996686919547,
      156.8118816100312,
      218.4762310696706,
      0.0
    ]
  ],
  "lorentzian_embedding": [
    [
      1.614621429907698,
      1.8712757583134723,
      1.0827853733509512
    ],
    [
      0.8107545487343599,
      -3.6436196725852543,
      -1.8970957468277025
    ],
    [
      -0.7572153278127158,
      -2.75223326725615,
      -6.390500220114247
    ],
    [
      2.6255870505284915,
      6.567099717706689,
      5.564341494863095
    ],
    [
      0.1561653543472929,
      1.9737918571160848,
      0.5952008435840079
    ],
    [
      -0.20590034338593585,
      -3.572175268391508,
      -2.2369573975408032
    ],
    [
      -1.7666058457706384,
      -2.681274048268253,
      -6.727951846835256
    ],
    [
      1.5225835904162919,
      6.644640685590232,
      5.195597574521167
    ]
  ],
  "edge_length_evolution": [],
  "angle_deficit_evolution": [],
  "regge_action_evolution": [],
  "gromov_delta_evolution": [],
  "mass_hinge": null,
  "mass_value": 0.0,
  "matter": [
    {
      "(0, 1)": 0.0,
      "(1, 2)": 0.0,
      "(0, 3)": 0.0,
      "(2, 3)": 0.0,
      "(0, 2)": 0.0,
      "(1, 3)": 0.0
    },
    {
      "(0, 1)": 0.0,
      "(1, 2)": 0.0,
      "(0, 3)": 0.0,
      "(2, 3)": 0.0,
      "(0, 2)": 0.0,
      "(1, 3)": 0.0
    }
  ],
  "stationary_solution": null,
  "einstein_analysis_per_timestep": [
    {
      "ricci_tensor": [
        [
          0.0023846209693808374,
          0.0
        ],
        [
          0.0,
          0.0023846209693808374
        ]
      ],
      "metric_tensor": [
        [
          1.0004769241938762,
          0.00023846209693808375
        ],
        [
          0.00023846209693808375,
          1.0004769241938762
        ]
      ],
      "stress_energy_tensor": [
        [
          0.0023846209693808374,
          4.769241938761675e-05
        ],
        [
          4.769241938761675e-05,
          0.0023846209693808374
        ]
      ],
      "einstein_solution": {
        "einstein_tensor": [
          [
            0.0,
            0.0
          ],
          [
            0.0,
            0.0
          ]
        ],
        "ricci_scalar": 0.004769241938761675,
        "metric_tensor": [
          [
            1.0,
            0.0
          ],
          [
            0.0,
            1.0
          ]
        ],
        "lhs": [
          [
            0.0,
            0.0
          ],
          [
            0.0,
            0.0
          ]
        ],
        "rhs": [
          [
            0.0023846209693808374,
            4.769241938761675e-05
          ],
          [
            4.769241938761675e-05,
            0.0023846209693808374
          ]
        ],
        "equations_satisfied": false,
        "residual": 0.0033730377212470805,
        "conservation_violation": 0.0023846209693808374,
        "gravitational_constant": 0.039788735772973836,
        "cosmological_constant": 0.0
      },
      "entropy_first_derivative": 0.0,
      "entropy_second_derivative": 0.0,
      "entropy_curvature_correlation": 0.0033723583160250705,
      "emergent_gravitational_constant": 0.0003795242146775475,
      "average_mutual_information": 0.004769241938761675,
      "ricci_scalar": 0.004769241938761675,
      "analysis_summary": {
        "einstein_equations_satisfied": false,
        "residual_magnitude": 0.0033730377212470805,
        "conservation_violation": 0.0023846209693808374,
        "entropy_evolution_rate": 0.0,
        "entropy_acceleration": 0.0,
        "entanglement_curvature_coupling": 0.0033723583160250705
      }
    },
    {
      "ricci_tensor": [
        [
          0.0023846209693808374,
          0.0
        ],
        [
          0.0,
          0.0023846209693808374
        ]
      ],
      "metric_tensor": [
        [
          1.0004769241938762,
          0.00023846209693808375
        ],
        [
          0.00023846209693808375,
          1.0004769241938762
        ]
      ],
      "stress_energy_tensor": [
        [
          0.0023846209693808374,
          4.769241938761675e-05
        ],
        [
          4.769241938761675e-05,
          0.0023846209693808374
        ]
      ],
      "einstein_solution": {
        "einstein_tensor": [
          [
            0.0,
            0.0
          ],
          [
            0.0,
            0.0
          ]
        ],
        "ricci_scalar": 0.004769241938761675,
        "metric_tensor": [
          [
            1.0,
            0.0
          ],
          [
            0.0,
            1.0
          ]
        ],
        "lhs": [
          [
            0.0,
            0.0
          ],
          [
            0.0,
            0.0
          ]
        ],
        "rhs": [
          [
            0.0023846209693808374,
            4.769241938761675e-05
          ],
          [
            4.769241938761675e-05,
            0.0023846209693808374
          ]
        ],
        "equations_satisfied": false,
        "residual": 0.0033730377212470805,
        "conservation_violation": 0.0023846209693808374,
        "gravitational_constant": 0.039788735772973836,
        "cosmological_constant": 0.0
      },
      "entropy_first_derivative": 0.0,
      "entropy_second_derivative": 0.0,
      "entropy_curvature_correlation": 0.0033723583160250705,
      "emergent_gravitational_constant": 0.0003795242146775475,
      "average_mutual_information": 0.004769241938761675,
      "ricci_scalar": 0.004769241938761675,
      "analysis_summary": {
        "einstein_equations_satisfied": false,
        "residual_magnitude": 0.0033730377212470805,
        "conservation_violation": 0.0023846209693808374,
        "entropy_evolution_rate": 0.0,
        "entropy_acceleration": 0.0,
        "entanglement_curvature_coupling": 0.0033723583160250705
      }
    }
  ],
  "bootstrap_analysis": {
    "gromov_delta": {
      "mean": 11.492739855427654,
      "lower_ci": 11.492739855427654,
      "upper_ci": 11.492739855427654,
      "all_values": [
        11.492739855427654,
        11.492739855427654
      ],
      "uncertainty": 0.0
    },
    "entropy": {
      "mean": 3.8794668065680344,
      "lower_ci": 3.850034245373689,
      "upper_ci": 3.90889936776238,
      "uncertainty": 0.029432561194345563
    },
    "distance_matrix": {
      "mean": [
        [
          0.0,
          6.178168935998282,
          8.436655322015529,
          6.344286159151041
        ],
        [
          6.178168935998282,
          0.0,
          4.317916865460582,
          12.522455095149322
        ],
        [
          8.436655322015529,
          4.317916865460582,
          0.0,
          14.78094148116657
        ],
        [
          6.344286159151041,
          12.522455095149322,
          14.78094148116657,
          0.0
        ]
      ],
      "lower_ci": [
        [
          0.0,
          6.178168935998282,
          8.436655322015529,
          6.344286159151041
        ],
        [
          6.178168935998282,
          0.0,
          4.317916865460582,
          12.522455095149322
        ],
        [
          8.436655322015529,
          4.317916865460582,
          0.0,
          14.78094148116657
        ],
        [
          6.344286159151041,
          12.522455095149322,
          14.78094148116657,
          0.0
        ]
      ],
      "upper_ci": [
        [
          0.0,
          6.178168935998282,
          8.436655322015529,
          6.344286159151041
        ],
        [
          6.178168935998282,
          0.0,
          4.317916865460582,
          12.522455095149322
        ],
        [
          8.436655322015529,
          4.317916865460582,
          0.0,
          14.78094148116657
        ],
        [
          6.344286159151041,
          12.522455095149322,
          14.78094148116657,
          0.0
        ]
      ]
    }
  },
  "topology_compatibility": {
    "current_topology": "triangulated",
    "explanation": "Triangulated topology is specifically designed for angle-sum curvature. Creates multiple triangles per vertex, enabling robust local curvature measurements. Each vertex has multiple incident triangles for well-defined angle sums.",
    "supports_local_curvature": true
  },
  "rt_surface_analysis": {
    "region_A": [
      0
    ],
    "region_B": [
      1,
      2,
      3
    ],
    "bulk_point": 2,
    "is_complementary": true,
    "rt_area_AB": 20.95911041716485,
    "rt_area_BA": 20.95911041716485,
    "area_consistent": true,
    "edges_consistent": true,
    "area_difference": 0.0,
    "rt_edges_AB": [
      [
        0,
        1
      ],
      [
        0,
        2
      ],
      [
        0,
        3
      ]
    ],
    "rt_edges_BA": [
      [
        0,
        1
      ],
      [
        0,
        2
      ],
      [
        0,
        3
      ]
    ],
    "edge_lengths": [
      6.178168935998282,
      8.436655322015529,
      6.344286159151041,
      4.317916865460582,
      12.522455095149322,
      14.78094148116657
    ],
    "all_edges": [
      [
        0,
        1
      ],
      [
        0,
        2
      ],
      [
        0,
        3
      ],
      [
        1,
        2
      ],
      [
        1,
        3
      ],
      [
        2,
        3
      ]
    ]
  },
  "bulk_excitation_analysis": {
    "ground_state_mi": [
      [
        0.0,
        0.09324253256723469,
        0.16937683345790153,
        0.09324253256723403
      ],
      [
        0.09324253256723469,
        0.0,
        0.09324253256723394,
        0.053278864880813015
      ],
      [
        0.16937683345790153,
        0.09324253256723394,
        0.0,
        0.09324253256723439
      ],
      [
        0.09324253256723403,
        0.053278864880813015,
        0.09324253256723439,
        0.0
      ]
    ],
    "excited_state_mi": [
      [
        0.0,
        0.08955493232281903,
        0.1637828334718439,
        0.08955493232281808
      ],
      [
        0.08955493232281903,
        0.0,
        0.28882905857723395,
        0.12818992381411232
      ],
      [
        0.1637828334718439,
        0.28882905857723395,
        0.0,
        0.288829058577235
      ],
      [
        0.08955493232281808,
        0.12818992381411232,
        0.288829058577235,
        0.0
      ]
    ],
    "mi_difference": [
      [
        0.0,
        -0.0036876002444156675,
        -0.005593999986057613,
        -0.003687600244415945
      ],
      [
        -0.0036876002444156675,
        0.0,
        0.19558652601,
        0.0749110589332993
      ],
      [
        -0.005593999986057613,
        0.19558652601,
        0.0,
        0.19558652601000062
      ],
      [
        -0.003687600244415945,
        0.0749110589332993,
        0.19558652601000062,
        0.0
      ]
    ],
    "avg_mi_change": 0.05988166392852364,
    "max_mi_change": 0.19558652601000062,
    "mi_change_boundary_A": NaN,
    "mi_change_boundary_B": 0.15536137031776664,
    "bulk_point": 2,
    "ground_state_counts": {
      "counts": {
        "1010": 5,
        "1100": 8,
        "1001": 6,
        "0010": 6,
        "0100": 7,
        "1111": 6,
        "0101": 5,
        "0111": 6,
        "1000": 11,
        "0011": 6,
        "0000": 10,
        "0110": 3,
        "1101": 7,
        "1110": 7,
        "0001": 5,
        "1011": 2
      },
      "job_id": "d27tqnpogaas73ct7nd0",
      "mutual_information": {
        "I_0,1": 0.006823844335376694,
        "I_0,2": 0.010131564328044927,
        "I_0,3": 0.0021811812197572653,
        "I_1,2": 0.004356529974532269,
        "I_1,3": 0.002081718323449701,
        "I_2,3": 0.007357450690169923
      }
    },
    "excited_state_counts": {
      "counts": {
        "1011": 5,
        "0010": 8,
        "1101": 6,
        "1111": 10,
        "1001": 7,
        "0001": 9,
        "0111": 7,
        "1000": 7,
        "0101": 6,
        "0110": 6,
        "0000": 8,
        "0100": 6,
        "1010": 3,
        "1100": 5,
        "1110": 4,
        "0011": 3
      },
      "job_id": "d27tqp856fsc73e6c4u0",
      "mutual_information": {
        "I_0,1": 0.0004482487332745349,
        "I_0,2": 0.007251873053311937,
        "I_0,3": 0.011136018710974971,
        "I_1,2": 0.0186682082969631,
        "I_1,3": 0.00016832991720039207,
        "I_2,3": 0.002607827956711724
      }
    },
    "boundary_entropies": {
      "ground_state": {
        "entropy_A": 0.1296417718418765,
        "entropy_B": 0.1296417718418742,
        "mi_AB": 0.2592835436837469
      },
      "excited_state": {
        "entropy_A": 0.2695313644287625,
        "entropy_B": 0.26953136442876124,
        "mi_AB": 0.5390627288575223
      },
      "rt_relation_test": {
        "entropy_ratio": 0.9999999999999822,
        "rt_area_ratio": 1.0,
        "rt_deviation": 1.7763568394002505e-14,
        "excited_entropy_ratio": 0.9999999999999952,
        "rt_relation_change": 1.2989609388114332e-14
      }
    }
  },
  "page_curve_analysis": null,
  "deutsch_ctc_analysis": null,
  "ctc_recovery_analysis": null,
  "einstein_analysis": null,
  "dynamic_evidence": {
    "angle_sums_per_timestep": [
      [
        3.141592653589793,
        0.0,
        0.0,
        3.141592653589793
      ],
      [
        3.141592653589793,
        0.0,
        0.0,
        3.141592653589793
      ]
    ],
    "gromov_delta_per_timestep": [
      11.492739855427654,
      11.492739855427654
    ],
    "edge_mi_per_timestep": [
      {
        "0,1": 0.002074222413532943,
        "0,3": 0.00175675633966706,
        "0,2": 0.0002167739782736617,
        "1,2": 0.013327617866356008,
        "2,3": 8.006405767310557e-08
      },
      {
        "0,1": 0.002074222413532943,
        "0,3": 0.00175675633966706,
        "0,2": 0.0002167739782736617,
        "1,2": 0.013327617866356008,
        "2,3": 8.006405767310557e-08
      }
    ],
    "shortest_paths_per_timestep": [
      {
        "0": {
          "0": 0,
          "1": 6.178168935998282,
          "3": 6.344286159151041,
          "2": 8.436655322015529
        },
        "1": {
          "1": 0,
          "2": 4.317916865460582,
          "0": 6.178168935998282,
          "3": 12.522455095149322
        },
        "2": {
          "2": 0,
          "1": 4.317916865460582,
          "0": 8.436655322015529,
          "3": 14.78094148116657
        },
        "3": {
          "3": 0,
          "0": 6.344286159151041,
          "1": 12.522455095149322,
          "2": 14.78094148116657
        }
      },
      {
        "0": {
          "0": 0,
          "1": 6.178168935998282,
          "3": 6.344286159151041,
          "2": 8.436655322015529
        },
        "1": {
          "1": 0,
          "2": 4.317916865460582,
          "0": 6.178168935998282,
          "3": 12.522455095149322
        },
        "2": {
          "2": 0,
          "1": 4.317916865460582,
          "0": 8.436655322015529,
          "3": 14.78094148116657
        },
        "3": {
          "3": 0,
          "0": 6.344286159151041,
          "1": 12.522455095149322,
          "2": 14.78094148116657
        }
      }
    ],
    "mean_distance_per_timestep": [
      6.572552982367665,
      6.572552982367665
    ],
    "triangle_violations_per_timestep": [
      0,
      0
    ],
    "embedding_coords_per_timestep": [
      [
        [
          -0.047405081802653556,
          0.09930865646083223
        ],
        [
          0.16048379045364064,
          -0.10274576829407826
        ],
        [
          0.06947254500643028,
          0.02771393508939978
        ],
        [
          -0.18255125365741737,
          -0.02427682325615375
        ]
      ],
      [
        [
          -0.047405081802653556,
          0.09930865646083223
        ],
        [
          0.16048379045364064,
          -0.10274576829407826
        ],
        [
          0.06947254500643028,
          0.02771393508939978
        ],
        [
          -0.18255125365741737,
          -0.02427682325615375
        ]
      ]
    ],
    "regge_evolution_data": null,
    "evolution_summary": {
      "total_timesteps": 2,
      "gromov_delta_range": [
        11.492739855427654,
        11.492739855427654
      ],
      "mean_distance_range": [
        6.572552982367665,
        6.572552982367665
      ],
      "total_triangle_violations": 0,
      "hyperbolic_evolution": [
        false,
        false
      ],
      "regge_corrected": false
    }
  },
  "quantum_state_outputs": [
    {
      "timestep": 1,
      "statevector": null,
      "mutual_information_matrix": [
        [
          0.0,
          0.002074222413532943,
          0.0002167739782736617,
          0.00175675633966706
        ],
        [
          0.002074222413532943,
          0.0,
          0.013327617866356008,
          0.020778484848206054
        ],
        [
          0.0002167739782736617,
          0.013327617866356008,
          0.0,
          8.006405767310557e-08
        ],
        [
          0.00175675633966706,
          0.020778484848206054,
          8.006405767310557e-08,
          0.0
        ]
      ],
      "counts": {
        "1000": 7,
        "1110": 8,
        "0110": 8,
        "0010": 8,
        "1101": 6,
        "0000": 6,
        "0111": 8,
        "1010": 4,
        "1001": 11,
        "0001": 3,
        "0101": 5,
        "0100": 3,
        "1111": 7,
        "0011": 8,
        "1011": 4,
        "1100": 4
      },
      "job_id": "d27tqk856fsc73e6c4p0",
      "device": "ibm_brisbane"
    },
    {
      "timestep": 2,
      "statevector": null,
      "mutual_information_matrix": [
        [
          0.0,
          0.0002914426911102804,
          0.0026621888020111548,
          0.0030023299719612283
        ],
        [
          0.0002914426911102804,
          0.0,
          0.001020481046662339,
          0.0066423085003404665
        ],
        [
          0.0026621888020111548,
          0.001020481046662339,
          0.0,
          0.02548064556807634
        ],
        [
          0.0030023299719612283,
          0.0066423085003404665,
          0.02548064556807634,
          0.0
        ]
      ],
      "counts": {
        "1100": 5,
        "0011": 2,
        "1011": 13,
        "1111": 6,
        "1000": 11,
        "0110": 10,
        "0001": 7,
        "1101": 4,
        "1010": 9,
        "1110": 5,
        "0000": 5,
        "0100": 6,
        "0101": 5,
        "0010": 4,
        "0111": 3,
        "1001": 5
      },
      "job_id": "d27tqm929u8s73f8l3sg",
      "device": "ibm_brisbane"
    }
  ],
  "emergent_geometry_teleportation": null,
  "superposition_gravity": null,
  "teleportation_geometry_correlation": null
}