{
  "circuit_info": {
    "num_qubits": 4,
    "control_qubit": 0,
    "phase": 0.0,
    "massive_bulk_params": {
      "mass_hinge": "2",
      "mass_value": 1.0
    },
    "massless_bulk_params": {
      "mass_hinge": "None",
      "mass_value": 0.0
    }
  },
  "execution_info": {
    "device": "simulator",
    "shots": 100,
    "job_id": null,
    "total_shots": 100,
    "unique_states": 12
  },
  "superposition_state": {
    "counts": {
      "0110": 12,
      "0000": 11,
      "1000": 14,
      "1010": 12,
      "1100": 13,
      "0100": 10,
      "0010": 10,
      "1110": 7,
      "0101": 3,
      "1011": 4,
      "0001": 2,
      "1111": 2
    },
    "mutual_information_matrix": [
      [
        0.0,
        0.0020338339847496816,
        8.558960074934573e-05,
        0.00023180348077070888
      ],
      [
        0.0020338339847496816,
        0.0,
        0.0013819251617984973,
        0.0003638906329237277
      ],
      [
        8.558960074934573e-05,
        0.0013819251617984973,
        0.0,
        0.006916366907771761
      ],
      [
        0.00023180348077070888,
        0.0003638906329237277,
        0.006916366907771761,
        0.0
      ]
    ]
  },
  "bulk_reconstruction": {
    "method": "mi_embedding",
    "num_qubits": 4,
    "mi_matrix": [
      [
        0.0,
        0.0020338339847496816,
        8.558960074934573e-05,
        0.00023180348077070888
      ],
      [
        0.0020338339847496816,
        0.0,
        0.0013819251617984973,
        0.0003638906329237277
      ],
      [
        8.558960074934573e-05,
        0.0013819251617984973,
        0.0,
        0.006916366907771761
      ],
      [
        0.00023180348077070888,
        0.0003638906329237277,
        0.006916366907771761,
        0.0
      ]
    ],
    "mds_embedding": {
      "coordinates_3d": [
        [
          -0.26139501537876086,
          -0.21595808735879218,
          0.5101306307209987
        ],
        [
          0.01973944083563754,
          -0.4459675319762287,
          -0.418570855224221
        ],
        [
          -0.32483809940395114,
          0.4701066580441888,
          -0.21371890237162333
        ],
        [
          0.5664936739480474,
          0.19181896128835488,
          0.12215912687547476
        ]
      ],
      "stress": 2.0000053496816177,
      "embedding_quality": "poor"
    }
  },
  "classical_comparison": {
    "massive": {
      "counts": {
        "1001": 1,
        "0001": 2,
        "1010": 15,
        "0101": 11,
        "0110": 3,
        "0100": 18,
        "1101": 9,
        "1000": 6,
        "1011": 5,
        "1100": 7,
        "0011": 4,
        "0000": 5,
        "0111": 2,
        "0010": 7,
        "1111": 4,
        "1110": 1
      },
      "mutual_information_matrix": [
        [
          0.0,
          0.0004264676797060881,
          0.03273466121789116,
          0.0007083715306245349
        ],
        [
          0.0004264676797060881,
          0.0,
          0.19777598111599326,
          0.034046112834327666
        ],
        [
          0.03273466121789116,
          0.19777598111599326,
          0.0,
          0.03429395086069309
        ],
        [
          0.0007083715306245349,
          0.034046112834327666,
          0.03429395086069309,
          0.0
        ]
      ],
      "bulk_reconstruction": {
        "method": "mi_embedding",
        "num_qubits": 4,
        "mi_matrix": [
          [
            0.0,
            0.0004264676797060881,
            0.03273466121789116,
            0.0007083715306245349
          ],
          [
            0.0004264676797060881,
            0.0,
            0.19777598111599326,
            0.034046112834327666
          ],
          [
            0.03273466121789116,
            0.19777598111599326,
            0.0,
            0.03429395086069309
          ],
          [
            0.0007083715306245349,
            0.034046112834327666,
            0.03429395086069309,
            0.0
          ]
        ],
        "mds_embedding": {
          "coordinates_3d": [
            [
              -0.2524302114819576,
              -0.23831339172973678,
              0.5222599470513966
            ],
            [
              -0.025152875605379807,
              -0.32213668838965853,
              -0.44634426024756196
            ],
            [
              -0.29794281491583524,
              0.39473950355585036,
              -0.20763045844113334
            ],
            [
              0.5755259020027035,
              0.16571057656246294,
              0.13171477163803394
            ]
          ],
          "stress": 2.0000053939600146,
          "embedding_quality": "poor"
        }
      }
    },
    "massless": {
      "counts": {
        "1100": 3,
        "1010": 20,
        "1101": 4,
        "0100": 8,
        "0010": 6,
        "1011": 12,
        "0101": 21,
        "1111": 5,
        "0111": 7,
        "1000": 3,
        "0001": 1,
        "0110": 4,
        "1001": 3,
        "1110": 3
      },
      "mutual_information_matrix": [
        [
          0.0,
          0.04624567320836226,
          0.07321858691014649,
          0.019553464967439926
        ],
        [
          0.04624567320836226,
          0.0,
          0.19373982911811172,
          0.1161246989803348
        ],
        [
          0.07321858691014649,
          0.19373982911811172,
          0.0,
          0.2518519797296405
        ],
        [
          0.019553464967439926,
          0.1161246989803348,
          0.2518519797296405,
          0.0
        ]
      ],
      "bulk_reconstruction": {
        "method": "mi_embedding",
        "num_qubits": 4,
        "mi_matrix": [
          [
            0.0,
            0.04624567320836226,
            0.07321858691014649,
            0.019553464967439926
          ],
          [
            0.04624567320836226,
            0.0,
            0.19373982911811172,
            0.1161246989803348
          ],
          [
            0.07321858691014649,
            0.19373982911811172,
            0.0,
            0.2518519797296405
          ],
          [
            0.019553464967439926,
            0.1161246989803348,
            0.2518519797296405,
            0.0
          ]
        ],
        "mds_embedding": {
          "coordinates_3d": [
            [
              0.2489987752619085,
              0.5555416564677069,
              0.1297665830755731
            ],
            [
              0.16045490193040188,
              -0.16932573950973898,
              -0.4857369319828341
            ],
            [
              -0.47097762886388705,
              -0.009444145802728537,
              -0.010935361788770082
            ],
            [
              0.0615239516712685,
              -0.37677177115657096,
              0.36690571069695055
            ]
          ],
          "stress": 2.000004225020862,
          "embedding_quality": "poor"
        }
      }
    }
  },
  "interference_analysis": {
    "interference_detected": false,
    "interference_strength": 0.0,
    "max_interference_strength": 0.0,
    "interference_term_matrix": null,
    "supporting_qubit_pairs": [],
    "quantum_effects": [],
    "classical_vs_quantum_differences": {},
    "massive_mi_matrix": null,
    "massless_mi_matrix": null,
    "classical_mixture_matrix": null,
    "error": "cannot access local variable 'significant_pairs' where it is not associated with a value"
  }
}