{
  "spec": {
    "num_qubits": 4,
    "topology": "triangulated",
    "custom_edges": "0-1:0.7954,0-2:0.7473,0-3:0.8069,1-2:0.8732,1-3:0.7400,2-3:0.7400",
    "alpha": 0.8,
    "weight": 0.757783990268501,
    "gamma": 0.01,
    "sigma": 0.28637437259027887,
    "init_angle": 0.001881607820169634,
    "init_angles": null,
    "shots": 50,
    "device": "simulator",
    "geometry": "spherical",
    "curvature": 1.0,
    "timesteps": 2,
    "dimension": 2,
    "mass_hinge": null,
    "mass_value": 0.0,
    "solve_regge": false,
    "lorentzian": true,
    "excite": true,
    "fast": true,
    "fast_preset": "balanced",
    "ctc_mode": false,
    "strong_curvature": true,
    "charge_injection": true,
    "charge_strength": 2.5,
    "charge_location": null,
    "spin_injection": true,
    "spin_strength": 2.0,
    "spin_location": null,
    "edge_floor": 0.001,
    "compute_entropies": true,
    "hyperbolic_triangulation": true,
    "trotter_steps": 8,
    "dt": 0.05,
    "analyze_curvature": true,
    "einstein_solver": true,
    "page_curve": true,
    "radiation_ordering": null,
    "page_curve_timesteps": 15,
    "entropy_method": "hybrid",
    "num_shadows": 100,
    "shots_per_shadow": 1000,
    "num_bases": 20,
    "shots_per_basis": 1000,
    "enhanced_entanglement": false,
    "entanglement_strength": 1.2379726128908914,
    "interpolate_geometry": false,
    "smooth_charge_injection": false,
    "min_qubits_for_continuum": 10,
    "benchmark_against_classical_geometry": false,
    "geometry_fit_metric": "wasserstein,kl,euclidean",
    "verify_noise_robustness": false,
    "run_on_multiple_backends": false,
    "detect_and_flag_causal_loops": true,
    "restrict_information_flow_direction": "bidirectional",
    "filter_noncausal_edges": true,
    "use_ryu_takayanagi_test": true,
    "compare_MI_vs_subsystem_entropy": true,
    "embed_boundary_entropy_in_geometry": true,
    "entropy_engineering": true,
    "target_entropy_pattern": "quantum_gravity",
    "custom_target_entropies": null,
    "entropy_optimization_iterations": 200,
    "entropy_tolerance": 0.05,
    "continue_on_engineering_failure": true,
    "validate_engineered_geometry": true,
    "enhance_bell_violations": true,
    "bell_entanglement_strength": 4.0,
    "teleportation_circuits": true,
    "long_range_coupling": 3.0,
    "holographic_optimization": true,
    "rt_surface_encoding": true,
    "conformal_symmetry": true,
    "bulk_reconstruction": true,
    "scalable_entanglement": true,
    "parallel_execution": true,
    "memory_optimization": true,
    "circuit_compilation": "optimized",
    "real_hardware": false,
    "error_mitigation": true,
    "zero_noise_extrapolation": true,
    "zne_noise_factors": [
      1.0,
      2.0,
      3.0
    ],
    "zne_extrapolation_method": "polynomial",
    "hardware_calibration": true,
    "noise_characterization": true,
    "backend_name": "ibm_brisbane",
    "quantum_mode": true,
    "quantum_entanglement_strength": 5.0,
    "quantum_circuit_depth": 12
  },
  "uid": "XF4RVU",
  "counts_per_timestep": [
    null,
    null
  ],
  "job_ids_per_timestep": [
    null,
    null
  ],
  "entropy_per_timestep": [
    null,
    null
  ],
  "mutual_information_per_timestep": [
    {
      "I_0,1": 0.015321215666297017,
      "I_0,2": 0.015921662268766994,
      "I_0,3": 0.015321215666297402,
      "I_1,2": 0.015321215666297724,
      "I_1,3": 0.003318425980841075,
      "I_2,3": 0.015321215666296985
    },
    {
      "I_0,1": 0.2037437192084553,
      "I_0,2": 0.20486690891449494,
      "I_0,3": 0.2037437192084568,
      "I_1,2": 0.20374371920845658,
      "I_1,3": 0.11377161024464766,
      "I_2,3": 0.20374371920845685
    }
  ],
  "boundary_entropies_per_timestep": [
    {
      "entropy_A": 0.016731881559256707,
      "entropy_B": 0.016731881559257165,
      "mi_AB": 0.03346376311850049,
      "pure_state_check": true,
      "entropy_difference": 4.579669976578771e-16,
      "multiple_regions": {
        "size_1_region_0": {
          "region": [
            0
          ],
          "entropy": 0.023033499703219554,
          "rt_area": 3,
          "size": 1
        },
        "size_1_region_1": {
          "region": [
            1
          ],
          "entropy": 0.016731881559257325,
          "rt_area": 3,
          "size": 1
        },
        "size_1_region_2": {
          "region": [
            2
          ],
          "entropy": 0.023033499703219704,
          "rt_area": 3,
          "size": 1
        },
        "size_2_region_0": {
          "region": [
            0,
            1
          ],
          "entropy": 0.024444165596180012,
          "rt_area": 4,
          "size": 2
        },
        "size_2_region_1": {
          "region": [
            0,
            2
          ],
          "entropy": 0.030145337137672753,
          "rt_area": 4,
          "size": 2
        },
        "size_2_region_2": {
          "region": [
            0,
            3
          ],
          "entropy": 0.02444416559617964,
          "rt_area": 4,
          "size": 2
        },
        "size_3_region_0": {
          "region": [
            0,
            1,
            2
          ],
          "entropy": 0.016731881559256707,
          "rt_area": 3,
          "size": 3
        },
        "size_3_region_1": {
          "region": [
            0,
            1,
            3
          ],
          "entropy": 0.023033499703220696,
          "rt_area": 3,
          "size": 3
        },
        "size_3_region_2": {
          "region": [
            0,
            2,
            3
          ],
          "entropy": 0.016731881559257134,
          "rt_area": 3,
          "size": 3
        }
      }
    },
    {
      "entropy_A": 0.2596969810639242,
      "entropy_B": 0.2596969810639231,
      "mi_AB": 0.5193939621278298,
      "pure_state_check": true,
      "entropy_difference": 1.1102230246251565e-15,
      "multiple_regions": {
        "size_1_region_0": {
          "region": [
            0
          ],
          "entropy": 0.3052446303988473,
          "rt_area": 3,
          "size": 1
        },
        "size_1_region_1": {
          "region": [
            1
          ],
          "entropy": 0.2596969810639241,
          "rt_area": 3,
          "size": 1
        },
        "size_1_region_2": {
          "region": [
            2
          ],
          "entropy": 0.3052446303988472,
          "rt_area": 3,
          "size": 1
        },
        "size_2_region_0": {
          "region": [
            0,
            1
          ],
          "entropy": 0.36119789225431437,
          "rt_area": 4,
          "size": 2
        },
        "size_2_region_1": {
          "region": [
            0,
            2
          ],
          "entropy": 0.4056223518831999,
          "rt_area": 4,
          "size": 2
        },
        "size_2_region_2": {
          "region": [
            0,
            3
          ],
          "entropy": 0.36119789225431354,
          "rt_area": 4,
          "size": 2
        },
        "size_3_region_0": {
          "region": [
            0,
            1,
            2
          ],
          "entropy": 0.2596969810639242,
          "rt_area": 3,
          "size": 3
        },
        "size_3_region_1": {
          "region": [
            0,
            1,
            3
          ],
          "entropy": 0.3052446303988487,
          "rt_area": 3,
          "size": 3
        },
        "size_3_region_2": {
          "region": [
            0,
            2,
            3
          ],
          "entropy": 0.2596969810639268,
          "rt_area": 3,
          "size": 3
        }
      }
    }
  ],
  "distance_matrix_per_timestep": [
    [
      [
        0.0,
        4.178516766231895,
        4.140074690149375,
        4.17851676623187
      ],
      [
        4.178516766231895,
        0.0,
        4.178516766231849,
        8.357033532463745
      ],
      [
        4.140074690149375,
        4.178516766231849,
        0.0,
        4.178516766231898
      ],
      [
        4.17851676623187,
        8.357033532463745,
        4.178516766231898,
        0.0
      ]
    ],
    [
      [
        0.0,
        1.5908923533070665,
        1.5853947354887548,
        1.5908923533070591
      ],
      [
        1.5908923533070665,
        0.0,
        1.5908923533070602,
        3.181784706614119
      ],
      [
        1.5853947354887548,
        1.5908923533070602,
        0.0,
        1.590892353307059
      ],
      [
        1.5908923533070591,
        3.181784706614119,
        1.590892353307059,
        0.0
      ]
    ]
  ],
  "edge_mi": {
    "0,1": 0.2037437192084553,
    "0,3": 0.2037437192084568,
    "0,2": 0.20486690891449494,
    "1,2": 0.20374371920845658,
    "2,3": 0.20374371920845685
  },
  "distance_matrix": [
    [
      0.0,
      1.5908923533070665,
      1.5853947354887548,
      1.5908923533070591
    ],
    [
      1.5908923533070665,
      0.0,
      1.5908923533070602,
      2.1735622590222983
    ],
    [
      1.5853947354887548,
      1.5908923533070602,
      0.0,
      1.590892353307059
    ],
    [
      1.5908923533070591,
      2.1735622590222983,
      1.590892353307059,
      0.0
    ]
  ],
  "shortest_paths": {
    "0": {
      "0": 0,
      "2": 1.5853947354887548,
      "3": 1.5908923533070591,
      "1": 1.5908923533070665
    },
    "1": {
      "1": 0,
      "2": 1.5908923533070602,
      "0": 1.5908923533070665,
      "3": 2.1735622590222983
    },
    "2": {
      "2": 0,
      "0": 1.5853947354887548,
      "3": 1.590892353307059,
      "1": 1.5908923533070602
    },
    "3": {
      "3": 0,
      "2": 1.590892353307059,
      "0": 1.5908923533070591,
      "1": 2.1735622590222983
    }
  },
  "gromov_delta": 1.0867811295111527,
  "mean_distance": 1.2653158009674121,
  "angle_sums": [
    4.768188726845967,
    5.392403145236443,
    4.768188726845958,
    5.39240314523643
  ],
  "mean_angle_sum": 5.0802959360412,
  "min_angle_sum": 4.768188726845958,
  "max_angle_sum": 5.392403145236443,
  "angle_sum_deviations": [
    1.6265960732561737,
    2.25081049164665,
    1.6265960732561648,
    2.2508104916466367
  ],
  "triangle_inequality_violations": [],
  "embedding_coords": null,
  "edge_weight_variance": 0.002304943333333333,
  "event_nodes": [
    [
      0,
      0
    ],
    [
      1,
      0
    ],
    [
      2,
      0
    ],
    [
      3,
      0
    ],
    [
      0,
      1
    ],
    [
      1,
      1
    ],
    [
      2,
      1
    ],
    [
      3,
      1
    ]
  ],
  "event_edges": [
    {
      "type": "spatial",
      "from": [
        0,
        0
      ],
      "to": [
        1,
        0
      ],
      "weight": 4.178516766231895
    },
    {
      "type": "spatial",
      "from": [
        0,
        0
      ],
      "to": [
        2,
        0
      ],
      "weight": 4.140074690149375
    },
    {
      "type": "spatial",
      "from": [
        0,
        0
      ],
      "to": [
        3,
        0
      ],
      "weight": 4.17851676623187
    },
    {
      "type": "spatial",
      "from": [
        1,
        0
      ],
      "to": [
        2,
        0
      ],
      "weight": 4.178516766231849
    },
    {
      "type": "spatial",
      "from": [
        1,
        0
      ],
      "to": [
        3,
        0
      ],
      "weight": 8.357033532463745
    },
    {
      "type": "spatial",
      "from": [
        2,
        0
      ],
      "to": [
        3,
        0
      ],
      "weight": 4.178516766231898
    },
    {
      "type": "temporal",
      "from": [
        0,
        0
      ],
      "to": [
        0,
        1
      ],
      "weight": 1.0
    },
    {
      "type": "temporal",
      "from": [
        1,
        0
      ],
      "to": [
        1,
        1
      ],
      "weight": 1.0
    },
    {
      "type": "temporal",
      "from": [
        2,
        0
      ],
      "to": [
        2,
        1
      ],
      "weight": 1.0
    },
    {
      "type": "temporal",
      "from": [
        3,
        0
      ],
      "to": [
        3,
        1
      ],
      "weight": 1.0
    },
    {
      "type": "spatial",
      "from": [
        0,
        1
      ],
      "to": [
        1,
        1
      ],
      "weight": 1.5908923533070665
    },
    {
      "type": "spatial",
      "from": [
        0,
        1
      ],
      "to": [
        2,
        1
      ],
      "weight": 1.5853947354887548
    },
    {
      "type": "spatial",
      "from": [
        0,
        1
      ],
      "to": [
        3,
        1
      ],
      "weight": 1.5908923533070591
    },
    {
      "type": "spatial",
      "from": [
        1,
        1
      ],
      "to": [
        2,
        1
      ],
      "weight": 1.5908923533070602
    },
    {
      "type": "spatial",
      "from": [
        1,
        1
      ],
      "to": [
        3,
        1
      ],
      "weight": 3.181784706614119
    },
    {
      "type": "spatial",
      "from": [
        2,
        1
      ],
      "to": [
        3,
        1
      ],
      "weight": 1.590892353307059
    }
  ],
  "lorentzian_dissimilarity": [
    [
      0.0,
      17.460002365681053,
      17.140218440015445,
      17.460002365680843,
      -1.0,
      16.460002365681053,
      16.140218440015445,
      16.460002365680843
    ],
    [
      17.460002365681053,
      0.0,
      17.460002365680666,
      69.84000946272347,
      16.460002365681053,
      -1.0,
      16.460002365680666,
      68.84000946272347
    ],
    [
      17.140218440015445,
      17.460002365680666,
      0.0,
      17.460002365681074,
      16.140218440015445,
      16.460002365680666,
      -1.0,
      16.460002365681074
    ],
    [
      17.460002365680843,
      69.84000946272347,
      17.460002365681074,
      0.0,
      16.460002365680843,
      68.84000946272347,
      16.460002365681074,
      -1.0
    ],
    [
      -1.0,
      16.460002365681053,
      16.140218440015445,
      16.460002365680843,
      0.0,
      2.530938479810896,
      2.5134764673154586,
      2.5309384798108727
    ],
    [
      16.460002365681053,
      -1.0,
      16.460002365680666,
      68.84000946272347,
      2.530938479810896,
      0.0,
      2.5309384798108763,
      10.123753919243496
    ],
    [
      16.140218440015445,
      16.460002365680666,
      -1.0,
      16.460002365681074,
      2.5134764673154586,
      2.5309384798108763,
      0.0,
      2.530938479810872
    ],
    [
      16.460002365680843,
      68.84000946272347,
      16.460002365681074,
      -1.0,
      2.5309384798108727,
      10.123753919243496,
      2.530938479810872,
      0.0
    ]
  ],
  "lorentzian_embedding": [
    [
      0.0,
      0.0,
      0.0
    ],
    [
      0.0,
      0.0,
      0.0
    ],
    [
      0.0,
      0.0,
      0.0
    ],
    [
      0.0,
      0.0,
      0.0
    ],
    [
      0.0,
      0.0,
      0.0
    ],
    [
      0.0,
      0.0,
      0.0
    ],
    [
      0.0,
      0.0,
      0.0
    ],
    [
      0.0,
      0.0,
      0.0
    ]
  ],
  "edge_length_evolution": [],
  "angle_deficit_evolution": [],
  "regge_action_evolution": [],
  "gromov_delta_evolution": [],
  "mass_hinge": null,
  "mass_value": 0.0,
  "matter": [
    {
      "(0, 1)": 0.0,
      "(1, 2)": 0.0,
      "(0, 3)": 0.0,
      "(2, 3)": 0.0,
      "(0, 2)": 0.0,
      "(1, 3)": 0.0
    },
    {
      "(0, 1)": 0.0,
      "(1, 2)": 0.0,
      "(0, 3)": 0.0,
      "(2, 3)": 0.0,
      "(0, 2)": 0.0,
      "(1, 3)": 0.0
    }
  ],
  "stationary_solution": null,
  "einstein_analysis_per_timestep": [
    {
      "ricci_tensor": [
        [
          0.005032809432174825,
          0.0
        ],
        [
          0.0,
          0.005032809432174825
        ]
      ],
      "metric_tensor": [
        [
          1.001006561886435,
          0.0005032809432174825
        ],
        [
          0.0005032809432174825,
          1.001006561886435
        ]
      ],
      "stress_energy_tensor": [
        [
          0.005032809432174825,
          0.0001006561886434965
        ],
        [
          0.0001006561886434965,
          0.005032809432174825
        ]
      ],
      "einstein_solution": {
        "einstein_tensor": [
          [
            0.0,
            0.0
          ],
          [
            0.0,
            0.0
          ]
        ],
        "ricci_scalar": 0.01006561886434965,
        "metric_tensor": [
          [
            1.0,
            0.0
          ],
          [
            0.0,
            1.0
          ]
        ],
        "lhs": [
          [
            0.0,
            0.0
          ],
          [
            0.0,
            0.0
          ]
        ],
        "rhs": [
          [
            0.005032809432174825,
            0.0001006561886434965
          ],
          [
            0.0001006561886434965,
            0.005032809432174825
          ]
        ],
        "equations_satisfied": false,
        "residual": 0.007118890706971152,
        "conservation_violation": 0.005032809432174825,
        "gravitational_constant": 0.039788735772973836,
        "cosmological_constant": 0.0
      },
      "entropy_first_derivative": 0.0,
      "entropy_second_derivative": 0.0,
      "entropy_curvature_correlation": 0.0071174623558243845,
      "emergent_gravitational_constant": 0.0008009964987701384,
      "average_mutual_information": 0.01006561886434965,
      "ricci_scalar": 0.01006561886434965,
      "analysis_summary": {
        "einstein_equations_satisfied": false,
        "residual_magnitude": 0.007118890706971152,
        "conservation_violation": 0.005032809432174825,
        "entropy_evolution_rate": 0.0,
        "entropy_acceleration": 0.0,
        "entanglement_curvature_coupling": 0.0071174623558243845
      }
    },
    {
      "ricci_tensor": [
        [
          0.07085083724956051,
          0.0
        ],
        [
          0.0,
          0.07085083724956051
        ]
      ],
      "metric_tensor": [
        [
          1.0141701674499122,
          0.007085083724956052
        ],
        [
          0.007085083724956052,
          1.0141701674499122
        ]
      ],
      "stress_energy_tensor": [
        [
          0.07085083724956051,
          0.0014170167449912103
        ],
        [
          0.0014170167449912103,
          0.07085083724956051
        ]
      ],
      "einstein_solution": {
        "einstein_tensor": [
          [
            0.0,
            0.0
          ],
          [
            0.0,
            0.0
          ]
        ],
        "ricci_scalar": 0.14170167449912102,
        "metric_tensor": [
          [
            1.0,
            0.0
          ],
          [
            0.0,
            1.0
          ]
        ],
        "lhs": [
          [
            0.0,
            0.0
          ],
          [
            0.0,
            0.0
          ]
        ],
        "rhs": [
          [
            0.07085083724956051,
            0.0014170167449912103
          ],
          [
            0.0014170167449912103,
            0.07085083724956051
          ]
        ],
        "equations_satisfied": false,
        "residual": 0.1002182525832425,
        "conservation_violation": 0.07085083724956051,
        "gravitational_constant": 0.039788735772973836,
        "cosmological_constant": 0.0
      },
      "entropy_first_derivative": 0.0,
      "entropy_second_derivative": 0.0,
      "entropy_curvature_correlation": 0.10019820994381759,
      "emergent_gravitational_constant": 0.011276260970466943,
      "average_mutual_information": 0.14170167449912102,
      "ricci_scalar": 0.14170167449912102,
      "analysis_summary": {
        "einstein_equations_satisfied": false,
        "residual_magnitude": 0.1002182525832425,
        "conservation_violation": 0.07085083724956051,
        "entropy_evolution_rate": 0.0,
        "entropy_acceleration": 0.0,
        "entanglement_curvature_coupling": 0.10019820994381759
      }
    }
  ],
  "bootstrap_analysis": {
    "gromov_delta": {
      "mean": 2.8847045597694807,
      "lower_ci": 1.5908923533070634,
      "upper_ci": 4.178516766231898,
      "all_values": [
        4.178516766231898,
        1.5908923533070634
      ],
      "uncertainty": 1.293812206462417
    },
    "entropy": {
      "mean": null,
      "lower_ci": null,
      "upper_ci": null,
      "uncertainty": null
    },
    "distance_matrix": {
      "mean": [
        [
          0.0,
          2.8847045597694807,
          2.8627347128190648,
          2.8847045597694647
        ],
        [
          2.8847045597694807,
          0.0,
          2.8847045597694545,
          5.769409119538932
        ],
        [
          2.8627347128190648,
          2.8847045597694545,
          0.0,
          2.884704559769478
        ],
        [
          2.8847045597694647,
          5.769409119538932,
          2.884704559769478,
          0.0
        ]
      ],
      "lower_ci": [
        [
          0.0,
          1.5908923533070665,
          1.5853947354887548,
          1.5908923533070591
        ],
        [
          1.5908923533070665,
          0.0,
          1.5908923533070602,
          3.181784706614119
        ],
        [
          1.5853947354887548,
          1.5908923533070602,
          0.0,
          1.590892353307059
        ],
        [
          1.5908923533070591,
          3.181784706614119,
          1.590892353307059,
          0.0
        ]
      ],
      "upper_ci": [
        [
          0.0,
          4.178516766231895,
          4.140074690149375,
          4.17851676623187
        ],
        [
          4.178516766231895,
          0.0,
          4.178516766231849,
          8.357033532463745
        ],
        [
          4.140074690149375,
          4.178516766231849,
          0.0,
          4.178516766231898
        ],
        [
          4.17851676623187,
          8.357033532463745,
          4.178516766231898,
          0.0
        ]
      ]
    }
  },
  "topology_compatibility": {
    "current_topology": "triangulated",
    "explanation": "Triangulated topology is specifically designed for angle-sum curvature. Creates multiple triangles per vertex, enabling robust local curvature measurements. Each vertex has multiple incident triangles for well-defined angle sums.",
    "supports_local_curvature": true
  },
  "rt_surface_analysis": {
    "region_A": [
      0
    ],
    "region_B": [
      1,
      2,
      3
    ],
    "bulk_point": 2,
    "is_complementary": true,
    "rt_area_AB": 4.76717944210288,
    "rt_area_BA": 4.76717944210288,
    "area_consistent": true,
    "edges_consistent": true,
    "area_difference": 0.0,
    "rt_edges_AB": [
      [
        0,
        1
      ],
      [
        0,
        2
      ],
      [
        0,
        3
      ]
    ],
    "rt_edges_BA": [
      [
        0,
        1
      ],
      [
        0,
        2
      ],
      [
        0,
        3
      ]
    ],
    "edge_lengths": [
      1.5908923533070665,
      1.5853947354887548,
      1.5908923533070591,
      1.5908923533070602,
      3.181784706614119,
      1.590892353307059
    ],
    "all_edges": [
      [
        0,
        1
      ],
      [
        0,
        2
      ],
      [
        0,
        3
      ],
      [
        1,
        2
      ],
      [
        1,
        3
      ],
      [
        2,
        3
      ]
    ]
  },
  "bulk_excitation_analysis": {
    "ground_state_mi": [
      [
        0.0,
        0.20374371920845707,
        0.2048669089144946,
        0.2037437192084568
      ],
      [
        0.20374371920845707,
        0.0,
        0.20374371920845635,
        0.11377161024464721
      ],
      [
        0.2048669089144946,
        0.20374371920845635,
        0.0,
        0.20374371920845563
      ],
      [
        0.2037437192084568,
        0.11377161024464721,
        0.20374371920845563,
        0.0
      ]
    ],
    "excited_state_mi": [
      [
        0.0,
        0.18432409634161806,
        0.19750312660074698,
        0.18432409634161862
      ],
      [
        0.18432409634161806,
        0.0,
        0.5119456353804709,
        0.22098845581703785
      ],
      [
        0.19750312660074698,
        0.5119456353804709,
        0.0,
        0.5119456353804693
      ],
      [
        0.18432409634161862,
        0.22098845581703785,
        0.5119456353804693,
        0.0
      ]
    ],
    "mi_difference": [
      [
        0.0,
        -0.019419622866839015,
        -0.007363782313747624,
        -0.019419622866838182
      ],
      [
        -0.019419622866839015,
        0.0,
        0.30820191617201453,
        0.10721684557239064
      ],
      [
        -0.007363782313747624,
        0.30820191617201453,
        0.0,
        0.3082019161720137
      ],
      [
        -0.019419622866838182,
        0.10721684557239064,
        0.3082019161720137,
        0.0
      ]
    ],
    "avg_mi_change": 0.09622796324548047,
    "max_mi_change": 0.30820191617201453,
    "mi_change_boundary_A": NaN,
    "mi_change_boundary_B": 0.24120689263880632,
    "bulk_point": 2,
    "ground_state_counts": {
      "0001 0001": 2,
      "0101 0101": 2,
      "0000 0000": 30,
      "1010 1010": 1,
      "1001 1001": 1,
      "0110 0110": 1,
      "1000 1000": 4,
      "1111 1111": 1,
      "0010 0010": 4,
      "1011 1011": 1,
      "0100 0100": 1,
      "0111 0111": 1,
      "0011 0011": 1
    },
    "excited_state_counts": {
      "1010 0100": 1,
      "1100 0010": 3,
      "0010 1110": 1,
      "1110 0000": 17,
      "1000 0000": 1,
      "1000 0010": 3,
      "1011 0001": 1,
      "1010 0000": 9,
      "1100 0000": 2,
      "0100 1010": 2,
      "0111 1001": 1,
      "0011 1101": 2,
      "1010 1000": 1,
      "1110 0100": 1,
      "0010 1000": 1,
      "0000 0000": 1,
      "0110 1000": 2,
      "0101 1011": 1
    },
    "boundary_entropies": {
      "ground_state": {
        "entropy_A": 0.2596969810639242,
        "entropy_B": 0.2596969810639231,
        "mi_AB": 0.5193939621278298
      },
      "excited_state": {
        "entropy_A": 0.4807980645264182,
        "entropy_B": 0.48079806452641816,
        "mi_AB": 0.9615961290528184
      },
      "rt_relation_test": {
        "entropy_ratio": 0.9999999999999957,
        "rt_area_ratio": 1.0,
        "rt_deviation": 4.3298697960381105e-15,
        "excited_entropy_ratio": 0.9999999999999999,
        "rt_relation_change": 4.218847493575595e-15
      }
    }
  },
  "page_curve_analysis": null,
  "einstein_analysis": null,
  "dynamic_evidence": {
    "angle_sums_per_timestep": [
      [
        9.42477796076938,
        3.141592862260364,
        9.42477796076938,
        0.0
      ],
      [
        4.768188726845967,
        3.141592653589793,
        4.768188726845958,
        0.0
      ]
    ],
    "gromov_delta_per_timestep": [
      4.178516766231898,
      1.5908923533070634
    ],
    "edge_mi_per_timestep": [
      {
        "0,1": 0.015321215666297017,
        "0,3": 0.015321215666297402,
        "0,2": 0.015921662268766994,
        "1,2": 0.015321215666297724,
        "2,3": 0.015321215666296985
      },
      {
        "0,1": 0.2037437192084553,
        "0,3": 0.2037437192084568,
        "0,2": 0.20486690891449494,
        "1,2": 0.20374371920845658,
        "2,3": 0.20374371920845685
      }
    ],
    "shortest_paths_per_timestep": [
      {
        "0": {
          "0": 0,
          "2": 4.140074690149375,
          "3": 4.17851676623187,
          "1": 4.178516766231895
        },
        "1": {
          "1": 0,
          "2": 4.178516766231849,
          "0": 4.178516766231895,
          "3": 8.357033532463745
        },
        "2": {
          "2": 0,
          "0": 4.140074690149375,
          "1": 4.178516766231849,
          "3": 4.178516766231898
        },
        "3": {
          "3": 0,
          "0": 4.17851676623187,
          "2": 4.178516766231898,
          "1": 8.357033532463745
        }
      },
      {
        "0": {
          "0": 0,
          "2": 1.5853947354887548,
          "3": 1.5908923533070591,
          "1": 1.5908923533070665
        },
        "1": {
          "1": 0,
          "2": 1.5908923533070602,
          "0": 1.5908923533070665,
          "3": 3.181784706614119
        },
        "2": {
          "2": 0,
          "0": 1.5853947354887548,
          "3": 1.590892353307059,
          "1": 1.5908923533070602
        },
        "3": {
          "3": 0,
          "2": 1.590892353307059,
          "0": 1.5908923533070591,
          "1": 3.181784706614119
        }
      }
    ],
    "mean_distance_per_timestep": [
      3.6513969109425792,
      1.3913436069163896
    ],
    "triangle_violations_per_timestep": [
      0,
      0
    ],
    "embedding_coords_per_timestep": [
      [
        [
          0.14365256046000657,
          0.6126675227770982
        ],
        [
          -0.11205215368410687,
          -0.0018695421751119376
        ],
        [
          -0.21836340650686853,
          -0.5990678468993554
        ],
        [
          0.18676299973096888,
          -0.011730133702630706
        ]
      ],
      [
        [
          0.4050705471997234,
          0.5222734403252154
        ],
        [
          -0.4322506526195079,
          -0.0313319242492665
        ],
        [
          0.46048491373576056,
          -0.4741876959561997
        ],
        [
          -0.43330480831597623,
          -0.016753820119749224
        ]
      ]
    ],
    "regge_evolution_data": null,
    "evolution_summary": {
      "total_timesteps": 2,
      "gromov_delta_range": [
        1.5908923533070634,
        4.178516766231898
      ],
      "mean_distance_range": [
        1.3913436069163896,
        3.6513969109425792
      ],
      "total_triangle_violations": 0,
      "hyperbolic_evolution": [
        false,
        false
      ],
      "regge_corrected": false
    }
  },
  "quantum_state_outputs": [
    {
      "timestep": 1,
      "statevector": [
        {
          "real": -0.02976851472283076,
          "imag": -0.8500427808357132
        },
        {
          "real": -0.15960980840833816,
          "imag": -0.16768011379770412
        },
        {
          "real": -0.21995272966858626,
          "imag": -0.1282830632694908
        },
        {
          "real": -0.06838516415046168,
          "imag": 0.04055925449842849
        },
        {
          "real": -0.1596098084083382,
          "imag": -0.1676801137977042
        },
        {
          "real": -0.07320484669594872,
          "imag": 0.017980581456667505
        },
        {
          "real": -0.06838516415046171,
          "imag": 0.04055925449842851
        },
        {
          "real": 0.009950752892638986,
          "imag": 0.0244806046151692
        },
        {
          "real": -0.2199527296685863,
          "imag": -0.12828306326949065
        },
        {
          "real": -0.06838516415046168,
          "imag": 0.04055925449842851
        },
        {
          "real": -0.06808908468567225,
          "imag": 0.03487032684475179
        },
        {
          "real": 0.00819260602733839,
          "imag": 0.025100043583097077
        },
        {
          "real": -0.0683851641504617,
          "imag": 0.04055925449842851
        },
        {
          "real": 0.009950752892638989,
          "imag": 0.024480604615169203
        },
        {
          "real": 0.008192606027338394,
          "imag": 0.02510004358309707
        },
        {
          "real": 0.007464350241602216,
          "imag": -0.004304108746522533
        }
      ],
      "mutual_information_matrix": [
        [
          0.0,
          0.015321215666297017,
          0.015921662268766994,
          0.015321215666297402
        ],
        [
          0.015321215666297017,
          0.0,
          0.015321215666297724,
          0.003318425980841075
        ],
        [
          0.015921662268766994,
          0.015321215666297724,
          0.0,
          0.015321215666296985
        ],
        [
          0.015321215666297402,
          0.003318425980841075,
          0.015321215666296985,
          0.0
        ]
      ],
      "circuit_depth": 42,
      "num_gates": 77
    },
    {
      "timestep": 2,
      "statevector": [
        {
          "real": -0.6805176891888572,
          "imag": 0.2519714426461648
        },
        {
          "real": -0.1728629436347293,
          "imag": 0.03993116799930069
        },
        {
          "real": -0.24265294709900753,
          "imag": 0.21745724387995638
        },
        {
          "real": -0.07002167852793267,
          "imag": 0.14173774333677566
        },
        {
          "real": -0.17286294363472934,
          "imag": 0.039931167999300694
        },
        {
          "real": -0.10565472350121954,
          "imag": 0.02226596411149631
        },
        {
          "real": -0.07002167852793273,
          "imag": 0.14173774333677583
        },
        {
          "real": 0.08060787545326231,
          "imag": 0.0943131916570033
        },
        {
          "real": -0.24265294709900753,
          "imag": 0.21745724387995657
        },
        {
          "real": -0.07002167852793263,
          "imag": 0.14173774333677583
        },
        {
          "real": -0.06577990026219588,
          "imag": 0.11195478560284271
        },
        {
          "real": 0.059332723961479414,
          "imag": 0.10854307652345369
        },
        {
          "real": -0.07002167852793267,
          "imag": 0.14173774333677575
        },
        {
          "real": 0.08060787545326233,
          "imag": 0.09431319165700322
        },
        {
          "real": 0.059332723961479455,
          "imag": 0.1085430765234537
        },
        {
          "real": 0.04314498963672154,
          "imag": -0.07985586631507233
        }
      ],
      "mutual_information_matrix": [
        [
          0.0,
          0.2037437192084553,
          0.20486690891449494,
          0.2037437192084568
        ],
        [
          0.2037437192084553,
          0.0,
          0.20374371920845658,
          0.11377161024464766
        ],
        [
          0.20486690891449494,
          0.20374371920845658,
          0.0,
          0.20374371920845685
        ],
        [
          0.2037437192084568,
          0.11377161024464766,
          0.20374371920845685,
          0.0
        ]
      ],
      "circuit_depth": 82,
      "num_gates": 149
    }
  ]
}