{
  "spec": {
    "num_qubits": 4,
    "topology": "triangulated",
    "custom_edges": "0-1:0.0500,0-2:0.0500,0-3:0.0500,1-2:0.0500,1-3:0.0500,2-3:0.0500",
    "alpha": 0.8,
    "weight": 1.4895066613126384e-05,
    "gamma": 4.945210108043396e-06,
    "sigma": 2.2135894286181905e-06,
    "init_angle": -2.8482378960035965e-07,
    "init_angles": null,
    "shots": 100,
    "device": "ibm_brisbane",
    "geometry": "spherical",
    "curvature": 4.5,
    "timesteps": 2,
    "dimension": 2,
    "mass_hinge": null,
    "mass_value": 0.0,
    "solve_regge": false,
    "lorentzian": true,
    "excite": true,
    "fast": false,
    "fast_preset": "balanced",
    "ctc_mode": false,
    "ctc_perturbation": null,
    "ctc_perturbation_strength": 1.0,
    "test_ctc_recovery": false,
    "strong_curvature": true,
    "charge_injection": true,
    "charge_strength": 2.5,
    "charge_location": null,
    "spin_injection": true,
    "spin_strength": 2.0,
    "spin_location": null,
    "edge_floor": 0.001,
    "compute_entropies": true,
    "hyperbolic_triangulation": true,
    "trotter_steps": 8,
    "dt": 0.05,
    "analyze_curvature": true,
    "einstein_solver": true,
    "page_curve": true,
    "radiation_ordering": null,
    "page_curve_timesteps": 15,
    "entropy_method": "hybrid",
    "num_shadows": 100,
    "shots_per_shadow": 1000,
    "num_bases": 20,
    "shots_per_basis": 1000,
    "enhanced_entanglement": false,
    "entanglement_strength": 0.5597459123459396,
    "interpolate_geometry": false,
    "smooth_charge_injection": false,
    "min_qubits_for_continuum": 10,
    "benchmark_against_classical_geometry": false,
    "geometry_fit_metric": "wasserstein,kl,euclidean",
    "verify_noise_robustness": false,
    "run_on_multiple_backends": false,
    "detect_and_flag_causal_loops": true,
    "restrict_information_flow_direction": "bidirectional",
    "filter_noncausal_edges": true,
    "use_ryu_takayanagi_test": true,
    "compare_MI_vs_subsystem_entropy": true,
    "embed_boundary_entropy_in_geometry": true,
    "entropy_engineering": true,
    "target_entropy_pattern": "quantum_gravity",
    "custom_target_entropies": null,
    "entropy_optimization_iterations": 200,
    "entropy_tolerance": 0.05,
    "continue_on_engineering_failure": true,
    "skip_entropy_engineering": false,
    "validate_engineered_geometry": true,
    "enhance_bell_violations": true,
    "bell_entanglement_strength": 4.0,
    "teleportation_circuits": true,
    "long_range_coupling": 3.0,
    "holographic_optimization": true,
    "rt_surface_encoding": true,
    "conformal_symmetry": true,
    "bulk_reconstruction": true,
    "scalable_entanglement": true,
    "parallel_execution": true,
    "memory_optimization": true,
    "circuit_compilation": "optimized",
    "real_hardware": false,
    "error_mitigation": true,
    "zero_noise_extrapolation": true,
    "zne_noise_factors": [
      1.0,
      2.0,
      3.0
    ],
    "zne_extrapolation_method": "polynomial",
    "hardware_calibration": true,
    "noise_characterization": true,
    "backend_name": "ibm_brisbane",
    "quantum_mode": true,
    "quantum_entanglement_strength": 5.0,
    "quantum_circuit_depth": 12,
    "geometric_teleportation": false,
    "teleportation_mode": "both",
    "bridge_strength": 1.0,
    "signal_state": "+",
    "emergent_geometry_teleportation": false,
    "teleportation_node_pairs": "auto",
    "teleportation_embedding_dim": 2,
    "teleportation_fidelity_threshold": 0.7,
    "superposition_gravity": true,
    "massive_bulk_mass_hinge": "0,1,2",
    "massive_bulk_mass_value": 2.0,
    "massless_bulk_mass_hinge": null,
    "massless_bulk_mass_value": 0.0,
    "superposition_control_qubit": 0,
    "superposition_phase": 0.0,
    "interference_analysis": true,
    "classical_mixture_comparison": true,
    "coherence_preservation": true,
    "bulk_reconstruction_method": "mi_embedding"
  },
  "uid": "U0QRAM",
  "counts_per_timestep": [
    {
      "0000": 10,
      "0010": 8,
      "1111": 4,
      "1110": 7,
      "1000": 6,
      "0111": 10,
      "0101": 8,
      "1101": 6,
      "1100": 6,
      "0100": 3,
      "1010": 4,
      "0001": 11,
      "0011": 6,
      "1011": 3,
      "1001": 7,
      "0110": 1
    },
    {
      "0100": 13,
      "0101": 8,
      "1111": 6,
      "1001": 5,
      "1110": 3,
      "0111": 7,
      "0011": 9,
      "1000": 8,
      "1011": 8,
      "0001": 7,
      "1101": 5,
      "0000": 4,
      "0010": 4,
      "0110": 4,
      "1100": 5,
      "1010": 4
    }
  ],
  "job_ids_per_timestep": [
    "d27ujp1ogaas73ct8js0",
    "d27ujq9ogaas73ct8jv0"
  ],
  "entropy_per_timestep": [
    3.8504146534427375,
    3.893540247900501
  ],
  "mutual_information_per_timestep": [
    {
      "I_0,1": 0.0003481107871283456,
      "I_0,2": 0.008664189447925307,
      "I_0,3": 0.010994826934289936,
      "I_1,2": 0.0057888409936107145,
      "I_1,3": 0.00019995891156305862,
      "I_2,3": 0.010994826934289936
    },
    {
      "I_0,1": 0.0003481107871283456,
      "I_0,2": 0.008664189447925307,
      "I_0,3": 0.010994826934289936,
      "I_1,2": 0.0057888409936107145,
      "I_1,3": 0.00019995891156305862,
      "I_2,3": 0.010994826934289936
    }
  ],
  "boundary_entropies_per_timestep": [
    {
      "entropy_A": -0.0,
      "entropy_B": -0.0,
      "mi_AB": 0.0,
      "pure_state_check": true,
      "entropy_difference": 0.0,
      "multiple_regions": {
        "size_1_region_0": {
          "region": [
            0
          ],
          "entropy": 0.683314913574166,
          "rt_area": 3,
          "size": 1
        },
        "size_1_region_1": {
          "region": [
            1
          ],
          "entropy": 0.6881388137135884,
          "rt_area": 3,
          "size": 1
        },
        "size_2_region_0": {
          "region": [
            0,
            1
          ],
          "entropy": 0.6474466390346325,
          "rt_area": 4,
          "size": 2
        },
        "size_2_region_1": {
          "region": [
            0,
            2
          ],
          "entropy": 0.6268694575724264,
          "rt_area": 4,
          "size": 2
        },
        "size_3_region_0": {
          "region": [
            0,
            1,
            2
          ],
          "entropy": 0.5139566706172256,
          "rt_area": 3,
          "size": 3
        },
        "size_3_region_1": {
          "region": [
            0,
            1,
            3
          ],
          "entropy": 0.4713934868100941,
          "rt_area": 3,
          "size": 3
        }
      }
    },
    {
      "entropy_A": -0.0,
      "entropy_B": -0.0,
      "mi_AB": 0.0,
      "pure_state_check": true,
      "entropy_difference": 0.0,
      "multiple_regions": {
        "size_1_region_0": {
          "region": [
            0
          ],
          "entropy": 0.6859298002523728,
          "rt_area": 3,
          "size": 1
        },
        "size_1_region_1": {
          "region": [
            1
          ],
          "entropy": 0.6929471672244782,
          "rt_area": 3,
          "size": 1
        },
        "size_2_region_0": {
          "region": [
            0,
            1
          ],
          "entropy": 0.5510799280869728,
          "rt_area": 4,
          "size": 2
        },
        "size_2_region_1": {
          "region": [
            0,
            2
          ],
          "entropy": 0.6268694575724264,
          "rt_area": 4,
          "size": 2
        },
        "size_3_region_0": {
          "region": [
            0,
            1,
            2
          ],
          "entropy": 0.34651533691866615,
          "rt_area": 3,
          "size": 3
        },
        "size_3_region_1": {
          "region": [
            0,
            1,
            3
          ],
          "entropy": 0.2787693717685874,
          "rt_area": 3,
          "size": 3
        }
      }
    }
  ],
  "distance_matrix_per_timestep": [
    [
      [
        0.0,
        7.962989775036538,
        4.7485569034184785,
        4.510330395500391
      ],
      [
        7.962989775036538,
        0.0,
        5.15182318124976,
        9.662153576750152
      ],
      [
        4.7485569034184785,
        5.15182318124976,
        0.0,
        4.510330395500391
      ],
      [
        4.510330395500391,
        9.662153576750152,
        4.510330395500391,
        0.0
      ]
    ],
    [
      [
        0.0,
        7.962989775036538,
        4.7485569034184785,
        4.510330395500391
      ],
      [
        7.962989775036538,
        0.0,
        5.15182318124976,
        9.662153576750152
      ],
      [
        4.7485569034184785,
        5.15182318124976,
        0.0,
        4.510330395500391
      ],
      [
        4.510330395500391,
        9.662153576750152,
        4.510330395500391,
        0.0
      ]
    ]
  ],
  "edge_mi": {
    "0,1": 0.0003481107871283456,
    "0,3": 0.010994826934289936,
    "0,2": 0.008664189447925307,
    "1,2": 0.0057888409936107145,
    "2,3": 0.010994826934289936
  },
  "distance_matrix": [
    [
      0.0,
      7.962989775036538,
      4.7485569034184785,
      4.510330395500391
    ],
    [
      7.962989775036538,
      0.0,
      5.15182318124976,
      8.517398654707081
    ],
    [
      4.7485569034184785,
      5.15182318124976,
      0.0,
      4.510330395500391
    ],
    [
      4.510330395500391,
      8.517398654707081,
      4.510330395500391,
      0.0
    ]
  ],
  "shortest_paths": {
    "0": {
      "0": 0,
      "3": 4.510330395500391,
      "2": 4.7485569034184785,
      "1": 7.962989775036538
    },
    "1": {
      "1": 0,
      "2": 5.15182318124976,
      "0": 7.962989775036538,
      "3": 8.517398654707081
    },
    "2": {
      "2": 0,
      "3": 4.510330395500391,
      "0": 4.7485569034184785,
      "1": 5.15182318124976
    },
    "3": {
      "3": 0,
      "0": 4.510330395500391,
      "2": 4.510330395500391,
      "1": 8.517398654707081
    }
  },
  "gromov_delta": 5.985029017121614,
  "mean_distance": 4.425178663176579,
  "angle_sums": [
    7.321658421484039,
    3.141592653589793,
    9.42477796076938,
    3.141592653589793
  ],
  "mean_angle_sum": 5.757405422358251,
  "min_angle_sum": 3.141592653589793,
  "max_angle_sum": 9.42477796076938,
  "angle_sum_deviations": [
    4.180065767894246,
    0.0,
    6.283185307179586,
    0.0
  ],
  "triangle_inequality_violations": [],
  "embedding_coords": [
    [
      -0.09945605060727228,
      0.16726288082438162
    ],
    [
      0.026207567806525552,
      -0.07467535070052561
    ],
    [
      0.1526037598002955,
      -0.13512111271928703
    ],
    [
      -0.07935527699954878,
      0.042533582595431045
    ]
  ],
  "embedding_coords_3d": [
    [
      -0.03553365161236107,
      0.14179303711597274,
      0.10336930470669796
    ],
    [
      -0.061462893122165095,
      0.015581168414118825,
      -0.22176703323089358
    ],
    [
      0.053561402736863814,
      -0.17748630585924857,
      0.03336618394015685
    ],
    [
      0.04343514199766236,
      0.020112100329157046,
      0.08503154458403878
    ]
  ],
  "edge_weight_variance": 4.81482486096809e-35,
  "event_nodes": [
    [
      0,
      0
    ],
    [
      1,
      0
    ],
    [
      2,
      0
    ],
    [
      3,
      0
    ],
    [
      0,
      1
    ],
    [
      1,
      1
    ],
    [
      2,
      1
    ],
    [
      3,
      1
    ]
  ],
  "event_edges": [
    {
      "type": "spatial",
      "from": [
        0,
        0
      ],
      "to": [
        1,
        0
      ],
      "weight": 7.962989775036538
    },
    {
      "type": "spatial",
      "from": [
        0,
        0
      ],
      "to": [
        2,
        0
      ],
      "weight": 4.7485569034184785
    },
    {
      "type": "spatial",
      "from": [
        0,
        0
      ],
      "to": [
        3,
        0
      ],
      "weight": 4.510330395500391
    },
    {
      "type": "spatial",
      "from": [
        1,
        0
      ],
      "to": [
        2,
        0
      ],
      "weight": 5.15182318124976
    },
    {
      "type": "spatial",
      "from": [
        1,
        0
      ],
      "to": [
        3,
        0
      ],
      "weight": 9.662153576750152
    },
    {
      "type": "spatial",
      "from": [
        2,
        0
      ],
      "to": [
        3,
        0
      ],
      "weight": 4.510330395500391
    },
    {
      "type": "temporal",
      "from": [
        0,
        0
      ],
      "to": [
        0,
        1
      ],
      "weight": 1.0
    },
    {
      "type": "temporal",
      "from": [
        1,
        0
      ],
      "to": [
        1,
        1
      ],
      "weight": 1.0
    },
    {
      "type": "temporal",
      "from": [
        2,
        0
      ],
      "to": [
        2,
        1
      ],
      "weight": 1.0
    },
    {
      "type": "temporal",
      "from": [
        3,
        0
      ],
      "to": [
        3,
        1
      ],
      "weight": 1.0
    },
    {
      "type": "spatial",
      "from": [
        0,
        1
      ],
      "to": [
        1,
        1
      ],
      "weight": 7.962989775036538
    },
    {
      "type": "spatial",
      "from": [
        0,
        1
      ],
      "to": [
        2,
        1
      ],
      "weight": 4.7485569034184785
    },
    {
      "type": "spatial",
      "from": [
        0,
        1
      ],
      "to": [
        3,
        1
      ],
      "weight": 4.510330395500391
    },
    {
      "type": "spatial",
      "from": [
        1,
        1
      ],
      "to": [
        2,
        1
      ],
      "weight": 5.15182318124976
    },
    {
      "type": "spatial",
      "from": [
        1,
        1
      ],
      "to": [
        3,
        1
      ],
      "weight": 9.662153576750152
    },
    {
      "type": "spatial",
      "from": [
        2,
        1
      ],
      "to": [
        3,
        1
      ],
      "weight": 4.510330395500391
    }
  ],
  "lorentzian_dissimilarity": [
    [
      0.0,
      63.40920615733646,
      22.54879266500329,
      20.343080276574717,
      -1.0,
      62.40920615733646,
      21.54879266500329,
      19.343080276574717
    ],
    [
      63.40920615733646,
      0.0,
      26.541282090862403,
      93.35721174070575,
      62.40920615733646,
      -1.0,
      25.541282090862403,
      92.35721174070575
    ],
    [
      22.54879266500329,
      26.541282090862403,
      0.0,
      20.343080276574717,
      21.54879266500329,
      25.541282090862403,
      -1.0,
      19.343080276574717
    ],
    [
      20.343080276574717,
      93.35721174070575,
      20.343080276574717,
      0.0,
      19.343080276574717,
      92.35721174070575,
      19.343080276574717,
      -1.0
    ],
    [
      -1.0,
      62.40920615733646,
      21.54879266500329,
      19.343080276574717,
      0.0,
      63.40920615733646,
      22.54879266500329,
      20.343080276574717
    ],
    [
      62.40920615733646,
      -1.0,
      25.541282090862403,
      92.35721174070575,
      63.40920615733646,
      0.0,
      26.541282090862403,
      93.35721174070575
    ],
    [
      21.54879266500329,
      25.541282090862403,
      -1.0,
      19.343080276574717,
      22.54879266500329,
      26.541282090862403,
      0.0,
      20.343080276574717
    ],
    [
      19.343080276574717,
      92.35721174070575,
      19.343080276574717,
      -1.0,
      20.343080276574717,
      93.35721174070575,
      20.343080276574717,
      0.0
    ]
  ],
  "lorentzian_embedding": [
    [
      1.873613385737096,
      1.837499922316788,
      2.7353261653174163
    ],
    [
      0.5506322964521349,
      -4.793879488546456,
      -1.8714750752327
    ],
    [
      0.6953478510616684,
      0.3918370471596774,
      -1.935324244319092
    ],
    [
      1.0407434733797924,
      4.810008104765296,
      -0.7669589910802301
    ],
    [
      0.8630998901729896,
      1.817983506896543,
      2.469237838372057
    ],
    [
      -0.4988594936270346,
      -4.814145510173068,
      -2.1478272638702998
    ],
    [
      -0.48620331795468863,
      0.36902103826240007,
      -2.2464657119130913
    ],
    [
      -0.03838533635216752,
      4.789162702090538,
      -1.0511139367957327
    ]
  ],
  "edge_length_evolution": [],
  "angle_deficit_evolution": [],
  "regge_action_evolution": [],
  "gromov_delta_evolution": [],
  "mass_hinge": null,
  "mass_value": 0.0,
  "matter": [
    {
      "(0, 1)": 0.0,
      "(1, 2)": 0.0,
      "(0, 3)": 0.0,
      "(2, 3)": 0.0,
      "(0, 2)": 0.0,
      "(1, 3)": 0.0
    },
    {
      "(0, 1)": 0.0,
      "(1, 2)": 0.0,
      "(0, 3)": 0.0,
      "(2, 3)": 0.0,
      "(0, 2)": 0.0,
      "(1, 3)": 0.0
    }
  ],
  "stationary_solution": null,
  "einstein_analysis_per_timestep": [
    {
      "ricci_tensor": [
        [
          0.002311922125550456,
          0.0
        ],
        [
          0.0,
          0.002311922125550456
        ]
      ],
      "metric_tensor": [
        [
          1.0004623844251102,
          0.0002311922125550456
        ],
        [
          0.0002311922125550456,
          1.0004623844251102
        ]
      ],
      "stress_energy_tensor": [
        [
          0.002311922125550456,
          4.623844251100912e-05
        ],
        [
          4.623844251100912e-05,
          0.002311922125550456
        ]
      ],
      "einstein_solution": {
        "einstein_tensor": [
          [
            0.0,
            0.0
          ],
          [
            0.0,
            0.0
          ]
        ],
        "ricci_scalar": 0.004623844251100912,
        "metric_tensor": [
          [
            1.0,
            0.0
          ],
          [
            0.0,
            1.0
          ]
        ],
        "lhs": [
          [
            0.0,
            0.0
          ],
          [
            0.0,
            0.0
          ]
        ],
        "rhs": [
          [
            0.002311922125550456,
            4.623844251100912e-05
          ],
          [
            4.623844251100912e-05,
            0.002311922125550456
          ]
        ],
        "equations_satisfied": false,
        "residual": 0.0032702054700509517,
        "conservation_violation": 0.002311922125550456,
        "gravitational_constant": 0.039788735772973836,
        "cosmological_constant": 0.0
      },
      "entropy_first_derivative": 0.0,
      "entropy_second_derivative": 0.0,
      "entropy_curvature_correlation": 0.003269546625111535,
      "emergent_gravitational_constant": 0.00036795383432487657,
      "average_mutual_information": 0.004623844251100912,
      "ricci_scalar": 0.004623844251100912,
      "analysis_summary": {
        "einstein_equations_satisfied": false,
        "residual_magnitude": 0.0032702054700509517,
        "conservation_violation": 0.002311922125550456,
        "entropy_evolution_rate": 0.0,
        "entropy_acceleration": 0.0,
        "entanglement_curvature_coupling": 0.003269546625111535
      }
    },
    {
      "ricci_tensor": [
        [
          0.002311922125550456,
          0.0
        ],
        [
          0.0,
          0.002311922125550456
        ]
      ],
      "metric_tensor": [
        [
          1.0004623844251102,
          0.0002311922125550456
        ],
        [
          0.0002311922125550456,
          1.0004623844251102
        ]
      ],
      "stress_energy_tensor": [
        [
          0.002311922125550456,
          4.623844251100912e-05
        ],
        [
          4.623844251100912e-05,
          0.002311922125550456
        ]
      ],
      "einstein_solution": {
        "einstein_tensor": [
          [
            0.0,
            0.0
          ],
          [
            0.0,
            0.0
          ]
        ],
        "ricci_scalar": 0.004623844251100912,
        "metric_tensor": [
          [
            1.0,
            0.0
          ],
          [
            0.0,
            1.0
          ]
        ],
        "lhs": [
          [
            0.0,
            0.0
          ],
          [
            0.0,
            0.0
          ]
        ],
        "rhs": [
          [
            0.002311922125550456,
            4.623844251100912e-05
          ],
          [
            4.623844251100912e-05,
            0.002311922125550456
          ]
        ],
        "equations_satisfied": false,
        "residual": 0.0032702054700509517,
        "conservation_violation": 0.002311922125550456,
        "gravitational_constant": 0.039788735772973836,
        "cosmological_constant": 0.0
      },
      "entropy_first_derivative": 0.0,
      "entropy_second_derivative": 0.0,
      "entropy_curvature_correlation": 0.003269546625111535,
      "emergent_gravitational_constant": 0.00036795383432487657,
      "average_mutual_information": 0.004623844251100912,
      "ricci_scalar": 0.004623844251100912,
      "analysis_summary": {
        "einstein_equations_satisfied": false,
        "residual_magnitude": 0.0032702054700509517,
        "conservation_violation": 0.002311922125550456,
        "entropy_evolution_rate": 0.0,
        "entropy_acceleration": 0.0,
        "entanglement_curvature_coupling": 0.003269546625111535
      }
    }
  ],
  "bootstrap_analysis": {
    "gromov_delta": {
      "mean": 6.557406478143149,
      "lower_ci": 6.557406478143149,
      "upper_ci": 6.557406478143149,
      "all_values": [
        6.557406478143149,
        6.557406478143149
      ],
      "uncertainty": 0.0
    },
    "entropy": {
      "mean": 3.8719774506716194,
      "lower_ci": 3.8504146534427375,
      "upper_ci": 3.893540247900501,
      "uncertainty": 0.021562797228881436
    },
    "distance_matrix": {
      "mean": [
        [
          0.0,
          7.962989775036538,
          4.7485569034184785,
          4.510330395500391
        ],
        [
          7.962989775036538,
          0.0,
          5.15182318124976,
          9.662153576750152
        ],
        [
          4.7485569034184785,
          5.15182318124976,
          0.0,
          4.510330395500391
        ],
        [
          4.510330395500391,
          9.662153576750152,
          4.510330395500391,
          0.0
        ]
      ],
      "lower_ci": [
        [
          0.0,
          7.962989775036538,
          4.7485569034184785,
          4.510330395500391
        ],
        [
          7.962989775036538,
          0.0,
          5.15182318124976,
          9.662153576750152
        ],
        [
          4.7485569034184785,
          5.15182318124976,
          0.0,
          4.510330395500391
        ],
        [
          4.510330395500391,
          9.662153576750152,
          4.510330395500391,
          0.0
        ]
      ],
      "upper_ci": [
        [
          0.0,
          7.962989775036538,
          4.7485569034184785,
          4.510330395500391
        ],
        [
          7.962989775036538,
          0.0,
          5.15182318124976,
          9.662153576750152
        ],
        [
          4.7485569034184785,
          5.15182318124976,
          0.0,
          4.510330395500391
        ],
        [
          4.510330395500391,
          9.662153576750152,
          4.510330395500391,
          0.0
        ]
      ]
    }
  },
  "topology_compatibility": {
    "current_topology": "triangulated",
    "explanation": "Triangulated topology is specifically designed for angle-sum curvature. Creates multiple triangles per vertex, enabling robust local curvature measurements. Each vertex has multiple incident triangles for well-defined angle sums.",
    "supports_local_curvature": true
  },
  "rt_surface_analysis": {
    "region_A": [
      0
    ],
    "region_B": [
      1,
      2,
      3
    ],
    "bulk_point": 2,
    "is_complementary": true,
    "rt_area_AB": 17.221877073955408,
    "rt_area_BA": 17.221877073955408,
    "area_consistent": true,
    "edges_consistent": true,
    "area_difference": 0.0,
    "rt_edges_AB": [
      [
        0,
        1
      ],
      [
        0,
        2
      ],
      [
        0,
        3
      ]
    ],
    "rt_edges_BA": [
      [
        0,
        1
      ],
      [
        0,
        2
      ],
      [
        0,
        3
      ]
    ],
    "edge_lengths": [
      7.962989775036538,
      4.7485569034184785,
      4.510330395500391,
      5.15182318124976,
      9.662153576750152,
      4.510330395500391
    ],
    "all_edges": [
      [
        0,
        1
      ],
      [
        0,
        2
      ],
      [
        0,
        3
      ],
      [
        1,
        2
      ],
      [
        1,
        3
      ],
      [
        2,
        3
      ]
    ]
  },
  "bulk_excitation_analysis": {
    "ground_state_mi": [
      [
        0.0,
        1.264314630106343e-09,
        1.3026228577604678e-09,
        1.2643165493065073e-09
      ],
      [
        1.264314630106343e-09,
        0.0,
        1.2643160653879036e-09,
        7.160146555259579e-11
      ],
      [
        1.3026228577604678e-09,
        1.2643160653879036e-09,
        0.0,
        1.2643131750203916e-09
      ],
      [
        1.2643165493065073e-09,
        7.160146555259579e-11,
        1.2643131750203916e-09,
        0.0
      ]
    ],
    "excited_state_mi": [
      [
        0.0,
        1.2540248561787593e-09,
        1.7050673650764736e-09,
        1.2540210259093243e-09
      ],
      [
        1.2540248561787593e-09,
        0.0,
        0.2740877654881206,
        0.0666140088065495
      ],
      [
        1.7050673650764736e-09,
        0.2740877654881206,
        0.0,
        0.2740877654881183
      ],
      [
        1.2540210259093243e-09,
        0.0666140088065495,
        0.2740877654881183,
        0.0
      ]
    ],
    "mi_difference": [
      [
        0.0,
        -1.028977392758381e-11,
        4.0244450731600585e-10,
        -1.0295523397182959e-11
      ],
      [
        -1.028977392758381e-11,
        0.0,
        0.27408776422380454,
        0.06661400873494804
      ],
      [
        4.0244450731600585e-10,
        0.27408776422380454,
        0.0,
        0.27408776422380515
      ],
      [
        -1.0295523397182959e-11,
        0.06661400873494804,
        0.27408776422380515,
        0.0
      ]
    ],
    "avg_mi_change": 0.07684869220069845,
    "max_mi_change": 0.27408776422380515,
    "mi_change_boundary_A": NaN,
    "mi_change_boundary_B": 0.20492984572751927,
    "bulk_point": 2,
    "ground_state_counts": {
      "counts": {
        "1101": 10,
        "0011": 5,
        "1011": 5,
        "0001": 7,
        "1010": 7,
        "1100": 5,
        "0111": 8,
        "1000": 7,
        "1001": 10,
        "0100": 7,
        "1110": 10,
        "1111": 8,
        "0110": 3,
        "0101": 4,
        "0000": 3,
        "0010": 1
      },
      "job_id": "d27ujro56fsc73e6d3c0",
      "mutual_information": {
        "I_0,1": 0.00073723379229481,
        "I_0,2": 0.002170653361992538,
        "I_0,3": 0.006886106866922242,
        "I_1,2": 0.011654793928255552,
        "I_1,3": 0.0009099414979672153,
        "I_2,3": 0.0014997905148739256
      }
    },
    "excited_state_counts": {
      "counts": {
        "1101": 11,
        "1000": 8,
        "0111": 6,
        "1001": 7,
        "0100": 11,
        "0011": 5,
        "0000": 7,
        "0010": 8,
        "1111": 6,
        "0101": 10,
        "0110": 5,
        "1100": 4,
        "1110": 3,
        "0001": 5,
        "1011": 4
      },
      "job_id": "d27ujt1ogaas73ct8k40",
      "mutual_information": {
        "I_0,1": 0.0012982385869518432,
        "I_0,2": 0.008984988225611779,
        "I_0,3": 0.027345436678443018,
        "I_1,2": 0.000650352227795874,
        "I_1,3": 0.010796341693525627,
        "I_2,3": 7.643797290425407e-06
      }
    },
    "boundary_entropies": {
      "ground_state": {
        "entropy_A": 1.2938513546039678e-09,
        "entropy_B": 1.2938508025298894e-09,
        "mi_AB": 2.5876962615431794e-09
      },
      "excited_state": {
        "entropy_A": 0.17035088757715264,
        "entropy_B": 0.17035088757715094,
        "mi_AB": 0.34070177515429756
      },
      "rt_relation_test": {
        "entropy_ratio": 0.9999995733095023,
        "rt_area_ratio": 1.0,
        "rt_deviation": 4.2669049771237866e-07,
        "excited_entropy_ratio": 0.99999999999999,
        "rt_relation_change": 4.2669048772037144e-07
      }
    }
  },
  "page_curve_analysis": null,
  "deutsch_ctc_analysis": null,
  "ctc_recovery_analysis": null,
  "einstein_analysis": null,
  "dynamic_evidence": {
    "angle_sums_per_timestep": [
      [
        7.321658421484039,
        3.141592653589793,
        9.42477796076938,
        0.0
      ],
      [
        7.321658421484039,
        3.141592653589793,
        9.42477796076938,
        0.0
      ]
    ],
    "gromov_delta_per_timestep": [
      6.557406478143149,
      6.557406478143149
    ],
    "edge_mi_per_timestep": [
      {
        "0,1": 0.0003481107871283456,
        "0,3": 0.010994826934289936,
        "0,2": 0.008664189447925307,
        "1,2": 0.0057888409936107145,
        "2,3": 0.010994826934289936
      },
      {
        "0,1": 0.0003481107871283456,
        "0,3": 0.010994826934289936,
        "0,2": 0.008664189447925307,
        "1,2": 0.0057888409936107145,
        "2,3": 0.010994826934289936
      }
    ],
    "shortest_paths_per_timestep": [
      {
        "0": {
          "0": 0,
          "3": 4.510330395500391,
          "2": 4.7485569034184785,
          "1": 7.962989775036538
        },
        "1": {
          "1": 0,
          "2": 5.15182318124976,
          "0": 7.962989775036538,
          "3": 9.662153576750152
        },
        "2": {
          "2": 0,
          "3": 4.510330395500391,
          "0": 4.7485569034184785,
          "1": 5.15182318124976
        },
        "3": {
          "3": 0,
          "0": 4.510330395500391,
          "2": 4.510330395500391,
          "1": 9.662153576750152
        }
      },
      {
        "0": {
          "0": 0,
          "3": 4.510330395500391,
          "2": 4.7485569034184785,
          "1": 7.962989775036538
        },
        "1": {
          "1": 0,
          "2": 5.15182318124976,
          "0": 7.962989775036538,
          "3": 9.662153576750152
        },
        "2": {
          "2": 0,
          "3": 4.510330395500391,
          "0": 4.7485569034184785,
          "1": 5.15182318124976
        },
        "3": {
          "3": 0,
          "0": 4.510330395500391,
          "2": 4.510330395500391,
          "1": 9.662153576750152
        }
      }
    ],
    "mean_distance_per_timestep": [
      4.568273028431964,
      4.568273028431964
    ],
    "triangle_violations_per_timestep": [
      0,
      0
    ],
    "embedding_coords_per_timestep": [
      [
        [
          0.10311993582575286,
          0.07061466834442745
        ],
        [
          -0.12212406814849862,
          0.11884165776046401
        ],
        [
          0.13473432535956686,
          -0.13607087804465362
        ],
        [
          -0.11573019303682114,
          -0.053385448060237845
        ]
      ],
      [
        [
          0.10311993582575286,
          0.07061466834442745
        ],
        [
          -0.12212406814849862,
          0.11884165776046401
        ],
        [
          0.13473432535956686,
          -0.13607087804465362
        ],
        [
          -0.11573019303682114,
          -0.053385448060237845
        ]
      ]
    ],
    "regge_evolution_data": null,
    "evolution_summary": {
      "total_timesteps": 2,
      "gromov_delta_range": [
        6.557406478143149,
        6.557406478143149
      ],
      "mean_distance_range": [
        4.568273028431964,
        4.568273028431964
      ],
      "total_triangle_violations": 0,
      "hyperbolic_evolution": [
        false,
        false
      ],
      "regge_corrected": false
    }
  },
  "quantum_state_outputs": [
    {
      "timestep": 1,
      "statevector": null,
      "mutual_information_matrix": [
        [
          0.0,
          0.0003481107871283456,
          0.008664189447925307,
          0.010994826934289936
        ],
        [
          0.0003481107871283456,
          0.0,
          0.0057888409936107145,
          0.00019995891156305862
        ],
        [
          0.008664189447925307,
          0.0057888409936107145,
          0.0,
          0.010994826934289936
        ],
        [
          0.010994826934289936,
          0.00019995891156305862,
          0.010994826934289936,
          0.0
        ]
      ],
      "counts": {
        "0000": 10,
        "0010": 8,
        "1111": 4,
        "1110": 7,
        "1000": 6,
        "0111": 10,
        "0101": 8,
        "1101": 6,
        "1100": 6,
        "0100": 3,
        "1010": 4,
        "0001": 11,
        "0011": 6,
        "1011": 3,
        "1001": 7,
        "0110": 1
      },
      "job_id": "d27ujp1ogaas73ct8js0",
      "device": "ibm_brisbane"
    },
    {
      "timestep": 2,
      "statevector": null,
      "mutual_information_matrix": [
        [
          0.0,
          0.022752356818760366,
          0.0034020964594864353,
          3.279157962055414e-05
        ],
        [
          0.022752356818760366,
          0.0,
          0.007050158551725888,
          0.0011802177429125673
        ],
        [
          0.0034020964594864353,
          0.007050158551725888,
          0.0,
          0.009637551926853005
        ],
        [
          3.279157962055414e-05,
          0.0011802177429125673,
          0.009637551926853005,
          0.0
        ]
      ],
      "counts": {
        "0100": 13,
        "0101": 8,
        "1111": 6,
        "1001": 5,
        "1110": 3,
        "0111": 7,
        "0011": 9,
        "1000": 8,
        "1011": 8,
        "0001": 7,
        "1101": 5,
        "0000": 4,
        "0010": 4,
        "0110": 4,
        "1100": 5,
        "1010": 4
      },
      "job_id": "d27ujq9ogaas73ct8jv0",
      "device": "ibm_brisbane"
    }
  ],
  "emergent_geometry_teleportation": null,
  "superposition_gravity": null,
  "teleportation_geometry_correlation": null
}