[
  {
    "pattern": "alternating",
    "num_injections": 10,
    "gap_cycles": 100,
    "mi_matrix": [
      [
        0.0,
        0.00010605092342563793,
        0.00023608882654380103,
        0.00010605092342563793,
        0.00023608882654380103
      ],
      [
        0.00010605092342563793,
        0.0,
        4.572300326133316e-06,
        0.9998069838592445,
        4.572300326133316e-06
      ],
      [
        0.00023608882654380103,
        4.572300326133316e-06,
        0.0,
        4.572300326577405e-06,
        0.9999844785072107
      ],
      [
        0.00010605092342563793,
        0.9998069838592445,
        4.572300326577405e-06,
        0.0,
        4.572300326133316e-06
      ],
      [
        0.00023608882654380103,
        4.572300326133316e-06,
        0.9999844785072107,
        4.572300326133316e-06,
        0.0
      ]
    ],
    "coords_2d": [
      [
        346.40208023062655,
        -2019.9169480304818
      ],
      [
        -12395.73721345068,
        72601.30471780774
      ],
      [
        12273.233460627833,
        -71582.65199931547
      ],
      [
        -12502.390507101327,
        72583.01439716238
      ],
      [
        12278.492179693545,
        -71581.75016762418
      ]
    ],
    "coords_3d": [
      [
        1613.8727202120372,
        647.61822566375,
        -1084.4724203778383
      ],
      [
        -58009.303272604855,
        -23283.858886802034,
        38953.62443480927
      ],
      [
        57173.44734458733,
        22985.094770502066,
        -38439.4690674915
      ],
      [
        -57989.81285134613,
        -23264.509408868005,
        38994.18436701969
      ],
      [
        57211.7960591516,
        22915.655299504222,
        -38423.86731395963
      ]
    ],
    "curvature": 5.4889426337467737e-14
  },
  {
    "pattern": "prolonged",
    "num_injections": 10,
    "gap_cycles": 100,
    "mi_matrix": [
      [
        0.0,
        5.343084608533388e-06,
        0.00015573213505870598,
        5.343084608533388e-06,
        0.00015573213505870598
      ],
      [
        5.343084608533388e-06,
        0.0,
        5.1478127998105805e-06,
        0.9999915728308139,
        5.1478127998105805e-06
      ],
      [
        0.00015573213505870598,
        5.1478127998105805e-06,
        0.0,
        5.1478127998105805e-06,
        0.9999875742149158
      ],
      [
        5.343084608533388e-06,
        0.9999915728308139,
        5.1478127998105805e-06,
        0.0,
        5.1478127998105805e-06
      ],
      [
        0.00015573213505870598,
        5.1478127998105805e-06,
        0.9999875742149158,
        5.1478127998105805e-06,
        0.0
      ]
    ],
    "coords_2d": [
      [
        16544.419239688068,
        -59033.85836327925
      ],
      [
        -21535.85206610996,
        94153.64154397948
      ],
      [
        13164.914219402805,
        -64658.97560925114
      ],
      [
        -21340.341544619256,
        94198.18561397272
      ],
      [
        13166.860151638348,
        -64658.993185421816
      ]
    ],
    "coords_3d": [
      [
        -22447.647773333247,
        -8220.707665371088,
        -56373.76979458817
      ],
      [
        38648.062988560734,
        15775.032303062646,
        87099.70604567113
      ],
      [
        -27380.652625736235,
        -11576.219818252466,
        -58947.832840007824
      ],
      [
        38597.20767830985,
        15547.841309097314,
        87163.04588712628
      ],
      [
        -27416.97026780111,
        -11525.946128536407,
        -58941.1492982014
      ]
    ],
    "curvature": -4.3920422854171195e-14
  },
  {
    "pattern": "time_gaps",
    "num_injections": 10,
    "gap_cycles": 100,
    "mi_matrix": [
      [
        0.0,
        2.710481886714078e-06,
        2.0437047158816668e-05,
        2.710481886714078e-06,
        2.0437047158816668e-05
      ],
      [
        2.710481886714078e-06,
        0.0,
        0.00029012056824306853,
        0.9999927337179165,
        0.00029012056824306853
      ],
      [
        2.0437047158816668e-05,
        0.00029012056824306853,
        0.0,
        0.00029012056824306853,
        0.9999204995564386
      ],
      [
        2.710481886714078e-06,
        0.9999927337179165,
        0.00029012056824306853,
        0.0,
        0.00029012056824306853
      ],
      [
        2.0437047158816668e-05,
        0.00029012056824306853,
        0.9999204995564386,
        0.00029012056824306853,
        0.0
      ]
    ],
    "coords_2d": [
      [
        -125121.25864680584,
        18365.89468717093
      ],
      [
        54687.14330637746,
        -8042.46746059712
      ],
      [
        7871.330195081973,
        -1155.1668406704532
      ],
      [
        54691.51967396845,
        -8012.652593165647
      ],
      [
        7871.265471377959,
        -1155.6077927377146
      ]
    ],
    "coords_3d": [
      [
        -53777.26630555614,
        88029.40882223734,
        73153.70182049372
      ],
      [
        23504.556940241928,
        -38466.66307379318,
        -31987.756311664838
      ],
      [
        3383.0506052217543,
        -5538.0291981823975,
        -4601.896644409882
      ],
      [
        23506.510465880256,
        -38487.00576687276,
        -31961.84086612113
      ],
      [
        3383.1482942122,
        -5537.710783389005,
        -4602.207998297868
      ]
    ],
    "curvature": 4.4243719798942035e-12
  },
  {
    "pattern": "oscillating",
    "num_injections": 10,
    "gap_cycles": 100,
    "mi_matrix": [
      [
        0.0,
        1.555060667790542e-06,
        0.00013002399929074038,
        1.555060667790542e-06,
        0.00013002399929074038
      ],
      [
        1.555060667790542e-06,
        0.0,
        0.000304732896663662,
        0.9998699342086705,
        0.000304732896663662
      ],
      [
        0.00013002399929074038,
        0.000304732896663662,
        0.0,
        0.0003047328966632179,
        0.9998347183577362
      ],
      [
        1.555060667790542e-06,
        0.9998699342086705,
        0.0003047328966632179,
        0.0,
        0.000304732896663662
      ],
      [
        0.00013002399929074038,
        0.000304732896663662,
        0.9998347183577362,
        0.000304732896663662,
        0.0
      ]
    ],
    "coords_2d": [
      [
        -159075.16794007306,
        12993.199501372985
      ],
      [
        79318.3482512736,
        -6501.528513831894
      ],
      [
        217.18373798151643,
        -17.77657174648318
      ],
      [
        79322.05397616641,
        -6456.159487551107
      ],
      [
        217.58197465153518,
        -17.73492824349795
      ]
    ],
    "coords_3d": [
      [
        120231.47843520295,
        50626.77668098994,
        -91951.36259532074
      ],
      [
        -59952.6398766642,
        -25264.845401520684,
        45837.08975224924
      ],
      [
        -164.18593248313096,
        -69.15475795219142,
        125.82279919716642
      ],
      [
        -59950.235791271785,
        -25223.56401635511,
        45862.96201928475
      ],
      [
        -164.41683478383217,
        -69.2125051619509,
        125.48802458958488
      ]
    ],
    "curvature": 7.215117392433968e-13
  }
]