{
  "phase": [
    0.0,
    0.0,
    0.0,
    0.0,
    0.0,
    0.0,
    0.0,
    0.0,
    0.0,
    0.0,
    0.6981317007977318,
    0.6981317007977318,
    0.6981317007977318,
    0.6981317007977318,
    0.6981317007977318,
    0.6981317007977318,
    0.6981317007977318,
    0.6981317007977318,
    0.6981317007977318,
    0.6981317007977318,
    1.3962634015954636,
    1.3962634015954636,
    1.3962634015954636,
    1.3962634015954636,
    1.3962634015954636,
    1.3962634015954636,
    1.3962634015954636,
    1.3962634015954636,
    1.3962634015954636,
    1.3962634015954636,
    2.0943951023931953,
    2.0943951023931953,
    2.0943951023931953,
    2.0943951023931953,
    2.0943951023931953,
    2.0943951023931953,
    2.0943951023931953,
    2.0943951023931953,
    2.0943951023931953,
    2.0943951023931953,
    2.792526803190927,
    2.792526803190927,
    2.792526803190927,
    2.792526803190927,
    2.792526803190927,
    2.792526803190927,
    2.792526803190927,
    2.792526803190927,
    2.792526803190927,
    2.792526803190927,
    3.490658503988659,
    3.490658503988659,
    3.490658503988659,
    3.490658503988659,
    3.490658503988659,
    3.490658503988659,
    3.490658503988659,
    3.490658503988659,
    3.490658503988659,
    3.490658503988659,
    4.1887902047863905,
    4.1887902047863905,
    4.1887902047863905,
    4.1887902047863905,
    4.1887902047863905,
    4.1887902047863905,
    4.1887902047863905,
    4.1887902047863905,
    4.1887902047863905,
    4.1887902047863905,
    4.886921905584122,
    4.886921905584122,
    4.886921905584122,
    4.886921905584122,
    4.886921905584122,
    4.886921905584122,
    4.886921905584122,
    4.886921905584122,
    4.886921905584122,
    4.886921905584122,
    5.585053606381854,
    5.585053606381854,
    5.585053606381854,
    5.585053606381854,
    5.585053606381854,
    5.585053606381854,
    5.585053606381854,
    5.585053606381854,
    5.585053606381854,
    5.585053606381854,
    6.283185307179586,
    6.283185307179586,
    6.283185307179586,
    6.283185307179586,
    6.283185307179586,
    6.283185307179586,
    6.283185307179586,
    6.283185307179586,
    6.283185307179586,
    6.283185307179586
  ],
  "coupling": [
    0.0,
    0.6981317007977318,
    1.3962634015954636,
    2.0943951023931953,
    2.792526803190927,
    3.490658503988659,
    4.1887902047863905,
    4.886921905584122,
    5.585053606381854,
    6.283185307179586,
    0.0,
    0.6981317007977318,
    1.3962634015954636,
    2.0943951023931953,
    2.792526803190927,
    3.490658503988659,
    4.1887902047863905,
    4.886921905584122,
    5.585053606381854,
    6.283185307179586,
    0.0,
    0.6981317007977318,
    1.3962634015954636,
    2.0943951023931953,
    2.792526803190927,
    3.490658503988659,
    4.1887902047863905,
    4.886921905584122,
    5.585053606381854,
    6.283185307179586,
    0.0,
    0.6981317007977318,
    1.3962634015954636,
    2.0943951023931953,
    2.792526803190927,
    3.490658503988659,
    4.1887902047863905,
    4.886921905584122,
    5.585053606381854,
    6.283185307179586,
    0.0,
    0.6981317007977318,
    1.3962634015954636,
    2.0943951023931953,
    2.792526803190927,
    3.490658503988659,
    4.1887902047863905,
    4.886921905584122,
    5.585053606381854,
    6.283185307179586,
    0.0,
    0.6981317007977318,
    1.3962634015954636,
    2.0943951023931953,
    2.792526803190927,
    3.490658503988659,
    4.1887902047863905,
    4.886921905584122,
    5.585053606381854,
    6.283185307179586,
    0.0,
    0.6981317007977318,
    1.3962634015954636,
    2.0943951023931953,
    2.792526803190927,
    3.490658503988659,
    4.1887902047863905,
    4.886921905584122,
    5.585053606381854,
    6.283185307179586,
    0.0,
    0.6981317007977318,
    1.3962634015954636,
    2.0943951023931953,
    2.792526803190927,
    3.490658503988659,
    4.1887902047863905,
    4.886921905584122,
    5.585053606381854,
    6.283185307179586,
    0.0,
    0.6981317007977318,
    1.3962634015954636,
    2.0943951023931953,
    2.792526803190927,
    3.490658503988659,
    4.1887902047863905,
    4.886921905584122,
    5.585053606381854,
    6.283185307179586,
    0.0,
    0.6981317007977318,
    1.3962634015954636,
    2.0943951023931953,
    2.792526803190927,
    3.490658503988659,
    4.1887902047863905,
    4.886921905584122,
    5.585053606381854,
    6.283185307179586
  ],
  "entropies": [
    0.9998651613979794,
    3.0115325178759553,
    4.9092677255600945,
    4.289535263751727,
    1.7816910247514133,
    1.8139571763045836,
    4.143615614286626,
    4.903541800835081,
    3.0953477958801985,
    0.9988990309409242,
    0.9996670159659137,
    2.9205801097992765,
    4.590834318121746,
    3.9427292903968767,
    1.6496405633266367,
    1.7778923738809718,
    3.9717182725448277,
    4.620225938289904,
    2.912061010783393,
    0.998667756215461,
    0.9987861499393461,
    2.7515103329420016,
    4.042482401947199,
    3.6851722201945507,
    1.631333949128936,
    1.653319921800842,
    3.6587878370910953,
    3.9716105443636014,
    2.722724525416897,
    0.9995349089288796,
    0.9997248102580842,
    2.71512820656947,
    4.237377464272408,
    3.680675160281566,
    1.6468141259356552,
    1.6843680138092747,
    3.8110125466874294,
    4.276016889655543,
    2.733235738339155,
    0.9992954443592694,
    0.999975234353679,
    3.037130592315161,
    4.807489160088,
    4.186208141455932,
    1.8156158576770125,
    1.711170576625085,
    4.160689271089577,
    4.800841053096221,
    2.9555904025359294,
    0.9999559719906115,
    0.9978415729967705,
    2.952310107076058,
    4.814563868652443,
    4.2167152373975725,
    1.8031272499028326,
    1.7864937573865567,
    4.154779205359324,
    4.802957681113734,
    2.983644748311616,
    0.999975234353679,
    0.999975234353679,
    2.83258963050607,
    4.3288026214397,
    3.8066410657592957,
    1.7230490281973407,
    1.6432537622364918,
    3.8073904062793473,
    4.308433276396961,
    2.780464440851242,
    0.9999972482729513,
    0.99827948943826,
    2.675579798351211,
    4.025052354794767,
    3.6144467811361345,
    1.6885527007369656,
    1.7915232848251728,
    3.5522612505292726,
    4.0268121967506465,
    2.607516440664951,
    0.9998651613979794,
    0.999975234353679,
    2.922912508878402,
    4.580289933647675,
    3.9973571472889757,
    1.774693180448834,
    1.7146258566579393,
    3.964050018696573,
    4.561669019114347,
    2.932856487299728,
    0.9998651613979794,
    0.9997248102580842,
    2.9963401719658376,
    4.8823163862596,
    4.273701473355895,
    1.800046902888212,
    1.826234854071421,
    4.187614171456384,
    4.902203756710428,
    3.146621593544702,
    0.9999999999971146
  ],
  "curvatures": [
    6.661338147750939e-17,
    1.1102230246251565e-16,
    8.881784197001253e-17,
    0.0,
    6.661338147750939e-17,
    6.661338147750939e-17,
    4.4408920985006264e-17,
    8.881784197001253e-17,
    8.881784197001253e-17,
    6.661338147750939e-17,
    1.1102230246251565e-16,
    3.3306690738754696e-16,
    1.554312234475219e-16,
    1.3322676295501878e-16,
    1.554312234475219e-16,
    1.1102230246251565e-16,
    1.554312234475219e-16,
    4.4408920985006264e-17,
    2.2204460492503132e-17,
    8.881784197001253e-17,
    8.881784197001253e-17,
    4.4408920985006264e-17,
    1.1102230246251565e-16,
    6.661338147750939e-17,
    1.554312234475219e-16,
    2.220446049250313e-16,
    8.881784197001253e-17,
    1.3322676295501878e-16,
    8.881784197001253e-17,
    8.881784197001253e-17,
    4.4408920985006264e-17,
    -4.4408920985006264e-17,
    1.1102230246251565e-16,
    2.2204460492503132e-17,
    6.661338147750939e-17,
    1.3322676295501878e-16,
    8.881784197001253e-17,
    6.661338147750939e-17,
    1.554312234475219e-16,
    1.7763568394002506e-16,
    1.7763568394002506e-16,
    1.7763568394002506e-16,
    1.1102230246251565e-16,
    4.4408920985006264e-17,
    6.661338147750939e-17,
    4.4408920985006264e-17,
    4.4408920985006264e-17,
    0.0,
    6.661338147750939e-17,
    4.4408920985006264e-17,
    1.3322676295501878e-16,
    1.1102230246251565e-16,
    2.2204460492503132e-17,
    8.881784197001253e-17,
    1.3322676295501878e-16,
    6.661338147750939e-17,
    4.4408920985006264e-17,
    8.881784197001253e-17,
    4.4408920985006264e-17,
    1.7763568394002506e-16,
    1.1102230246251565e-16,
    6.661338147750939e-17,
    3.108624468950438e-16,
    1.1102230246251565e-16,
    1.3322676295501878e-16,
    8.881784197001253e-17,
    1.1102230246251565e-16,
    2.4424906541753446e-16,
    1.3322676295501878e-16,
    1.1102230246251565e-16,
    1.3322676295501878e-16,
    1.3322676295501878e-16,
    1.1102230246251565e-16,
    8.881784197001253e-17,
    6.661338147750939e-17,
    0.0,
    8.881784197001253e-17,
    8.881784197001253e-17,
    2.2204460492503132e-17,
    6.661338147750939e-17,
    1.7763568394002506e-16,
    6.661338147750939e-17,
    6.661338147750939e-17,
    6.661338147750939e-17,
    6.661338147750939e-17,
    6.661338147750939e-17,
    1.1102230246251565e-16,
    1.1102230246251565e-16,
    8.881784197001253e-17,
    1.3322676295501878e-16,
    1.3322676295501878e-16,
    6.661338147750939e-17,
    2.2204460492503132e-17,
    1.7763568394002506e-16,
    2.886579864025407e-16,
    1.1102230246251565e-16,
    8.881784197001253e-17,
    4.4408920985006264e-17,
    8.881784197001253e-17,
    4.4408920985006264e-17
  ],
  "distances": [
    1.0000000000014428,
    0.9994334231062283,
    0.9996778242214098,
    0.9997540435632911,
    0.9994455297649995,
    0.9996518123636793,
    0.9995931060473143,
    0.9998191919480557,
    0.9996365287390512,
    1.0000000000014428,
    1.0000000000014428,
    0.9994935452729656,
    0.9994548502353368,
    0.9996239619459736,
    0.9994930691770908,
    0.9996874941653039,
    0.9996646109842211,
    0.9997187350540299,
    0.9993985296070781,
    1.0000000000014428,
    1.0000000000014428,
    0.9997196318361934,
    0.9994445175382984,
    0.9991056198949199,
    0.999632277432958,
    0.9994997636545677,
    0.9997582030616492,
    0.9995770230094525,
    0.9995414435962481,
    1.0000000000014428,
    1.0000000000014428,
    0.9991541517024866,
    0.9993840314472446,
    0.9996451991624068,
    0.9997376374107567,
    0.9994706790493175,
    0.9997857892520552,
    0.9997107208815198,
    0.9993113410308199,
    1.0000000000014428,
    1.0000000000014428,
    0.9996051577977563,
    0.9995266702324754,
    0.9997370131888348,
    0.999113894902662,
    0.9996672550330638,
    0.9993264976973115,
    0.9991725033664486,
    0.9996663870690835,
    1.0000000000014428,
    1.0000000000014428,
    0.999342968867215,
    0.9993992935228627,
    0.9992826706035755,
    0.999631828179767,
    0.9992488751343352,
    0.999322069338158,
    0.9998054124833143,
    0.999191122097587,
    1.0000000000014428,
    1.0000000000014428,
    0.9992369906314319,
    0.9993275516854842,
    0.9994547394160141,
    0.9996387946201699,
    0.9996676877704086,
    0.9997427215477767,
    0.9996613507583625,
    0.9995710311347137,
    1.0000000000014428,
    1.0000000000014428,
    0.9994171116758541,
    0.9994709863123827,
    0.999783294510054,
    0.9998283899433573,
    0.9989175736456325,
    0.9991256854723926,
    0.999495425592498,
    0.9994211820956372,
    1.0000000000014428,
    1.0000000000014428,
    0.9997722055811299,
    0.9994576703379953,
    0.9997346524119674,
    0.9996077802627752,
    0.9998532471760337,
    0.9996016195171663,
    0.9993673040999359,
    0.9997999410230841,
    1.0000000000014428,
    1.0000000000014428,
    0.9998289881776876,
    0.9995537691266693,
    0.9997775852624414,
    0.9993725464037051,
    0.9993479042023374,
    0.9994681226663473,
    0.999498252592156,
    0.9992639693815214,
    1.0000000000014428
  ],
  "mi_matrices": [
    [
      [
        0.0,
        -1.4428458428028534e-12,
        -1.4428458428028534e-12,
        -1.4428458428028534e-12,
        -1.4428458428028534e-12,
        -1.4428458428028534e-12
      ],
      [
        -1.4428458428028534e-12,
        0.0,
        -1.4428232973175175e-12,
        -1.4428232973175175e-12,
        -1.4428232973175175e-12,
        -1.4428232973175175e-12
      ],
      [
        -1.4428458428028534e-12,
        -1.4428232973175175e-12,
        0.0,
        -1.4428232973175175e-12,
        -1.4428232973175175e-12,
        -1.4428232973175175e-12
      ],
      [
        -1.4428458428028534e-12,
        -1.4428232973175175e-12,
        -1.4428232973175175e-12,
        0.0,
        -1.4428232973175175e-12,
        -1.4428232973175175e-12
      ],
      [
        -1.4428458428028534e-12,
        -1.4428232973175175e-12,
        -1.4428232973175175e-12,
        -1.4428232973175175e-12,
        0.0,
        -1.4428232973175175e-12
      ],
      [
        -1.4428458428028534e-12,
        -1.4428232973175175e-12,
        -1.4428232973175175e-12,
        -1.4428232973175175e-12,
        -1.4428232973175175e-12,
        0.0
      ]
    ],
    [
      [
        0.0,
        0.0002543429525239116,
        7.007333311381814e-06,
        0.00022061703379749886,
        0.00012065344988654303,
        -1.4428458428028534e-12
      ],
      [
        0.0002543429525239116,
        0.0,
        0.0023661181067444748,
        1.9709991337046873e-05,
        0.0026047493748501127,
        -1.4428458428028534e-12
      ],
      [
        7.007333311381814e-06,
        0.0023661181067444748,
        0.0,
        1.1646522825259353e-05,
        0.0028930735786825146,
        -1.4428458428028534e-12
      ],
      [
        0.00022061703379749886,
        1.9709991337046873e-05,
        1.1646522825259353e-05,
        0.0,
        1.1166745323532012e-05,
        -1.4428458428028534e-12
      ],
      [
        0.00012065344988654303,
        0.0026047493748501127,
        0.0028930735786825146,
        1.1166745323532012e-05,
        0.0,
        -1.4428458428028534e-12
      ],
      [
        -1.4428458428028534e-12,
        -1.4428458428028534e-12,
        -1.4428458428028534e-12,
        -1.4428458428028534e-12,
        -1.4428458428028534e-12,
        0.0
      ]
    ],
    [
      [
        0.0,
        0.0001133507226940278,
        1.6916354830476266e-05,
        0.00015789970178992085,
        0.001076848823920118,
        -1.4428458428028534e-12
      ],
      [
        0.0001133507226940278,
        0.0,
        0.0002567581600467772,
        0.0005428197201078344,
        0.0018059693880563277,
        -1.4428458428028534e-12
      ],
      [
        1.6916354830476266e-05,
        0.0002567581600467772,
        0.0,
        2.403585337429348e-07,
        6.181818076145262e-05,
        -1.4428458428028534e-12
      ],
      [
        0.00015789970178992085,
        0.0005428197201078344,
        2.403585337429348e-07,
        0.0,
        0.0008027479691563588,
        -1.4428458428028534e-12
      ],
      [
        0.001076848823920118,
        0.0018059693880563277,
        6.181818076145262e-05,
        0.0008027479691563588,
        0.0,
        -1.4428458428028534e-12
      ],
      [
        -1.4428458428028534e-12,
        -1.4428458428028534e-12,
        -1.4428458428028534e-12,
        -1.4428458428028534e-12,
        -1.4428458428028534e-12,
        0.0
      ]
    ],
    [
      [
        0.0,
        2.0432992098751157e-05,
        9.766357289331395e-06,
        0.00020656038081900974,
        7.278224754325713e-05,
        -1.4428458428028534e-12
      ],
      [
        2.0432992098751157e-05,
        0.0,
        0.0006111759574098929,
        0.0003525125345600344,
        5.356240932341549e-06,
        -1.4428458428028534e-12
      ],
      [
        9.766357289331395e-06,
        0.0006111759574098929,
        0.0,
        0.00026410511391206093,
        0.0019233112460752544,
        -1.4428458428028534e-12
      ],
      [
        0.00020656038081900974,
        0.0003525125345600344,
        0.00026410511391206093,
        0.0,
        0.0002255252733889268,
        -1.4428458428028534e-12
      ],
      [
        7.278224754325713e-05,
        5.356240932341549e-06,
        0.0019233112460752544,
        0.0002255252733889268,
        0.0,
        -1.4428458428028534e-12
      ],
      [
        -1.4428458428028534e-12,
        -1.4428458428028534e-12,
        -1.4428458428028534e-12,
        -1.4428458428028534e-12,
        -1.4428458428028534e-12,
        0.0
      ]
    ],
    [
      [
        0.0,
        0.0024221371453700957,
        0.0037595676542587775,
        9.691426256130953e-05,
        0.0006938897191843818,
        -1.4428458428028534e-12
      ],
      [
        0.0024221371453700957,
        0.0,
        2.543324812043224e-05,
        1.7448500435501835e-05,
        0.0012248150941964742,
        -1.4428180872272378e-12
      ],
      [
        0.0037595676542587775,
        2.543324812043224e-05,
        0.0,
        6.472493786324751e-06,
        3.588152640349174e-05,
        -1.4428180872272378e-12
      ],
      [
        9.691426256130953e-05,
        1.7448500435501835e-05,
        6.472493786324751e-06,
        0.0,
        4.5480557700428026e-05,
        -1.4428180872272378e-12
      ],
      [
        0.0006938897191843818,
        0.0012248150941964742,
        3.588152640349174e-05,
        4.5480557700428026e-05,
        0.0,
        -1.4428180872272378e-12
      ],
      [
        -1.4428458428028534e-12,
        -1.4428180872272378e-12,
        -1.4428180872272378e-12,
        -1.4428180872272378e-12,
        -1.4428180872272378e-12,
        0.0
      ]
    ],
    [
      [
        0.0,
        2.27130221366334e-05,
        1.930907774916335e-05,
        0.00010258255277295625,
        0.0010689961636858314,
        -1.4428458428028534e-12
      ],
      [
        2.27130221366334e-05,
        0.0,
        2.4718873164020216e-05,
        0.0017706482903933618,
        2.4718873164020216e-05,
        -1.4428180872272378e-12
      ],
      [
        1.930907774916335e-05,
        2.4718873164020216e-05,
        0.0,
        0.0006433385264166258,
        0.0015484924708631387,
        -1.4428180872272378e-12
      ],
      [
        0.00010258255277295625,
        0.0017706482903933618,
        0.0006433385264166258,
        0.0,
        8.46058274606154e-07,
        -1.4428180872272378e-12
      ],
      [
        0.0010689961636858314,
        2.4718873164020216e-05,
        0.0015484924708631387,
        8.46058274606154e-07,
        0.0,
        -1.4428180872272378e-12
      ],
      [
        -1.4428458428028534e-12,
        -1.4428180872272378e-12,
        -1.4428180872272378e-12,
        -1.4428180872272378e-12,
        -1.4428180872272378e-12,
        0.0
      ]
    ],
    [
      [
        0.0,
        1.4546228896517022e-05,
        3.4079226170824484e-05,
        3.011865317592566e-06,
        0.00023073748384949688,
        -1.4428458428028534e-12
      ],
      [
        1.4546228896517022e-05,
        0.0,
        0.00015893706551883824,
        0.0012766344324595114,
        0.0008362516118571861,
        -1.4428458428028534e-12
      ],
      [
        3.4079226170824484e-05,
        0.00015893706551883824,
        0.0,
        0.00030793948716700825,
        0.0024388389911551567,
        -1.4428458428028534e-12
      ],
      [
        3.011865317592566e-06,
        0.0012766344324595114,
        0.00030793948716700825,
        0.0,
        0.0008069814378626194,
        -1.4428458428028534e-12
      ],
      [
        0.00023073748384949688,
        0.0008362516118571861,
        0.0024388389911551567,
        0.0008069814378626194,
        0.0,
        -1.4428458428028534e-12
      ],
      [
        -1.4428458428028534e-12,
        -1.4428458428028534e-12,
        -1.4428458428028534e-12,
        -1.4428458428028534e-12,
        -1.4428458428028534e-12,
        0.0
      ]
    ],
    [
      [
        0.0,
        0.0010899043560530508,
        0.00018471922343876734,
        0.00036958381670837426,
        0.0004445162011890158,
        -1.4428458428028534e-12
      ],
      [
        0.0010899043560530508,
        0.0,
        0.00012616442360902091,
        3.8041359665896834e-05,
        0.00020132422248608783,
        -1.4428458428028534e-12
      ],
      [
        0.00018471922343876734,
        0.00012616442360902091,
        0.0,
        0.00023162456453040825,
        3.9419322461764494e-06,
        -1.4428458428028534e-12
      ],
      [
        0.00036958381670837426,
        3.8041359665896834e-05,
        0.00023162456453040825,
        0.0,
        2.313459099223536e-05,
        -1.4428458428028534e-12
      ],
      [
        0.0004445162011890158,
        0.00020132422248608783,
        3.9419322461764494e-06,
        2.313459099223536e-05,
        0.0,
        -1.4428458428028534e-12
      ],
      [
        -1.4428458428028534e-12,
        -1.4428458428028534e-12,
        -1.4428458428028534e-12,
        -1.4428458428028534e-12,
        -1.4428458428028534e-12,
        0.0
      ]
    ],
    [
      [
        0.0,
        0.0001629039607484728,
        0.0007658528404250742,
        0.0004932843098643946,
        0.0010253590719844219,
        -1.4428458428028534e-12
      ],
      [
        0.0001629039607484728,
        0.0,
        0.0009631252398261125,
        0.0011248938621406523,
        0.0004970916604170039,
        -1.4428458428028534e-12
      ],
      [
        0.0007658528404250742,
        0.0009631252398261125,
        0.0,
        0.00023604834072132874,
        5.611156062901301e-06,
        -1.4428458428028534e-12
      ],
      [
        0.0004932843098643946,
        0.0011248938621406523,
        0.00023604834072132874,
        0.0,
        0.00018011581811983035,
        -1.4428458428028534e-12
      ],
      [
        0.0010253590719844219,
        0.0004970916604170039,
        5.611156062901301e-06,
        0.00018011581811983035,
        0.0,
        -1.4428458428028534e-12
      ],
      [
        -1.4428458428028534e-12,
        -1.4428458428028534e-12,
        -1.4428458428028534e-12,
        -1.4428458428028534e-12,
        -1.4428458428028534e-12,
        0.0
      ]
    ],
    [
      [
        0.0,
        -1.4428458428028534e-12,
        -1.4428458428028534e-12,
        -1.4428458428028534e-12,
        -1.4428458428028534e-12,
        -1.4428458428028534e-12
      ],
      [
        -1.4428458428028534e-12,
        0.0,
        -1.4428232973175175e-12,
        -1.4428232973175175e-12,
        -1.4428232973175175e-12,
        -1.4428232973175175e-12
      ],
      [
        -1.4428458428028534e-12,
        -1.4428232973175175e-12,
        0.0,
        -1.4428232973175175e-12,
        -1.4428232973175175e-12,
        -1.4428232973175175e-12
      ],
      [
        -1.4428458428028534e-12,
        -1.4428232973175175e-12,
        -1.4428232973175175e-12,
        0.0,
        -1.4428232973175175e-12,
        -1.4428232973175175e-12
      ],
      [
        -1.4428458428028534e-12,
        -1.4428232973175175e-12,
        -1.4428232973175175e-12,
        -1.4428232973175175e-12,
        0.0,
        -1.4428232973175175e-12
      ],
      [
        -1.4428458428028534e-12,
        -1.4428232973175175e-12,
        -1.4428232973175175e-12,
        -1.4428232973175175e-12,
        -1.4428232973175175e-12,
        0.0
      ]
    ],
    [
      [
        0.0,
        -1.4428458428028534e-12,
        -1.4428458428028534e-12,
        -1.4428458428028534e-12,
        -1.4428458428028534e-12,
        -1.4428458428028534e-12
      ],
      [
        -1.4428458428028534e-12,
        0.0,
        -1.4428232973175175e-12,
        -1.4428232973175175e-12,
        -1.4428232973175175e-12,
        -1.4428232973175175e-12
      ],
      [
        -1.4428458428028534e-12,
        -1.4428232973175175e-12,
        0.0,
        -1.4428232973175175e-12,
        -1.4428232973175175e-12,
        -1.4428232973175175e-12
      ],
      [
        -1.4428458428028534e-12,
        -1.4428232973175175e-12,
        -1.4428232973175175e-12,
        0.0,
        -1.4428232973175175e-12,
        -1.4428232973175175e-12
      ],
      [
        -1.4428458428028534e-12,
        -1.4428232973175175e-12,
        -1.4428232973175175e-12,
        -1.4428232973175175e-12,
        0.0,
        -1.4428232973175175e-12
      ],
      [
        -1.4428458428028534e-12,
        -1.4428232973175175e-12,
        -1.4428232973175175e-12,
        -1.4428232973175175e-12,
        -1.4428232973175175e-12,
        0.0
      ]
    ],
    [
      [
        0.0,
        0.00024463389064877106,
        0.0016021067034315273,
        4.651172242553514e-05,
        2.0784630949677307e-06,
        -1.4428458428028534e-12
      ],
      [
        0.00024463389064877106,
        0.0,
        0.0024766112598457735,
        0.0016380687822838969,
        0.0005794678797174102,
        -1.4428458428028534e-12
      ],
      [
        0.0016021067034315273,
        0.0024766112598457735,
        0.0,
        0.00032928899106421383,
        0.00034241464787021503,
        -1.4428458428028534e-12
      ],
      [
        4.651172242553514e-05,
        0.0016380687822838969,
        0.00032928899106421383,
        0.0,
        0.0003416964958812274,
        -1.4428458428028534e-12
      ],
      [
        2.0784630949677307e-06,
        0.0005794678797174102,
        0.00034241464787021503,
        0.0003416964958812274,
        0.0,
        -1.4428458428028534e-12
      ],
      [
        -1.4428458428028534e-12,
        -1.4428458428028534e-12,
        -1.4428458428028534e-12,
        -1.4428458428028534e-12,
        -1.4428458428028534e-12,
        0.0
      ]
    ],
    [
      [
        0.0,
        0.0018637792417117716,
        0.0015211649511051029,
        1.62064807840423e-05,
        0.001387678113251134,
        -1.4428458428028534e-12
      ],
      [
        0.0018637792417117716,
        0.0,
        0.00020661395823529105,
        1.4867827726749994e-05,
        2.428193282710822e-05,
        -1.4428458428028534e-12
      ],
      [
        0.0015211649511051029,
        0.00020661395823529105,
        0.0,
        0.00020760482310988593,
        0.0015822871801614014,
        -1.4428458428028534e-12
      ],
      [
        1.62064807840423e-05,
        1.4867827726749994e-05,
        0.00020760482310988593,
        0.0,
        0.001358833872637577,
        -1.4428458428028534e-12
      ],
      [
        0.001387678113251134,
        2.428193282710822e-05,
        0.0015822871801614014,
        0.001358833872637577,
        0.0,
        -1.4428458428028534e-12
      ],
      [
        -1.4428458428028534e-12,
        -1.4428458428028534e-12,
        -1.4428458428028534e-12,
        -1.4428458428028534e-12,
        -1.4428458428028534e-12,
        0.0
      ]
    ],
    [
      [
        0.0,
        0.0023456892675270957,
        0.00024129467916678138,
        3.60399426777569e-05,
        0.0002018562148091707,
        -1.4428458428028534e-12
      ],
      [
        0.0023456892675270957,
        0.0,
        0.00020447292468661615,
        0.0016985505724258498,
        8.641197380510057e-05,
        -1.4428458428028534e-12
      ],
      [
        0.00024129467916678138,
        0.00020447292468661615,
        0.0,
        0.0006145476387879878,
        0.00021319188681001577,
        -1.4428458428028534e-12
      ],
      [
        3.60399426777569e-05,
        0.0016985505724258498,
        0.0006145476387879878,
        0.0,
        2.992707568871822e-06,
        -1.4428458428028534e-12
      ],
      [
        0.0002018562148091707,
        8.641197380510057e-05,
        0.00021319188681001577,
        2.992707568871822e-06,
        0.0,
        -1.4428458428028534e-12
      ],
      [
        -1.4428458428028534e-12,
        -1.4428458428028534e-12,
        -1.4428458428028534e-12,
        -1.4428458428028534e-12,
        -1.4428458428028534e-12,
        0.0
      ]
    ],
    [
      [
        0.0,
        0.00044454964983464684,
        0.00041173399357585794,
        0.00015283286436651444,
        0.0023387807128134597,
        -1.4428458428028534e-12
      ],
      [
        0.00044454964983464684,
        0.0,
        7.163306614543785e-10,
        0.0010737818590730863,
        0.000932308800950743,
        -1.4428180872272378e-12
      ],
      [
        0.00041173399357585794,
        7.163306614543785e-10,
        0.0,
        0.0010076813381574845,
        0.0008749185334900877,
        -1.4428180872272378e-12
      ],
      [
        0.00015283286436651444,
        0.0010737818590730863,
        0.0010076813381574845,
        0.0,
        0.00037227214259188957,
        -1.4428180872272378e-12
      ],
      [
        0.0023387807128134597,
        0.000932308800950743,
        0.0008749185334900877,
        0.00037227214259188957,
        0.0,
        -1.4428180872272378e-12
      ],
      [
        -1.4428458428028534e-12,
        -1.4428180872272378e-12,
        -1.4428180872272378e-12,
        -1.4428180872272378e-12,
        -1.4428180872272378e-12,
        0.0
      ]
    ],
    [
      [
        0.0,
        0.00015779369150337175,
        2.318171910764555e-05,
        4.118394477670151e-05,
        3.492154526441027e-06,
        -1.4428458428028534e-12
      ],
      [
        0.00015779369150337175,
        0.0,
        0.0012744239205804142,
        7.484136528290719e-07,
        3.784137707435464e-05,
        -1.4428180872272378e-12
      ],
      [
        2.318171910764555e-05,
        0.0012744239205804142,
        0.0,
        0.0013162036466188298,
        0.001571992493287766,
        -1.4428180872272378e-12
      ],
      [
        4.118394477670151e-05,
        7.484136528290719e-07,
        0.0013162036466188298,
        0.0,
        0.0002636876993609705,
        -1.4428180872272378e-12
      ],
      [
        3.492154526441027e-06,
        3.784137707435464e-05,
        0.001571992493287766,
        0.0002636876993609705,
        0.0,
        -1.4428180872272378e-12
      ],
      [
        -1.4428458428028534e-12,
        -1.4428180872272378e-12,
        -1.4428180872272378e-12,
        -1.4428180872272378e-12,
        -1.4428180872272378e-12,
        0.0
      ]
    ],
    [
      [
        0.0,
        0.0004811173605732133,
        0.0001908696614754124,
        3.086720183165248e-05,
        4.371940936298557e-05,
        -1.4428458428028534e-12
      ],
      [
        0.0004811173605732133,
        0.0,
        0.00031879100263187965,
        0.0006028520593810427,
        0.0003143357932922086,
        -1.4428458428028534e-12
      ],
      [
        0.0001908696614754124,
        0.00031879100263187965,
        0.0,
        0.0006847174176427551,
        0.002120094225541269,
        -1.4428458428028534e-12
      ],
      [
        3.086720183165248e-05,
        0.0006028520593810427,
        0.0006847174176427551,
        0.0,
        0.0002463988942100759,
        -1.4428458428028534e-12
      ],
      [
        4.371940936298557e-05,
        0.0003143357932922086,
        0.002120094225541269,
        0.0002463988942100759,
        0.0,
        -1.4428458428028534e-12
      ],
      [
        -1.4428458428028534e-12,
        -1.4428458428028534e-12,
        -1.4428458428028534e-12,
        -1.4428458428028534e-12,
        -1.4428458428028534e-12,
        0.0
      ]
    ],
    [
      [
        0.0,
        4.4608975127813366e-05,
        0.0013649136018893948,
        1.0850775725268491e-05,
        0.0001558821630758267,
        -1.4428458428028534e-12
      ],
      [
        4.4608975127813366e-05,
        0.0,
        5.255480877597307e-06,
        0.000894005032456846,
        0.00018428359105193692,
        -1.4428458428028534e-12
      ],
      [
        0.0013649136018893948,
        5.255480877597307e-06,
        0.0,
        0.00031576716638714863,
        0.0006715421804788235,
        -1.4428458428028534e-12
      ],
      [
        1.0850775725268491e-05,
        0.000894005032456846,
        0.00031576716638714863,
        0.0,
        0.0005736657978130388,
        -1.4428458428028534e-12
      ],
      [
        0.0001558821630758267,
        0.00018428359105193692,
        0.0006715421804788235,
        0.0005736657978130388,
        0.0,
        -1.4428458428028534e-12
      ],
      [
        -1.4428458428028534e-12,
        -1.4428458428028534e-12,
        -1.4428458428028534e-12,
        -1.4428458428028534e-12,
        -1.4428458428028534e-12,
        0.0
      ]
    ],
    [
      [
        0.0,
        0.0003179216226918413,
        0.002089407480076355,
        0.0013792634976852458,
        1.3128672504025829e-05,
        -1.4428458428028534e-12
      ],
      [
        0.0003179216226918413,
        0.0,
        0.00013125688384629797,
        0.00025446727084510457,
        1.2735599462798675e-06,
        -1.4428458428028534e-12
      ],
      [
        0.002089407480076355,
        0.00013125688384629797,
        0.0,
        0.00040304760352638525,
        0.0012194009208317258,
        -1.4428458428028534e-12
      ],
      [
        0.0013792634976852458,
        0.00025446727084510457,
        0.00040304760352638525,
        0.0,
        0.0032221218785202232,
        -1.4428458428028534e-12
      ],
      [
        1.3128672504025829e-05,
        1.2735599462798675e-06,
        0.0012194009208317258,
        0.0032221218785202232,
        0.0,
        -1.4428458428028534e-12
      ],
      [
        -1.4428458428028534e-12,
        -1.4428458428028534e-12,
        -1.4428458428028534e-12,
        -1.4428458428028534e-12,
        -1.4428458428028534e-12,
        0.0
      ]
    ],
    [
      [
        0.0,
        -1.4428458428028534e-12,
        -1.4428458428028534e-12,
        -1.4428458428028534e-12,
        -1.4428458428028534e-12,
        -1.4428458428028534e-12
      ],
      [
        -1.4428458428028534e-12,
        0.0,
        -1.4428232973175175e-12,
        -1.4428232973175175e-12,
        -1.4428232973175175e-12,
        -1.4428232973175175e-12
      ],
      [
        -1.4428458428028534e-12,
        -1.4428232973175175e-12,
        0.0,
        -1.4428232973175175e-12,
        -1.4428232973175175e-12,
        -1.4428232973175175e-12
      ],
      [
        -1.4428458428028534e-12,
        -1.4428232973175175e-12,
        -1.4428232973175175e-12,
        0.0,
        -1.4428232973175175e-12,
        -1.4428232973175175e-12
      ],
      [
        -1.4428458428028534e-12,
        -1.4428232973175175e-12,
        -1.4428232973175175e-12,
        -1.4428232973175175e-12,
        0.0,
        -1.4428232973175175e-12
      ],
      [
        -1.4428458428028534e-12,
        -1.4428232973175175e-12,
        -1.4428232973175175e-12,
        -1.4428232973175175e-12,
        -1.4428232973175175e-12,
        0.0
      ]
    ],
    [
      [
        0.0,
        -1.4428458428028534e-12,
        -1.4428458428028534e-12,
        -1.4428458428028534e-12,
        -1.4428458428028534e-12,
        -1.4428458428028534e-12
      ],
      [
        -1.4428458428028534e-12,
        0.0,
        -1.4428232973175175e-12,
        -1.4428232973175175e-12,
        -1.4428232973175175e-12,
        -1.4428232973175175e-12
      ],
      [
        -1.4428458428028534e-12,
        -1.4428232973175175e-12,
        0.0,
        -1.4428232973175175e-12,
        -1.4428232973175175e-12,
        -1.4428232973175175e-12
      ],
      [
        -1.4428458428028534e-12,
        -1.4428232973175175e-12,
        -1.4428232973175175e-12,
        0.0,
        -1.4428232973175175e-12,
        -1.4428232973175175e-12
      ],
      [
        -1.4428458428028534e-12,
        -1.4428232973175175e-12,
        -1.4428232973175175e-12,
        -1.4428232973175175e-12,
        0.0,
        -1.4428232973175175e-12
      ],
      [
        -1.4428458428028534e-12,
        -1.4428232973175175e-12,
        -1.4428232973175175e-12,
        -1.4428232973175175e-12,
        -1.4428232973175175e-12,
        0.0
      ]
    ],
    [
      [
        0.0,
        0.00022960197341603816,
        0.0016101602456874975,
        0.00018851709854539322,
        0.0004232572200149054,
        -1.4428458428028534e-12
      ],
      [
        0.00022960197341603816,
        0.0,
        2.780303533689299e-05,
        0.00015441412427086298,
        0.00011417264758950552,
        -1.4428458428028534e-12
      ],
      [
        0.0016101602456874975,
        2.780303533689299e-05,
        0.0,
        0.001010673757852798,
        2.8302559486270695e-05,
        -1.4428458428028534e-12
      ],
      [
        0.00018851709854539322,
        0.00015441412427086298,
        0.001010673757852798,
        0.0,
        0.00042066735261547805,
        -1.4428458428028534e-12
      ],
      [
        0.0004232572200149054,
        0.00011417264758950552,
        2.8302559486270695e-05,
        0.00042066735261547805,
        0.0,
        -1.4428458428028534e-12
      ],
      [
        -1.4428458428028534e-12,
        -1.4428458428028534e-12,
        -1.4428458428028534e-12,
        -1.4428458428028534e-12,
        -1.4428458428028534e-12,
        0.0
      ]
    ],
    [
      [
        0.0,
        0.0020662978891829997,
        0.0009635337179394465,
        0.0010445293638379205,
        0.002202048323085126,
        -1.4428180872272378e-12
      ],
      [
        0.0020662978891829997,
        0.0,
        3.6392943482121964e-05,
        0.0004991194371171126,
        0.00018717795970513151,
        -1.4428458428028534e-12
      ],
      [
        0.0009635337179394465,
        3.6392943482121964e-05,
        0.0,
        0.0003440423819438543,
        9.739112168061226e-06,
        -1.4428458428028534e-12
      ],
      [
        0.0010445293638379205,
        0.0004991194371171126,
        0.0003440423819438543,
        0.0,
        0.0009856087326436391,
        -1.4428458428028534e-12
      ],
      [
        0.002202048323085126,
        0.00018717795970513151,
        9.739112168061226e-06,
        0.0009856087326436391,
        0.0,
        -1.4428458428028534e-12
      ],
      [
        -1.4428180872272378e-12,
        -1.4428458428028534e-12,
        -1.4428458428028534e-12,
        -1.4428458428028534e-12,
