{
  "spec": {
    "num_qubits": 4,
    "topology": "triangulated",
    "custom_edges": "0-1:1.0000,0-2:0.9723,0-3:1.0000,1-2:1.0000,1-3:0.9532,2-3:0.9532",
    "alpha": 0.8,
    "weight": 1.0,
    "gamma": 0.3,
    "sigma": null,
    "init_angle": 0.0,
    "init_angles": null,
    "shots": 100,
    "device": "simulator",
    "geometry": "spherical",
    "curvature": 2.0,
    "timesteps": 5,
    "dimension": 2,
    "mass_hinge": null,
    "mass_value": 0.0,
    "solve_regge": false,
    "lorentzian": false,
    "excite": false,
    "fast": true,
    "strong_curvature": false,
    "charge_injection": false,
    "charge_strength": 1.0,
    "charge_location": 3,
    "spin_injection": false,
    "spin_strength": 1.0,
    "spin_location": 3,
    "edge_floor": 0.001,
    "compute_entropies": false,
    "hyperbolic_triangulation": false,
    "trotter_steps": 4,
    "dt": 0.1,
    "analyze_curvature": false,
    "einstein_solver": false,
    "page_curve": true,
    "radiation_ordering": null,
    "page_curve_timesteps": 3,
    "entropy_method": "basic",
    "num_shadows": 50,
    "shots_per_shadow": 500,
    "num_bases": 10,
    "shots_per_basis": 500
  },
  "uid": "8M8QZE",
  "counts_per_timestep": [
    null,
    null,
    null,
    null,
    null
  ],
  "job_ids_per_timestep": [
    null,
    null,
    null,
    null,
    null
  ],
  "entropy_per_timestep": [
    null,
    null,
    null,
    null,
    null
  ],
  "mutual_information_per_timestep": [
    {
      "I_0,1": 0.04741393097414842,
      "I_0,2": 0.04763272011310471,
      "I_0,3": 0.23388199679334193,
      "I_1,2": 0.046985538958707995,
      "I_1,3": 0.22851634138960925,
      "I_2,3": 0.23029803845478314
    },
    {
      "I_0,1": 0.15971648004619743,
      "I_0,2": 0.7454614506558102,
      "I_0,3": 0.3593097872598583,
      "I_1,2": 0.05225993555914621,
      "I_1,3": 0.5749001936782718,
      "I_2,3": 0.3197499503012857
    },
    {
      "I_0,1": 0.28417842773551305,
      "I_0,2": 0.6099574617445382,
      "I_0,3": 0.40928956628936985,
      "I_1,2": 0.24859864661500297,
      "I_1,3": 0.48521491585164944,
      "I_2,3": 0.41543942503225684
    },
    {
      "I_0,1": 0.31327223794552705,
      "I_0,2": 0.3232771886429333,
      "I_0,3": 0.4820167430665132,
      "I_1,2": 0.4797357630817718,
      "I_1,3": 0.3308558643333963,
      "I_2,3": 0.33890053636799977
    },
    {
      "I_0,1": 0.5603189784617852,
      "I_0,2": 0.5541253037895493,
      "I_0,3": 0.5643825308772263,
      "I_1,2": 0.562972747902299,
      "I_1,3": 0.5614962663093437,
      "I_2,3": 0.5525332242916163
    }
  ],
  "boundary_entropies_per_timestep": [
    {
      "entropy_A": 0.33220664150744117,
      "entropy_B": 0.33220664150743795,
      "mi_AB": 0.6644132830148745,
      "pure_state_check": true,
      "entropy_difference": 3.219646771412954e-15,
      "multiple_regions": {
        "size_1_region_0": {
          "region": [
            0
          ],
          "entropy": 0.1503227771288727,
          "rt_area": 3,
          "size": 1
        },
        "size_1_region_1": {
          "region": [
            1
          ],
          "entropy": 0.14731635884980812,
          "rt_area": 3,
          "size": 1
        },
        "size_1_region_2": {
          "region": [
            2
          ],
          "entropy": 0.1483166019518731,
          "rt_area": 3,
          "size": 1
        },
        "size_2_region_0": {
          "region": [
            0,
            1
          ],
          "entropy": 0.25022520500453127,
          "rt_area": 4,
          "size": 2
        },
        "size_2_region_1": {
          "region": [
            0,
            2
          ],
          "entropy": 0.2510066589676392,
          "rt_area": 4,
          "size": 2
        },
        "size_2_region_2": {
          "region": [
            0,
            3
          ],
          "entropy": 0.2486474218429675,
          "rt_area": 4,
          "size": 2
        },
        "size_3_region_0": {
          "region": [
            0,
            1,
            2
          ],
          "entropy": 0.33220664150744117,
          "rt_area": 3,
          "size": 3
        },
        "size_3_region_1": {
          "region": [
            0,
            1,
            3
          ],
          "entropy": 0.14831660195187596,
          "rt_area": 3,
          "size": 3
        },
        "size_3_region_2": {
          "region": [
            0,
            2,
            3
          ],
          "entropy": 0.14731635884980904,
          "rt_area": 3,
          "size": 3
        }
      }
    },
    {
      "entropy_A": 0.9913267242480857,
      "entropy_B": 0.9913267242480849,
      "mi_AB": 1.9826534484961655,
      "pure_state_check": true,
      "entropy_difference": 7.771561172376096e-16,
      "multiple_regions": {
        "size_1_region_0": {
          "region": [
            0
          ],
          "entropy": 0.9965906176093096,
          "rt_area": 3,
          "size": 1
        },
        "size_1_region_1": {
          "region": [
            1
          ],
          "entropy": 0.7577850632701848,
          "rt_area": 3,
          "size": 1
        },
        "size_1_region_2": {
          "region": [
            2
          ],
          "entropy": 0.9230824268864981,
          "rt_area": 3,
          "size": 1
        },
        "size_2_region_0": {
          "region": [
            0,
            1
          ],
          "entropy": 1.594659200833297,
          "rt_area": 4,
          "size": 2
        },
        "size_2_region_1": {
          "region": [
            0,
            2
          ],
          "entropy": 1.1742115938399977,
          "rt_area": 4,
          "size": 2
        },
        "size_2_region_2": {
          "region": [
            0,
            3
          ],
          "entropy": 1.6286075545975363,
          "rt_area": 4,
          "size": 2
        },
        "size_3_region_0": {
          "region": [
            0,
            1,
            2
          ],
          "entropy": 0.9913267242480857,
          "rt_area": 3,
          "size": 3
        },
        "size_3_region_1": {
          "region": [
            0,
            1,
            3
          ],
          "entropy": 0.9230824268865,
          "rt_area": 3,
          "size": 3
        },
        "size_3_region_2": {
          "region": [
            0,
            2,
            3
          ],
          "entropy": 0.7577850632701857,
          "rt_area": 3,
          "size": 3
        }
      }
    },
    {
      "entropy_A": 0.998679353762373,
      "entropy_B": 0.9986793537623727,
      "mi_AB": 1.9973587075247425,
      "pure_state_check": true,
      "entropy_difference": 3.3306690738754696e-16,
      "multiple_regions": {
        "size_1_region_0": {
          "region": [
            0
          ],
          "entropy": 0.9954201280604456,
          "rt_area": 3,
          "size": 1
        },
        "size_1_region_1": {
          "region": [
            1
          ],
          "entropy": 0.852703395276817,
          "rt_area": 3,
          "size": 1
        },
        "size_1_region_2": {
          "region": [
            2
          ],
          "entropy": 0.9807051668716338,
          "rt_area": 3,
          "size": 1
        },
        "size_2_region_0": {
          "region": [
            0,
            1
          ],
          "entropy": 1.5639450956017495,
          "rt_area": 4,
          "size": 2
        },
        "size_2_region_1": {
          "region": [
            0,
            2
          ],
          "entropy": 1.366167833187541,
          "rt_area": 4,
          "size": 2
        },
        "size_2_region_2": {
          "region": [
            0,
            3
          ],
          "entropy": 1.5848099155334485,
          "rt_area": 4,
          "size": 2
        },
        "size_3_region_0": {
          "region": [
            0,
            1,
            2
          ],
          "entropy": 0.998679353762373,
          "rt_area": 3,
          "size": 3
        },
        "size_3_region_1": {
          "region": [
            0,
            1,
            3
          ],
          "entropy": 0.9807051668716383,
          "rt_area": 3,
          "size": 3
        },
        "size_3_region_2": {
          "region": [
            0,
            2,
            3
          ],
          "entropy": 0.8527033952768236,
          "rt_area": 3,
          "size": 3
        }
      }
    },
    {
      "entropy_A": 0.9994952236381953,
      "entropy_B": 0.9994952236381929,
      "mi_AB": 1.9989904472763855,
      "pure_state_check": true,
      "entropy_difference": 2.4424906541753444e-15,
      "multiple_regions": {
        "size_1_region_0": {
          "region": [
            0
          ],
          "entropy": 0.9828917365817245,
          "rt_area": 3,
          "size": 1
        },
        "size_1_region_1": {
          "region": [
            1
          ],
          "entropy": 0.9855405844345857,
          "rt_area": 3,
          "size": 1
        },
        "size_1_region_2": {
          "region": [
            2
          ],
          "entropy": 0.9945653958005907,
          "rt_area": 3,
          "size": 1
        },
        "size_2_region_0": {
          "region": [
            0,
            1
          ],
          "entropy": 1.6551600830707835,
          "rt_area": 4,
          "size": 2
        },
        "size_2_region_1": {
          "region": [
            0,
            2
          ],
          "entropy": 1.6541799437393823,
          "rt_area": 4,
          "size": 2
        },
        "size_2_region_2": {
          "region": [
            0,
            3
          ],
          "entropy": 1.5003702171534044,
          "rt_area": 4,
          "size": 2
        },
        "size_3_region_0": {
          "region": [
            0,
            1,
            2
          ],
          "entropy": 0.9994952236381953,
          "rt_area": 3,
          "size": 3
        },
        "size_3_region_1": {
          "region": [
            0,
            1,
            3
          ],
          "entropy": 0.9945653958005932,
          "rt_area": 3,
          "size": 3
        },
        "size_3_region_2": {
          "region": [
            0,
            2,
            3
          ],
          "entropy": 0.9855405844345912,
          "rt_area": 3,
          "size": 3
        }
      }
    },
    {
      "entropy_A": 0.9962044966251407,
      "entropy_B": 0.99620449662514,
      "mi_AB": 1.9924089932502775,
      "pure_state_check": true,
      "entropy_difference": 6.661338147750939e-16,
      "multiple_regions": {
        "size_1_region_0": {
          "region": [
            0
          ],
          "entropy": 0.9964118924503276,
          "rt_area": 3,
          "size": 1
        },
        "size_1_region_1": {
          "region": [
            1
          ],
          "entropy": 0.9993924822227617,
          "rt_area": 3,
          "size": 1
        },
        "size_1_region_2": {
          "region": [
            2
          ],
          "entropy": 0.9918141238777791,
          "rt_area": 3,
          "size": 1
        },
        "size_2_region_0": {
          "region": [
            0,
            1
          ],
          "entropy": 1.4354853962113039,
          "rt_area": 4,
          "size": 2
        },
        "size_2_region_1": {
          "region": [
            0,
            2
          ],
          "entropy": 1.4341007125385572,
          "rt_area": 4,
          "size": 2
        },
        "size_2_region_2": {
          "region": [
            0,
            3
          ],
          "entropy": 1.4282338581982414,
          "rt_area": 4,
          "size": 2
        },
        "size_3_region_0": {
          "region": [
            0,
            1,
            2
          ],
          "entropy": 0.9962044966251407,
          "rt_area": 3,
          "size": 3
        },
        "size_3_region_1": {
          "region": [
            0,
            1,
            3
          ],
          "entropy": 0.9918141238777801,
          "rt_area": 3,
          "size": 3
        },
        "size_3_region_2": {
          "region": [
            0,
            2,
            3
          ],
          "entropy": 0.9993924822227631,
          "rt_area": 3,
          "size": 3
        }
      }
    }
  ],
  "distance_matrix_per_timestep": [
    [
      [
        0.0,
        3.048839191053764,
        2.9213195675675845,
        1.452938578027934
      ],
      [
        3.048839191053764,
        0.0,
        3.0579154063454306,
        4.5017777690816985
      ],
      [
        2.9213195675675845,
        3.0579154063454306,
        0.0,
        1.4683809895396507
      ],
      [
        1.452938578027934,
        4.5017777690816985,
        1.4683809895396507,
        0.0
      ]
    ],
    [
      [
        0.0,
        1.8343550353082159,
        0.29375185549619787,
        1.0235703454344447
      ],
      [
        1.8343550353082159,
        0.0,
        2.1281068908044136,
        2.8579253807426603
      ],
      [
        0.29375185549619787,
        2.1281068908044136,
        0.0,
        1.1402159939531087
      ],
      [
        1.0235703454344447,
        2.8579253807426603,
        1.1402159939531087,
        0.0
      ]
    ],
    [
      [
        0.0,
        1.2581529714234723,
        0.49436605909138676,
        0.8933323874056424
      ],
      [
        1.2581529714234723,
        0.0,
        1.3919155439468818,
        2.1514853588291145
      ],
      [
        0.49436605909138676,
        1.3919155439468818,
        0.0,
        0.8784184634441022
      ],
      [
        0.8933323874056424,
        2.1514853588291145,
        0.8784184634441022,
        0.0
      ]
    ],
    [
      [
        0.0,
        1.160682696678531,
        1.1292451546029454,
        0.7297764288823233
      ],
      [
        1.160682696678531,
        0.0,
        0.7345198202370639,
        1.8165684379340932
      ],
      [
        1.1292451546029454,
        0.7345198202370639,
        0.0,
        1.0820486176970294
      ],
      [
        0.7297764288823233,
        1.8165684379340932,
        1.0820486176970294,
        0.0
      ]
    ],
    [
      [
        0.0,
        0.5792490530199048,
        0.5903644376841813,
        0.5720230111528908
      ],
      [
        0.5792490530199048,
        0.0,
        0.574524057160907,
        1.1512720641727956
      ],
      [
        0.5903644376841813,
        0.574524057160907,
        0.0,
        0.5932417129337696
      ],
      [
        0.5720230111528908,
        1.1512720641727956,
        0.5932417129337696,
        0.0
      ]
    ]
  ],
  "edge_mi": {
    "0,1": 0.5603189784617852,
    "0,3": 0.5643825308772263,
    "0,2": 0.5541253037895493,
    "1,2": 0.562972747902299,
    "2,3": 0.5525332242916163
  },
  "distance_matrix": [
    [
      0.0,
      0.5792490530199048,
      0.5903644376841813,
      0.5720230111528908
    ],
    [
      0.5792490530199048,
      0.0,
      0.574524057160907,
      0.577150154319347
    ],
    [
      0.5903644376841813,
      0.574524057160907,
      0.0,
      0.5932417129337696
    ],
    [
      0.5720230111528908,
      0.577150154319347,
      0.5932417129337696,
      0.0
    ]
  ],
  "shortest_paths": {
    "0": {
      "0": 0,
      "3": 0.5720230111528908,
      "1": 0.5792490530199048,
      "2": 0.5903644376841813
    },
    "1": {
      "1": 0,
      "2": 0.574524057160907,
      "3": 0.577150154319347,
      "0": 0.5792490530199048
    },
    "2": {
      "2": 0,
      "1": 0.574524057160907,
      "0": 0.5903644376841813,
      "3": 0.5932417129337696
    },
    "3": {
      "3": 0,
      "0": 0.5720230111528908,
      "1": 0.577150154319347,
      "2": 0.5932417129337696
    }
  },
  "gromov_delta": 0.3057915697325301,
  "mean_distance": 0.4358190532838751,
  "angle_sums": [
    3.4613969762547554,
    3.4552275306084037,
    3.4659112624768516,
    3.461640897465083
  ],
  "mean_angle_sum": 3.4610441667012735,
  "min_angle_sum": 3.4552275306084037,
  "max_angle_sum": 3.4659112624768516,
  "angle_sum_deviations": [
    0.3198043226649623,
    0.3136348770186106,
    0.32431860888705843,
    0.3200482438752901
  ],
  "triangle_inequality_violations": [],
  "embedding_coords": null,
  "edge_weight_variance": 0.00044924805555555464,
  "event_nodes": [
    [
      0,
      0
    ],
    [
      1,
      0
    ],
    [
      2,
      0
    ],
    [
      3,
      0
    ],
    [
      0,
      1
    ],
    [
      1,
      1
    ],
    [
      2,
      1
    ],
    [
      3,
      1
    ],
    [
      0,
      2
    ],
    [
      1,
      2
    ],
    [
      2,
      2
    ],
    [
      3,
      2
    ],
    [
      0,
      3
    ],
    [
      1,
      3
    ],
    [
      2,
      3
    ],
    [
      3,
      3
    ],
    [
      0,
      4
    ],
    [
      1,
      4
    ],
    [
      2,
      4
    ],
    [
      3,
      4
    ]
  ],
  "event_edges": [
    {
      "type": "spatial",
      "from": [
        0,
        0
      ],
      "to": [
        1,
        0
      ],
      "weight": 3.048839191053764
    },
    {
      "type": "spatial",
      "from": [
        0,
        0
      ],
      "to": [
        2,
        0
      ],
      "weight": 2.9213195675675845
    },
    {
      "type": "spatial",
      "from": [
        0,
        0
      ],
      "to": [
        3,
        0
      ],
      "weight": 1.452938578027934
    },
    {
      "type": "spatial",
      "from": [
        1,
        0
      ],
      "to": [
        2,
        0
      ],
      "weight": 3.0579154063454306
    },
    {
      "type": "spatial",
      "from": [
        1,
        0
      ],
      "to": [
        3,
        0
      ],
      "weight": 4.5017777690816985
    },
    {
      "type": "spatial",
      "from": [
        2,
        0
      ],
      "to": [
        3,
        0
      ],
      "weight": 1.4683809895396507
    },
    {
      "type": "temporal",
      "from": [
        0,
        0
      ],
      "to": [
        0,
        1
      ],
      "weight": 1.0
    },
    {
      "type": "temporal",
      "from": [
        1,
        0
      ],
      "to": [
        1,
        1
      ],
      "weight": 1.0
    },
    {
      "type": "temporal",
      "from": [
        2,
        0
      ],
      "to": [
        2,
        1
      ],
      "weight": 1.0
    },
    {
      "type": "temporal",
      "from": [
        3,
        0
      ],
      "to": [
        3,
        1
      ],
      "weight": 1.0
    },
    {
      "type": "spatial",
      "from": [
        0,
        1
      ],
      "to": [
        1,
        1
      ],
      "weight": 1.8343550353082159
    },
    {
      "type": "spatial",
      "from": [
        0,
        1
      ],
      "to": [
        2,
        1
      ],
      "weight": 0.29375185549619787
    },
    {
      "type": "spatial",
      "from": [
        0,
        1
      ],
      "to": [
        3,
        1
      ],
      "weight": 1.0235703454344447
    },
    {
      "type": "spatial",
      "from": [
        1,
        1
      ],
      "to": [
        2,
        1
      ],
      "weight": 2.1281068908044136
    },
    {
      "type": "spatial",
      "from": [
        1,
        1
      ],
      "to": [
        3,
        1
      ],
      "weight": 2.8579253807426603
    },
    {
      "type": "spatial",
      "from": [
        2,
        1
      ],
      "to": [
        3,
        1
      ],
      "weight": 1.1402159939531087
    },
    {
      "type": "temporal",
      "from": [
        0,
        1
      ],
      "to": [
        0,
        2
      ],
      "weight": 1.0
    },
    {
      "type": "temporal",
      "from": [
        1,
        1
      ],
      "to": [
        1,
        2
      ],
      "weight": 1.0
    },
    {
      "type": "temporal",
      "from": [
        2,
        1
      ],
      "to": [
        2,
        2
      ],
      "weight": 1.0
    },
    {
      "type": "temporal",
      "from": [
        3,
        1
      ],
      "to": [
        3,
        2
      ],
      "weight": 1.0
    },
    {
      "type": "spatial",
      "from": [
        0,
        2
      ],
      "to": [
        1,
        2
      ],
      "weight": 1.2581529714234723
    },
    {
      "type": "spatial",
      "from": [
        0,
        2
      ],
      "to": [
        2,
        2
      ],
      "weight": 0.49436605909138676
    },
    {
      "type": "spatial",
      "from": [
        0,
        2
      ],
      "to": [
        3,
        2
      ],
      "weight": 0.8933323874056424
    },
    {
      "type": "spatial",
      "from": [
        1,
        2
      ],
      "to": [
        2,
        2
      ],
      "weight": 1.3919155439468818
    },
    {
      "type": "spatial",
      "from": [
        1,
        2
      ],
      "to": [
        3,
        2
      ],
      "weight": 2.1514853588291145
    },
    {
      "type": "spatial",
      "from": [
        2,
        2
      ],
      "to": [
        3,
        2
      ],
      "weight": 0.8784184634441022
    },
    {
      "type": "temporal",
      "from": [
        0,
        2
      ],
      "to": [
        0,
        3
      ],
      "weight": 1.0
    },
    {
      "type": "temporal",
      "from": [
        1,
        2
      ],
      "to": [
        1,
        3
      ],
      "weight": 1.0
    },
    {
      "type": "temporal",
      "from": [
        2,
        2
      ],
      "to": [
        2,
        3
      ],
      "weight": 1.0
    },
    {
      "type": "temporal",
      "from": [
        3,
        2
      ],
      "to": [
        3,
        3
      ],
      "weight": 1.0
    },
    {
      "type": "spatial",
      "from": [
        0,
        3
      ],
      "to": [
        1,
        3
      ],
      "weight": 1.160682696678531
    },
    {
      "type": "spatial",
      "from": [
        0,
        3
      ],
      "to": [
        2,
        3
      ],
      "weight": 1.1292451546029454
    },
    {
      "type": "spatial",
      "from": [
        0,
        3
      ],
      "to": [
        3,
        3
      ],
      "weight": 0.7297764288823233
    },
    {
      "type": "spatial",
      "from": [
        1,
        3
      ],
      "to": [
        2,
        3
      ],
      "weight": 0.7345198202370639
    },
    {
      "type": "spatial",
      "from": [
        1,
        3
      ],
      "to": [
        3,
        3
      ],
      "weight": 1.8165684379340932
    },
    {
      "type": "spatial",
      "from": [
        2,
        3
      ],
      "to": [
        3,
        3
      ],
      "weight": 1.0820486176970294
    },
    {
      "type": "temporal",
      "from": [
        0,
        3
      ],
      "to": [
        0,
        4
      ],
      "weight": 1.0
    },
    {
      "type": "temporal",
      "from": [
        1,
        3
      ],
      "to": [
        1,
        4
      ],
      "weight": 1.0
    },
    {
      "type": "temporal",
      "from": [
        2,
        3
      ],
      "to": [
        2,
        4
      ],
      "weight": 1.0
    },
    {
      "type": "temporal",
      "from": [
        3,
        3
      ],
      "to": [
        3,
        4
      ],
      "weight": 1.0
    },
    {
      "type": "spatial",
      "from": [
        0,
        4
      ],
      "to": [
        1,
        4
      ],
      "weight": 0.5792490530199048
    },
    {
      "type": "spatial",
      "from": [
        0,
        4
      ],
      "to": [
        2,
        4
      ],
      "weight": 0.5903644376841813
    },
    {
      "type": "spatial",
      "from": [
        0,
        4
      ],
      "to": [
        3,
        4
      ],
      "weight": 0.5720230111528908
    },
    {
      "type": "spatial",
      "from": [
        1,
        4
      ],
      "to": [
        2,
        4
      ],
      "weight": 0.574524057160907
    },
    {
      "type": "spatial",
      "from": [
        1,
        4
      ],
      "to": [
        3,
        4
      ],
      "weight": 1.1512720641727956
    },
    {
      "type": "spatial",
      "from": [
        2,
        4
      ],
      "to": [
        3,
        4
      ],
      "weight": 0.5932417129337696
    }
  ],
  "lorentzian_dissimilarity": [
    [
      0.0,
      9.29542041290537,
      8.534108015853258,
      2.111030511521835,
      -1.0,
      8.29542041290537,
      7.534108015853258,
      1.111030511521835,
      -4.0,
      5.29542041290537,
      4.534108015853258,
      -1.888969488478165,
      -9.0,
      0.29542041290537036,
      -0.46589198414674193,
      -6.888969488478165,
      -16.0,
      -6.70457958709463,
      -7.465891984146742,
      -13.888969488478164
    ],
    [
      9.29542041290537,
      0.0,
      9.350846632364739,
      20.266003082198193,
      8.29542041290537,
      -1.0,
      8.350846632364739,
      19.266003082198193,
      5.29542041290537,
      -4.0,
      5.350846632364739,
      16.266003082198193,
      0.29542041290537036,
      -9.0,
      0.350846632364739,
      11.266003082198193,
      -6.70457958709463,
      -16.0,
      -6.649153367635261,
      4.266003082198193
    ],
    [
      8.534108015853258,
      9.350846632364739,
      0.0,
      2.1561427304414438,
      7.534108015853258,
      8.350846632364739,
      -1.0,
      1.1561427304414438,
      4.534108015853258,
      5.350846632364739,
      -4.0,
      -1.8438572695585562,
      -0.46589198414674193,
      0.350846632364739,
      -9.0,
      -6.843857269558557,
      -7.465891984146742,
      -6.649153367635261,
      -16.0,
      -13.843857269558557
    ],
    [
      2.111030511521835,
      20.266003082198193,
      2.1561427304414438,
      0.0,
      1.111030511521835,
      19.266003082198193,
      1.1561427304414438,
      -1.0,
      -1.888969488478165,
      16.266003082198193,
      -1.8438572695585562,
      -4.0,
      -6.888969488478165,
      11.266003082198193,
      -6.843857269558557,
      -9.0,
      -13.888969488478164,
      4.266003082198193,
      -13.843857269558557,
      -16.0
    ],
    [
      -1.0,
      8.29542041290537,
      7.534108015853258,
      1.111030511521835,
      0.0,
      3.364858395560606,
      0.08629015260745912,
      1.0476962520527884,
      -1.0,
      2.364858395560606,
      -0.9137098473925409,
      0.04769625205278838,
      -4.0,
      -0.635141604439394,
      -3.913709847392541,
      -2.9523037479472114,
      -9.0,
      -5.635141604439394,
      -8.913709847392541,
      -7.952303747947211
    ],
    [
      8.29542041290537,
      -1.0,
      8.350846632364739,
      19.266003082198193,
      3.364858395560606,
      0.0,
      4.528838938689228,
      8.16773748189308,
      2.364858395560606,
      -1.0,
      3.528838938689228,
      7.167737481893081,
      -0.635141604439394,
      -4.0,
      0.528838938689228,
      4.167737481893081,
      -5.635141604439394,
      -9.0,
      -4.471161061310772,
      -0.8322625181069192
    ],
    [
      7.534108015853258,
      8.350846632364739,
      -1.0,
      1.1561427304414438,
      0.08629015260745912,
      4.528838938689228,
      0.0,
      1.3000925128664755,
      -0.9137098473925409,
      3.528838938689228,
      -1.0,
      0.30009251286647554,
      -3.913709847392541,
      0.528838938689228,
      -4.0,
      -2.6999074871335242,
      -8.913709847392541,
      -4.471161061310772,
      -9.0,
      -7.699907487133524
    ],
    [
      1.111030511521835,
      19.266003082198193,
      1.1561427304414438,
      -1.0,
      1.0476962520527884,
      8.16773748189308,
      1.3000925128664755,
      0.0,
      0.04769625205278838,
      7.167737481893081,
      0.30009251286647554,
      -1.0,
      -2.9523037479472114,
      4.167737481893081,
      -2.6999074871335242,
      -4.0,
      -7.952303747947211,
      -0.8322625181069192,
      -7.699907487133524,
      -9.0
    ],
    [
      -4.0,
      5.29542041290537,
      4.534108015853258,
      -1.888969488478165,
      -1.0,
      2.364858395560606,
      -0.9137098473925409,
      0.04769625205278838,
      0.0,
      1.5829488995017127,
      0.2443978003815485,
      0.7980427543878647,
      -1.0,
      0.5829488995017127,
      -0.7556021996184514,
      -0.20195724561213535,
      -4.0,
      -2.4170511004982873,
      -3.7556021996184517,
      -3.2019572456121352
    ],
    [
      5.29542041290537,
      -4.0,
      5.350846632364739,
      16.266003082198193,
      2.364858395560606,
      -1.0,
      3.528838938689228,
      7.167737481893081,
      1.5829488995017127,
      0.0,
      1.9374288814809437,
      4.628889249256043,
      0.5829488995017127,
      -1.0,
      0.9374288814809437,
      3.6288892492560434,
      -2.4170511004982873,
      -4.0,
      -2.062571118519056,
      0.6288892492560434
    ],
    [
      4.534108015853258,
      5.350846632364739,
      -4.0,
      -1.8438572695585562,
      -0.9137098473925409,
      3.528838938689228,
      -1.0,
      0.30009251286647554,
      0.2443978003815485,
      1.9374288814809437,
      0.0,
      0.7716189969194975,
      -0.7556021996184514,
      0.9374288814809437,
      -1.0,
      -0.22838100308050246,
      -3.7556021996184517,
      -2.062571118519056,
      -4.0,
      -3.2283810030805027
    ],
    [
      -1.888969488478165,
      16.266003082198193,
      -1.8438572695585562,
      -4.0,
      0.04769625205278838,
      7.167737481893081,
      0.30009251286647554,
      -1.0,
      0.7980427543878647,
      4.628889249256043,
      0.7716189969194975,
      0.0,
      -0.20195724561213535,
      3.6288892492560434,
      -0.22838100308050246,
      -1.0,
      -3.2019572456121352,
      0.6288892492560434,
      -3.2283810030805027,
      -4.0
    ],
    [
      -9.0,
      0.29542041290537036,
      -0.46589198414674193,
      -6.888969488478165,
      -4.0,
      -0.635141604439394,
      -3.913709847392541,
      -2.9523037479472114,
      -1.0,
      0.5829488995017127,
      -0.7556021996184514,
      -0.20195724561213535,
      0.0,
      1.347184322368947,
      1.27519461919423,
      0.5325736361522366,
      -1.0,
      0.34718432236894703,
      0.27519461919423005,
      -0.46742636384776337
    ],
    [
      0.29542041290537036,
      -9.0,
      0.350846632364739,
      11.266003082198193,
      -0.635141604439394,
      -4.0,
      0.528838938689228,
      4.167737481893081,
      0.5829488995017127,
      -1.0,
      0.9374288814809437,
      3.6288892492560434,
      1.347184322368947,
      0.0,
      0.5395193663210887,
      3.299920889698311,
      0.34718432236894703,
      -1.0,
      -0.46048063367891134,
      2.299920889698311
    ],
    [
      -0.46589198414674193,
      0.350846632364739,
      -9.0,
      -6.843857269558557,
      -3.913709847392541,
      0.528838938689228,
      -4.0,
      -2.6999074871335242,
      -0.7556021996184514,
      0.9374288814809437,
      -1.0,
      -0.22838100308050246,
      1.27519461919423,
      0.5395193663210887,
      0.0,
      1.1708292110600522,
      0.27519461919423005,
      -0.46048063367891134,
      -1.0,
      0.17082921106005222
    ],
    [
      -6.888969488478165,
      11.266003082198193,
      -6.843857269558557,
      -9.0,
      -2.9523037479472114,
      4.167737481893081,
      -2.6999074871335242,
      -4.0,
      -0.20195724561213535,
      3.6288892492560434,
      -0.22838100308050246,
      -1.0,
      0.5325736361522366,
      3.299920889698311,
      1.1708292110600522,
      0.0,
      -0.46742636384776337,
      2.299920889698311,
      0.17082921106005222,
      -1.0
    ],
    [
      -16.0,
      -6.70457958709463,
      -7.465891984146742,
      -13.888969488478164,
      -9.0,
      -5.635141604439394,
      -8.913709847392541,
      -7.952303747947211,
      -4.0,
      -2.4170511004982873,
      -3.7556021996184517,
      -3.2019572456121352,
      -1.0,
      0.34718432236894703,
      0.27519461919423005,
      -0.46742636384776337,
      0.0,
      0.3355294654244565,
      0.34853016928215963,
      0.3272103252884202
    ],
    [
      -6.70457958709463,
      -16.0,
      -6.649153367635261,
      4.266003082198193,
      -5.635141604439394,
      -9.0,
      -4.471161061310772,
      -0.8322625181069192,
      -2.4170511004982873,
      -4.0,
      -2.062571118519056,
      0.6288892492560434,
      0.34718432236894703,
      -1.0,
      -0.46048063367891134,
      2.299920889698311,
      0.3355294654244565,
      0.0,
      0.3300778922566292,
      1.3254273657446896
    ],
    [
      -7.465891984146742,
      -6.649153367635261,
      -16.0,
      -13.843857269558557,
      -8.913709847392541,
      -4.471161061310772,
      -9.0,
      -7.699907487133524,
      -3.7556021996184517,
      -2.062571118519056,
      -4.0,
      -3.2283810030805027,
      0.27519461919423005,
      -0.46048063367891134,
      -1.0,
      0.17082921106005222,
      0.34853016928215963,
      0.3300778922566292,
      0.0,
      0.3519357299645931
    ],
    [
      -13.888969488478164,
      4.266003082198193,
      -13.843857269558557,
      -16.0,
      -7.952303747947211,
      -0.8322625181069192,
      -7.699907487133524,
      -9.0,
      -3.2019572456121352,
      0.6288892492560434,
      -3.2283810030805027,
      -4.0,
      -0.46742636384776337,
      2.299920889698311,
      0.17082921106005222,
      -1.0,
      0.3272103252884202,
      1.3254273657446896,
      0.3519357299645931,
      0.0
    ]
  ],
  "lorentzian_embedding": [
    [
      0.0,
      0.0,
      0.0
    ],
    [
      0.0,
      0.0,
      0.0
    ],
    [
      0.0,
      0.0,
      0.0
    ],
    [
      0.0,
      0.0,
      0.0
    ],
    [
      0.0,
      0.0,
      0.0
    ],
    [
      0.0,
      0.0,
      0.0
    ],
    [
      0.0,
      0.0,
      0.0
    ],
    [
      0.0,
      0.0,
      0.0
    ],
    [
      0.0,
      0.0,
      0.0
    ],
    [
      0.0,
      0.0,
      0.0
    ],
    [
      0.0,
      0.0,
      0.0
    ],
    [
      0.0,
      0.0,
      0.0
    ],
    [
      0.0,
      0.0,
      0.0
    ],
    [
      0.0,
      0.0,
      0.0
    ],
    [
      0.0,
      0.0,
      0.0
    ],
    [
      0.0,
      0.0,
      0.0
    ],
    [
      0.0,
      0.0,
      0.0
    ],
    [
      0.0,
      0.0,
      0.0
    ],
    [
      0.0,
      0.0,
      0.0
    ],
    [
      0.0,
      0.0,
      0.0
    ]
  ],
  "edge_length_evolution": [],
  "angle_deficit_evolution": [],
  "regge_action_evolution": [],
  "gromov_delta_evolution": [],
  "mass_hinge": null,
  "mass_value": 0.0,
  "matter": {
    "(0, 1)": 0.0,
    "(1, 2)": 0.0,
    "(0, 3)": 0.0,
    "(2, 3)": 0.0,
    "(0, 2)": 0.0,
    "(1, 3)": 0.0
  },
  "stationary_solution": null,
  "einstein_analysis_per_timestep": [
    null,
    null,
    null,
    null,
    null
  ],
  "bootstrap_analysis": {
    "gromov_delta": {
      "mean": 1.6025941524709346,
      "lower_ci": 0.9280719730542977,
      "upper_ci": 2.373419936360448,
      "all_values": [
        3.048839191053764,
        1.9229081387969829,
        1.332491219665947,
        1.1237373528651504,
        0.5849948599728292
      ],
      "uncertainty": 0.7708257838895134
    },
    "entropy": {
      "mean": null,
      "lower_ci": null,
      "upper_ci": null,
      "uncertainty": null
    },
    "distance_matrix": {
      "mean": [
        [
          0.0,
          1.5762557894967775,
          1.0858094148884592,
          0.934328150180647
        ],
        [
          1.5762557894967775,
          0.0,
          1.5773963436989393,
          2.4958058021520726
        ],
        [
          1.0858094148884592,
          1.5773963436989393,
          0.0,
          1.0324611555135321
        ],
        [
          0.934328150180647,
          2.4958058021520726,
          1.0324611555135321,
          0.0
        ]
      ],
      "lower_ci": [
        [
          0.0,
          0.9568629702648384,
          0.4333200533718701,
          0.6802081759620638
        ],
        [
          1.023308248008076,
          0.0,
          0.9569529424132732,
          1.6883253033620462
        ],
        [
          0.4734428940909079,
          0.9249537897980419,
          0.0,
          0.7836926278939974
        ],
        [
          0.6802081759620638,
          1.6140841033996285,
          0.8105996948348821,
          0.0
        ]
      ],
      "upper_ci": [
        [
          0.0,
          2.3120243322978826,
          2.077513983279417,
          1.2224325016801143
        ],
        [
          2.3769339384036,
          0.0,
          2.364595815668593,
          3.3963079886003595
        ],
        [
          2.036400144924377,
          2.392074988523319,
          0.0,
          1.2604301906990705
        ],
        [
          1.1666117908302944,
          3.671131701878347,
          1.3006107506554618,
          0.0
        ]
      ]
    }
  },
  "topology_compatibility": {
    "current_topology": "triangulated",
    "explanation": "Triangulated topology is specifically designed for angle-sum curvature. Creates multiple triangles per vertex, enabling robust local curvature measurements. Each vertex has multiple incident triangles for well-defined angle sums.",
    "supports_local_curvature": true
  },
  "rt_surface_analysis": {
    "region_A": [
      0
    ],
    "region_B": [
      1,
      2,
      3
    ],
    "bulk_point": 2,
    "is_complementary": true,
    "rt_area_AB": 1.741636501856977,
    "rt_area_BA": 1.741636501856977,
    "area_consistent": true,
    "edges_consistent": true,
    "area_difference": 0.0,
    "rt_edges_AB": [
      [
        0,
        1
      ],
      [
        0,
        2
      ],
      [
        0,
        3
      ]
    ],
    "rt_edges_BA": [
      [
        0,
        1
      ],
      [
        0,
        2
      ],
      [
        0,
        3
      ]
    ],
    "edge_lengths": [
      0.5792490530199048,
      0.5903644376841813,
      0.5720230111528908,
      0.574524057160907,
      1.1512720641727956,
      0.5932417129337696
    ],
    "all_edges": [
      [
        0,
        1
      ],
      [
        0,
        2
      ],
      [
        0,
        3
      ],
      [
        1,
        2
      ],
      [
        1,
        3
      ],
      [
        2,
        3
      ]
    ]
  },
  "bulk_excitation_analysis": null,
  "page_curve_analysis": {
    "page_curve_data": {
      "timesteps": [
        0,
        1,
        2,
        3
      ],
      "radiation_sizes": [
        0,
        1,
        2,
        3
      ],
      "black_hole_sizes": [
        4,
        3,
        2,
        1
      ],
      "radiation_entropies": [
        0.0,
        0.9709505944546686,
        1.8859445063456086,
        2.956574243734413
      ],
      "radiation_entropy_metadata": [
        {
          "method": "basic",
          "success": true,
          "entropy": 0.0,
          "confidence_interval": [
            0.0,
            0.0
          ],
          "std_error": 0.0
        },
        {
          "method": "basic",
          "success": true,
          "entropy": 0.9709505944546686,
          "confidence_interval": [
            0.8738555350092018,
            1.0680456539001355
          ],
          "std_error": 0.048547529722733435
        },
        {
          "method": "basic",
          "success": true,
          "entropy": 1.8859445063456086,
          "confidence_interval": [
            1.6973500557110477,
            2.0745389569801698
          ],
          "std_error": 0.09429722531728044
        },
        {
          "method": "basic",
          "success": true,
          "entropy": 2.956574243734413,
          "confidence_interval": [
            2.660916819360972,
            3.2522316681078545
          ],
          "std_error": 0.14782871218672064
        }
      ],
