{
  "spec": {
    "num_qubits": 5,
    "topology": "triangulated",
    "custom_edges": "0-1:0.9184,0-2:0.7039,0-3:0.9694,0-4:1.0000,1-2:0.6715,1-3:0.6715,1-4:1.0000,2-3:1.0000,2-4:0.5920,3-4:0.9339",
    "alpha": 0.8,
    "weight": 0.7506233789512967,
    "gamma": 0.2261215967254545,
    "sigma": 0.44915843473336103,
    "init_angle": 1.1356372644105142,
    "init_angles": null,
    "shots": 100,
    "device": "simulator",
    "geometry": "spherical",
    "curvature": 4.5,
    "timesteps": 2,
    "dimension": 2,
    "mass_hinge": null,
    "mass_value": 0.0,
    "solve_regge": false,
    "lorentzian": true,
    "excite": true,
    "fast": true,
    "fast_preset": "balanced",
    "ctc_mode": false,
    "strong_curvature": true,
    "charge_injection": true,
    "charge_strength": 2.5,
    "charge_location": null,
    "spin_injection": true,
    "spin_strength": 2.0,
    "spin_location": null,
    "edge_floor": 0.001,
    "compute_entropies": true,
    "hyperbolic_triangulation": true,
    "trotter_steps": 8,
    "dt": 0.05,
    "analyze_curvature": true,
    "einstein_solver": true,
    "page_curve": true,
    "radiation_ordering": null,
    "page_curve_timesteps": 15,
    "entropy_method": "hybrid",
    "num_shadows": 100,
    "shots_per_shadow": 1000,
    "num_bases": 20,
    "shots_per_basis": 1000,
    "enhanced_entanglement": false,
    "entanglement_strength": 0.6964167087782128,
    "interpolate_geometry": false,
    "smooth_charge_injection": false,
    "min_qubits_for_continuum": 10,
    "benchmark_against_classical_geometry": false,
    "geometry_fit_metric": "wasserstein,kl,euclidean",
    "verify_noise_robustness": false,
    "run_on_multiple_backends": false,
    "detect_and_flag_causal_loops": true,
    "restrict_information_flow_direction": "bidirectional",
    "filter_noncausal_edges": true,
    "use_ryu_takayanagi_test": true,
    "compare_MI_vs_subsystem_entropy": true,
    "embed_boundary_entropy_in_geometry": true,
    "entropy_engineering": true,
    "target_entropy_pattern": "quantum_gravity",
    "custom_target_entropies": null,
    "entropy_optimization_iterations": 200,
    "entropy_tolerance": 0.05,
    "continue_on_engineering_failure": true,
    "validate_engineered_geometry": true,
    "enhance_bell_violations": true,
    "bell_entanglement_strength": 4.0,
    "teleportation_circuits": true,
    "long_range_coupling": 3.0,
    "holographic_optimization": true,
    "rt_surface_encoding": true,
    "conformal_symmetry": true,
    "bulk_reconstruction": true,
    "scalable_entanglement": true,
    "parallel_execution": true,
    "memory_optimization": true,
    "circuit_compilation": "optimized",
    "real_hardware": false,
    "error_mitigation": true,
    "zero_noise_extrapolation": true,
    "zne_noise_factors": [
      1.0,
      2.0,
      3.0
    ],
    "zne_extrapolation_method": "polynomial",
    "hardware_calibration": true,
    "noise_characterization": true,
    "backend_name": "ibm_brisbane",
    "quantum_mode": true,
    "quantum_entanglement_strength": 5.0,
    "quantum_circuit_depth": 12
  },
  "uid": "MKBNVI",
  "counts_per_timestep": [
    null,
    null
  ],
  "job_ids_per_timestep": [
    null,
    null
  ],
  "entropy_per_timestep": [
    null,
    null
  ],
  "mutual_information_per_timestep": [
    {
      "I_0,1": 0.5588128239780734,
      "I_0,2": 0.3836938659047706,
      "I_0,3": 0.167579656701774,
      "I_0,4": 0.38369386590477084,
      "I_1,2": 0.38369386590477084,
      "I_1,3": 0.16757965670177466,
      "I_1,4": 0.3836938659047706,
      "I_2,3": 0.35135931263545794,
      "I_2,4": 0.5309840257289333,
      "I_3,4": 0.3513593126354575
    },
    {
      "I_0,1": 0.4817774288875134,
      "I_0,2": 0.17389306178045194,
      "I_0,3": 0.18061757523097888,
      "I_0,4": 0.17389306178045238,
      "I_1,2": 0.17389306178045194,
      "I_1,3": 0.18061757523097932,
      "I_1,4": 0.17389306178045216,
      "I_2,3": 0.2699903563531918,
      "I_2,4": 0.4876828769736279,
      "I_3,4": 0.26999035635319246
    }
  ],
  "boundary_entropies_per_timestep": [
    {
      "entropy_A": 1.0586646663570713,
      "entropy_B": 1.0586646663570671,
      "mi_AB": 2.117329332714132,
      "pure_state_check": true,
      "entropy_difference": 4.218847493575595e-15,
      "multiple_regions": {
        "size_1_region_0": {
          "region": [
            0
          ],
          "entropy": 0.731905686725035,
          "rt_area": 4,
          "size": 1
        },
        "size_1_region_1": {
          "region": [
            1
          ],
          "entropy": 0.7319056867250348,
          "rt_area": 4,
          "size": 1
        },
        "size_1_region_2": {
          "region": [
            2
          ],
          "entropy": 0.8117938829081455,
          "rt_area": 4,
          "size": 1
        },
        "size_2_region_0": {
          "region": [
            0,
            1
          ],
          "entropy": 0.9049985494719963,
          "rt_area": 6,
          "size": 2
        },
        "size_2_region_1": {
          "region": [
            0,
            2
          ],
          "entropy": 1.1600057037284097,
          "rt_area": 6,
          "size": 2
        },
        "size_2_region_2": {
          "region": [
            0,
            3
          ],
          "entropy": 1.1625561261076398,
          "rt_area": 6,
          "size": 2
        },
        "size_3_region_0": {
          "region": [
            0,
            1,
            2
          ],
          "entropy": 1.0586646663570713,
          "rt_area": 6,
          "size": 3
        },
        "size_3_region_1": {
          "region": [
            0,
            1,
            3
          ],
          "entropy": 1.0926037400873618,
          "rt_area": 6,
          "size": 3
        },
        "size_3_region_2": {
          "region": [
            0,
            1,
            4
          ],
          "entropy": 1.0586646663570713,
          "rt_area": 6,
          "size": 3
        },
        "size_4_region_0": {
          "region": [
            0,
            1,
            2,
            3
          ],
          "entropy": 0.8117938829081512,
          "rt_area": 4,
          "size": 4
        },
        "size_4_region_1": {
          "region": [
            0,
            1,
            2,
            4
          ],
          "entropy": 0.5982300960843844,
          "rt_area": 4,
          "size": 4
        },
        "size_4_region_2": {
          "region": [
            0,
            1,
            3,
            4
          ],
          "entropy": 0.8117938829081502,
          "rt_area": 4,
          "size": 4
        }
      }
    },
    {
      "entropy_A": 1.6315123571394965,
      "entropy_B": 1.631512357139495,
      "mi_AB": 3.2630247142789877,
      "pure_state_check": true,
      "entropy_difference": 1.5543122344752192e-15,
      "multiple_regions": {
        "size_1_region_0": {
          "region": [
            0
          ],
          "entropy": 0.9571255914174792,
          "rt_area": 4,
          "size": 1
        },
        "size_1_region_1": {
          "region": [
            1
          ],
          "entropy": 0.9571255914174792,
          "rt_area": 4,
          "size": 1
        },
        "size_1_region_2": {
          "region": [
            2
          ],
          "entropy": 0.9660167150330852,
          "rt_area": 4,
          "size": 1
        },
        "size_2_region_0": {
          "region": [
            0,
            1
          ],
          "entropy": 1.432473753947445,
          "rt_area": 6,
          "size": 2
        },
        "size_2_region_1": {
          "region": [
            0,
            2
          ],
          "entropy": 1.7492492446701124,
          "rt_area": 6,
          "size": 2
        },
        "size_2_region_2": {
          "region": [
            0,
            3
          ],
          "entropy": 1.7119940146461026,
          "rt_area": 6,
          "size": 2
        },
        "size_3_region_0": {
          "region": [
            0,
            1,
            2
          ],
          "entropy": 1.6315123571394965,
          "rt_area": 6,
          "size": 3
        },
        "size_3_region_1": {
          "region": [
            0,
            1,
            3
          ],
          "entropy": 1.4443505530925436,
          "rt_area": 6,
          "size": 3
        },
        "size_3_region_2": {
          "region": [
            0,
            1,
            4
          ],
          "entropy": 1.631512357139497,
          "rt_area": 6,
          "size": 3
        },
        "size_4_region_0": {
          "region": [
            0,
            1,
            2,
            3
          ],
          "entropy": 0.9660167150330892,
          "rt_area": 4,
          "size": 4
        },
        "size_4_region_1": {
          "region": [
            0,
            1,
            2,
            4
          ],
          "entropy": 0.9354859984596067,
          "rt_area": 4,
          "size": 4
        },
        "size_4_region_2": {
          "region": [
            0,
            1,
            3,
            4
          ],
          "entropy": 0.9660167150330891,
          "rt_area": 4,
          "size": 4
        }
      }
    }
  ],
  "distance_matrix_per_timestep": [
    [
      [
        0.0,
        0.581940702725089,
        0.9579102685529517,
        2.003856164952971,
        0.9579102685529511
      ],
      [
        0.581940702725089,
        0.0,
        0.9579102685529511,
        2.0038561649529707,
        0.9579102685529517
      ],
      [
        0.9579102685529517,
        0.9579102685529511,
        0.0,
        1.0459458964000197,
        0.6330233415657188
      ],
      [
        2.003856164952971,
        2.0038561649529707,
        1.0459458964000197,
        0.0,
        1.0459458964000208
      ],
      [
        0.9579102685529511,
        0.9579102685529517,
        0.6330233415657188,
        1.0459458964000208,
        0.0
      ]
    ],
    [
      [
        0.0,
        0.7302730373717332,
        1.7493147561725693,
        3.058683794004602,
        1.7493147561725666
      ],
      [
        0.7302730373717332,
        0.0,
        1.7493147561725693,
        3.058683794004603,
        1.749314756172568
      ],
      [
        1.7493147561725693,
        1.7493147561725693,
        0.0,
        1.3093690378320377,
        0.7180899266351516
      ],
      [
        3.058683794004602,
        3.058683794004603,
        1.3093690378320377,
        0.0,
        1.3093690378320353
      ],
      [
        1.7493147561725666,
        1.749314756172568,
        0.7180899266351516,
        1.3093690378320353,
        0.0
      ]
    ]
  ],
  "edge_mi": {
    "0,1": 0.4817774288875134,
    "0,4": 0.17389306178045238,
    "0,2": 0.17389306178045194,
    "1,2": 0.17389306178045194,
    "1,4": 0.17389306178045216,
    "2,3": 0.2699903563531918,
    "2,4": 0.4876828769736279,
    "3,4": 0.26999035635319246
  },
  "distance_matrix": [
    [
      0.0,
      0.7302730373717332,
      1.7493147561725693,
      1.711373326947975,
      1.7493147561725666
    ],
    [
      0.7302730373717332,
      0.0,
      1.7493147561725693,
      1.7113733269479725,
      1.749314756172568
    ],
    [
      1.7493147561725693,
      1.7493147561725693,
      0.0,
      1.3093690378320377,
      0.7180899266351516
    ],
    [
      1.711373326947975,
      1.7113733269479725,
      1.3093690378320377,
      0.0,
      1.3093690378320353
    ],
    [
      1.7493147561725666,
      1.749314756172568,
      0.7180899266351516,
      1.3093690378320353,
      0.0
    ]
  ],
  "shortest_paths": {
    "0": {
      "0": 0,
      "1": 0.7302730373717332,
      "3": 1.711373326947975,
      "4": 1.7493147561725666,
      "2": 1.7493147561725693
    },
    "1": {
      "1": 0,
      "0": 0.7302730373717332,
      "3": 1.7113733269479725,
      "4": 1.749314756172568,
      "2": 1.7493147561725693
    },
    "2": {
      "2": 0,
      "4": 0.7180899266351516,
      "3": 1.3093690378320377,
      "0": 1.7493147561725693,
      "1": 1.7493147561725693
    },
    "3": {
      "3": 0,
      "4": 1.3093690378320353,
      "2": 1.3093690378320377,
      "1": 1.7113733269479725,
      "0": 1.711373326947975
    },
    "4": {
      "4": 0,
      "2": 0.7180899266351516,
      "3": 1.3093690378320353,
      "0": 1.7493147561725666,
      "1": 1.749314756172568
    }
  },
  "gromov_delta": 1.3902697928549927,
  "mean_distance": 1.1589685374605743,
  "angle_sums": [
    3.141592653589793,
    3.141592653589793,
    3.141592653589793,
    3.141592653589793,
    3.141592653589793,
    3.141592653589793,
    3.141592653589793,
    3.141592653589793,
    3.141592653589793,
    9.42477796076938
  ],
  "mean_angle_sum": 3.7699111843077517,
  "min_angle_sum": 3.141592653589793,
  "max_angle_sum": 9.42477796076938,
  "angle_sum_deviations": [
    0.0,
    0.0,
    0.0,
    0.0,
    0.0,
    0.0,
    0.0,
    0.0,
    0.0,
    6.283185307179586
  ],
  "triangle_inequality_violations": [],
  "embedding_coords": null,
  "edge_weight_variance": 0.024495260400000003,
  "event_nodes": [
    [
      0,
      0
    ],
    [
      1,
      0
    ],
    [
      2,
      0
    ],
    [
      3,
      0
    ],
    [
      4,
      0
    ],
    [
      0,
      1
    ],
    [
      1,
      1
    ],
    [
      2,
      1
    ],
    [
      3,
      1
    ],
    [
      4,
      1
    ]
  ],
  "event_edges": [
    {
      "type": "spatial",
      "from": [
        0,
        0
      ],
      "to": [
        1,
        0
      ],
      "weight": 0.581940702725089
    },
    {
      "type": "spatial",
      "from": [
        0,
        0
      ],
      "to": [
        2,
        0
      ],
      "weight": 0.9579102685529517
    },
    {
      "type": "spatial",
      "from": [
        0,
        0
      ],
      "to": [
        3,
        0
      ],
      "weight": 2.003856164952971
    },
    {
      "type": "spatial",
      "from": [
        0,
        0
      ],
      "to": [
        4,
        0
      ],
      "weight": 0.9579102685529511
    },
    {
      "type": "spatial",
      "from": [
        1,
        0
      ],
      "to": [
        2,
        0
      ],
      "weight": 0.9579102685529511
    },
    {
      "type": "spatial",
      "from": [
        1,
        0
      ],
      "to": [
        3,
        0
      ],
      "weight": 2.0038561649529707
    },
    {
      "type": "spatial",
      "from": [
        1,
        0
      ],
      "to": [
        4,
        0
      ],
      "weight": 0.9579102685529517
    },
    {
      "type": "spatial",
      "from": [
        2,
        0
      ],
      "to": [
        3,
        0
      ],
      "weight": 1.0459458964000197
    },
    {
      "type": "spatial",
      "from": [
        2,
        0
      ],
      "to": [
        4,
        0
      ],
      "weight": 0.6330233415657188
    },
    {
      "type": "spatial",
      "from": [
        3,
        0
      ],
      "to": [
        4,
        0
      ],
      "weight": 1.0459458964000208
    },
    {
      "type": "temporal",
      "from": [
        0,
        0
      ],
      "to": [
        0,
        1
      ],
      "weight": 1.0
    },
    {
      "type": "temporal",
      "from": [
        1,
        0
      ],
      "to": [
        1,
        1
      ],
      "weight": 1.0
    },
    {
      "type": "temporal",
      "from": [
        2,
        0
      ],
      "to": [
        2,
        1
      ],
      "weight": 1.0
    },
    {
      "type": "temporal",
      "from": [
        3,
        0
      ],
      "to": [
        3,
        1
      ],
      "weight": 1.0
    },
    {
      "type": "temporal",
      "from": [
        4,
        0
      ],
      "to": [
        4,
        1
      ],
      "weight": 1.0
    },
    {
      "type": "spatial",
      "from": [
        0,
        1
      ],
      "to": [
        1,
        1
      ],
      "weight": 0.7302730373717332
    },
    {
      "type": "spatial",
      "from": [
        0,
        1
      ],
      "to": [
        2,
        1
      ],
      "weight": 1.7493147561725693
    },
    {
      "type": "spatial",
      "from": [
        0,
        1
      ],
      "to": [
        3,
        1
      ],
      "weight": 3.058683794004602
    },
    {
      "type": "spatial",
      "from": [
        0,
        1
      ],
      "to": [
        4,
        1
      ],
      "weight": 1.7493147561725666
    },
    {
      "type": "spatial",
      "from": [
        1,
        1
      ],
      "to": [
        2,
        1
      ],
      "weight": 1.7493147561725693
    },
    {
      "type": "spatial",
      "from": [
        1,
        1
      ],
      "to": [
        3,
        1
      ],
      "weight": 3.058683794004603
    },
    {
      "type": "spatial",
      "from": [
        1,
        1
      ],
      "to": [
        4,
        1
      ],
      "weight": 1.749314756172568
    },
    {
      "type": "spatial",
      "from": [
        2,
        1
      ],
      "to": [
        3,
        1
      ],
      "weight": 1.3093690378320377
    },
    {
      "type": "spatial",
      "from": [
        2,
        1
      ],
      "to": [
        4,
        1
      ],
      "weight": 0.7180899266351516
    },
    {
      "type": "spatial",
      "from": [
        3,
        1
      ],
      "to": [
        4,
        1
      ],
      "weight": 1.3093690378320353
    }
  ],
  "lorentzian_dissimilarity": [
    [
      0.0,
      0.3386549814881704,
      0.917592082599188,
      4.015439529820029,
      0.917592082599187,
      -1.0,
      -0.6613450185118296,
      -0.08240791740081199,
      3.0154395298200294,
      -0.08240791740081299
    ],
    [
      0.3386549814881704,
      0.0,
      0.917592082599187,
      4.015439529820028,
      0.917592082599188,
      -0.6613450185118296,
      -1.0,
      -0.08240791740081299,
      3.0154395298200276,
      -0.08240791740081199
    ],
    [
      0.917592082599188,
      0.917592082599187,
      0.0,
      1.0940028181960406,
      0.40071855096702874,
      -0.08240791740081199,
      -0.08240791740081299,
      -1.0,
      0.09400281819604062,
      -0.5992814490329712
    ],
    [
      4.015439529820029,
      4.015439529820028,
      1.0940028181960406,
      0.0,
      1.094002818196043,
      3.0154395298200294,
      3.0154395298200276,
      0.09400281819604062,
      -1.0,
      0.09400281819604306
    ],
    [
      0.917592082599187,
      0.917592082599188,
      0.40071855096702874,
      1.094002818196043,
      0.0,
      -0.08240791740081299,
      -0.08240791740081199,
      -0.5992814490329712,
      0.09400281819604306,
      -1.0
    ],
    [
      -1.0,
      -0.6613450185118296,
      -0.08240791740081199,
      3.0154395298200294,
      -0.08240791740081299,
      0.0,
      0.5332987091121368,
      3.0601021161630952,
      9.355546551706386,
      3.060102116163086
    ],
    [
      -0.6613450185118296,
      -1.0,
      -0.08240791740081299,
      3.0154395298200276,
      -0.08240791740081199,
      0.5332987091121368,
      0.0,
      3.0601021161630952,
      9.355546551706395,
      3.060102116163091
    ],
    [
      -0.08240791740081199,
      -0.08240791740081299,
      -1.0,
      0.09400281819604062,
      -0.5992814490329712,
      3.0601021161630952,
      3.0601021161630952,
      0.0,
      1.7144472772331962,
      0.5156531427348774
    ],
    [
      3.0154395298200294,
      3.0154395298200276,
      0.09400281819604062,
      -1.0,
      0.09400281819604306,
      9.355546551706386,
      9.355546551706395,
      1.7144472772331962,
      0.0,
      1.7144472772331898
    ],
    [
      -0.08240791740081299,
      -0.08240791740081199,
      -0.5992814490329712,
      0.09400281819604306,
      -1.0,
      3.060102116163086,
      3.060102116163091,
      0.5156531427348774,
      1.7144472772331898,
      0.0
    ]
  ],
  "lorentzian_embedding": [
    [
      0.0,
      0.0,
      0.0
    ],
    [
      0.0,
      0.0,
      0.0
    ],
    [
      0.0,
      0.0,
      0.0
    ],
    [
      0.0,
      0.0,
      0.0
    ],
    [
      0.0,
      0.0,
      0.0
    ],
    [
      0.0,
      0.0,
      0.0
    ],
    [
      0.0,
      0.0,
      0.0
    ],
    [
      0.0,
      0.0,
      0.0
    ],
    [
      0.0,
      0.0,
      0.0
    ],
    [
      0.0,
      0.0,
      0.0
    ]
  ],
  "edge_length_evolution": [],
  "angle_deficit_evolution": [],
  "regge_action_evolution": [],
  "gromov_delta_evolution": [],
  "mass_hinge": null,
  "mass_value": 0.0,
  "matter": [
    {
      "(0, 1)": 0.0,
      "(2, 4)": 0.0,
      "(1, 2)": 0.0,
      "(0, 4)": 0.0,
      "(3, 4)": 0.0,
      "(0, 3)": 0.0,
      "(1, 4)": 0.0,
      "(2, 3)": 0.0,
      "(0, 2)": 0.0,
      "(1, 3)": 0.0
    },
    {
      "(0, 1)": 0.0,
      "(2, 4)": 0.0,
      "(1, 2)": 0.0,
      "(0, 4)": 0.0,
      "(3, 4)": 0.0,
      "(0, 3)": 0.0,
      "(1, 4)": 0.0,
      "(2, 3)": 0.0,
      "(0, 2)": 0.0,
      "(1, 3)": 0.0
    }
  ],
  "stationary_solution": null,
  "einstein_analysis_per_timestep": [
    {
      "ricci_tensor": [
        [
          0.14649801008002214,
          0.0
        ],
        [
          0.0,
          0.14649801008002214
        ]
      ],
      "metric_tensor": [
        [
          1.0292996020160043,
          0.014649801008002214
        ],
        [
          0.014649801008002214,
          1.0292996020160043
        ]
      ],
      "stress_energy_tensor": [
        [
          0.14649801008002214,
          0.002929960201600443
        ],
        [
          0.002929960201600443,
          0.14649801008002214
        ]
      ],
      "einstein_solution": {
        "einstein_tensor": [
          [
            0.0,
            0.0
          ],
          [
            0.0,
            0.0
          ]
        ],
        "ricci_scalar": 0.2929960201600443,
        "metric_tensor": [
          [
            1.0,
            0.0
          ],
          [
            0.0,
            1.0
          ]
        ],
        "lhs": [
          [
            0.0,
            0.0
          ],
          [
            0.0,
            0.0
          ]
        ],
        "rhs": [
          [
            0.14649801008002214,
            0.002929960201600443
          ],
          [
            0.002929960201600443,
            0.14649801008002214
          ]
        ],
        "equations_satisfied": false,
        "residual": 0.20722090446761993,
        "conservation_violation": 0.14649801008002214,
        "gravitational_constant": 0.039788735772973836,
        "cosmological_constant": 0.0
      },
      "entropy_first_derivative": 0.0,
      "entropy_second_derivative": 0.0,
      "entropy_curvature_correlation": 0.20717946771583784,
      "emergent_gravitational_constant": 0.023315882457361835,
      "average_mutual_information": 0.2929960201600443,
      "ricci_scalar": 0.2929960201600443,
      "analysis_summary": {
        "einstein_equations_satisfied": false,
        "residual_magnitude": 0.20722090446761993,
        "conservation_violation": 0.14649801008002214,
        "entropy_evolution_rate": 0.0,
        "entropy_acceleration": 0.0,
        "entanglement_curvature_coupling": 0.20717946771583784
      }
    },
    {
      "ricci_tensor": [
        [
          0.10264993664605168,
          0.0
        ],
        [
          0.0,
          0.10264993664605168
        ]
      ],
      "metric_tensor": [
        [
          1.0205299873292104,
          0.01026499366460517
        ],
        [
          0.01026499366460517,
          1.0205299873292104
        ]
      ],
      "stress_energy_tensor": [
        [
          0.10264993664605168,
          0.0020529987329210336
        ],
        [
          0.0020529987329210336,
          0.10264993664605168
        ]
      ],
      "einstein_solution": {
        "einstein_tensor": [
          [
            0.0,
            0.0
          ],
          [
            0.0,
            0.0
          ]
        ],
        "ricci_scalar": 0.20529987329210336,
        "metric_tensor": [
          [
            1.0,
            0.0
          ],
          [
            0.0,
            1.0
          ]
        ],
        "lhs": [
          [
            0.0,
            0.0
          ],
          [
            0.0,
            0.0
          ]
        ],
        "rhs": [
          [
            0.10264993664605168,
            0.0020529987329210336
          ],
          [
            0.0020529987329210336,
            0.10264993664605168
          ]
        ],
        "equations_satisfied": false,
        "residual": 0.14519796346530345,
        "conservation_violation": 0.10264993664605168,
        "gravitational_constant": 0.039788735772973836,
        "cosmological_constant": 0.0
      },
      "entropy_first_derivative": 0.0,
      "entropy_second_derivative": 0.0,
      "entropy_curvature_correlation": 0.14516892758158545,
      "emergent_gravitational_constant": 0.01633724482528902,
      "average_mutual_information": 0.20529987329210336,
      "ricci_scalar": 0.20529987329210336,
      "analysis_summary": {
        "einstein_equations_satisfied": false,
        "residual_magnitude": 0.14519796346530345,
        "conservation_violation": 0.10264993664605168,
        "entropy_evolution_rate": 0.0,
        "entropy_acceleration": 0.0,
        "entanglement_curvature_coupling": 0.14516892758158545
      }
    }
  ],
  "bootstrap_analysis": {
    "gromov_delta": {
      "mean": 2.2032165444545813,
      "lower_ci": 1.7128858135904266,
      "upper_ci": 2.6935472753187364,
      "all_values": [
        1.7128858135904266,
        2.6935472753187364
      ],
      "uncertainty": 0.49033073086415513
    },
    "entropy": {
      "mean": null,
      "lower_ci": null,
      "upper_ci": null,
      "uncertainty": null
    },
    "distance_matrix": {
      "mean": [
        [
          0.0,
          0.6561068700484112,
          1.3536125123627605,
          2.5312699794787865,
          1.353612512362759
        ],
        [
          0.6561068700484112,
          0.0,
          1.3536125123627603,
          2.531269979478787,
          1.3536125123627598
        ],
        [
          1.3536125123627605,
          1.3536125123627603,
          0.0,
          1.1776574671160287,
          0.6755566341004352
        ],
        [
          2.5312699794787865,
          2.531269979478787,
          1.1776574671160287,
          0.0,
          1.177657467116028
        ],
        [
          1.353612512362759,
          1.3536125123627598,
          0.6755566341004352,
          1.177657467116028,
          0.0
        ]
      ],
      "lower_ci": [
        [
          0.0,
          0.581940702725089,
          0.9579102685529517,
          2.003856164952971,
          0.9579102685529511
        ],
        [
          0.581940702725089,
          0.0,
          0.9579102685529511,
          2.0038561649529707,
          0.9579102685529517
        ],
        [
          0.9579102685529517,
          0.9579102685529511,
          0.0,
          1.0459458964000197,
          0.6330233415657188
        ],
        [
          2.003856164952971,
          2.0038561649529707,
          1.0459458964000197,
          0.0,
          1.0459458964000208
        ],
        [
          0.9579102685529511,
          0.9579102685529517,
          0.6330233415657188,
          1.0459458964000208,
          0.0
        ]
      ],
      "upper_ci": [
        [
          0.0,
          0.7302730373717332,
          1.7493147561725693,
          3.058683794004602,
          1.7493147561725666
        ],
        [
          0.7302730373717332,
          0.0,
          1.7493147561725693,
          3.058683794004603,
          1.749314756172568
        ],
        [
          1.7493147561725693,
          1.7493147561725693,
          0.0,
          1.3093690378320377,
          0.7180899266351516
        ],
        [
          3.058683794004602,
          3.058683794004603,
          1.3093690378320377,
          0.0,
          1.3093690378320353
        ],
        [
          1.7493147561725666,
          1.749314756172568,
          0.7180899266351516,
          1.3093690378320353,
          0.0
        ]
      ]
    }
  },
  "topology_compatibility": {
    "current_topology": "triangulated",
    "explanation": "Triangulated topology is specifically designed for angle-sum curvature. Creates multiple triangles per vertex, enabling robust local curvature measurements. Each vertex has multiple incident triangles for well-defined angle sums.",
    "supports_local_curvature": true
  },
  "rt_surface_analysis": {
    "region_A": [
      0,
      1
    ],
    "region_B": [
      2,
      3,
      4
    ],
    "bulk_point": 2,
    "is_complementary": true,
    "rt_area_AB": 13.114626612699478,
    "rt_area_BA": 13.114626612699478,
    "area_consistent": true,
    "edges_consistent": true,
    "area_difference": 0.0,
    "rt_edges_AB": [
      [
        0,
        2
      ],
      [
        0,
        3
      ],
      [
        0,
        4
      ],
      [
        1,
        2
      ],
      [
        1,
        3
      ],
      [
        1,
        4
      ]
    ],
    "rt_edges_BA": [
      [
        0,
        2
      ],
      [
        0,
        3
      ],
      [
        0,
        4
      ],
      [
        1,
        2
      ],
      [
        1,
        3
      ],
      [
        1,
        4
      ]
    ],
    "edge_lengths": [
      0.7302730373717332,
      1.7493147561725693,
      3.058683794004602,
      1.7493147561725666,
      1.7493147561725693,
      3.058683794004603,
      1.749314756172568,
      1.3093690378320377,
      0.7180899266351516,
      1.3093690378320353
    ],
    "all_edges": [
      [
        0,
        1
      ],
      [
        0,
        2
      ],
      [
        0,
        3
      ],
      [
        0,
        4
      ],
      [
        1,
        2
      ],
      [
        1,
        3
      ],
      [
        1,
        4
      ],
      [
        2,
        3
      ],
      [
        2,
        4
      ],
      [
        3,
        4
      ]
    ]
  },
  "bulk_excitation_analysis": {
    "ground_state_mi": [
      [
        0.0,
        0.4817774288875134,
        0.17389306178045194,
        0.18061757523097888,
        0.17389306178045238
      ],
      [
        0.4817774288875134,
        0.0,
        0.17389306178045194,
        0.1806175752309791,
        0.17389306178045194
      ],
      [
        0.17389306178045194,
        0.17389306178045194,
        0.0,
        0.2699903563531918,
        0.4876828769736279
      ],
      [
        0.18061757523097888,
        0.1806175752309791,
        0.2699903563531918,
        0.0,
        0.26999035635319246
      ],
      [
        0.17389306178045238,
        0.17389306178045194,
        0.4876828769736279,
        0.26999035635319246,
        0.0
      ]
    ],
    "excited_state_mi": [
      [
        0.0,
        0.4227852164709389,
        0.11127025100400689,
        0.16229684374340958,
        0.17389306178045172
      ],
      [
        0.4227852164709389,
        0.0,
        0.11247656534836992,
        0.16586113732276586,
        0.17154402345401798
      ],
      [
        0.11127025100400689,
        0.11247656534836992,
        0.0,
        0.10294745128683291,
        0.22195607999197264
      ],
      [
        0.16229684374340958,
        0.16586113732276586,
        0.10294745128683291,
        0.0,
        0.4002677144582887
      ],
      [
        0.17389306178045172,
        0.17154402345401798,
        0.22195607999197264,
        0.4002677144582887,
        0.0
      ]
    ],
    "mi_difference": [
      [
        0.0,
        -0.058992212416574485,
        -0.06262281077644505,
        -0.018320731487569297,
        -6.661338147750939e-16
      ],
      [
        -0.058992212416574485,
        0.0,
        -0.061416496432082024,
        -0.014756437908213238,
        -0.002349038326433961
      ],
      [
        -0.06262281077644505,
        -0.061416496432082024,
        0.0,
        -0.16704290506635888,
        -0.26572679698165524
      ],
      [
        -0.018320731487569297,
        -0.014756437908213238,
        -0.16704290506635888,
        0.0,
        0.13027735810509622
      ],
      [
        -6.661338147750939e-16,
        -0.002349038326433961,
        -0.26572679698165524,
        0.13027735810509622,
        0.0
      ]
    ],
    "avg_mi_change": 0.06252038300003432,
    "max_mi_change": 0.26572679698165524,
    "mi_change_boundary_A": -0.058992212416574485,
    "mi_change_boundary_B": -0.10083078131430596,
    "bulk_point": 2,
    "ground_state_counts": {
      "00000 00000": 15,
      "10110 10110": 5,
      "11011 11011": 11,
      "01111 01111": 17,
      "11110 11110": 10,
      "10010 10010": 1,
      "11111 11111": 6,
      "01000 01000": 6,
      "10000 10000": 1,
      "00011 00011": 2,
      "00110 00110": 1,
      "11101 11101": 8,
      "10111 10111": 3,
      "01100 01100": 3,
      "01010 01010": 1,
      "01011 01011": 6,
      "11000 11000": 1,
      "00010 00010": 1,
      "10011 10011": 1,
      "10101 10101": 1
    },
    "excited_state_counts": {
      "10110 11000": 1,
      "00010 01000": 5,
      "11000 11110": 1,
      "00100 01010": 1,
      "00100 01000": 2,
      "11000 10110": 5,
      "00001 01011": 1,
      "11100 10110": 2,
      "10101 11011": 7,
      "11101 10111": 2,
      "10111 11101": 2,
      "00110 00000": 1,
      "11110 10000": 2,
      "10101 10111": 1,
      "11110 11000": 1,
      "00101 01111": 5,
      "01111 00001": 1,
      "00110 01000": 1,
      "10011 11101": 8,
      "01000 00010": 1,
      "10001 11011": 3,
      "10111 11011": 2,
      "11010 10110": 1,
      "10101 11111": 1,
      "11101 10011": 1,
      "00001 01111": 7,
      "11001 10111": 1,
      "01101 00011": 1,
      "01000 00000": 3,
      "01001 00111": 1,
      "01110 00000": 5,
      "01010 00000": 4,
      "11011 10101": 3,
      "10000 10110": 2,
      "01100 00010": 2,
      "10000 11110": 4,
      "00011 01111": 1,
      "00101 01011": 2,
      "11011 11101": 1,
      "11001 11111": 1,
      "10100 11110": 3,
      "01001 00011": 1
    },
    "boundary_entropies": {
      "ground_state": {
        "entropy_A": 1.6315123571394965,
        "entropy_B": 1.631512357139495,
        "mi_AB": 3.2630247142789877
      },
      "excited_state": {
        "entropy_A": 1.4877213437701493,
        "entropy_B": 1.4877213437701484,
        "mi_AB": 2.9754426875402924
      },
      "rt_relation_test": {
        "entropy_ratio": 0.999999999999999,
        "rt_area_ratio": 1.0,
        "rt_deviation": 9.992007221626409e-16,
        "excited_entropy_ratio": 0.9999999999999994,
        "rt_relation_change": 4.440892098500626e-16
      }
    }
  },
  "page_curve_analysis": null,
  "einstein_analysis": null,
  "dynamic_evidence": {
    "angle_sums_per_timestep": [
      [
        5.268114384535963,
        3.8257719437849698,
        5.268114384535963,
        0.0,
        5.489492399564202,
        3.141592653589793,
        0.0,
        5.489492399564202,
        3.141592653589793,
        6.222564272219141
      ],
      [
        3.141592653589793,
        3.141592653589793,
        3.141592653589793,
        3.141592653589793,
        3.141592653589793,
        0.0,
        3.141592653589793,
        3.141592653589793,
        0.0,
        9.42477796076938
      ]
    ],
    "gromov_delta_per_timestep": [
      1.7128858135904266,
      2.6935472753187364
    ],
    "edge_mi_per_timestep": [
      {
        "0,1": 0.5588128239780734,
        "0,4": 0.38369386590477084,
        "0,2": 0.3836938659047706,
        "1,2": 0.38369386590477084,
        "1,4": 0.3836938659047706,
        "2,3": 0.35135931263545794,
        "2,4": 0.5309840257289333,
        "3,4": 0.3513593126354575
      },
      {
        "0,1": 0.4817774288875134,
        "0,4": 0.17389306178045238,
        "0,2": 0.17389306178045194,
        "1,2": 0.17389306178045194,
        "1,4": 0.17389306178045216,
        "2,3": 0.2699903563531918,
        "2,4": 0.4876828769736279,
        "3,4": 0.26999035635319246
      }
    ],
    "shortest_paths_per_timestep": [
      {
        "0": {
          "0": 0,
          "1": 0.581940702725089,
          "4": 0.9579102685529511,
          "2": 0.9579102685529517,
          "3": 2.003856164952971
        },
        "1": {
          "1": 0,
          "0": 0.581940702725089,
          "2": 0.9579102685529511,
          "4": 0.9579102685529517,
          "3": 2.0038561649529707
        },
        "2": {
          "2": 0,
          "4": 0.6330233415657188,
          "1": 0.9579102685529511,
          "0": 0.9579102685529517,
          "3": 1.0459458964000197
        },
        "3": {
          "3": 0,
          "2": 1.0459458964000197,
          "4": 1.0459458964000208,
          "1": 2.0038561649529707,
          "0": 2.003856164952971
        },
        "4": {
          "4": 0,
          "2": 0.6330233415657188,
          "0": 0.9579102685529511,
          "1": 0.9579102685529517,
          "3": 1.0459458964000208
        }
      },
      {
        "0": {
          "0": 0,
          "1": 0.7302730373717332,
          "4": 1.7493147561725666,
          "2": 1.7493147561725693,
          "3": 3.058683794004602
        },
        "1": {
          "1": 0,
          "0": 0.7302730373717332,
          "4": 1.749314756172568,
          "2": 1.7493147561725693,
          "3": 3.058683794004603
        },
        "2": {
          "2": 0,
          "4": 0.7180899266351516,
          "3": 1.3093690378320377,
          "0": 1.7493147561725693,
          "1": 1.7493147561725693
        },
        "3": {
          "3": 0,
          "4": 1.3093690378320353,
          "2": 1.3093690378320377,
          "0": 3.058683794004602,
          "1": 3.058683794004603
        },
        "4": {
          "4": 0,
          "2": 0.7180899266351516,
          "3": 1.3093690378320353,
          "0": 1.7493147561725666,
          "1": 1.749314756172568
        }
      }
    ],
    "mean_distance_per_timestep": [
      0.8916967392966876,
      1.3745382121896348
    ],
    "triangle_violations_per_timestep": [
      0,
      0
    ],
    "embedding_coords_per_timestep": [
      [
        [
          -0.12803636303569296,
          0.07681997715399291
        ],
        [
          -0.02264544072972731,
          -0.009988523873719655
        ],
        [
          -0.15141302073914675,
          -0.2850663158425182
        ],
        [
          0.011459892433115125,
          0.1266590269059095
        ],
        [
          0.29063493207145186,
          0.09157583565633554
        ]
      ],
      [
        [
          -0.04202888934818028,
          -0.01983381651896458
        ],
        [
          -0.0066326456220487,
          -0.07889496731364702
        ],
        [
          -0.03659276338189757,
          -0.022538774039602874
        ],
        [
          0.0003820125482209514,
          0.08048881585846733
        ],
        [
          0.08487228580390561,
          0.04077874201374714
        ]
      ]
    ],
    "regge_evolution_data": null,
    "evolution_summary": {
      "total_timesteps": 2,
      "gromov_delta_range": [
        1.7128858135904266,
        2.6935472753187364
      ],
      "mean_distance_range": [
        0.8916967392966876,
        1.3745382121896348
      ],
      "total_triangle_violations": 0,
      "hyperbolic_evolution": [
        false,
        false
      ],
      "regge_corrected": false
    }
  },
  "quantum_state_outputs": [
    {
      "timestep": 1,
      "statevector": [
        {
          "real": -0.26321337604828055,
          "imag": 0.017569551700116984
        },
        {
          "real": -0.16968417587596912,
