{
  "spec": {
    "num_qubits": 6,
    "topology": "triangulated",
    "custom_edges": "0-1:1.0000,0-2:1.0000,0-3:1.0000,0-4:1.0000,0-5:1.0000,1-2:1.0000,1-3:1.0000,1-4:1.0000,1-5:1.0000,2-3:1.0000,2-4:1.0000,2-5:1.0000,3-4:1.0000,3-5:0.1768,4-5:0.2846",
    "alpha": 0.8,
    "weight": 1.2717844108319347,
    "gamma": 7.928699186245114e-08,
    "sigma": 2.1637283793030026e-11,
    "init_angle": 2.4236205498119028e-08,
    "init_angles": null,
    "shots": 2048,
    "device": "simulator",
    "geometry": "spherical",
    "curvature": 4.5,
    "timesteps": 1,
    "dimension": 2,
    "mass_hinge": null,
    "mass_value": 0.0,
    "solve_regge": false,
    "lorentzian": true,
    "excite": true,
    "fast": false,
    "fast_preset": "balanced",
    "ctc_mode": false,
    "ctc_perturbation": null,
    "ctc_perturbation_strength": 1.0,
    "test_ctc_recovery": false,
    "strong_curvature": true,
    "charge_injection": true,
    "charge_strength": 2.5,
    "charge_location": null,
    "spin_injection": true,
    "spin_strength": 2.0,
    "spin_location": null,
    "edge_floor": 0.001,
    "compute_entropies": true,
    "hyperbolic_triangulation": true,
    "trotter_steps": 8,
    "dt": 0.05,
    "analyze_curvature": true,
    "einstein_solver": true,
    "page_curve": true,
    "radiation_ordering": null,
    "page_curve_timesteps": 15,
    "entropy_method": "hybrid",
    "num_shadows": 100,
    "shots_per_shadow": 1000,
    "num_bases": 20,
    "shots_per_basis": 1000,
    "enhanced_entanglement": false,
    "entanglement_strength": 0.8068858651212015,
    "interpolate_geometry": false,
    "smooth_charge_injection": false,
    "min_qubits_for_continuum": 10,
    "benchmark_against_classical_geometry": false,
    "geometry_fit_metric": "wasserstein,kl,euclidean",
    "verify_noise_robustness": false,
    "run_on_multiple_backends": false,
    "detect_and_flag_causal_loops": true,
    "restrict_information_flow_direction": "bidirectional",
    "filter_noncausal_edges": true,
    "use_ryu_takayanagi_test": true,
    "compare_MI_vs_subsystem_entropy": true,
    "embed_boundary_entropy_in_geometry": true,
    "entropy_engineering": true,
    "target_entropy_pattern": "quantum_gravity",
    "custom_target_entropies": null,
    "entropy_optimization_iterations": 200,
    "entropy_tolerance": 0.05,
    "continue_on_engineering_failure": true,
    "skip_entropy_engineering": false,
    "validate_engineered_geometry": true,
    "enhance_bell_violations": true,
    "bell_entanglement_strength": 4.0,
    "teleportation_circuits": true,
    "long_range_coupling": 3.0,
    "holographic_optimization": true,
    "rt_surface_encoding": true,
    "conformal_symmetry": true,
    "bulk_reconstruction": true,
    "scalable_entanglement": true,
    "parallel_execution": true,
    "memory_optimization": true,
    "circuit_compilation": "optimized",
    "real_hardware": false,
    "error_mitigation": true,
    "zero_noise_extrapolation": true,
    "zne_noise_factors": [
      1.0,
      2.0,
      3.0
    ],
    "zne_extrapolation_method": "polynomial",
    "hardware_calibration": true,
    "noise_characterization": true,
    "backend_name": "ibm_brisbane",
    "quantum_mode": true,
    "quantum_entanglement_strength": 5.0,
    "quantum_circuit_depth": 12,
    "geometric_teleportation": false,
    "teleportation_mode": "both",
    "bridge_strength": 1.0,
    "signal_state": "+",
    "emergent_geometry_teleportation": false,
    "teleportation_node_pairs": "auto",
    "teleportation_embedding_dim": 2,
    "teleportation_fidelity_threshold": 0.7,
    "superposition_gravity": true,
    "massive_bulk_mass_hinge": "1,2",
    "massive_bulk_mass_value": 2.0,
    "massless_bulk_mass_hinge": "None",
    "massless_bulk_mass_value": 0.0,
    "superposition_control_qubit": 0,
    "superposition_phase": 0.5,
    "interference_analysis": true,
    "classical_mixture_comparison": true,
    "coherence_preservation": true,
    "bulk_reconstruction_method": "mi_embedding"
  },
  "uid": "LOWDG0",
  "counts_per_timestep": [
    null
  ],
  "job_ids_per_timestep": [
    null
  ],
  "entropy_per_timestep": [
    null
  ],
  "mutual_information_per_timestep": [
    {
      "I_0,1": 0.01022027083527861,
      "I_0,2": 0.0077576407289395855,
      "I_0,3": 0.010220270835278555,
      "I_0,4": 0.007757640728939544,
      "I_0,5": 0.01022027083527953,
      "I_1,2": 0.010220270835278721,
      "I_1,3": 0.003930339933730261,
      "I_1,4": 0.01022027083527854,
      "I_1,5": 0.00393033993373015,
      "I_2,3": 0.010220270835278478,
      "I_2,4": 0.007757640728939572,
      "I_2,5": 0.010220270835279686,
      "I_3,4": 0.010220270835278523,
      "I_3,5": 0.0039303399337333594,
      "I_4,5": 0.010220270835279582
    }
  ],
  "boundary_entropies_per_timestep": [
    {
      "entropy_A": 0.03196402885594453,
      "entropy_B": 0.031964028855945015,
      "mi_AB": 0.06392805771187253,
      "pure_state_check": true,
      "entropy_difference": 4.85722573273506e-16,
      "multiple_regions": {
        "size_1_region_0": {
          "region": [
            0
          ],
          "entropy": 0.020761225570460274,
          "rt_area": 5,
          "size": 1
        },
        "size_1_region_1": {
          "region": [
            1
          ],
          "entropy": 0.017285769514451245,
          "rt_area": 5,
          "size": 1
        },
        "size_1_region_2": {
          "region": [
            2
          ],
          "entropy": 0.020761225570460257,
          "rt_area": 5,
          "size": 1
        },
        "size_2_region_0": {
          "region": [
            0,
            1
          ],
          "entropy": 0.027826724249633065,
          "rt_area": 8,
          "size": 2
        },
        "size_2_region_1": {
          "region": [
            0,
            2
          ],
          "entropy": 0.033764810411980914,
          "rt_area": 8,
          "size": 2
        },
        "size_2_region_2": {
          "region": [
            0,
            3
          ],
          "entropy": 0.027826724249633044,
          "rt_area": 8,
          "size": 2
        },
        "size_3_region_0": {
          "region": [
            0,
            1,
            2
          ],
          "entropy": 0.03196402885594453,
          "rt_area": 9,
          "size": 3
        },
        "size_3_region_1": {
          "region": [
            0,
            1,
            3
          ],
          "entropy": 0.031964028855945424,
          "rt_area": 9,
          "size": 3
        },
        "size_3_region_2": {
          "region": [
            0,
            1,
            4
          ],
          "entropy": 0.0319640288559448,
          "rt_area": 9,
          "size": 3
        },
        "size_4_region_0": {
          "region": [
            0,
            1,
            2,
            3
          ],
          "entropy": 0.027826724249634165,
          "rt_area": 8,
          "size": 4
        },
        "size_4_region_1": {
          "region": [
            0,
            1,
            2,
            4
          ],
          "entropy": 0.030641199095170005,
          "rt_area": 8,
          "size": 4
        },
        "size_4_region_2": {
          "region": [
            0,
            1,
            2,
            5
          ],
          "entropy": 0.02782672424963468,
          "rt_area": 8,
          "size": 4
        },
        "size_5_region_0": {
          "region": [
            0,
            1,
            2,
            3,
            4
          ],
          "entropy": 0.017285769514451262,
          "rt_area": 5,
          "size": 5
        },
        "size_5_region_1": {
          "region": [
            0,
            1,
            2,
            3,
            5
          ],
          "entropy": 0.020761225570462272,
          "rt_area": 5,
          "size": 5
        },
        "size_5_region_2": {
          "region": [
            0,
            1,
            2,
            4,
            5
          ],
          "entropy": 0.01728576951445201,
          "rt_area": 5,
          "size": 5
        }
      }
    }
  ],
  "distance_matrix_per_timestep": [
    [
      [
        0.0,
        4.583382194041213,
        4.859077020789258,
        4.583382194041219,
        4.859077020789264,
        4.583382194041123
      ],
      [
        4.583382194041213,
        0.0,
        4.583382194041202,
        9.166764388082427,
        4.58338219404122,
        9.16676438808231
      ],
      [
        4.859077020789258,
        4.583382194041202,
        0.0,
        4.583382194041226,
        4.85907702078926,
        4.583382194041108
      ],
      [
        4.583382194041219,
        9.166764388082427,
        4.583382194041226,
        0.0,
        4.583382194041222,
        9.166764388082335
      ],
      [
        4.859077020789264,
        4.58338219404122,
        4.85907702078926,
        4.583382194041222,
        0.0,
        4.583382194041118
      ],
      [
        4.583382194041123,
        9.16676438808231,
        4.583382194041108,
        9.166764388082335,
        4.583382194041118,
        0.0
      ]
    ]
  ],
  "edge_mi": {
    "0,1": 0.01022027083527861,
    "0,5": 0.01022027083527953,
    "0,2": 0.0077576407289395855,
    "0,4": 0.007757640728939544,
    "0,3": 0.010220270835278555,
    "1,2": 0.010220270835278721,
    "1,4": 0.01022027083527854,
    "2,3": 0.010220270835278478,
    "2,4": 0.007757640728939572,
    "2,5": 0.010220270835279686,
    "3,4": 0.010220270835278523,
    "4,5": 0.010220270835279582
  },
  "distance_matrix": [
    [
      0.0,
      4.583382194041213,
      4.859077020789258,
      4.583382194041219,
      4.859077020789264,
      4.583382194041123
    ],
    [
      4.583382194041213,
      0.0,
      4.583382194041202,
      5.539029359709247,
      4.58338219404122,
      5.539029359709275
    ],
    [
      4.859077020789258,
      4.583382194041202,
      0.0,
      4.583382194041226,
      4.85907702078926,
      4.583382194041108
    ],
    [
      4.583382194041219,
      5.539029359709247,
      4.583382194041226,
      0.0,
      4.583382194041222,
      5.539029359708458
    ],
    [
      4.859077020789264,
      4.58338219404122,
      4.85907702078926,
      4.583382194041222,
      0.0,
      4.583382194041118
    ],
    [
      4.583382194041123,
      5.539029359709275,
      4.583382194041108,
      5.539029359708458,
      4.583382194041118,
      0.0
    ]
  ],
  "shortest_paths": {
    "0": {
      "0": 0,
      "5": 4.583382194041123,
      "1": 4.583382194041213,
      "3": 4.583382194041219,
      "2": 4.859077020789258,
      "4": 4.859077020789264
    },
    "1": {
      "1": 0,
      "2": 4.583382194041202,
      "0": 4.583382194041213,
      "4": 4.58338219404122,
      "3": 5.539029359709247,
      "5": 5.539029359709275
    },
    "2": {
      "2": 0,
      "5": 4.583382194041108,
      "1": 4.583382194041202,
      "3": 4.583382194041226,
      "0": 4.859077020789258,
      "4": 4.85907702078926
    },
    "3": {
      "3": 0,
      "0": 4.583382194041219,
      "4": 4.583382194041222,
      "2": 4.583382194041226,
      "5": 5.539029359708458,
      "1": 5.539029359709247
    },
    "4": {
      "4": 0,
      "5": 4.583382194041118,
      "1": 4.58338219404122,
      "3": 4.583382194041222,
      "2": 4.85907702078926,
      "0": 4.859077020789264
    },
    "5": {
      "5": 0,
      "2": 4.583382194041108,
      "4": 4.583382194041118,
      "0": 4.583382194041123,
      "3": 5.539029359708458,
      "1": 5.539029359709275
    }
  },
  "gromov_delta": 2.769514679855032,
  "mean_distance": 4.024708827103634,
  "angle_sums": [
    9.42477796076938,
    9.42477796076938,
    9.42477796076938,
    9.42477796076938,
    9.42477796076938,
    9.42477796076938,
    9.42477796076938,
    9.42477796076938,
    9.42477796076938,
    9.42477796076938,
    9.42477796076938,
    9.42477796076938,
    9.42477796076938,
    9.42477796076938,
    3.4565395000370147,
    9.42477796076938,
    9.42477796076938,
    9.42477796076938,
    9.42477796076938,
    9.42477796076938
  ],
  "mean_angle_sum": 9.12636603773276,
  "min_angle_sum": 3.4565395000370147,
  "max_angle_sum": 9.42477796076938,
  "angle_sum_deviations": [
    6.283185307179586,
    6.283185307179586,
    6.283185307179586,
    6.283185307179586,
    6.283185307179586,
    6.283185307179586,
    6.283185307179586,
    6.283185307179586,
    6.283185307179586,
    6.283185307179586,
    6.283185307179586,
    6.283185307179586,
    6.283185307179586,
    6.283185307179586,
    0.3149468464472216,
    6.283185307179586,
    6.283185307179586,
    6.283185307179586,
    6.283185307179586,
    6.283185307179586
  ],
  "triangle_inequality_violations": [],
  "embedding_coords": [
    [
      0.1718332877046488,
      -0.009522215411175095
    ],
    [
      -0.12572557290452305,
      -0.1013873986910441
    ],
    [
      -0.10228267194504226,
      0.14449658968268111
    ],
    [
      0.10508392870685991,
      0.003351474606692189
    ],
    [
      0.00281863258035071,
      -0.12434226206885103
    ],
    [
      -0.05172760414229413,
      0.08740381188169694
    ]
  ],
  "embedding_coords_3d": [
    [
      0.07519062248092553,
      0.09360663454340534,
      -0.06912980340854372
    ],
    [
      -0.08567034462660403,
      -0.12247541009241075,
      -0.0493643647900104
    ],
    [
      0.009883986550035018,
      -0.08390652390716997,
      0.1498744670398071
    ],
    [
      -0.021584522097571966,
      -0.00516298983116152,
      0.07441395505968591
    ],
    [
      -0.11787506335295457,
      0.045617243099044975,
      -0.07693925052210267
    ],
    [
      0.14005532104617002,
      0.07232104618829192,
      -0.02885500337883621
    ]
  ],
  "edge_weight_variance": 0.06877573795555555,
  "event_nodes": [
    [
      0,
      0
    ],
    [
      1,
      0
    ],
    [
      2,
      0
    ],
    [
      3,
      0
    ],
    [
      4,
      0
    ],
    [
      5,
      0
    ]
  ],
  "event_edges": [
    {
      "type": "spatial",
      "from": [
        0,
        0
      ],
      "to": [
        1,
        0
      ],
      "weight": 4.583382194041213
    },
    {
      "type": "spatial",
      "from": [
        0,
        0
      ],
      "to": [
        2,
        0
      ],
      "weight": 4.859077020789258
    },
    {
      "type": "spatial",
      "from": [
        0,
        0
      ],
      "to": [
        3,
        0
      ],
      "weight": 4.583382194041219
    },
    {
      "type": "spatial",
      "from": [
        0,
        0
      ],
      "to": [
        4,
        0
      ],
      "weight": 4.859077020789264
    },
    {
      "type": "spatial",
      "from": [
        0,
        0
      ],
      "to": [
        5,
        0
      ],
      "weight": 4.583382194041123
    },
    {
      "type": "spatial",
      "from": [
        1,
        0
      ],
      "to": [
        2,
        0
      ],
      "weight": 4.583382194041202
    },
    {
      "type": "spatial",
      "from": [
        1,
        0
      ],
      "to": [
        3,
        0
      ],
      "weight": 9.166764388082427
    },
    {
      "type": "spatial",
      "from": [
        1,
        0
      ],
      "to": [
        4,
        0
      ],
      "weight": 4.58338219404122
    },
    {
      "type": "spatial",
      "from": [
        1,
        0
      ],
      "to": [
        5,
        0
      ],
      "weight": 9.16676438808231
    },
    {
      "type": "spatial",
      "from": [
        2,
        0
      ],
      "to": [
        3,
        0
      ],
      "weight": 4.583382194041226
    },
    {
      "type": "spatial",
      "from": [
        2,
        0
      ],
      "to": [
        4,
        0
      ],
      "weight": 4.85907702078926
    },
    {
      "type": "spatial",
      "from": [
        2,
        0
      ],
      "to": [
        5,
        0
      ],
      "weight": 4.583382194041108
    },
    {
      "type": "spatial",
      "from": [
        3,
        0
      ],
      "to": [
        4,
        0
      ],
      "weight": 4.583382194041222
    },
    {
      "type": "spatial",
      "from": [
        3,
        0
      ],
      "to": [
        5,
        0
      ],
      "weight": 9.166764388082335
    },
    {
      "type": "spatial",
      "from": [
        4,
        0
      ],
      "to": [
        5,
        0
      ],
      "weight": 4.583382194041118
    }
  ],
  "lorentzian_dissimilarity": [
    [
      0.0,
      21.007392336654043,
      23.610629493962215,
      21.0073923366541,
      23.610629493962268,
      21.00739233665322
    ],
    [
      21.007392336654043,
      0.0,
      21.007392336653943,
      84.0295693466162,
      21.007392336654107,
      84.02956934661405
    ],
    [
      23.610629493962215,
      21.007392336653943,
      0.0,
      21.007392336654164,
      23.610629493962232,
      21.00739233665308
    ],
    [
      21.0073923366541,
      84.0295693466162,
      21.007392336654164,
      0.0,
      21.00739233665412,
      84.02956934661451
    ],
    [
      23.610629493962268,
      21.007392336654107,
      23.610629493962232,
      21.00739233665412,
      0.0,
      21.00739233665317
    ],
    [
      21.00739233665322,
      84.02956934661405,
      21.00739233665308,
      84.02956934661451,
      21.00739233665317,
      0.0
    ]
  ],
  "lorentzian_embedding": [
    [
      -6.929171797562534e-07,
      0.3435248483369104,
      0.24840440357363663
    ],
    [
      0.0,
      -2.532666719517412,
      4.489559213282285
    ],
    [
      -1.9915308150599555e-07,
      0.34347382429740186,
      0.2484986207032478
    ],
    [
      0.0,
      5.454468784801645,
      0.6186345560627768
    ],
    [
      -6.265328192542549e-07,
      0.34346225573110617,
      0.24836210246559837
    ],
    [
      1.3276872100399703e-07,
      -1.8913897743011587,
      -4.362872852040665
    ]
  ],
  "edge_length_evolution": [],
  "angle_deficit_evolution": [],
  "regge_action_evolution": [],
  "gromov_delta_evolution": [],
  "mass_hinge": null,
  "mass_value": 0.0,
  "matter": {
    "(0, 1)": 0.0,
    "(2, 4)": 0.0,
    "(1, 2)": 0.0,
    "(0, 4)": 0.0,
    "(3, 4)": 0.0,
    "(1, 5)": 0.0,
    "(0, 3)": 0.0,
    "(1, 4)": 0.0,
    "(2, 3)": 0.0,
    "(0, 2)": 0.0,
    "(4, 5)": 0.0,
    "(0, 5)": 0.0,
    "(2, 5)": 0.0,
    "(1, 3)": 0.0,
    "(3, 5)": 0.0
  },
  "stationary_solution": null,
  "einstein_analysis_per_timestep": [
    {
      "ricci_tensor": [
        [
          0.0035290660973756305,
          0.0
        ],
        [
          0.0,
          0.0035290660973756305
        ]
      ],
      "metric_tensor": [
        [
          1.000705813219475,
          0.00035290660973756306
        ],
        [
          0.00035290660973756306,
          1.000705813219475
        ]
      ],
      "stress_energy_tensor": [
        [
          0.0035290660973756305,
          7.058132194751262e-05
        ],
        [
          7.058132194751262e-05,
          0.0035290660973756305
        ]
      ],
      "einstein_solution": {
        "einstein_tensor": [
          [
            0.0,
            0.0
          ],
          [
            0.0,
            0.0
          ]
        ],
        "ricci_scalar": 0.007058132194751261,
        "metric_tensor": [
          [
            1.0,
            0.0
          ],
          [
            0.0,
            1.0
          ]
        ],
        "lhs": [
          [
            0.0,
            0.0
          ],
          [
            0.0,
            0.0
          ]
        ],
        "rhs": [
          [
            0.0035290660973756305,
            7.058132194751262e-05
          ],
          [
            7.058132194751262e-05,
            0.0035290660973756305
          ]
        ],
        "equations_satisfied": false,
        "residual": 0.004991851208250086,
        "conservation_violation": 0.0035290660973756305,
        "gravitational_constant": 0.039788735772973836,
        "cosmological_constant": 0.0
      },
      "entropy_first_derivative": 0.0,
      "entropy_second_derivative": 0.0,
      "entropy_curvature_correlation": 0.004990848137424715,
      "emergent_gravitational_constant": 0.0005616683138953556,
      "average_mutual_information": 0.007058132194751261,
      "ricci_scalar": 0.007058132194751261,
      "analysis_summary": {
        "einstein_equations_satisfied": false,
        "residual_magnitude": 0.004991851208250086,
        "conservation_violation": 0.0035290660973756305,
        "entropy_evolution_rate": 0.0,
        "entropy_acceleration": 0.0,
        "entanglement_curvature_coupling": 0.004990848137424715
      }
    }
  ],
  "bootstrap_analysis": {
    "gromov_delta": {
      "mean": 4.583382194041226,
      "lower_ci": 4.583382194041226,
      "upper_ci": 4.583382194041226,
      "all_values": [
        4.583382194041226
      ],
      "uncertainty": 0.0
    },
    "entropy": {
      "mean": null,
      "lower_ci": null,
      "upper_ci": null,
      "uncertainty": null
    },
    "distance_matrix": {
      "mean": [
        [
          0.0,
          4.583382194041213,
          4.859077020789258,
          4.583382194041219,
          4.859077020789264,
          4.583382194041123
        ],
        [
          4.583382194041213,
          0.0,
          4.583382194041202,
          9.166764388082427,
          4.58338219404122,
          9.16676438808231
        ],
        [
          4.859077020789258,
          4.583382194041202,
          0.0,
          4.583382194041226,
          4.85907702078926,
          4.583382194041108
        ],
        [
          4.583382194041219,
          9.166764388082427,
          4.583382194041226,
          0.0,
          4.583382194041222,
          9.166764388082335
        ],
        [
          4.859077020789264,
          4.58338219404122,
          4.85907702078926,
          4.583382194041222,
          0.0,
          4.583382194041118
        ],
        [
          4.583382194041123,
          9.16676438808231,
          4.583382194041108,
          9.166764388082335,
          4.583382194041118,
          0.0
        ]
      ],
      "lower_ci": [
        [
          0.0,
          4.583382194041213,
          4.859077020789258,
          4.583382194041219,
          4.859077020789264,
          4.583382194041123
        ],
        [
          4.583382194041213,
          0.0,
          4.583382194041202,
          9.166764388082427,
          4.58338219404122,
          9.16676438808231
        ],
        [
          4.859077020789258,
          4.583382194041202,
          0.0,
          4.583382194041226,
          4.85907702078926,
          4.583382194041108
        ],
        [
          4.583382194041219,
          9.166764388082427,
          4.583382194041226,
          0.0,
          4.583382194041222,
          9.166764388082335
        ],
        [
          4.859077020789264,
          4.58338219404122,
          4.85907702078926,
          4.583382194041222,
          0.0,
          4.583382194041118
        ],
        [
          4.583382194041123,
          9.16676438808231,
          4.583382194041108,
          9.166764388082335,
          4.583382194041118,
          0.0
        ]
      ],
      "upper_ci": [
        [
          0.0,
          4.583382194041213,
          4.859077020789258,
          4.583382194041219,
          4.859077020789264,
          4.583382194041123
        ],
        [
          4.583382194041213,
          0.0,
          4.583382194041202,
          9.166764388082427,
          4.58338219404122,
          9.16676438808231
        ],
        [
          4.859077020789258,
          4.583382194041202,
          0.0,
          4.583382194041226,
          4.85907702078926,
          4.583382194041108
        ],
        [
          4.583382194041219,
          9.166764388082427,
          4.583382194041226,
          0.0,
          4.583382194041222,
          9.166764388082335
        ],
        [
          4.859077020789264,
          4.58338219404122,
          4.85907702078926,
          4.583382194041222,
          0.0,
          4.583382194041118
        ],
        [
          4.583382194041123,
          9.16676438808231,
          4.583382194041108,
          9.166764388082335,
          4.583382194041118,
          0.0
        ]
      ]
    }
  },
  "topology_compatibility": {
    "current_topology": "triangulated",
    "explanation": "Triangulated topology is specifically designed for angle-sum curvature. Creates multiple triangles per vertex, enabling robust local curvature measurements. Each vertex has multiple incident triangles for well-defined angle sums.",
    "supports_local_curvature": true
  },
  "rt_surface_analysis": {
    "region_A": [
      0,
      1
    ],
    "region_B": [
      2,
      3,
      4,
      5
    ],
    "bulk_point": 3,
    "is_complementary": true,
    "rt_area_AB": 46.385211593908025,
    "rt_area_BA": 46.385211593908025,
    "area_consistent": true,
    "edges_consistent": true,
    "area_difference": 0.0,
    "rt_edges_AB": [
      [
        0,
        2
      ],
      [
        0,
        3
      ],
      [
        0,
        4
      ],
      [
        0,
        5
      ],
      [
        1,
        2
      ],
      [
        1,
        3
      ],
      [
        1,
        4
      ],
      [
        1,
        5
      ]
    ],
    "rt_edges_BA": [
      [
        0,
        2
      ],
      [
        0,
        3
      ],
      [
        0,
        4
      ],
      [
        0,
        5
      ],
      [
        1,
        2
      ],
      [
        1,
        3
      ],
      [
        1,
        4
      ],
      [
        1,
        5
      ]
    ],
    "edge_lengths": [
      4.583382194041213,
      4.859077020789258,
      4.583382194041219,
      4.859077020789264,
      4.583382194041123,
      4.583382194041202,
      9.166764388082427,
      4.58338219404122,
      9.16676438808231,
      4.583382194041226,
      4.85907702078926,
      4.583382194041108,
      4.583382194041222,
      9.166764388082335,
      4.583382194041118
    ],
    "all_edges": [
      [
        0,
        1
      ],
      [
        0,
        2
      ],
      [
        0,
        3
      ],
      [
        0,
        4
      ],
      [
        0,
        5
      ],
      [
        1,
        2
      ],
      [
        1,
        3
      ],
      [
        1,
        4
      ],
      [
        1,
        5
      ],
      [
        2,
        3
      ],
      [
        2,
        4
      ],
      [
        2,
        5
      ],
      [
        3,
        4
      ],
      [
        3,
        5
      ],
      [
        4,
        5
      ]
    ]
  },
  "bulk_excitation_analysis": {
    "ground_state_mi": [
      [
        0.0,
        0.010220270835278458,
        0.007757640728939613,
        0.010220270835278638,
        0.007757640728939641,
        0.010220270835279571
      ],
      [
        0.010220270835278458,
        0.0,
        0.01022027083527861,
        0.003930339933730886,
        0.010220270835278388,
        0.003930339933731635
      ],
      [
        0.007757640728939613,
        0.01022027083527861,
        0.0,
        0.010220270835278576,
        0.007757640728939655,
        0.010220270835279783
      ],
      [
        0.010220270835278638,
        0.003930339933730886,
        0.010220270835278576,
        0.0,
        0.01022027083527862,
        0.003930339933732346
      ],
      [
        0.007757640728939641,
        0.010220270835278388,
        0.007757640728939655,
        0.01022027083527862,
        0.0,
        0.010220270835279686
      ],
      [
        0.010220270835279571,
        0.003930339933731635,
        0.010220270835279783,
        0.003930339933732346,
        0.010220270835279686,
        0.0
      ]
    ],
    "excited_state_mi": [
      [
        0.0,
        0.010220270835279325,
        0.005342642848610357,
        0.005631301495582164,
        0.005342642848610635,
        0.01022027083527939
      ],
      [
        0.010220270835279325,
        0.0,
        0.006394063038177689,
        0.005116969471778587,
        0.006394063038176356,
        0.0039303399337328425
      ],
      [
        0.005342642848610357,
        0.006394063038177689,
        0.0,
        0.46927861089235806,
        0.1240261546251078,
        0.006394063038177078
      ],
      [
        0.005631301495582164,
        0.005116969471778587,
        0.46927861089235806,
        0.0,
        0.46927861089236056,
        0.005116969471778476
      ],
      [
        0.005342642848610635,
        0.006394063038176356,
        0.1240261546251078,
        0.46927861089236056,
        0.0,
        0.006394063038175912
      ],
      [
        0.01022027083527939,
        0.0039303399337328425,
        0.006394063038177078,
        0.005116969471778476,
        0.006394063038175912,
        0.0
      ]
    ],
    "mi_difference": [
      [
        0.0,
        8.673617379884035e-16,
        -0.002414997880329256,
        -0.004588969339696474,
        -0.002414997880329006,
        -1.8041124150158794e-16
      ],
      [
        8.673617379884035e-16,
        0.0,
        -0.0038262077971009216,
        0.0011866295380477017,
        -0.003826207797102032,
        1.2073675392798577e-15
      ],
      [
        -0.002414997880329256,
        -0.0038262077971009216,
        0.0,
        0.45905834005707946,
        0.11626851389616814,
        -0.003826207797102705
      ],
      [
        -0.004588969339696474,
        0.0011866295380477017,
        0.45905834005707946,
        0.0,
        0.45905834005708196,
        0.00118662953804613
      ],
      [
        -0.002414997880329006,
        -0.003826207797102032,
        0.11626851389616814,
        0.45905834005708196,
        0.0,
        -0.0038262077971037735
      ],
      [
        -1.8041124150158794e-16,
        1.2073675392798577e-15,
        -0.003826207797102705,
        0.00118662953804613,
        -0.0038262077971037735,
        0.0
      ]
    ],
    "avg_mi_change": 0.058971236076399425,
    "max_mi_change": 0.45905834005708196,
    "mi_change_boundary_A": 8.673617379884035e-16,
    "mi_change_boundary_B": 0.17131990132569483,
    "bulk_point": 3,
    "ground_state_counts": {
      "000010 000010": 72,
      "001100 001100": 2,
      "000000 000000": 1759,
      "100000 100000": 74,
      "001000 001000": 80,
      "011000 011000": 2,
      "000100 000100": 10,
      "000111 000111": 1,
      "000110 000110": 4,
      "100001 100001": 5,
      "101000 101000": 2,
      "000001 000001": 9,
      "010010 010010": 4,
      "001001 001001": 3,
      "100100 100100": 1,
      "010000 010000": 7,
      "001010 001010": 3,
      "111001 111001": 1,
      "000011 000011": 1,
      "110001 110001": 1,
      "000101 000101": 2,
      "101101 101101": 1,
      "010110 010110": 2,
      "001011 001011": 1,
      "100010 100010": 1
    },
    "excited_state_counts": {
      "011000 001100": 1,
      "011110 000010": 33,
      "010100 000000": 731,
      "010110 000010": 23,
      "011100 001000": 29,
      "111000 100100": 1,
      "011100 000000": 717,
      "100100 100000": 2,
      "111100 100000": 26,
      "101110 100010": 1,
      "000110 000010": 4,
      "000111 000011": 1,
      "011000 000100": 2,
      "001110 001010": 1,
      "001000 000000": 9,
      "001100 010000": 3,
      "010000 000000": 78,
      "011110 001010": 1,
      "011000 000000": 96,
      "110000 100100": 1,
      "000100 000000": 71,
      "001100 000000": 70,
      "111000 100000": 10,
      "001010 000010": 1,
      "101100 100000": 4,
      "010100 001000": 31,
      "011110 000110": 1,
      "001110 000010": 5,
      "001000 010000": 1,
      "011111 000011": 2,
      "000100 001000": 2,
      "001101 000001": 1,
      "010010 000010": 5,
      "001110 010010": 1,
      "000100 010000": 5,
      "011000 001000": 1,
      "110000 101100": 1,
      "110100 100000": 26,
      "010101 000001": 3,
      "000000 000000": 10,
      "000010 000010": 1,
      "100100 110000": 1,
      "001001 011101": 1,
      "010001 000001": 3,
      "110110 100010": 1,
      "010100 000100": 2,
      "011101 000001": 2,
      "100101 100001": 1,
      "010010 000110": 1,
      "000010 000110": 1,
      "010000 001000": 3,
      "001100 011000": 1,
      "011010 000010": 4,
      "101000 110000": 1,
      "000000 001000": 1,
      "001100 001000": 6,
      "111100 101000": 2,
      "000110 001010": 1,
      "011101 001001": 2,
      "010111 000011": 1,
      "100110 110010": 1
    },
    "boundary_entropies": {
      "ground_state": {
        "entropy_A": 0.03196402885594453,
        "entropy_B": 0.031964028855945015,
        "mi_AB": 0.06392805771187253
      },
      "excited_state": {
        "entropy_A": 0.3230332979627005,
        "entropy_B": 0.32303329796270336,
        "mi_AB": 0.6460665959253895
      },
      "rt_relation_test": {
        "entropy_ratio": 1.000000000000015,
        "rt_area_ratio": 1.0,
        "rt_deviation": 1.509903313490213e-14,
        "excited_entropy_ratio": 1.0000000000000087,
        "rt_relation_change": 6.439293542825908e-15
      }
    }
  },
  "page_curve_analysis": null,
  "deutsch_ctc_analysis": null,
  "ctc_recovery_analysis": null,
  "einstein_analysis": null,
  "dynamic_evidence": {
    "angle_sums_per_timestep": [
      [
        9.42477796076938,
        3.1415926653088784,
        9.42477796076938,
        3.141592692450183,
        9.42477796076938,
        9.42477796076938,
        9.42477796076938,
        9.42477796076938,
        3.1415926741553633,
        9.42477796076938,
        0.0,
        9.42477796076938,
        0.0,
        3.1415926817821624,
        3.3026260428784493,
        3.1415926936395957,
        9.42477796076938,
        0.0,
        9.42477796076938,
        3.1415926653198785
      ]
    ],
    "gromov_delta_per_timestep": [
      4.583382194041226
    ],
    "edge_mi_per_timestep": [
      {
        "0,1": 0.01022027083527861,
        "0,5": 0.01022027083527953,
        "0,2": 0.0077576407289395855,
        "0,4": 0.007757640728939544,
        "0,3": 0.010220270835278555,
        "1,2": 0.010220270835278721,
        "1,4": 0.01022027083527854,
        "2,3": 0.010220270835278478,
        "2,4": 0.007757640728939572,
        "2,5": 0.010220270835279686,
        "3,4": 0.010220270835278523,
        "4,5": 0.010220270835279582
      }
    ],
    "shortest_paths_per_timestep": [
      {
        "0": {
          "0": 0,
          "5": 4.583382194041123,
          "1": 4.583382194041213,
          "3": 4.583382194041219,
          "2": 4.859077020789258,
          "4": 4.859077020789264
        },
        "1": {
          "1": 0,
          "2": 4.583382194041202,
          "0": 4.583382194041213,
          "4": 4.58338219404122,
          "5": 9.16676438808231,
          "3": 9.166764388082427
        },
        "2": {
          "2": 0,
          "5": 4.583382194041108,
          "1": 4.583382194041202,
          "3": 4.583382194041226,
          "0": 4.859077020789258,
          "4": 4.85907702078926
        },
        "3": {
          "3": 0,
          "0": 4.583382194041219,
          "4": 4.583382194041222,
          "2": 4.583382194041226,
          "5": 9.166764388082335,
          "1": 9.166764388082427
        },
        "4": {
          "4": 0,
          "5": 4.583382194041118,
          "1": 4.58338219404122,
          "3": 4.583382194041222,
          "2": 4.85907702078926,
          "0": 4.859077020789264
        },
        "5": {
          "5": 0,
          "2": 4.583382194041108,
          "4": 4.583382194041118,
          "0": 4.583382194041123,
          "1": 9.16676438808231,
          "3": 9.166764388082335
        }
      }
    ],
    "mean_distance_per_timestep": [
      4.629331331832528
    ],
    "triangle_violations_per_timestep": [
      0
    ],
    "embedding_coords_per_timestep": [
      [
        [
          0.1725404393477168,
          -0.007414208012337583
        ],
        [
          -0.06926157657605189,
          -0.04001059224083222
        ],
        [
          -0.10080772178282744,
          0.14673940765409665
        ],
        [
          0.032298459502057605,
          -0.023747802803446936
        ],
        [
          0.020513895340117654,
          -0.12849492019116196
        ],
        [
          -0.0552834958310127,
          0.052928115593682046
        ]
      ]
    ],
    "regge_evolution_data": null,
    "evolution_summary": {
      "total_timesteps": 1,
      "gromov_delta_range": [
        4.583382194041226,
        4.583382194041226
      ],
      "mean_distance_range": [
        4.629331331832528,
        4.629331331832528
      ],
      "total_triangle_violations": 0,
      "hyperbolic_evolution": [
        false
      ],
      "regge_corrected": false
    }
  },
  "quantum_state_outputs": [
    {
      "timestep": 1,
      "statevector": [
        {
          "real": 0.9299987938074417,
          "imag": 0.018708278144557694
        },
        {
          "real": 0.05024923928945206,
          "imag": 0.03155851222637795
        },
        {
          "real": 0.18593705368759172,
          "imag": -0.04133044513386987
        },
        {
          "real": 0.03001488184948617,
          "imag": -0.00019058263388470743
        },
        {
          "real": 0.0502492392894521,
          "imag": 0.03155851222637796
        },
        {
          "real": 0.004614398899303446,
          "imag": 0.013318496437578712
        },
        {
          "real": 0.03001488184948617,
          "imag": -0.000190582633884705
        },
        {
          "real": 0.009158606463704942,
          "imag": -0.002642182445810905
        },
        {
          "real": 0.1859370536875917,
          "imag": -0.04133044513386995
        },
        {
          "real": 0.030014881849486152,
          "imag": -0.00019058263388467488
        },
        {
          "real": 0.033921522182463734,
          "imag": -0.017017269751328532
        },
        {
          "real": 0.008637908528227765,
          "imag": -0.007100719928125111
        },
        {
          "real": 0.030014881849486162,
          "imag": -0.0001905826338847045
        },
        {
          "real": 0.009158606463704947,
          "imag": -0.0026421824458109015
        },
        {
          "real": 0.008637908528227765,
          "imag": -0.007100719928125111
        },
        {
          "real": -0.0003687171343300547,
          "imag": -0.004456028903731012
        },
        {
          "real": 0.05024923928945204,
          "imag": 0.03155851222637802
        },
        {
          "real": 0.004614398899303439,
          "imag": 0.013318496437578735
        },
        {
          "real": 0.03001488184948618,
          "imag": -0.00019058263388468892
        },
        {
          "real": 0.009158606463704953,
          "imag": -0.002642182445810905
        },
        {
          "real": 0.0046143988993034455,
          "imag": 0.013318496437578702
        },
        {
          "real": 0.0036423834567410702,
          "imag": 0.0056420529288495145
        },
        {
          "real": 0.009158606463704946,
          "imag": -0.0026421824458109045
        },
        {
          "real": 0.001079420312471944,
          "imag": -0.00372923829396319
        },
        {
          "real": 0.030014881849486162,
          "imag": -0.00019058263388469515
        },
        {
          "real": 0.009158606463704954,
          "imag": -0.002642182445810901
        },
        {
          "real": 0.008637908528227765,
          "imag": -0.007100719928125114
        },
        {
          "real": -0.0003687171343300553,
          "imag": -0.004456028903731014
        },
        {
          "real": 0.009158606463704946,
