{
  "spec": {
    "num_qubits": 4,
    "topology": "triangulated",
    "custom_edges": "0-1:0.6704,0-2:0.5139,0-3:0.7077,1-2:0.9235,1-3:0.4902,2-3:0.4902",
    "alpha": 0.8,
    "weight": 0.5479592931567223,
    "gamma": 0.05012439891199528,
    "sigma": -4.9012033066255675e-08,
    "init_angle": 0.666206306811174,
    "init_angles": null,
    "shots": 100,
    "device": "simulator",
    "geometry": "spherical",
    "curvature": 4.5,
    "timesteps": 3,
    "dimension": 2,
    "mass_hinge": null,
    "mass_value": 0.0,
    "solve_regge": false,
    "lorentzian": true,
    "excite": true,
    "fast": false,
    "fast_preset": "balanced",
    "ctc_mode": false,
    "ctc_perturbation": null,
    "ctc_perturbation_strength": 1.0,
    "test_ctc_recovery": false,
    "strong_curvature": true,
    "charge_injection": true,
    "charge_strength": 2.5,
    "charge_location": null,
    "spin_injection": true,
    "spin_strength": 2.0,
    "spin_location": null,
    "edge_floor": 0.001,
    "compute_entropies": true,
    "hyperbolic_triangulation": true,
    "trotter_steps": 8,
    "dt": 0.05,
    "analyze_curvature": true,
    "einstein_solver": true,
    "page_curve": true,
    "radiation_ordering": null,
    "page_curve_timesteps": 15,
    "entropy_method": "hybrid",
    "num_shadows": 100,
    "shots_per_shadow": 1000,
    "num_bases": 20,
    "shots_per_basis": 1000,
    "enhanced_entanglement": false,
    "entanglement_strength": 0.6343224697685752,
    "interpolate_geometry": false,
    "smooth_charge_injection": false,
    "min_qubits_for_continuum": 10,
    "benchmark_against_classical_geometry": false,
    "geometry_fit_metric": "wasserstein,kl,euclidean",
    "verify_noise_robustness": false,
    "run_on_multiple_backends": false,
    "detect_and_flag_causal_loops": true,
    "restrict_information_flow_direction": "bidirectional",
    "filter_noncausal_edges": true,
    "use_ryu_takayanagi_test": true,
    "compare_MI_vs_subsystem_entropy": true,
    "embed_boundary_entropy_in_geometry": true,
    "entropy_engineering": true,
    "target_entropy_pattern": "quantum_gravity",
    "custom_target_entropies": null,
    "entropy_optimization_iterations": 200,
    "entropy_tolerance": 0.05,
    "continue_on_engineering_failure": true,
    "skip_entropy_engineering": false,
    "validate_engineered_geometry": true,
    "enhance_bell_violations": true,
    "bell_entanglement_strength": 4.0,
    "teleportation_circuits": true,
    "long_range_coupling": 3.0,
    "holographic_optimization": true,
    "rt_surface_encoding": true,
    "conformal_symmetry": true,
    "bulk_reconstruction": true,
    "scalable_entanglement": true,
    "parallel_execution": true,
    "memory_optimization": true,
    "circuit_compilation": "optimized",
    "real_hardware": false,
    "error_mitigation": true,
    "zero_noise_extrapolation": true,
    "zne_noise_factors": [
      1.0,
      2.0,
      3.0
    ],
    "zne_extrapolation_method": "polynomial",
    "hardware_calibration": true,
    "noise_characterization": true,
    "backend_name": "ibm_brisbane",
    "quantum_mode": true,
    "quantum_entanglement_strength": 5.0,
    "quantum_circuit_depth": 12,
    "geometric_teleportation": false,
    "teleportation_mode": "both",
    "bridge_strength": 1.0,
    "signal_state": "+",
    "emergent_geometry_teleportation": false,
    "teleportation_node_pairs": "auto",
    "teleportation_embedding_dim": 2,
    "teleportation_fidelity_threshold": 0.7,
    "superposition_gravity": true,
    "massive_bulk_mass_hinge": "2",
    "massive_bulk_mass_value": 1.0,
    "massless_bulk_mass_hinge": "None",
    "massless_bulk_mass_value": 0.0,
    "superposition_control_qubit": 0,
    "superposition_phase": 0.0,
    "interference_analysis": true,
    "classical_mixture_comparison": true,
    "coherence_preservation": true,
    "bulk_reconstruction_method": "mi_embedding"
  },
  "uid": "EPYLOG",
  "counts_per_timestep": [
    null,
    null,
    null
  ],
  "job_ids_per_timestep": [
    null,
    null,
    null
  ],
  "entropy_per_timestep": [
    null,
    null,
    null
  ],
  "mutual_information_per_timestep": [
    {
      "I_0,1": 0.18899527339735456,
      "I_0,2": 0.22478647378120703,
      "I_0,3": 0.18899527339735567,
      "I_1,2": 0.18899527339735445,
      "I_1,3": 0.08206247702912495,
      "I_2,3": 0.18899527339735528
    },
    {
      "I_0,1": 0.4897571082777641,
      "I_0,2": 0.6063728017385561,
      "I_0,3": 0.48975710827776386,
      "I_1,2": 0.4897571082777641,
      "I_1,3": 0.4004343143539921,
      "I_2,3": 0.4897571082777632
    },
    {
      "I_0,1": 0.5321260688196563,
      "I_0,2": 0.7555608089926236,
      "I_0,3": 0.5321260688196576,
      "I_1,2": 0.532126068819657,
      "I_1,3": 0.6461478564734231,
      "I_2,3": 0.5321260688196565
    }
  ],
  "boundary_entropies_per_timestep": [
    {
      "entropy_A": 0.22601254443957405,
      "entropy_B": 0.22601254443956853,
      "mi_AB": 0.4520250888791382,
      "pure_state_check": true,
      "entropy_difference": 5.523359547510154e-15,
      "multiple_regions": {
        "size_1_region_0": {
          "region": [
            0
          ],
          "entropy": 0.2973745428156088,
          "rt_area": 3,
          "size": 1
        },
        "size_1_region_1": {
          "region": [
            1
          ],
          "entropy": 0.22601254443956909,
          "rt_area": 3,
          "size": 1
        },
        "size_1_region_2": {
          "region": [
            2
          ],
          "entropy": 0.29737454281560793,
          "rt_area": 3,
          "size": 1
        },
        "size_2_region_0": {
          "region": [
            0,
            1
          ],
          "entropy": 0.3343918138578227,
          "rt_area": 4,
          "size": 2
        },
        "size_2_region_1": {
          "region": [
            0,
            2
          ],
          "entropy": 0.3699626118500097,
          "rt_area": 4,
          "size": 2
        },
        "size_2_region_2": {
          "region": [
            0,
            3
          ],
          "entropy": 0.33439181385782124,
          "rt_area": 4,
          "size": 2
        },
        "size_3_region_0": {
          "region": [
            0,
            1,
            2
          ],
          "entropy": 0.22601254443957405,
          "rt_area": 3,
          "size": 3
        },
        "size_3_region_1": {
          "region": [
            0,
            1,
            3
          ],
          "entropy": 0.29737454281561104,
          "rt_area": 3,
          "size": 3
        },
        "size_3_region_2": {
          "region": [
            0,
            2,
            3
          ],
          "entropy": 0.22601254443957422,
          "rt_area": 3,
          "size": 3
        }
      }
    },
    {
      "entropy_A": 0.7231010383780385,
      "entropy_B": 0.7231010383780353,
      "mi_AB": 1.4462020767560706,
      "pure_state_check": true,
      "entropy_difference": 3.219646771412954e-15,
      "multiple_regions": {
        "size_1_region_0": {
          "region": [
            0
          ],
          "entropy": 0.8260702820703174,
          "rt_area": 3,
          "size": 1
        },
        "size_1_region_1": {
          "region": [
            1
          ],
          "entropy": 0.7231010383780353,
          "rt_area": 3,
          "size": 1
        },
        "size_1_region_2": {
          "region": [
            2
          ],
          "entropy": 0.8260702820703174,
          "rt_area": 3,
          "size": 1
        },
        "size_2_region_0": {
          "region": [
            0,
            1
          ],
          "entropy": 1.0594142121705885,
          "rt_area": 4,
          "size": 2
        },
        "size_2_region_1": {
          "region": [
            0,
            2
          ],
          "entropy": 1.0457677624020782,
          "rt_area": 4,
          "size": 2
        },
        "size_2_region_2": {
          "region": [
            0,
            3
          ],
          "entropy": 1.0594142121705885,
          "rt_area": 4,
          "size": 2
        },
        "size_3_region_0": {
          "region": [
            0,
            1,
            2
          ],
          "entropy": 0.7231010383780385,
          "rt_area": 3,
          "size": 3
        },
        "size_3_region_1": {
          "region": [
            0,
            1,
            3
          ],
          "entropy": 0.82607028207032,
          "rt_area": 3,
          "size": 3
        },
        "size_3_region_2": {
          "region": [
            0,
            2,
            3
          ],
          "entropy": 0.7231010383780362,
          "rt_area": 3,
          "size": 3
        }
      }
    },
    {
      "entropy_A": 0.9132212211691101,
      "entropy_B": 0.9132212211691094,
      "mi_AB": 1.8264424423382164,
      "pure_state_check": true,
      "entropy_difference": 6.661338147750939e-16,
      "multiple_regions": {
        "size_1_region_0": {
          "region": [
            0
          ],
          "entropy": 0.9679276974287085,
          "rt_area": 3,
          "size": 1
        },
        "size_1_region_1": {
          "region": [
            1
          ],
          "entropy": 0.9132212211691095,
          "rt_area": 3,
          "size": 1
        },
        "size_1_region_2": {
          "region": [
            2
          ],
          "entropy": 0.9679276974287084,
          "rt_area": 3,
          "size": 1
        },
        "size_2_region_0": {
          "region": [
            0,
            1
          ],
          "entropy": 1.3490228497781618,
          "rt_area": 4,
          "size": 2
        },
        "size_2_region_1": {
          "region": [
            0,
            2
          ],
          "entropy": 1.1802945858647935,
          "rt_area": 4,
          "size": 2
        },
        "size_2_region_2": {
          "region": [
            0,
            3
          ],
          "entropy": 1.349022849778161,
          "rt_area": 4,
          "size": 2
        },
        "size_3_region_0": {
          "region": [
            0,
            1,
            2
          ],
          "entropy": 0.9132212211691101,
          "rt_area": 3,
          "size": 3
        },
        "size_3_region_1": {
          "region": [
            0,
            1,
            3
          ],
          "entropy": 0.9679276974287114,
          "rt_area": 3,
          "size": 3
        },
        "size_3_region_2": {
          "region": [
            0,
            2,
            3
          ],
          "entropy": 0.9132212211691177,
          "rt_area": 3,
          "size": 3
        }
      }
    }
  ],
  "distance_matrix_per_timestep": [
    [
      [
        0.0,
        1.6660332727148175,
        1.4926043327853131,
        1.6660332727148115
      ],
      [
        1.6660332727148175,
        0.0,
        1.666033272714818,
        3.3320665454296288
      ],
      [
        1.4926043327853131,
        1.666033272714818,
        0.0,
        1.6660332727148137
      ],
      [
        1.6660332727148115,
        3.3320665454296288,
        1.6660332727148137,
        0.0
      ]
    ],
    [
      [
        0.0,
        0.7138457081683507,
        0.5002602976741113,
        0.7138457081683511
      ],
      [
        0.7138457081683507,
        0.0,
        0.7138457081683507,
        1.4276914163367018
      ],
      [
        0.5002602976741113,
        0.7138457081683507,
        0.0,
        0.7138457081683525
      ],
      [
        0.7138457081683511,
        1.4276914163367018,
        0.7138457081683525,
        0.0
      ]
    ],
    [
      [
        0.0,
        0.630874846248276,
        0.2802950120998585,
        0.6308748462482736
      ],
      [
        0.630874846248276,
        0.0,
        0.6308748462482748,
        1.2617496924965497
      ],
      [
        0.2802950120998585,
        0.6308748462482748,
        0.0,
        0.6308748462482757
      ],
      [
        0.6308748462482736,
        1.2617496924965497,
        0.6308748462482757,
        0.0
      ]
    ]
  ],
  "edge_mi": {
    "0,1": 0.5321260688196563,
    "0,3": 0.5321260688196576,
    "0,2": 0.7555608089926236,
    "1,2": 0.532126068819657,
    "2,3": 0.5321260688196565
  },
  "distance_matrix": [
    [
      0.0,
      0.630874846248276,
      0.2802950120998585,
      0.6308748462482736
    ],
    [
      0.630874846248276,
      0.0,
      0.6308748462482748,
      0.436726921398745
    ],
    [
      0.2802950120998585,
      0.6308748462482748,
      0.0,
      0.6308748462482757
    ],
    [
      0.6308748462482736,
      0.436726921398745,
      0.6308748462482757,
      0.0
    ]
  ],
  "shortest_paths": {
    "0": {
      "0": 0,
      "2": 0.2802950120998585,
      "3": 0.6308748462482736,
      "1": 0.630874846248276
    },
    "1": {
      "1": 0,
      "3": 0.436726921398745,
      "2": 0.6308748462482748,
      "0": 0.630874846248276
    },
    "2": {
      "2": 0,
      "0": 0.2802950120998585,
      "1": 0.6308748462482748,
      "3": 0.6308748462482757
    },
    "3": {
      "3": 0,
      "1": 0.436726921398745,
      "0": 0.6308748462482736,
      "2": 0.6308748462482757
    }
  },
  "gromov_delta": 0.49072734019834613,
  "mean_distance": 0.405065164811463,
  "angle_sums": [
    3.607932040669567,
    3.858657935489293,
    3.6079320406695663,
    3.858657935489294
  ],
  "mean_angle_sum": 3.73329498807943,
  "min_angle_sum": 3.6079320406695663,
  "max_angle_sum": 3.858657935489294,
  "angle_sum_deviations": [
    0.46633938707977407,
    0.7170652818995,
    0.4663393870797732,
    0.7170652818995009
  ],
  "triangle_inequality_violations": [],
  "embedding_coords": [
    [
      0.09410297043500183,
      0.2175878003073182
    ],
    [
      -0.05625887300802261,
      -0.26660142267713655
    ],
    [
      0.23448280824436862,
      0.034705649287443546
    ],
    [
      -0.2723269056713479,
      0.014307973082374765
    ]
  ],
  "embedding_coords_3d": [
    [
      -0.23006213123921207,
      0.0050048266551629,
      0.06187970531326371
    ],
    [
      0.11086537486389415,
      0.0918292322134274,
      -0.23275659519819614
    ],
    [
      -0.08884868980799598,
      -0.21742563196281103,
      0.04020804399054608
    ],
    [
      0.2080454461833139,
      0.12059157309422074,
      0.13066884589438638
    ]
  ],
  "edge_weight_variance": 0.02438947583333333,
  "event_nodes": [
    [
      0,
      0
    ],
    [
      1,
      0
    ],
    [
      2,
      0
    ],
    [
      3,
      0
    ],
    [
      0,
      1
    ],
    [
      1,
      1
    ],
    [
      2,
      1
    ],
    [
      3,
      1
    ],
    [
      0,
      2
    ],
    [
      1,
      2
    ],
    [
      2,
      2
    ],
    [
      3,
      2
    ]
  ],
  "event_edges": [
    {
      "type": "spatial",
      "from": [
        0,
        0
      ],
      "to": [
        1,
        0
      ],
      "weight": 1.6660332727148175
    },
    {
      "type": "spatial",
      "from": [
        0,
        0
      ],
      "to": [
        2,
        0
      ],
      "weight": 1.4926043327853131
    },
    {
      "type": "spatial",
      "from": [
        0,
        0
      ],
      "to": [
        3,
        0
      ],
      "weight": 1.6660332727148115
    },
    {
      "type": "spatial",
      "from": [
        1,
        0
      ],
      "to": [
        2,
        0
      ],
      "weight": 1.666033272714818
    },
    {
      "type": "spatial",
      "from": [
        1,
        0
      ],
      "to": [
        3,
        0
      ],
      "weight": 3.3320665454296288
    },
    {
      "type": "spatial",
      "from": [
        2,
        0
      ],
      "to": [
        3,
        0
      ],
      "weight": 1.6660332727148137
    },
    {
      "type": "temporal",
      "from": [
        0,
        0
      ],
      "to": [
        0,
        1
      ],
      "weight": 1.0
    },
    {
      "type": "temporal",
      "from": [
        1,
        0
      ],
      "to": [
        1,
        1
      ],
      "weight": 1.0
    },
    {
      "type": "temporal",
      "from": [
        2,
        0
      ],
      "to": [
        2,
        1
      ],
      "weight": 1.0
    },
    {
      "type": "temporal",
      "from": [
        3,
        0
      ],
      "to": [
        3,
        1
      ],
      "weight": 1.0
    },
    {
      "type": "spatial",
      "from": [
        0,
        1
      ],
      "to": [
        1,
        1
      ],
      "weight": 0.7138457081683507
    },
    {
      "type": "spatial",
      "from": [
        0,
        1
      ],
      "to": [
        2,
        1
      ],
      "weight": 0.5002602976741113
    },
    {
      "type": "spatial",
      "from": [
        0,
        1
      ],
      "to": [
        3,
        1
      ],
      "weight": 0.7138457081683511
    },
    {
      "type": "spatial",
      "from": [
        1,
        1
      ],
      "to": [
        2,
        1
      ],
      "weight": 0.7138457081683507
    },
    {
      "type": "spatial",
      "from": [
        1,
        1
      ],
      "to": [
        3,
        1
      ],
      "weight": 1.4276914163367018
    },
    {
      "type": "spatial",
      "from": [
        2,
        1
      ],
      "to": [
        3,
        1
      ],
      "weight": 0.7138457081683525
    },
    {
      "type": "temporal",
      "from": [
        0,
        1
      ],
      "to": [
        0,
        2
      ],
      "weight": 1.0
    },
    {
      "type": "temporal",
      "from": [
        1,
        1
      ],
      "to": [
        1,
        2
      ],
      "weight": 1.0
    },
    {
      "type": "temporal",
      "from": [
        2,
        1
      ],
      "to": [
        2,
        2
      ],
      "weight": 1.0
    },
    {
      "type": "temporal",
      "from": [
        3,
        1
      ],
      "to": [
        3,
        2
      ],
      "weight": 1.0
    },
    {
      "type": "spatial",
      "from": [
        0,
        2
      ],
      "to": [
        1,
        2
      ],
      "weight": 0.630874846248276
    },
    {
      "type": "spatial",
      "from": [
        0,
        2
      ],
      "to": [
        2,
        2
      ],
      "weight": 0.2802950120998585
    },
    {
      "type": "spatial",
      "from": [
        0,
        2
      ],
      "to": [
        3,
        2
      ],
      "weight": 0.6308748462482736
    },
    {
      "type": "spatial",
      "from": [
        1,
        2
      ],
      "to": [
        2,
        2
      ],
      "weight": 0.6308748462482748
    },
    {
      "type": "spatial",
      "from": [
        1,
        2
      ],
      "to": [
        3,
        2
      ],
      "weight": 1.2617496924965497
    },
    {
      "type": "spatial",
      "from": [
        2,
        2
      ],
      "to": [
        3,
        2
      ],
      "weight": 0.6308748462482757
    }
  ],
  "lorentzian_dissimilarity": [
    [
      0.0,
      2.7756668657928456,
      2.2278676942494897,
      2.7756668657928256,
      -1.0,
      1.7756668657928456,
      1.2278676942494897,
      1.7756668657928256,
      -4.0,
      -1.2243331342071544,
      -1.7721323057505103,
      -1.2243331342071744
    ],
    [
      2.7756668657928456,
      0.0,
      2.775666865792847,
      11.10266746317134,
      1.7756668657928456,
      -1.0,
      1.775666865792847,
      10.10266746317134,
      -1.2243331342071544,
      -4.0,
      -1.224333134207153,
      7.10266746317134
    ],
    [
      2.2278676942494897,
      2.775666865792847,
      0.0,
      2.7756668657928327,
      1.2278676942494897,
      1.775666865792847,
      -1.0,
      1.7756668657928327,
      -1.7721323057505103,
      -1.224333134207153,
      -4.0,
      -1.2243331342071673
    ],
    [
      2.7756668657928256,
      11.10266746317134,
      2.7756668657928327,
      0.0,
      1.7756668657928256,
      10.10266746317134,
      1.7756668657928327,
      -1.0,
      -1.2243331342071744,
      7.10266746317134,
      -1.2243331342071673,
      -4.0
    ],
    [
      -1.0,
      1.7756668657928456,
      1.2278676942494897,
      1.7756668657928256,
      0.0,
      0.5095756950703741,
      0.25026036542899044,
      0.5095756950703747,
      -1.0,
      -0.49042430492962585,
      -0.7497396345710096,
      -0.4904243049296253
    ],
    [
      1.7756668657928456,
      -1.0,
      1.775666865792847,
      10.10266746317134,
      0.5095756950703741,
      0.0,
      0.5095756950703741,
      2.0383027802814975,
      -0.49042430492962585,
      -1.0,
      -0.49042430492962585,
      1.0383027802814975
    ],
    [
      1.2278676942494897,
      1.775666865792847,
      -1.0,
      1.7756668657928327,
      0.25026036542899044,
      0.5095756950703741,
      0.0,
      0.5095756950703766,
      -0.7497396345710096,
      -0.49042430492962585,
      -1.0,
      -0.4904243049296234
    ],
    [
      1.7756668657928256,
      10.10266746317134,
      1.7756668657928327,
      -1.0,
      0.5095756950703747,
      2.0383027802814975,
      0.5095756950703766,
      0.0,
      -0.4904243049296253,
      1.0383027802814975,
      -0.4904243049296234,
      -1.0
    ],
    [
      -4.0,
      -1.2243331342071544,
      -1.7721323057505103,
      -1.2243331342071744,
      -1.0,
      -0.49042430492962585,
      -0.7497396345710096,
      -0.4904243049296253,
      0.0,
      0.39800307162878595,
      0.07856529380805984,
      0.39800307162878285
    ],
    [
      -1.2243331342071544,
      -4.0,
      -1.224333134207153,
      7.10266746317134,
      -0.49042430492962585,
      -1.0,
      -0.49042430492962585,
      1.0383027802814975,
      0.39800307162878595,
      0.0,
      0.3980030716287844,
      1.5920122865151376
    ],
    [
      -1.7721323057505103,
      -1.224333134207153,
      -4.0,
      -1.2243331342071673,
      -0.7497396345710096,
      -0.49042430492962585,
      -1.0,
      -0.4904243049296234,
      0.07856529380805984,
      0.3980030716287844,
      0.0,
      0.3980030716287855
    ],
    [
      -1.2243331342071744,
      7.10266746317134,
      -1.2243331342071673,
      -4.0,
      -0.4904243049296253,
      1.0383027802814975,
      -0.4904243049296234,
      -1.0,
      0.39800307162878285,
      1.5920122865151376,
      0.3980030716287855,
      0.0
    ]
  ],
  "lorentzian_embedding": [
    [
      0.4253210744895456,
      0.29236977306651774,
      -0.024128777866736822
    ],
    [
      0.3155588040507998,
      -1.306134942173557,
      -1.0795684786814277
    ],
    [
      0.06111144389954455,
      0.5807721356175503,
      -1.4810476790933456
    ],
    [
      -0.2242140294570017,
      2.2526972076851486,
      -0.5100429316174134
    ],
    [
      1.1420003451270146,
      0.22668729726306958,
      -0.2930213600734345
    ],
    [
      0.7225269944631257,
      -0.6901357657594311,
      -0.8556194660705922
    ],
    [
      1.000563015811295,
      0.3387240774966025,
      -0.8590254481571691
    ],
    [
      0.39856517622527404,
      1.4453136775694444,
      -0.5139001441238691
    ],
    [
      2.288591404989376,
      -0.005085555652322435,
      0.06858718717146353
    ],
    [
      2.0339380705782593,
      -0.8030554081591976,
      -0.5502821380405143
    ],
    [
      2.0852226677694663,
      0.1559717411804943,
      -0.745117850291997
    ],
    [
      1.750811173456828,
      1.0633330861849373,
      -0.25161522798924696
    ]
  ],
  "edge_length_evolution": [],
  "angle_deficit_evolution": [],
  "regge_action_evolution": [],
  "gromov_delta_evolution": [],
  "mass_hinge": null,
  "mass_value": 0.0,
  "matter": [
    {
      "(0, 1)": 0.0,
      "(1, 2)": 0.0,
      "(0, 3)": 0.0,
      "(2, 3)": 0.0,
      "(0, 2)": 0.0,
      "(1, 3)": 0.0
    },
    {
      "(0, 1)": 0.0,
      "(1, 2)": 0.0,
      "(0, 3)": 0.0,
      "(2, 3)": 0.0,
      "(0, 2)": 0.0,
      "(1, 3)": 0.0
    },
    {
      "(0, 1)": 0.0,
      "(1, 2)": 0.0,
      "(0, 3)": 0.0,
      "(2, 3)": 0.0,
      "(0, 2)": 0.0,
      "(1, 3)": 0.0
    }
  ],
  "stationary_solution": null,
  "einstein_analysis_per_timestep": [
    {
      "ricci_tensor": [
        [
          0.06642687777498449,
          0.0
        ],
        [
          0.0,
          0.06642687777498449
        ]
      ],
      "metric_tensor": [
        [
          1.0132853755549969,
          0.006642687777498449
        ],
        [
          0.006642687777498449,
          1.0132853755549969
        ]
      ],
      "stress_energy_tensor": [
        [
          0.06642687777498449,
          0.0013285375554996897
        ],
        [
          0.0013285375554996897,
          0.06642687777498449
        ]
      ],
      "einstein_solution": {
        "einstein_tensor": [
          [
            0.0,
            0.0
          ],
          [
            0.0,
            0.0
          ]
        ],
        "ricci_scalar": 0.13285375554996898,
        "metric_tensor": [
          [
            1.0,
            0.0
          ],
          [
            0.0,
            1.0
          ]
        ],
        "lhs": [
          [
            0.0,
            0.0
          ],
          [
            0.0,
            0.0
          ]
        ],
        "rhs": [
          [
            0.06642687777498449,
            0.0013285375554996897
          ],
          [
            0.0013285375554996897,
            0.06642687777498449
          ]
        ],
        "equations_satisfied": false,
        "residual": 0.09396057793531393,
        "conservation_violation": 0.06642687777498449,
        "gravitational_constant": 0.039788735772973836,
        "cosmological_constant": 0.0
      },
      "entropy_first_derivative": 0.0,
      "entropy_second_derivative": 0.0,
      "entropy_curvature_correlation": 0.09394178645548326,
      "emergent_gravitational_constant": 0.010572165952049944,
      "average_mutual_information": 0.13285375554996898,
      "ricci_scalar": 0.13285375554996898,
      "analysis_summary": {
        "einstein_equations_satisfied": false,
        "residual_magnitude": 0.09396057793531393,
        "conservation_violation": 0.06642687777498449,
        "entropy_evolution_rate": 0.0,
        "entropy_acceleration": 0.0,
        "entanglement_curvature_coupling": 0.09394178645548326
      }
    },
    {
      "ricci_tensor": [
        [
          0.1853647218252252,
          0.0
        ],
        [
          0.0,
          0.1853647218252252
        ]
      ],
      "metric_tensor": [
        [
          1.037072944365045,
          0.01853647218252252
        ],
        [
          0.01853647218252252,
          1.037072944365045
        ]
      ],
      "stress_energy_tensor": [
        [
          0.1853647218252252,
          0.0037072944365045043
        ],
        [
          0.0037072944365045043,
          0.1853647218252252
        ]
      ],
      "einstein_solution": {
        "einstein_tensor": [
          [
            0.0,
            0.0
          ],
          [
            0.0,
            0.0
          ]
        ],
        "ricci_scalar": 0.3707294436504504,
        "metric_tensor": [
          [
            1.0,
            0.0
          ],
          [
            0.0,
            1.0
          ]
        ],
        "lhs": [
          [
            0.0,
            0.0
          ],
          [
            0.0,
            0.0
          ]
        ],
        "rhs": [
          [
            0.1853647218252252,
            0.0037072944365045043
          ],
          [
            0.0037072944365045043,
            0.1853647218252252
          ]
        ],
        "equations_satisfied": false,
        "residual": 0.26219772740960995,
        "conservation_violation": 0.1853647218252252,
        "gravitational_constant": 0.039788735772973836,
        "cosmological_constant": 0.0
      },
      "entropy_first_derivative": 0.0,
      "entropy_second_derivative": 0.0,
      "entropy_curvature_correlation": 0.2621452985907496,
      "emergent_gravitational_constant": 0.029501711753338728,
      "average_mutual_information": 0.3707294436504504,
      "ricci_scalar": 0.3707294436504504,
      "analysis_summary": {
        "einstein_equations_satisfied": false,
        "residual_magnitude": 0.26219772740960995,
        "conservation_violation": 0.1853647218252252,
        "entropy_evolution_rate": 0.0,
        "entropy_acceleration": 0.0,
        "entanglement_curvature_coupling": 0.2621452985907496
      }
    },
    {
      "ricci_tensor": [
        [
          0.22063830879654212,
          0.0
        ],
        [
          0.0,
          0.22063830879654212
        ]
      ],
      "metric_tensor": [
        [
          1.0441276617593085,
          0.022063830879654214
        ],
        [
          0.022063830879654214,
          1.0441276617593085
        ]
      ],
      "stress_energy_tensor": [
        [
          0.22063830879654212,
          0.004412766175930842
        ],
        [
          0.004412766175930842,
          0.22063830879654212
        ]
      ],
      "einstein_solution": {
        "einstein_tensor": [
          [
            0.0,
            0.0
          ],
          [
            0.0,
            0.0
          ]
        ],
        "ricci_scalar": 0.44127661759308423,
        "metric_tensor": [
          [
            1.0,
            0.0
          ],
          [
            0.0,
            1.0
          ]
        ],
        "lhs": [
          [
            0.0,
            0.0
          ],
          [
            0.0,
            0.0
          ]
        ],
        "rhs": [
          [
            0.22063830879654212,
            0.004412766175930842
          ],
          [
            0.004412766175930842,
            0.22063830879654212
          ]
        ],
        "equations_satisfied": false,
        "residual": 0.31209208837752267,
        "conservation_violation": 0.22063830879654212,
        "gravitational_constant": 0.039788735772973836,
        "cosmological_constant": 0.0
      },
      "entropy_first_derivative": 0.0,
      "entropy_second_derivative": 0.0,
      "entropy_curvature_correlation": 0.31202968367913286,
      "emergent_gravitational_constant": 0.03511567748040569,
      "average_mutual_information": 0.44127661759308423,
      "ricci_scalar": 0.44127661759308423,
      "analysis_summary": {
        "einstein_equations_satisfied": false,
        "residual_magnitude": 0.31209208837752267,
        "conservation_violation": 0.22063830879654212,
        "entropy_evolution_rate": 0.0,
        "entropy_acceleration": 0.0,
        "entanglement_curvature_coupling": 0.31202968367913286
      }
    }
  ],
  "bootstrap_analysis": {
    "gromov_delta": {
      "mean": 1.0035846090438152,
      "lower_ci": 0.630874846248276,
      "upper_ci": 1.6660332727148175,
      "all_values": [
        1.6660332727148175,
        0.7138457081683518,
        0.630874846248276
      ],
      "uncertainty": 0.6624486636710023
    },
    "entropy": {
      "mean": null,
      "lower_ci": null,
      "upper_ci": null,
      "uncertainty": null
    },
    "distance_matrix": {
      "mean": [
        [
          0.0,
          1.0035846090438147,
          0.7577198808530943,
          1.003584609043812
        ],
        [
          1.0035846090438147,
          0.0,
          1.0035846090438145,
          2.007169218087627
        ],
        [
          0.7577198808530943,
          1.0035846090438145,
          0.0,
          1.003584609043814
        ],
        [
          1.003584609043812,
          2.007169218087627,
          1.003584609043814,
          0.0
        ]
      ],
      "lower_ci": [
        [
          0.0,
          0.630874846248276,
          0.2802950120998585,
          0.6308748462482736
        ],
        [
          0.630874846248276,
          0.0,
          0.6308748462482748,
          1.2617496924965497
        ],
        [
          0.2802950120998585,
          0.6308748462482748,
          0.0,
          0.6308748462482757
        ],
        [
          0.6308748462482736,
          1.2617496924965497,
          0.6308748462482757,
          0.0
        ]
      ],
      "upper_ci": [
        [
          0.0,
          1.6660332727148175,
          1.4926043327853131,
          1.6660332727148115
        ],
        [
          1.6660332727148175,
          0.0,
          1.6660332727148177,
          3.3320665454296283
        ],
        [
          1.4926043327853131,
          1.6660332727148177,
          0.0,
          1.6660332727148137
        ],
        [
          1.6660332727148115,
          3.3320665454296283,
          1.6660332727148137,
          0.0
        ]
      ]
    }
  },
  "topology_compatibility": {
    "current_topology": "triangulated",
    "explanation": "Triangulated topology is specifically designed for angle-sum curvature. Creates multiple triangles per vertex, enabling robust local curvature measurements. Each vertex has multiple incident triangles for well-defined angle sums.",
    "supports_local_curvature": true
  },
  "rt_surface_analysis": {
    "region_A": [
      0
    ],
    "region_B": [
      1,
      2,
      3
    ],
    "bulk_point": 2,
    "is_complementary": true,
    "rt_area_AB": 1.542044704596408,
    "rt_area_BA": 1.542044704596408,
    "area_consistent": true,
    "edges_consistent": true,
    "area_difference": 0.0,
    "rt_edges_AB": [
      [
        0,
        1
      ],
      [
        0,
        2
      ],
      [
        0,
        3
      ]
    ],
    "rt_edges_BA": [
      [
        0,
        1
      ],
      [
        0,
        2
      ],
      [
        0,
        3
      ]
    ],
    "edge_lengths": [
      0.630874846248276,
      0.2802950120998585,
      0.6308748462482736,
      0.6308748462482748,
      1.2617496924965497,
      0.6308748462482757
    ],
    "all_edges": [
      [
        0,
        1
      ],
      [
        0,
        2
      ],
      [
        0,
        3
      ],
      [
        1,
        2
      ],
      [
        1,
        3
      ],
      [
        2,
        3
      ]
    ]
  },
  "bulk_excitation_analysis": {
    "ground_state_mi": [
      [
        0.0,
        0.5321260688196563,
        0.7555608089926236,
        0.532126068819657
      ],
      [
        0.5321260688196563,
        0.0,
        0.5321260688196565,
        0.6461478564734227
      ],
      [
        0.7555608089926236,
        0.5321260688196565,
        0.0,
        0.5321260688196561
      ],
      [
        0.532126068819657,
        0.6461478564734227,
        0.5321260688196561,
        0.0
      ]
    ],
    "excited_state_mi": [
      [
        0.0,
        0.7499857600586293,
        0.7399498619723013,
        0.7499857600586279
      ],
      [
        0.7499857600586293,
        0.0,
        0.6047126714520668,
        0.7928730120411631
      ],
      [
        0.7399498619723013,
        0.6047126714520668,
        0.0,
        0.6047126714520674
      ],
      [
        0.7499857600586279,
        0.7928730120411631,
        0.6047126714520674,
        0.0
      ]
    ],
    "mi_difference": [
      [
        0.0,
        0.21785969123897297,
        -0.015610947020322286,
        0.21785969123897098
      ],
      [
        0.21785969123897297,
        0.0,
        0.07258660263241024,
        0.14672515556774046
      ],
      [
        -0.015610947020322286,
        0.07258660263241024,
        0.0,
        0.07258660263241135
      ],
      [
        0.21785969123897098,
        0.14672515556774046,
        0.07258660263241135,
        0.0
      ]
    ],
    "avg_mi_change": 0.09290358629135353,
    "max_mi_change": 0.21785969123897297,
    "mi_change_boundary_A": NaN,
    "mi_change_boundary_B": 0.09729945361085401,
    "bulk_point": 2,
    "ground_state_counts": {
      "1101 1101": 5,
      "1011 1011": 4,
      "0110 0110": 3,
      "1000 1000": 5,
      "1111 1111": 30,
      "0010 0010": 4,
      "1001 1001": 5,
      "1010 1010": 4,
      "1110 1110": 5,
      "0000 0000": 26,
      "0011 0011": 3,
      "1100 1100": 1,
      "0111 0111": 3,
      "0101 0101": 1,
      "0001 0001": 1
    },
    "excited_state_counts": {
      "0101 1111": 16,
      "0111 1001": 3,
      "0001 0011": 1,
      "0111 1111": 1,
      "0010 1110": 2,
      "1110 0000": 6,
      "1111 0001": 1,
      "0110 1010": 1,
      "0001 1111": 10,
      "1110 1100": 1,
      "1001 0111": 1,
      "1100 0110": 2,
      "1101 0111": 1,
      "0010 1000": 1,
      "0000 1100": 1,
      "0100 1110": 1,
      "0011 1101": 3,
      "0101 1011": 5,
      "0000 1110": 1,
      "1101 0011": 2,
      "1100 0010": 1,
      "1010 0000": 11,
      "1110 0110": 1,
      "0010 1100": 1,
      "0111 1101": 1,
      "0100 1010": 1,
      "1110 1000": 1,
      "0011 1001": 1,
      "0110 1000": 1,
      "1000 0110": 1,
      "0001 1011": 3,
      "1111 0101": 1,
      "1110 0100": 1,
      "1001 0011": 2,
      "1011 1101": 2,
      "1111 1101": 1,
      "1011 0101": 1,
      "0110 1100": 4,
      "1000 0000": 1,
      "0110 0000": 1,
      "0001 0111": 1,
      "1000 0010": 1,
      "0000 0010": 1
    },
    "boundary_entropies": {
      "ground_state": {
        "entropy_A": 0.9132212211691101,
        "entropy_B": 0.9132212211691094,
        "mi_AB": 1.8264424423382164
      },
      "excited_state": {
        "entropy_A": 0.9217527281598641,
        "entropy_B": 0.9217527281598575,
        "mi_AB": 1.843505456319717
      },
      "rt_relation_test": {
        "entropy_ratio": 0.9999999999999992,
        "rt_area_ratio": 1.0,
        "rt_deviation": 7.771561172376096e-16,
        "excited_entropy_ratio": 0.9999999999999929,
        "rt_relation_change": 6.328271240363392e-15
      }
    }
  },
  "page_curve_analysis": null,
  "deutsch_ctc_analysis": null,
  "ctc_recovery_analysis": null,
  "einstein_analysis": null,
  "dynamic_evidence": {
    "angle_sums_per_timestep": [
      [
        9.42477796076938,
        0.0,
        9.42477796076938,
        3.1415926748227063
      ],
      [
        4.138296504635341,
        0.0,
        4.138296504635344,
        3.14159308073631
      ],
      [
        3.607932040669567,
        0.0,
        3.6079320406695663,
        3.141592799929381
      ]
    ],
    "gromov_delta_per_timestep": [
      1.6660332727148175,
      0.7138457081683518,
      0.630874846248276
    ],
    "edge_mi_per_timestep": [
      {
        "0,1": 0.18899527339735456,
        "0,3": 0.18899527339735567,
        "0,2": 0.22478647378120703,
        "1,2": 0.18899527339735445,
        "2,3": 0.18899527339735528
      },
      {
        "0,1": 0.4897571082777641,
        "0,3": 0.48975710827776386,
        "0,2": 0.6063728017385561,
        "1,2": 0.4897571082777641,
        "2,3": 0.4897571082777632
      },
      {
        "0,1": 0.5321260688196563,
        "0,3": 0.5321260688196576,
        "0,2": 0.7555608089926236,
        "1,2": 0.532126068819657,
        "2,3": 0.5321260688196565
      }
    ],
    "shortest_paths_per_timestep": [
      {
        "0": {
          "0": 0,
          "2": 1.4926043327853131,
          "3": 1.6660332727148115,
          "1": 1.6660332727148175
        },
        "1": {
          "1": 0,
          "0": 1.6660332727148175,
          "2": 1.666033272714818,
          "3": 3.3320665454296288
        },
        "2": {
          "2": 0,
          "0": 1.4926043327853131,
          "3": 1.6660332727148137,
          "1": 1.666033272714818
        },
        "3": {
          "3": 0,
          "0": 1.6660332727148115,
          "2": 1.6660332727148137,
          "1": 3.3320665454296288
        }
      },
      {
        "0": {
          "0": 0,
          "2": 0.5002602976741113,
          "1": 0.7138457081683507,
          "3": 0.7138457081683511
        },
        "1": {
          "1": 0,
          "0": 0.7138457081683507,
