{
  "spec": {
    "num_qubits": 4,
    "topology": "triangulated",
    "custom_edges": "0-1:0.7073,0-2:0.5421,0-3:0.7465,1-2:0.9742,1-3:0.5171,2-3:0.5171",
    "alpha": 0.8,
    "weight": 0.5780503902342468,
    "gamma": 0.04645145323051426,
    "sigma": -9.862026548331083e-08,
    "init_angle": 0.634779946744043,
    "init_angles": null,
    "shots": 100,
    "device": "ibm_brisbane",
    "geometry": "spherical",
    "curvature": 4.5,
    "timesteps": 3,
    "dimension": 2,
    "mass_hinge": null,
    "mass_value": 0.0,
    "solve_regge": false,
    "lorentzian": true,
    "excite": true,
    "fast": false,
    "fast_preset": "balanced",
    "ctc_mode": false,
    "ctc_perturbation": null,
    "ctc_perturbation_strength": 1.0,
    "test_ctc_recovery": false,
    "strong_curvature": true,
    "charge_injection": true,
    "charge_strength": 2.5,
    "charge_location": null,
    "spin_injection": true,
    "spin_strength": 2.0,
    "spin_location": null,
    "edge_floor": 0.001,
    "compute_entropies": true,
    "hyperbolic_triangulation": true,
    "trotter_steps": 8,
    "dt": 0.05,
    "analyze_curvature": true,
    "einstein_solver": true,
    "page_curve": true,
    "radiation_ordering": null,
    "page_curve_timesteps": 15,
    "entropy_method": "hybrid",
    "num_shadows": 100,
    "shots_per_shadow": 1000,
    "num_bases": 20,
    "shots_per_basis": 1000,
    "enhanced_entanglement": false,
    "entanglement_strength": 0.6018976858405174,
    "interpolate_geometry": false,
    "smooth_charge_injection": false,
    "min_qubits_for_continuum": 10,
    "benchmark_against_classical_geometry": false,
    "geometry_fit_metric": "wasserstein,kl,euclidean",
    "verify_noise_robustness": false,
    "run_on_multiple_backends": false,
    "detect_and_flag_causal_loops": true,
    "restrict_information_flow_direction": "bidirectional",
    "filter_noncausal_edges": true,
    "use_ryu_takayanagi_test": true,
    "compare_MI_vs_subsystem_entropy": true,
    "embed_boundary_entropy_in_geometry": true,
    "entropy_engineering": true,
    "target_entropy_pattern": "quantum_gravity",
    "custom_target_entropies": null,
    "entropy_optimization_iterations": 200,
    "entropy_tolerance": 0.05,
    "continue_on_engineering_failure": true,
    "skip_entropy_engineering": false,
    "validate_engineered_geometry": true,
    "enhance_bell_violations": true,
    "bell_entanglement_strength": 4.0,
    "teleportation_circuits": true,
    "long_range_coupling": 3.0,
    "holographic_optimization": true,
    "rt_surface_encoding": true,
    "conformal_symmetry": true,
    "bulk_reconstruction": true,
    "scalable_entanglement": true,
    "parallel_execution": true,
    "memory_optimization": true,
    "circuit_compilation": "optimized",
    "real_hardware": false,
    "error_mitigation": true,
    "zero_noise_extrapolation": true,
    "zne_noise_factors": [
      1.0,
      2.0,
      3.0
    ],
    "zne_extrapolation_method": "polynomial",
    "hardware_calibration": true,
    "noise_characterization": true,
    "backend_name": "ibm_brisbane",
    "quantum_mode": true,
    "quantum_entanglement_strength": 5.0,
    "quantum_circuit_depth": 12,
    "geometric_teleportation": false,
    "teleportation_mode": "both",
    "bridge_strength": 1.0,
    "signal_state": "+",
    "emergent_geometry_teleportation": false,
    "teleportation_node_pairs": "auto",
    "teleportation_embedding_dim": 2,
    "teleportation_fidelity_threshold": 0.7,
    "superposition_gravity": true,
    "massive_bulk_mass_hinge": "0,1,2",
    "massive_bulk_mass_value": 2.0,
    "massless_bulk_mass_hinge": null,
    "massless_bulk_mass_value": 0.0,
    "superposition_control_qubit": 0,
    "superposition_phase": 0.0,
    "interference_analysis": true,
    "classical_mixture_comparison": true,
    "coherence_preservation": true,
    "bulk_reconstruction_method": "mi_embedding"
  },
  "uid": "5INE2W",
  "counts_per_timestep": [
    {
      "1000": 4,
      "0101": 7,
      "0100": 5,
      "1110": 3,
      "1101": 11,
      "1010": 11,
      "1001": 3,
      "1011": 2,
      "0010": 15,
      "0000": 4,
      "0111": 7,
      "0110": 5,
      "1100": 7,
      "0011": 6,
      "1111": 10
    },
    {
      "1101": 5,
      "1111": 9,
      "1110": 9,
      "0000": 7,
      "0010": 9,
      "0101": 8,
      "0110": 7,
      "0001": 8,
      "1000": 8,
      "1100": 4,
      "1001": 2,
      "0011": 3,
      "0111": 7,
      "1010": 4,
      "1011": 4,
      "0100": 6
    },
    {
      "0110": 12,
      "1110": 7,
      "0000": 9,
      "1101": 7,
      "1001": 9,
      "1111": 8,
      "0100": 3,
      "0101": 7,
      "0011": 7,
      "1010": 8,
      "0010": 2,
      "1011": 3,
      "1100": 6,
      "0001": 5,
      "1000": 2,
      "0111": 5
    }
  ],
  "job_ids_per_timestep": [
    "d27usog56fsc73e6ddo0",
    "d27usqjoctts738jnh1g",
    "d27uss1ogaas73ct8uj0"
  ],
  "entropy_per_timestep": [
    3.712621991637133,
    3.8996888759439305,
    3.8546265016771653
  ],
  "mutual_information_per_timestep": [
    {
      "I_0,1": 0.003809820424520962,
      "I_0,2": 0.0791617207933051,
      "I_0,3": 0.005207041204297429,
      "I_1,2": 0.0476364035534602,
      "I_1,3": 0.013921274916276608,
      "I_2,3": 0.007050158551725888
    },
    {
      "I_0,1": 0.003809820424520962,
      "I_0,2": 0.0791617207933051,
      "I_0,3": 0.005207041204297429,
      "I_1,2": 0.0476364035534602,
      "I_1,3": 0.013921274916276608,
      "I_2,3": 0.007050158551725888
    },
    {
      "I_0,1": 0.003809820424520962,
      "I_0,2": 0.0791617207933051,
      "I_0,3": 0.005207041204297429,
      "I_1,2": 0.0476364035534602,
      "I_1,3": 0.013921274916276608,
      "I_2,3": 0.007050158551725888
    }
  ],
  "boundary_entropies_per_timestep": [
    {
      "entropy_A": -0.0,
      "entropy_B": -0.0,
      "mi_AB": 0.0,
      "pure_state_check": true,
      "entropy_difference": 0.0,
      "multiple_regions": {
        "size_1_region_0": {
          "region": [
            0
          ],
          "entropy": 0.6929471672244782,
          "rt_area": 3,
          "size": 1
        },
        "size_1_region_1": {
          "region": [
            1
          ],
          "entropy": 0.6881388137135884,
          "rt_area": 3,
          "size": 1
        },
        "size_2_region_0": {
          "region": [
            0,
            1
          ],
          "entropy": 0.5623351446188083,
          "rt_area": 4,
          "size": 2
        },
        "size_2_region_1": {
          "region": [
            0,
            2
          ],
          "entropy": 0.439669879401343,
          "rt_area": 4,
          "size": 2
        },
        "size_3_region_0": {
          "region": [
            0,
            1,
            2
          ],
          "entropy": 0.167944147734173,
          "rt_area": 3,
          "size": 3
        },
        "size_3_region_1": {
          "region": [
            0,
            1,
            3
          ],
          "entropy": 0.4862229646617922,
          "rt_area": 3,
          "size": 3
        }
      }
    },
    {
      "entropy_A": -0.0,
      "entropy_B": -0.0,
      "mi_AB": 0.0,
      "pure_state_check": true,
      "entropy_difference": 0.0,
      "multiple_regions": {
        "size_1_region_0": {
          "region": [
            0
          ],
          "entropy": 0.6881388137135884,
          "rt_area": 3,
          "size": 1
        },
        "size_1_region_1": {
          "region": [
            1
          ],
          "entropy": 0.6881388137135884,
          "rt_area": 3,
          "size": 1
        },
        "size_2_region_0": {
          "region": [
            0,
            1
          ],
          "entropy": 0.583258840128597,
          "rt_area": 4,
          "size": 2
        },
        "size_2_region_1": {
          "region": [
            0,
            2
          ],
          "entropy": 0.60215168259268,
          "rt_area": 4,
          "size": 2
        },
        "size_3_region_0": {
          "region": [
            0,
            1,
            2
          ],
          "entropy": 0.42270908780599087,
          "rt_area": 3,
          "size": 3
        },
        "size_3_region_1": {
          "region": [
            0,
            1,
            3
          ],
          "entropy": 0.439669879401343,
          "rt_area": 3,
          "size": 3
        }
      }
    },
    {
      "entropy_A": -0.0,
      "entropy_B": -0.0,
      "mi_AB": 0.0,
      "pure_state_check": true,
      "entropy_difference": 0.0,
      "multiple_regions": {
        "size_1_region_0": {
          "region": [
            0
          ],
          "entropy": 0.6931471805599453,
          "rt_area": 3,
          "size": 1
        },
        "size_1_region_1": {
          "region": [
            1
          ],
          "entropy": 0.6881388137135884,
          "rt_area": 3,
          "size": 1
        },
        "size_2_region_0": {
          "region": [
            0,
            1
          ],
          "entropy": 0.5392763414970504,
          "rt_area": 4,
          "size": 2
        },
        "size_2_region_1": {
          "region": [
            0,
            2
          ],
          "entropy": 0.5510799280869728,
          "rt_area": 4,
          "size": 2
        },
        "size_3_region_0": {
          "region": [
            0,
            1,
            2
          ],
          "entropy": 0.40496348506393853,
          "rt_area": 3,
          "size": 3
        },
        "size_3_region_1": {
          "region": [
            0,
            1,
            3
          ],
          "entropy": 0.34651533691866615,
          "rt_area": 3,
          "size": 3
        }
      }
    }
  ],
  "distance_matrix_per_timestep": [
    [
      [
        0.0,
        5.570173223625971,
        2.536262420316975,
        5.257743491581786
      ],
      [
        5.570173223625971,
        0.0,
        3.0441580295054993,
        7.998863202309838
      ],
      [
        2.536262420316975,
        3.0441580295054993,
        0.0,
        4.9547051728043385
      ],
      [
        5.257743491581786,
        7.998863202309838,
        4.9547051728043385,
        0.0
      ]
    ],
    [
      [
        0.0,
        5.570173223625971,
        2.536262420316975,
        5.257743491581786
      ],
      [
        5.570173223625971,
        0.0,
        3.0441580295054993,
        7.998863202309838
      ],
      [
        2.536262420316975,
        3.0441580295054993,
        0.0,
        4.9547051728043385
      ],
      [
        5.257743491581786,
        7.998863202309838,
        4.9547051728043385,
        0.0
      ]
    ],
    [
      [
        0.0,
        5.570173223625971,
        2.536262420316975,
        5.257743491581786
      ],
      [
        5.570173223625971,
        0.0,
        3.0441580295054993,
        7.998863202309838
      ],
      [
        2.536262420316975,
        3.0441580295054993,
        0.0,
        4.9547051728043385
      ],
      [
        5.257743491581786,
        7.998863202309838,
        4.9547051728043385,
        0.0
      ]
    ]
  ],
  "edge_mi": {
    "0,1": 0.003809820424520962,
    "0,3": 0.005207041204297429,
    "0,2": 0.0791617207933051,
    "1,2": 0.0476364035534602,
    "2,3": 0.007050158551725888
  },
  "distance_matrix": [
    [
      0.0,
      5.570173223625971,
      2.536262420316975,
      5.257743491581786
    ],
    [
      5.570173223625971,
      0.0,
      3.0441580295054993,
      4.2743370394568885
    ],
    [
      2.536262420316975,
      3.0441580295054993,
      0.0,
      4.9547051728043385
    ],
    [
      5.257743491581786,
      4.2743370394568885,
      4.9547051728043385,
      0.0
    ]
  ],
  "shortest_paths": {
    "0": {
      "0": 0,
      "2": 2.536262420316975,
      "3": 5.257743491581786,
      "1": 5.570173223625971
    },
    "1": {
      "1": 0,
      "2": 3.0441580295054993,
      "3": 4.2743370394568885,
      "0": 5.570173223625971
    },
    "2": {
      "2": 0,
      "0": 2.536262420316975,
      "1": 3.0441580295054993,
      "3": 4.9547051728043385
    },
    "3": {
      "3": 0,
      "1": 4.2743370394568885,
      "2": 4.9547051728043385,
      "0": 5.257743491581786
    }
  },
  "gromov_delta": 3.838093122034575,
  "mean_distance": 3.2046724221614324,
  "angle_sums": [
    3.3348717738868356,
    9.42477796076938,
    3.9138005797420803,
    3.141592653589793
  ],
  "mean_angle_sum": 4.953760741997022,
  "min_angle_sum": 3.141592653589793,
  "max_angle_sum": 9.42477796076938,
  "angle_sum_deviations": [
    0.19327912029704253,
    6.283185307179586,
    0.7722079261522872,
    0.0
  ],
  "triangle_inequality_violations": [],
  "embedding_coords": [
    [
      0.009553495009081496,
      0.2890437076051698
    ],
    [
      0.0024719609039849226,
      -0.05997719744130996
    ],
    [
      -0.013999243072037062,
      -0.17581453982226833
    ],
    [
      0.0019737871589706425,
      -0.05325197034159151
    ]
  ],
  "embedding_coords_3d": [
    [
      -0.1745073157128284,
      0.16574047321067037,
      -0.04803698858031955
    ],
    [
      0.049590726474192326,
      -0.0457516459688398,
      0.01677388109673458
    ],
    [
      0.009190575563615735,
      -0.14355132991151817,
      -0.07740128489293023
    ],
    [
      0.1157260136750203,
      0.023562502669687582,
      0.10866439237651519
    ]
  ],
  "edge_weight_variance": 0.027142554722222215,
  "event_nodes": [
    [
      0,
      0
    ],
    [
      1,
      0
    ],
    [
      2,
      0
    ],
    [
      3,
      0
    ],
    [
      0,
      1
    ],
    [
      1,
      1
    ],
    [
      2,
      1
    ],
    [
      3,
      1
    ],
    [
      0,
      2
    ],
    [
      1,
      2
    ],
    [
      2,
      2
    ],
    [
      3,
      2
    ]
  ],
  "event_edges": [
    {
      "type": "spatial",
      "from": [
        0,
        0
      ],
      "to": [
        1,
        0
      ],
      "weight": 5.570173223625971
    },
    {
      "type": "spatial",
      "from": [
        0,
        0
      ],
      "to": [
        2,
        0
      ],
      "weight": 2.536262420316975
    },
    {
      "type": "spatial",
      "from": [
        0,
        0
      ],
      "to": [
        3,
        0
      ],
      "weight": 5.257743491581786
    },
    {
      "type": "spatial",
      "from": [
        1,
        0
      ],
      "to": [
        2,
        0
      ],
      "weight": 3.0441580295054993
    },
    {
      "type": "spatial",
      "from": [
        1,
        0
      ],
      "to": [
        3,
        0
      ],
      "weight": 7.998863202309838
    },
    {
      "type": "spatial",
      "from": [
        2,
        0
      ],
      "to": [
        3,
        0
      ],
      "weight": 4.9547051728043385
    },
    {
      "type": "temporal",
      "from": [
        0,
        0
      ],
      "to": [
        0,
        1
      ],
      "weight": 1.0
    },
    {
      "type": "temporal",
      "from": [
        1,
        0
      ],
      "to": [
        1,
        1
      ],
      "weight": 1.0
    },
    {
      "type": "temporal",
      "from": [
        2,
        0
      ],
      "to": [
        2,
        1
      ],
      "weight": 1.0
    },
    {
      "type": "temporal",
      "from": [
        3,
        0
      ],
      "to": [
        3,
        1
      ],
      "weight": 1.0
    },
    {
      "type": "spatial",
      "from": [
        0,
        1
      ],
      "to": [
        1,
        1
      ],
      "weight": 5.570173223625971
    },
    {
      "type": "spatial",
      "from": [
        0,
        1
      ],
      "to": [
        2,
        1
      ],
      "weight": 2.536262420316975
    },
    {
      "type": "spatial",
      "from": [
        0,
        1
      ],
      "to": [
        3,
        1
      ],
      "weight": 5.257743491581786
    },
    {
      "type": "spatial",
      "from": [
        1,
        1
      ],
      "to": [
        2,
        1
      ],
      "weight": 3.0441580295054993
    },
    {
      "type": "spatial",
      "from": [
        1,
        1
      ],
      "to": [
        3,
        1
      ],
      "weight": 7.998863202309838
    },
    {
      "type": "spatial",
      "from": [
        2,
        1
      ],
      "to": [
        3,
        1
      ],
      "weight": 4.9547051728043385
    },
    {
      "type": "temporal",
      "from": [
        0,
        1
      ],
      "to": [
        0,
        2
      ],
      "weight": 1.0
    },
    {
      "type": "temporal",
      "from": [
        1,
        1
      ],
      "to": [
        1,
        2
      ],
      "weight": 1.0
    },
    {
      "type": "temporal",
      "from": [
        2,
        1
      ],
      "to": [
        2,
        2
      ],
      "weight": 1.0
    },
    {
      "type": "temporal",
      "from": [
        3,
        1
      ],
      "to": [
        3,
        2
      ],
      "weight": 1.0
    },
    {
      "type": "spatial",
      "from": [
        0,
        2
      ],
      "to": [
        1,
        2
      ],
      "weight": 5.570173223625971
    },
    {
      "type": "spatial",
      "from": [
        0,
        2
      ],
      "to": [
        2,
        2
      ],
      "weight": 2.536262420316975
    },
    {
      "type": "spatial",
      "from": [
        0,
        2
      ],
      "to": [
        3,
        2
      ],
      "weight": 5.257743491581786
    },
    {
      "type": "spatial",
      "from": [
        1,
        2
      ],
      "to": [
        2,
        2
      ],
      "weight": 3.0441580295054993
    },
    {
      "type": "spatial",
      "from": [
        1,
        2
      ],
      "to": [
        3,
        2
      ],
      "weight": 7.998863202309838
    },
    {
      "type": "spatial",
      "from": [
        2,
        2
      ],
      "to": [
        3,
        2
      ],
      "weight": 4.9547051728043385
    }
  ],
  "lorentzian_dissimilarity": [
    [
      0.0,
      31.026829741199737,
      6.432627064712119,
      27.643866623270636,
      -1.0,
      30.026829741199737,
      5.432627064712119,
      26.643866623270636,
      -4.0,
      27.026829741199737,
      2.4326270647121193,
      23.643866623270636
    ],
    [
      31.026829741199737,
      0.0,
      9.266898108602804,
      63.9818125292664,
      30.026829741199737,
      -1.0,
      8.266898108602804,
      62.9818125292664,
      27.026829741199737,
      -4.0,
      5.266898108602804,
      59.9818125292664
    ],
    [
      6.432627064712119,
      9.266898108602804,
      0.0,
      24.54910334941407,
      5.432627064712119,
      8.266898108602804,
      -1.0,
      23.54910334941407,
      2.4326270647121193,
      5.266898108602804,
      -4.0,
      20.54910334941407
    ],
    [
      27.643866623270636,
      63.9818125292664,
      24.54910334941407,
      0.0,
      26.643866623270636,
      62.9818125292664,
      23.54910334941407,
      -1.0,
      23.643866623270636,
      59.9818125292664,
      20.54910334941407,
      -4.0
    ],
    [
      -1.0,
      30.026829741199737,
      5.432627064712119,
      26.643866623270636,
      0.0,
      31.026829741199737,
      6.432627064712119,
      27.643866623270636,
      -1.0,
      30.026829741199737,
      5.432627064712119,
      26.643866623270636
    ],
    [
      30.026829741199737,
      -1.0,
      8.266898108602804,
      62.9818125292664,
      31.026829741199737,
      0.0,
      9.266898108602804,
      63.9818125292664,
      30.026829741199737,
      -1.0,
      8.266898108602804,
      62.9818125292664
    ],
    [
      5.432627064712119,
      8.266898108602804,
      -1.0,
      23.54910334941407,
      6.432627064712119,
      9.266898108602804,
      0.0,
      24.54910334941407,
      5.432627064712119,
      8.266898108602804,
      -1.0,
      23.54910334941407
    ],
    [
      26.643866623270636,
      62.9818125292664,
      23.54910334941407,
      -1.0,
      27.643866623270636,
      63.9818125292664,
      24.54910334941407,
      0.0,
      26.643866623270636,
      62.9818125292664,
      23.54910334941407,
      -1.0
    ],
    [
      -4.0,
      27.026829741199737,
      2.4326270647121193,
      23.643866623270636,
      -1.0,
      30.026829741199737,
      5.432627064712119,
      26.643866623270636,
      0.0,
      31.026829741199737,
      6.432627064712119,
      27.643866623270636
    ],
    [
      27.026829741199737,
      -4.0,
      5.266898108602804,
      59.9818125292664,
      30.026829741199737,
      -1.0,
      8.266898108602804,
      62.9818125292664,
      31.026829741199737,
      0.0,
      9.266898108602804,
      63.9818125292664
    ],
    [
      2.4326270647121193,
      5.266898108602804,
      -4.0,
      20.54910334941407,
      5.432627064712119,
      8.266898108602804,
      -1.0,
      23.54910334941407,
      6.432627064712119,
      9.266898108602804,
      0.0,
      24.54910334941407
    ],
    [
      23.643866623270636,
      59.9818125292664,
      20.54910334941407,
      -4.0,
      26.643866623270636,
      62.9818125292664,
      23.54910334941407,
      -1.0,
      27.643866623270636,
      63.9818125292664,
      24.54910334941407,
      0.0
    ]
  ],
  "lorentzian_embedding": [
    [
      2.422739077415994,
      2.4924081724101455,
      0.9172621070526814
    ],
    [
      1.6060945548122436,
      -3.0911190607019954,
      1.3603890154438283
    ],
    [
      2.1638533979199783,
      -0.08134422510073365,
      -0.02275795159862428
    ],
    [
      2.0643845132805034,
      2.526241234272531,
      -4.330762582285072
    ],
    [
      1.4175736920516315,
      2.336233978252639,
      0.8518282028931888
    ],
    [
      0.568208689933433,
      -3.249650346118316,
      1.2910806930935377
    ],
    [
      0.9446649498158546,
      -0.25757937935280195,
      -0.11457160209911439
    ],
    [
      1.0712980004549824,
      2.369789195008704,
      -4.4015346155474715
    ],
    [
      0.41148383768117264,
      2.1759924612045376,
      0.7826693019711146
    ],
    [
      -0.47128212662484104,
      -3.4179187857304028,
      1.2213848293072564
    ],
    [
      -0.27786913302584104,
      -0.4654757492358799,
      -0.18614771417413922
    ],
    [
      0.07885945797427789,
      2.2138828422814973,
      -4.4636230566932245
    ]
  ],
  "edge_length_evolution": [],
  "angle_deficit_evolution": [],
  "regge_action_evolution": [],
  "gromov_delta_evolution": [],
  "mass_hinge": null,
  "mass_value": 0.0,
  "matter": [
    {
      "(0, 1)": 0.0,
      "(1, 2)": 0.0,
      "(0, 3)": 0.0,
      "(2, 3)": 0.0,
      "(0, 2)": 0.0,
      "(1, 3)": 0.0
    },
    {
      "(0, 1)": 0.0,
      "(1, 2)": 0.0,
      "(0, 3)": 0.0,
      "(2, 3)": 0.0,
      "(0, 2)": 0.0,
      "(1, 3)": 0.0
    },
    {
      "(0, 1)": 0.0,
      "(1, 2)": 0.0,
      "(0, 3)": 0.0,
      "(2, 3)": 0.0,
      "(0, 2)": 0.0,
      "(1, 3)": 0.0
    }
  ],
  "stationary_solution": null,
  "einstein_analysis_per_timestep": [
    {
      "ricci_tensor": [
        [
          0.009799151215224136,
          0.0
        ],
        [
          0.0,
          0.009799151215224136
        ]
      ],
      "metric_tensor": [
        [
          1.0019598302430448,
          0.0009799151215224137
        ],
        [
          0.0009799151215224137,
          1.0019598302430448
        ]
      ],
      "stress_energy_tensor": [
        [
          0.009799151215224136,
          0.00019598302430448274
        ],
        [
          0.00019598302430448274,
          0.009799151215224136
        ]
      ],
      "einstein_solution": {
        "einstein_tensor": [
          [
            0.0,
            0.0
          ],
          [
            0.0,
            0.0
          ]
        ],
        "ricci_scalar": 0.019598302430448272,
        "metric_tensor": [
          [
            1.0,
            0.0
          ],
          [
            0.0,
            1.0
          ]
        ],
        "lhs": [
          [
            0.0,
            0.0
          ],
          [
            0.0,
            0.0
          ]
        ],
        "rhs": [
          [
            0.009799151215224136,
            0.00019598302430448274
          ],
          [
            0.00019598302430448274,
            0.009799151215224136
          ]
        ],
        "equations_satisfied": false,
        "residual": 0.013860863889718,
        "conservation_violation": 0.009799151215224136,
        "gravitational_constant": 0.039788735772973836,
        "cosmological_constant": 0.0
      },
      "entropy_first_derivative": 0.0,
      "entropy_second_derivative": 0.0,
      "entropy_curvature_correlation": 0.01385808754831657,
      "emergent_gravitational_constant": 0.0015595833540078745,
      "average_mutual_information": 0.019598302430448272,
      "ricci_scalar": 0.019598302430448272,
      "analysis_summary": {
        "einstein_equations_satisfied": false,
        "residual_magnitude": 0.013860863889718,
        "conservation_violation": 0.009799151215224136,
        "entropy_evolution_rate": 0.0,
        "entropy_acceleration": 0.0,
        "entanglement_curvature_coupling": 0.01385808754831657
      }
    },
    {
      "ricci_tensor": [
        [
          0.009799151215224136,
          0.0
        ],
        [
          0.0,
          0.009799151215224136
        ]
      ],
      "metric_tensor": [
        [
          1.0019598302430448,
          0.0009799151215224137
        ],
        [
          0.0009799151215224137,
          1.0019598302430448
        ]
      ],
      "stress_energy_tensor": [
        [
          0.009799151215224136,
          0.00019598302430448274
        ],
        [
          0.00019598302430448274,
          0.009799151215224136
        ]
      ],
      "einstein_solution": {
        "einstein_tensor": [
          [
            0.0,
            0.0
          ],
          [
            0.0,
            0.0
          ]
        ],
        "ricci_scalar": 0.019598302430448272,
        "metric_tensor": [
          [
            1.0,
            0.0
          ],
          [
            0.0,
            1.0
          ]
        ],
        "lhs": [
          [
            0.0,
            0.0
          ],
          [
            0.0,
            0.0
          ]
        ],
        "rhs": [
          [
            0.009799151215224136,
            0.00019598302430448274
          ],
          [
            0.00019598302430448274,
            0.009799151215224136
          ]
        ],
        "equations_satisfied": false,
        "residual": 0.013860863889718,
        "conservation_violation": 0.009799151215224136,
        "gravitational_constant": 0.039788735772973836,
        "cosmological_constant": 0.0
      },
      "entropy_first_derivative": 0.0,
      "entropy_second_derivative": 0.0,
      "entropy_curvature_correlation": 0.01385808754831657,
      "emergent_gravitational_constant": 0.0015595833540078745,
      "average_mutual_information": 0.019598302430448272,
      "ricci_scalar": 0.019598302430448272,
      "analysis_summary": {
        "einstein_equations_satisfied": false,
        "residual_magnitude": 0.013860863889718,
        "conservation_violation": 0.009799151215224136,
        "entropy_evolution_rate": 0.0,
        "entropy_acceleration": 0.0,
        "entanglement_curvature_coupling": 0.01385808754831657
      }
    },
    {
      "ricci_tensor": [
        [
          0.009799151215224136,
          0.0
        ],
        [
          0.0,
          0.009799151215224136
        ]
      ],
      "metric_tensor": [
        [
          1.0019598302430448,
          0.0009799151215224137
        ],
        [
          0.0009799151215224137,
          1.0019598302430448
        ]
      ],
      "stress_energy_tensor": [
        [
          0.009799151215224136,
          0.00019598302430448274
        ],
        [
          0.00019598302430448274,
          0.009799151215224136
        ]
      ],
      "einstein_solution": {
        "einstein_tensor": [
          [
            0.0,
            0.0
          ],
          [
            0.0,
            0.0
          ]
        ],
        "ricci_scalar": 0.019598302430448272,
        "metric_tensor": [
          [
            1.0,
            0.0
          ],
          [
            0.0,
            1.0
          ]
        ],
        "lhs": [
          [
            0.0,
            0.0
          ],
          [
            0.0,
            0.0
          ]
        ],
        "rhs": [
          [
            0.009799151215224136,
            0.00019598302430448274
          ],
          [
            0.00019598302430448274,
            0.009799151215224136
          ]
        ],
        "equations_satisfied": false,
        "residual": 0.013860863889718,
        "conservation_violation": 0.009799151215224136,
        "gravitational_constant": 0.039788735772973836,
        "cosmological_constant": 0.0
      },
      "entropy_first_derivative": 0.07100225502001623,
      "entropy_second_derivative": -0.23212925857356304,
      "entropy_curvature_correlation": 0.01385808754831657,
      "emergent_gravitational_constant": 0.0015595833540078745,
      "average_mutual_information": 0.019598302430448272,
      "ricci_scalar": 0.019598302430448272,
      "analysis_summary": {
        "einstein_equations_satisfied": false,
        "residual_magnitude": 0.013860863889718,
        "conservation_violation": 0.009799151215224136,
        "entropy_evolution_rate": 0.07100225502001623,
        "entropy_acceleration": 0.23212925857356304,
        "entanglement_curvature_coupling": 0.01385808754831657
      }
    }
  ],
  "bootstrap_analysis": {
    "gromov_delta": {
      "mean": 4.9547051728043385,
      "lower_ci": 4.9547051728043385,
      "upper_ci": 4.9547051728043385,
      "all_values": [
        4.9547051728043385,
        4.9547051728043385,
        4.9547051728043385
      ],
      "uncertainty": 0.0
    },
    "entropy": {
      "mean": 3.8223124564194095,
      "lower_ci": 3.7126219916371332,
      "upper_ci": 3.8996888759439305,
      "uncertainty": 0.07737641952452101
    },
    "distance_matrix": {
      "mean": [
        [
          0.0,
          5.570173223625971,
          2.536262420316975,
          5.257743491581786
        ],
        [
          5.570173223625971,
          0.0,
          3.0441580295054993,
          7.998863202309838
        ],
        [
          2.536262420316975,
          3.0441580295054993,
          0.0,
          4.9547051728043385
        ],
        [
          5.257743491581786,
          7.998863202309838,
          4.9547051728043385,
          0.0
        ]
      ],
      "lower_ci": [
        [
          0.0,
          5.570173223625971,
          2.536262420316975,
          5.257743491581786
        ],
        [
          5.570173223625971,
          0.0,
          3.0441580295054993,
          7.998863202309838
        ],
        [
          2.536262420316975,
          3.0441580295054993,
          0.0,
          4.9547051728043385
        ],
        [
          5.257743491581786,
          7.998863202309838,
          4.9547051728043385,
          0.0
        ]
      ],
      "upper_ci": [
        [
          0.0,
          5.570173223625971,
          2.536262420316975,
          5.257743491581786
        ],
        [
          5.570173223625971,
          0.0,
          3.0441580295054993,
          7.998863202309838
        ],
        [
          2.536262420316975,
          3.0441580295054993,
          0.0,
          4.9547051728043385
        ],
        [
          5.257743491581786,
          7.998863202309838,
          4.9547051728043385,
          0.0
        ]
      ]
    }
  },
  "topology_compatibility": {
    "current_topology": "triangulated",
    "explanation": "Triangulated topology is specifically designed for angle-sum curvature. Creates multiple triangles per vertex, enabling robust local curvature measurements. Each vertex has multiple incident triangles for well-defined angle sums.",
    "supports_local_curvature": true
  },
  "rt_surface_analysis": {
    "region_A": [
      0
    ],
    "region_B": [
      1,
      2,
      3
    ],
    "bulk_point": 2,
    "is_complementary": true,
    "rt_area_AB": 13.364179135524731,
    "rt_area_BA": 13.364179135524731,
    "area_consistent": true,
    "edges_consistent": true,
    "area_difference": 0.0,
    "rt_edges_AB": [
      [
        0,
        1
      ],
      [
        0,
        2
      ],
      [
        0,
        3
      ]
    ],
    "rt_edges_BA": [
      [
        0,
        1
      ],
      [
        0,
        2
      ],
      [
        0,
        3
      ]
    ],
    "edge_lengths": [
      5.570173223625971,
      2.536262420316975,
      5.257743491581786,
      3.0441580295054993,
      7.998863202309838,
      4.9547051728043385
    ],
    "all_edges": [
      [
        0,
        1
      ],
      [
        0,
        2
      ],
      [
        0,
        3
      ],
      [
        1,
        2
      ],
      [
        1,
        3
      ],
      [
        2,
        3
      ]
    ]
  },
  "bulk_excitation_analysis": {
    "ground_state_mi": [
      [
        0.0,
        0.5260466047427357,
        0.7450756226234794,
        0.5260466047427357
      ],
      [
        0.5260466047427357,
        0.0,
        0.5260466047427366,
        0.6452878267225097
      ],
      [
        0.7450756226234794,
        0.5260466047427366,
        0.0,
        0.5260466047427361
      ],
      [
        0.5260466047427357,
        0.6452878267225097,
        0.5260466047427361,
        0.0
      ]
    ],
    "excited_state_mi": [
      [
        0.0,
        0.7407283582993713,
        0.716653420643675,
        0.740728358299372
      ],
      [
        0.7407283582993713,
        0.0,
        0.5758806865330772,
        0.7908309925268755
      ],
      [
        0.716653420643675,
        0.5758806865330772,
        0.0,
        0.5758806865330761
      ],
      [
        0.740728358299372,
        0.7908309925268755,
        0.5758806865330761,
        0.0
      ]
    ],
    "mi_difference": [
      [
        0.0,
        0.21468175355663566,
        -0.028422201979804385,
        0.21468175355663632
      ],
      [
        0.21468175355663566,
        0.0,
        0.049834081790340656,
        0.14554316580436577
      ],
      [
        -0.028422201979804385,
        0.049834081790340656,
        0.0,
        0.04983408179033999
      ],
      [
        0.21468175355663632,
        0.14554316580436577,
        0.04983408179033999,
        0.0
      ]
    ],
    "avg_mi_change": 0.08787462980976535,
    "max_mi_change": 0.21468175355663632,
    "mi_change_boundary_A": NaN,
    "mi_change_boundary_B": 0.08173710979501547,
    "bulk_point": 2,
    "ground_state_counts": {
      "counts": {
        "1011": 7,
        "0001": 12,
        "1010": 7,
        "0011": 2,
        "1000": 12,
        "0110": 6,
        "0101": 3,
        "1111": 6,
        "0010": 7,
        "1101": 5,
        "1100": 7,
        "0000": 5,
        "1110": 9,
        "0111": 5,
        "1001": 4,
        "0100": 3
      },
      "job_id": "d27ust9ogaas73ct8ukg",
      "mutual_information": {
        "I_0,1": 0.002853506521823059,
        "I_0,2": 0.00015403133096127813,
        "I_0,3": 0.01133199554093963,
        "I_1,2": 0.023212909457843545,
        "I_1,3": 0.0013490247907153342,
        "I_2,3": 0.004416182622184225
      }
    },
    "excited_state_counts": {
      "counts": {
        "1100": 4,
        "0001": 7,
        "1101": 11,
        "1010": 3,
        "0110": 5,
        "0111": 3,
        "0100": 9,
        "0000": 5,
        "1001": 11,
        "1000": 12,
        "0101": 11,
        "1111": 6,
        "0011": 4,
        "1110": 6,
        "1011": 3
      },
      "job_id": "d27usuo56fsc73e6ddu0",
      "mutual_information": {
        "I_0,1": 0.0008903364035885413,
        "I_0,2": 4.730824930148812e-05,
        "I_0,3": 0.00015403133096137701,
        "I_1,2": 0.017285703771461394,
        "I_1,3": 0.0020166861327409955,
        "I_2,3": 0.017199277782400664
      }
    },
    "boundary_entropies": {
      "ground_state": {
        "entropy_A": 0.9086657610322214,
        "entropy_B": 0.9086657610322146,
        "mi_AB": 1.8173315220644115
      },
      "excited_state": {
        "entropy_A": 0.9132246090411604,
        "entropy_B": 0.9132246090411515,
        "mi_AB": 1.8264492180822864
      },
      "rt_relation_test": {
        "entropy_ratio": 0.9999999999999926,
        "rt_area_ratio": 1.0,
        "rt_deviation": 7.438494264988549e-15,
        "excited_entropy_ratio": 0.9999999999999902,
        "rt_relation_change": 2.3314683517128287e-15
      }
    }
  },
  "page_curve_analysis": null,
  "deutsch_ctc_analysis": null,
  "ctc_recovery_analysis": null,
  "einstein_analysis": null,
  "dynamic_evidence": {
    "angle_sums_per_timestep": [
      [
        3.3348717738868356,
        3.783017326903899,
        3.9138005797420803,
        0.0
      ],
      [
        3.3348717738868356,
        3.783017326903899,
        3.9138005797420803,
        0.0
      ],
      [
        3.3348717738868356,
        3.783017326903899,
        3.9138005797420803,
        0.0
      ]
    ],
    "gromov_delta_per_timestep": [
      4.9547051728043385,
      4.9547051728043385,
      4.9547051728043385
    ],
    "edge_mi_per_timestep": [
      {
        "0,1": 0.003809820424520962,
        "0,3": 0.005207041204297429,
        "0,2": 0.0791617207933051,
        "1,2": 0.0476364035534602,
        "2,3": 0.007050158551725888
      },
      {
        "0,1": 0.003809820424520962,
        "0,3": 0.005207041204297429,
        "0,2": 0.0791617207933051,
        "1,2": 0.0476364035534602,
        "2,3": 0.007050158551725888
      },
      {
        "0,1": 0.003809820424520962,
        "0,3": 0.005207041204297429,
        "0,2": 0.0791617207933051,
        "1,2": 0.0476364035534602,
        "2,3": 0.007050158551725888
      }
    ],
    "shortest_paths_per_timestep": [
      {
        "0": {
          "0": 0,
          "2": 2.536262420316975,
          "3": 5.257743491581786,
          "1": 5.570173223625971
        },
        "1": {
          "1": 0,
          "2": 3.0441580295054993,
          "0": 5.570173223625971,
          "3": 7.998863202309838
        },
        "2": {
          "2": 0,
          "0": 2.536262420316975,
          "1": 3.0441580295054993,
          "3": 4.9547051728043385
        },
        "3": {
          "3": 0,
          "2": 4.9547051728043385,
          "0": 5.257743491581786,
          "1": 7.998863202309838
        }
      },
      {
        "0": {
          "0": 0,
          "2": 2.536262420316975,
          "3": 5.257743491581786,
          "1": 5.570173223625971
        },
        "1": {
          "1": 0,
          "2": 3.0441580295054993,
          "0": 5.570173223625971,
          "3": 7.998863202309838
        },
        "2": {
          "2": 0,
          "0": 2.536262420316975,
          "1": 3.0441580295054993,
          "3": 4.9547051728043385
        },
        "3": {
          "3": 0,
          "2": 4.9547051728043385,
          "0": 5.257743491581786,
          "1": 7.998863202309838
        }
      },
      {
        "0": {
          "0": 0,
          "2": 2.536262420316975,
          "3": 5.257743491581786,
          "1": 5.570173223625971
        },
        "1": {
          "1": 0,
          "2": 3.0441580295054993,
          "0": 5.570173223625971,
          "3": 7.998863202309838
        },
        "2": {
          "2": 0,
          "0": 2.536262420316975,
          "1": 3.0441580295054993,
          "3": 4.9547051728043385
        },
        "3": {
          "3": 0,
          "2": 4.9547051728043385,
          "0": 5.257743491581786,
          "1": 7.998863202309838
        }
