{
  "spec": {
    "num_qubits": 4,
    "topology": "triangulated",
    "custom_edges": null,
    "alpha": 0.8,
    "weight": 0.8541164506460508,
    "gamma": 0.01,
    "sigma": 0.01,
    "init_angle": 0.0,
    "init_angles": null,
    "shots": 100,
    "device": "simulator",
    "geometry": "euclidean",
    "curvature": 0.0,
    "timesteps": 3,
    "dimension": 2,
    "mass_hinge": null,
    "mass_value": 0.0,
    "solve_regge": false,
    "lorentzian": true,
    "excite": true,
    "fast": true,
    "strong_curvature": true,
    "charge_injection": true,
    "charge_strength": 2.5,
    "charge_location": null,
    "spin_injection": true,
    "spin_strength": 2.0,
    "spin_location": null,
    "edge_floor": 0.001,
    "compute_entropies": true,
    "hyperbolic_triangulation": true,
    "trotter_steps": 8,
    "dt": 0.05,
    "analyze_curvature": true,
    "einstein_solver": true,
    "page_curve": true,
    "radiation_ordering": null,
    "page_curve_timesteps": 15,
    "entropy_method": "hybrid",
    "num_shadows": 100,
    "shots_per_shadow": 1000,
    "num_bases": 20,
    "shots_per_basis": 1000,
    "enhanced_entanglement": false,
    "entanglement_strength": 0.3694527781146687,
    "interpolate_geometry": false,
    "smooth_charge_injection": false,
    "min_qubits_for_continuum": 10,
    "benchmark_against_classical_geometry": false,
    "geometry_fit_metric": "wasserstein,kl,euclidean",
    "verify_noise_robustness": false,
    "run_on_multiple_backends": false,
    "detect_and_flag_causal_loops": true,
    "restrict_information_flow_direction": "bidirectional",
    "filter_noncausal_edges": true,
    "use_ryu_takayanagi_test": true,
    "compare_MI_vs_subsystem_entropy": true,
    "embed_boundary_entropy_in_geometry": true,
    "entropy_engineering": true,
    "target_entropy_pattern": "quantum_gravity",
    "custom_target_entropies": null,
    "entropy_optimization_iterations": 200,
    "entropy_tolerance": 0.05,
    "continue_on_engineering_failure": true,
    "validate_engineered_geometry": true,
    "enhance_bell_violations": true,
    "bell_entanglement_strength": 4.0,
    "teleportation_circuits": true,
    "long_range_coupling": 3.0,
    "holographic_optimization": true,
    "rt_surface_encoding": true,
    "conformal_symmetry": true,
    "bulk_reconstruction": true,
    "scalable_entanglement": true,
    "parallel_execution": true,
    "memory_optimization": true,
    "circuit_compilation": "optimized",
    "real_hardware": false,
    "error_mitigation": true,
    "zero_noise_extrapolation": true,
    "zne_noise_factors": [
      1.0,
      2.0,
      3.0
    ],
    "zne_extrapolation_method": "polynomial",
    "hardware_calibration": true,
    "noise_characterization": true,
    "backend_name": "ibm_brisbane",
    "quantum_mode": true,
    "quantum_entanglement_strength": 5.0,
    "quantum_circuit_depth": 12
  },
  "uid": "6B30ZQ",
  "counts_per_timestep": [
    null,
    null,
    null
  ],
  "job_ids_per_timestep": [
    null,
    null,
    null
  ],
  "entropy_per_timestep": [
    null,
    null,
    null
  ],
  "mutual_information_per_timestep": [
    {
      "I_0,1": 0.5052422079442904,
      "I_0,2": 0.6535244888766631,
      "I_0,3": 0.5052422079442915,
      "I_1,2": 0.5052422079442911,
      "I_1,3": 0.40630491255263324,
      "I_2,3": 0.5052422079442911
    },
    {
      "I_0,1": 0.7322974055133946,
      "I_0,2": 0.585350140694785,
      "I_0,3": 0.7322974055133944,
      "I_1,2": 0.7322974055133946,
      "I_1,3": 0.5811720007842018,
      "I_2,3": 0.7322974055133946
    },
    {
      "I_0,1": 0.5314014249111176,
      "I_0,2": 0.5506895214943004,
      "I_0,3": 0.5314014249111183,
      "I_1,2": 0.5314014249111179,
      "I_1,3": 0.6416054515690301,
      "I_2,3": 0.5314014249111183
    }
  ],
  "boundary_entropies_per_timestep": [
    {
      "entropy_A": 0.7267479447417963,
      "entropy_B": 0.7267479447417946,
      "mi_AB": 1.4534958894835863,
      "pure_state_check": true,
      "entropy_difference": 1.6653345369377348e-15,
      "multiple_regions": {
        "size_1_region_0": {
          "region": [
            0
          ],
          "entropy": 0.8503577329038092,
          "rt_area": 3,
          "size": 1
        },
        "size_1_region_1": {
          "region": [
            1
          ],
          "entropy": 0.726747944741795,
          "rt_area": 3,
          "size": 1
        },
        "size_1_region_2": {
          "region": [
            2
          ],
          "entropy": 0.8503577329038092,
          "rt_area": 3,
          "size": 1
        },
        "size_2_region_0": {
          "region": [
            0,
            1
          ],
          "entropy": 1.071863469701313,
          "rt_area": 4,
          "size": 2
        },
        "size_2_region_1": {
          "region": [
            0,
            2
          ],
          "entropy": 1.0471909769309553,
          "rt_area": 4,
          "size": 2
        },
        "size_2_region_2": {
          "region": [
            0,
            3
          ],
          "entropy": 1.0718634697013123,
          "rt_area": 4,
          "size": 2
        },
        "size_3_region_0": {
          "region": [
            0,
            1,
            2
          ],
          "entropy": 0.7267479447417963,
          "rt_area": 3,
          "size": 3
        },
        "size_3_region_1": {
          "region": [
            0,
            1,
            3
          ],
          "entropy": 0.8503577329038123,
          "rt_area": 3,
          "size": 3
        },
        "size_3_region_2": {
          "region": [
            0,
            2,
            3
          ],
          "entropy": 0.7267479447417958,
          "rt_area": 3,
          "size": 3
        }
      }
    },
    {
      "entropy_A": 0.9940976119935071,
      "entropy_B": 0.9940976119935061,
      "mi_AB": 1.9881952239870095,
      "pure_state_check": true,
      "entropy_difference": 9.992007221626409e-16,
      "multiple_regions": {
        "size_1_region_0": {
          "region": [
            0
          ],
          "entropy": 0.9961866819487976,
          "rt_area": 3,
          "size": 1
        },
        "size_1_region_1": {
          "region": [
            1
          ],
          "entropy": 0.9940976119935061,
          "rt_area": 3,
          "size": 1
        },
        "size_1_region_2": {
          "region": [
            2
          ],
          "entropy": 0.9961866819487979,
          "rt_area": 3,
          "size": 1
        },
        "size_2_region_0": {
          "region": [
            0,
            1
          ],
          "entropy": 1.2579868884289092,
          "rt_area": 4,
          "size": 2
        },
        "size_2_region_1": {
          "region": [
            0,
            2
          ],
          "entropy": 1.4070232232028108,
          "rt_area": 4,
          "size": 2
        },
        "size_2_region_2": {
          "region": [
            0,
            3
          ],
          "entropy": 1.2579868884289094,
          "rt_area": 4,
          "size": 2
        },
        "size_3_region_0": {
          "region": [
            0,
            1,
            2
          ],
          "entropy": 0.9940976119935071,
          "rt_area": 3,
          "size": 3
        },
        "size_3_region_1": {
          "region": [
            0,
            1,
            3
          ],
          "entropy": 0.9961866819487988,
          "rt_area": 3,
          "size": 3
        },
        "size_3_region_2": {
          "region": [
            0,
            2,
            3
          ],
          "entropy": 0.9940976119935069,
          "rt_area": 3,
          "size": 3
        }
      }
    },
    {
      "entropy_A": 0.9351936547590213,
      "entropy_B": 0.9351936547590176,
      "mi_AB": 1.870387309518032,
      "pure_state_check": true,
      "entropy_difference": 3.6637359812630166e-15,
      "multiple_regions": {
        "size_1_region_0": {
          "region": [
            0
          ],
          "entropy": 0.8897356897216528,
          "rt_area": 3,
          "size": 1
        },
        "size_1_region_1": {
          "region": [
            1
          ],
          "entropy": 0.9351936547590183,
          "rt_area": 3,
          "size": 1
        },
        "size_1_region_2": {
          "region": [
            2
          ],
          "entropy": 0.8897356897216532,
          "rt_area": 3,
          "size": 1
        },
        "size_2_region_0": {
          "region": [
            0,
            1
          ],
          "entropy": 1.293527919569553,
          "rt_area": 4,
          "size": 2
        },
        "size_2_region_1": {
          "region": [
            0,
            2
          ],
          "entropy": 1.2287818579490057,
          "rt_area": 4,
          "size": 2
        },
        "size_2_region_2": {
          "region": [
            0,
            3
          ],
          "entropy": 1.2935279195695522,
          "rt_area": 4,
          "size": 2
        },
        "size_3_region_0": {
          "region": [
            0,
            1,
            2
          ],
          "entropy": 0.9351936547590213,
          "rt_area": 3,
          "size": 3
        },
        "size_3_region_1": {
          "region": [
            0,
            1,
            3
          ],
          "entropy": 0.8897356897216545,
          "rt_area": 3,
          "size": 3
        },
        "size_3_region_2": {
          "region": [
            0,
            2,
            3
          ],
          "entropy": 0.9351936547590216,
          "rt_area": 3,
          "size": 3
        }
      }
    }
  ],
  "distance_matrix_per_timestep": [
    [
      [
        0.0,
        0.6827173449958741,
        0.4253752732050315,
        0.6827173449958719
      ],
      [
        0.6827173449958741,
        0.0,
        0.6827173449958728,
        1.3654346899917456
      ],
      [
        0.4253752732050315,
        0.6827173449958728,
        0.0,
        0.6827173449958728
      ],
      [
        0.6827173449958719,
        1.3654346899917456,
        0.6827173449958728,
        0.0
      ]
    ],
    [
      [
        0.0,
        0.31156855584997767,
        0.5355450796963838,
        0.311568555849978
      ],
      [
        0.31156855584997767,
        0.0,
        0.31156855584997767,
        0.6231371116999553
      ],
      [
        0.5355450796963838,
        0.31156855584997767,
        0.0,
        0.31156855584997767
      ],
      [
        0.311568555849978,
        0.6231371116999553,
        0.31156855584997767,
        0.0
      ]
    ],
    [
      [
        0.0,
        0.632237564231495,
        0.5965841105063131,
        0.6322375642314937
      ],
      [
        0.632237564231495,
        0.0,
        0.6322375642314946,
        1.2644751284629883
      ],
      [
        0.5965841105063131,
        0.6322375642314946,
        0.0,
        0.6322375642314937
      ],
      [
        0.6322375642314937,
        1.2644751284629883,
        0.6322375642314937,
        0.0
      ]
    ]
  ],
  "edge_mi": {
    "0,1": 0.5314014249111176,
    "0,3": 0.5314014249111183,
    "0,2": 0.5506895214943004,
    "1,2": 0.5314014249111179,
    "2,3": 0.5314014249111183
  },
  "distance_matrix": [
    [
      0.0,
      0.632237564231495,
      0.5965841105063131,
      0.6322375642314937
    ],
    [
      0.632237564231495,
      0.0,
      0.6322375642314946,
      1.2644751284629883
    ],
    [
      0.5965841105063131,
      0.6322375642314946,
      0.0,
      0.6322375642314937
    ],
    [
      0.6322375642314937,
      1.2644751284629883,
      0.6322375642314937,
      0.0
    ]
  ],
  "shortest_paths": {
    "0": {
      "0": 0,
      "2": 0.5965841105063131,
      "3": 0.6322375642314937,
      "1": 0.632237564231495
    },
    "1": {
      "1": 0,
      "2": 0.6322375642314946,
      "0": 0.632237564231495,
      "3": 1.2644751284629883
    },
    "2": {
      "2": 0,
      "0": 0.5965841105063131,
      "3": 0.6322375642314937,
      "1": 0.6322375642314946
    },
    "3": {
      "3": 0,
      "0": 0.6322375642314937,
      "2": 0.6322375642314937,
      "1": 1.2644751284629883
    }
  },
  "gromov_delta": 0.6322375642314948,
  "mean_distance": 0.5487511869869097,
  "angle_sums": [
    3.1415926535897936,
    3.141592655474783,
    3.141592653589793,
    0.0
  ],
  "mean_angle_sum": 2.3561944906635923,
  "min_angle_sum": 0.0,
  "max_angle_sum": 3.141592655474783,
  "angle_sum_deviations": [
    4.440892098500626e-16,
    1.8849899419137728e-09,
    0.0,
    -3.141592653589793
  ],
  "triangle_inequality_violations": [],
  "embedding_coords": null,
  "edge_weight_variance": null,
  "event_nodes": [
    [
      0,
      0
    ],
    [
      1,
      0
    ],
    [
      2,
      0
    ],
    [
      3,
      0
    ],
    [
      0,
      1
    ],
    [
      1,
      1
    ],
    [
      2,
      1
    ],
    [
      3,
      1
    ],
    [
      0,
      2
    ],
    [
      1,
      2
    ],
    [
      2,
      2
    ],
    [
      3,
      2
    ]
  ],
  "event_edges": [
    {
      "type": "spatial",
      "from": [
        0,
        0
      ],
      "to": [
        1,
        0
      ],
      "weight": 0.6827173449958741
    },
    {
      "type": "spatial",
      "from": [
        0,
        0
      ],
      "to": [
        2,
        0
      ],
      "weight": 0.4253752732050315
    },
    {
      "type": "spatial",
      "from": [
        0,
        0
      ],
      "to": [
        3,
        0
      ],
      "weight": 0.6827173449958719
    },
    {
      "type": "spatial",
      "from": [
        1,
        0
      ],
      "to": [
        2,
        0
      ],
      "weight": 0.6827173449958728
    },
    {
      "type": "spatial",
      "from": [
        1,
        0
      ],
      "to": [
        3,
        0
      ],
      "weight": 1.3654346899917456
    },
    {
      "type": "spatial",
      "from": [
        2,
        0
      ],
      "to": [
        3,
        0
      ],
      "weight": 0.6827173449958728
    },
    {
      "type": "temporal",
      "from": [
        0,
        0
      ],
      "to": [
        0,
        1
      ],
      "weight": 1.0
    },
    {
      "type": "temporal",
      "from": [
        1,
        0
      ],
      "to": [
        1,
        1
      ],
      "weight": 1.0
    },
    {
      "type": "temporal",
      "from": [
        2,
        0
      ],
      "to": [
        2,
        1
      ],
      "weight": 1.0
    },
    {
      "type": "temporal",
      "from": [
        3,
        0
      ],
      "to": [
        3,
        1
      ],
      "weight": 1.0
    },
    {
      "type": "spatial",
      "from": [
        0,
        1
      ],
      "to": [
        1,
        1
      ],
      "weight": 0.31156855584997767
    },
    {
      "type": "spatial",
      "from": [
        0,
        1
      ],
      "to": [
        2,
        1
      ],
      "weight": 0.5355450796963838
    },
    {
      "type": "spatial",
      "from": [
        0,
        1
      ],
      "to": [
        3,
        1
      ],
      "weight": 0.311568555849978
    },
    {
      "type": "spatial",
      "from": [
        1,
        1
      ],
      "to": [
        2,
        1
      ],
      "weight": 0.31156855584997767
    },
    {
      "type": "spatial",
      "from": [
        1,
        1
      ],
      "to": [
        3,
        1
      ],
      "weight": 0.6231371116999553
    },
    {
      "type": "spatial",
      "from": [
        2,
        1
      ],
      "to": [
        3,
        1
      ],
      "weight": 0.31156855584997767
    },
    {
      "type": "temporal",
      "from": [
        0,
        1
      ],
      "to": [
        0,
        2
      ],
      "weight": 1.0
    },
    {
      "type": "temporal",
      "from": [
        1,
        1
      ],
      "to": [
        1,
        2
      ],
      "weight": 1.0
    },
    {
      "type": "temporal",
      "from": [
        2,
        1
      ],
      "to": [
        2,
        2
      ],
      "weight": 1.0
    },
    {
      "type": "temporal",
      "from": [
        3,
        1
      ],
      "to": [
        3,
        2
      ],
      "weight": 1.0
    },
    {
      "type": "spatial",
      "from": [
        0,
        2
      ],
      "to": [
        1,
        2
      ],
      "weight": 0.632237564231495
    },
    {
      "type": "spatial",
      "from": [
        0,
        2
      ],
      "to": [
        2,
        2
      ],
      "weight": 0.5965841105063131
    },
    {
      "type": "spatial",
      "from": [
        0,
        2
      ],
      "to": [
        3,
        2
      ],
      "weight": 0.6322375642314937
    },
    {
      "type": "spatial",
      "from": [
        1,
        2
      ],
      "to": [
        2,
        2
      ],
      "weight": 0.6322375642314946
    },
    {
      "type": "spatial",
      "from": [
        1,
        2
      ],
      "to": [
        3,
        2
      ],
      "weight": 1.2644751284629883
    },
    {
      "type": "spatial",
      "from": [
        2,
        2
      ],
      "to": [
        3,
        2
      ],
      "weight": 0.6322375642314937
    }
  ],
  "lorentzian_dissimilarity": [
    [
      0.0,
      0.4661029731582154,
      0.18094412305425517,
      0.46610297315821236,
      -1.0,
      -0.5338970268417846,
      -0.8190558769457448,
      -0.5338970268417876,
      -4.0,
      -3.5338970268417844,
      -3.819055876945745,
      -3.5338970268417875
    ],
    [
      0.4661029731582154,
      0.0,
      0.4661029731582136,
      1.8644118926328543,
      -0.5338970268417846,
      -1.0,
      -0.5338970268417864,
      0.8644118926328543,
      -3.5338970268417844,
      -4.0,
      -3.533897026841786,
      -2.1355881073671457
    ],
    [
      0.18094412305425517,
      0.4661029731582136,
      0.0,
      0.4661029731582136,
      -0.8190558769457448,
      -0.5338970268417864,
      -1.0,
      -0.5338970268417864,
      -3.819055876945745,
      -3.533897026841786,
      -4.0,
      -3.533897026841786
    ],
    [
      0.46610297315821236,
      1.8644118926328543,
      0.4661029731582136,
      0.0,
      -0.5338970268417876,
      0.8644118926328543,
      -0.5338970268417864,
      -1.0,
      -3.5338970268417875,
      -2.1355881073671457,
      -3.533897026841786,
      -4.0
    ],
    [
      -1.0,
      -0.5338970268417846,
      -0.8190558769457448,
      -0.5338970268417876,
      0.0,
      0.09707496499444065,
      0.28680853238700604,
      0.09707496499444086,
      -1.0,
      -0.9029250350055593,
      -0.713191467612994,
      -0.9029250350055591
    ],
    [
      -0.5338970268417846,
      -1.0,
      -0.5338970268417864,
      0.8644118926328543,
      0.09707496499444065,
      0.0,
      0.09707496499444065,
      0.3882998599777626,
      -0.9029250350055593,
      -1.0,
      -0.9029250350055593,
      -0.6117001400222374
    ],
    [
      -0.8190558769457448,
      -0.5338970268417864,
      -1.0,
      -0.5338970268417864,
      0.28680853238700604,
      0.09707496499444065,
      0.0,
      0.09707496499444065,
      -0.713191467612994,
      -0.9029250350055593,
      -1.0,
      -0.9029250350055593
    ],
    [
      -0.5338970268417876,
      0.8644118926328543,
      -0.5338970268417864,
      -1.0,
      0.09707496499444086,
      0.3882998599777626,
      0.09707496499444065,
      0.0,
      -0.9029250350055591,
      -0.6117001400222374,
      -0.9029250350055593,
      -1.0
    ],
    [
      -4.0,
      -3.5338970268417844,
      -3.819055876945745,
      -3.5338970268417875,
      -1.0,
      -0.9029250350055593,
      -0.713191467612994,
      -0.9029250350055591,
      0.0,
      0.3997243376253738,
      0.3559126009086088,
      0.39972433762537213
    ],
    [
      -3.5338970268417844,
      -4.0,
      -3.533897026841786,
      -2.1355881073671457,
      -0.9029250350055593,
      -1.0,
      -0.9029250350055593,
      -0.6117001400222374,
      0.3997243376253738,
      0.0,
      0.39972433762537324,
      1.5988973505014907
    ],
    [
      -3.819055876945745,
      -3.533897026841786,
      -4.0,
      -3.533897026841786,
      -0.713191467612994,
      -0.9029250350055593,
      -1.0,
      -0.9029250350055593,
      0.3559126009086088,
      0.39972433762537324,
      0.0,
      0.39972433762537213
    ],
    [
      -3.5338970268417875,
      -2.1355881073671457,
      -3.533897026841786,
      -4.0,
      -0.9029250350055591,
      -0.6117001400222374,
      -0.9029250350055593,
      -1.0,
      0.39972433762537213,
      1.5988973505014907,
      0.39972433762537213,
      0.0
    ]
  ],
  "lorentzian_embedding": [
    [
      0.0,
      0.0,
      0.0
    ],
    [
      0.0,
      0.0,
      0.0
    ],
    [
      0.0,
      0.0,
      0.0
    ],
    [
      0.0,
      0.0,
      0.0
    ],
    [
      0.0,
      0.0,
      0.0
    ],
    [
      0.0,
      0.0,
      0.0
    ],
    [
      0.0,
      0.0,
      0.0
    ],
    [
      0.0,
      0.0,
      0.0
    ],
    [
      0.0,
      0.0,
      0.0
    ],
    [
      0.0,
      0.0,
      0.0
    ],
    [
      0.0,
      0.0,
      0.0
    ],
    [
      0.0,
      0.0,
      0.0
    ]
  ],
  "edge_length_evolution": [],
  "angle_deficit_evolution": [],
  "regge_action_evolution": [],
  "gromov_delta_evolution": [],
  "mass_hinge": null,
  "mass_value": 0.0,
  "matter": [
    {
      "(0, 1)": 0.0,
      "(1, 2)": 0.0,
      "(0, 3)": 0.0,
      "(2, 3)": 0.0,
      "(0, 2)": 0.0,
      "(1, 3)": 0.0
    },
    {
      "(0, 1)": 0.0,
      "(1, 2)": 0.0,
      "(0, 3)": 0.0,
      "(2, 3)": 0.0,
      "(0, 2)": 0.0,
      "(1, 3)": 0.0
    },
    {
      "(0, 1)": 0.0,
      "(1, 2)": 0.0,
      "(0, 3)": 0.0,
      "(2, 3)": 0.0,
      "(0, 2)": 0.0,
      "(1, 3)": 0.0
    }
  ],
  "stationary_solution": null,
  "einstein_analysis_per_timestep": [
    {
      "ricci_tensor": [
        [
          0.0,
          0.0
        ],
        [
          0.0,
          0.0
        ]
      ],
      "metric_tensor": [
        [
          1.0385099779150808,
          0.01925498895754038
        ],
        [
          0.01925498895754038,
          1.0385099779150808
        ]
      ],
      "stress_energy_tensor": [
        [
          0.19254988957540378,
          0.0038509977915080758
        ],
        [
          0.0038509977915080758,
          0.19254988957540378
        ]
      ],
      "einstein_solution": {
        "einstein_tensor": [
          [
            0.0,
            0.0
          ],
          [
            0.0,
            0.0
          ]
        ],
        "ricci_scalar": 0.0,
        "metric_tensor": [
          [
            1.0,
            0.0
          ],
          [
            0.0,
            1.0
          ]
        ],
        "lhs": [
          [
            0.0,
            0.0
          ],
          [
            0.0,
            0.0
          ]
        ],
        "rhs": [
          [
            0.19254988957540378,
            0.0038509977915080758
          ],
          [
            0.0038509977915080758,
            0.19254988957540378
          ]
        ],
        "equations_satisfied": false,
        "residual": 0.2723611211589877,
        "conservation_violation": 0.38509977915080756,
        "gravitational_constant": 0.039788735772973836,
        "cosmological_constant": 0.0
      },
      "entropy_first_derivative": 0.0,
      "entropy_second_derivative": 0.0,
      "entropy_curvature_correlation": 0.0,
      "emergent_gravitational_constant": 0.03064526671772412,
      "average_mutual_information": 0.38509977915080756,
      "ricci_scalar": 0.0,
      "analysis_summary": {
        "einstein_equations_satisfied": false,
        "residual_magnitude": 0.2723611211589877,
        "conservation_violation": 0.38509977915080756,
        "entropy_evolution_rate": 0.0,
        "entropy_acceleration": 0.0,
        "entanglement_curvature_coupling": 0.0
      }
    },
    {
      "ricci_tensor": [
        [
          0.0,
          0.0
        ],
        [
          0.0,
          0.0
        ]
      ],
      "metric_tensor": [
        [
          1.0511963970441571,
          0.025598198522078536
        ],
        [
          0.025598198522078536,
          1.0511963970441571
        ]
      ],
      "stress_energy_tensor": [
        [
          0.25598198522078536,
          0.005119639704415708
        ],
        [
          0.005119639704415708,
          0.25598198522078536
        ]
      ],
      "einstein_solution": {
        "einstein_tensor": [
          [
            0.0,
            0.0
          ],
          [
            0.0,
            0.0
          ]
        ],
        "ricci_scalar": 0.0,
        "metric_tensor": [
          [
            1.0,
            0.0
          ],
          [
            0.0,
            1.0
          ]
        ],
        "lhs": [
          [
            0.0,
            0.0
          ],
          [
            0.0,
            0.0
          ]
        ],
        "rhs": [
          [
            0.25598198522078536,
            0.005119639704415708
          ],
          [
            0.005119639704415708,
            0.25598198522078536
          ]
        ],
        "equations_satisfied": false,
        "residual": 0.36208559062265205,
        "conservation_violation": 0.5119639704415707,
        "gravitational_constant": 0.039788735772973836,
        "cosmological_constant": 0.0
      },
      "entropy_first_derivative": 0.0,
      "entropy_second_derivative": 0.0,
      "entropy_curvature_correlation": 0.0,
      "emergent_gravitational_constant": 0.04074079829036449,
      "average_mutual_information": 0.5119639704415707,
      "ricci_scalar": 0.0,
      "analysis_summary": {
        "einstein_equations_satisfied": false,
        "residual_magnitude": 0.36208559062265205,
        "conservation_violation": 0.5119639704415707,
        "entropy_evolution_rate": 0.0,
        "entropy_acceleration": 0.0,
        "entanglement_curvature_coupling": 0.0
      }
    },
    {
      "ricci_tensor": [
        [
          0.0,
          0.0
        ],
        [
          0.0,
          0.0
        ]
      ],
      "metric_tensor": [
        [
          1.0414737584088476,
          0.02073687920442377
        ],
        [
          0.02073687920442377,
          1.0414737584088476
        ]
      ],
      "stress_energy_tensor": [
        [
          0.20736879204423767,
          0.004147375840884753
        ],
        [
          0.004147375840884753,
          0.20736879204423767
        ]
      ],
      "einstein_solution": {
        "einstein_tensor": [
          [
            0.0,
            0.0
          ],
          [
            0.0,
            0.0
          ]
        ],
        "ricci_scalar": 0.0,
        "metric_tensor": [
          [
            1.0,
            0.0
          ],
          [
            0.0,
            1.0
          ]
        ],
        "lhs": [
          [
            0.0,
            0.0
          ],
          [
            0.0,
            0.0
          ]
        ],
        "rhs": [
          [
            0.20736879204423767,
            0.004147375840884753
          ],
          [
            0.004147375840884753,
            0.20736879204423767
          ]
        ],
        "equations_satisfied": false,
        "residual": 0.29332240500940887,
        "conservation_violation": 0.41473758408847533,
        "gravitational_constant": 0.039788735772973836,
        "cosmological_constant": 0.0
      },
      "entropy_first_derivative": 0.0,
      "entropy_second_derivative": 0.0,
      "entropy_curvature_correlation": 0.0,
      "emergent_gravitational_constant": 0.033003768296835725,
      "average_mutual_information": 0.41473758408847533,
      "ricci_scalar": 0.0,
      "analysis_summary": {
        "einstein_equations_satisfied": false,
        "residual_magnitude": 0.29332240500940887,
        "conservation_violation": 0.41473758408847533,
        "entropy_evolution_rate": 0.0,
        "entropy_acceleration": 0.0,
        "entanglement_curvature_coupling": 0.0
      }
    }
  ],
  "bootstrap_analysis": {
    "gromov_delta": {
      "mean": 0.5421744883591155,
      "lower_ci": 0.41845822531048354,
      "upper_ci": 0.6658907514077476,
      "all_values": [
        0.682717344995874,
        0.31156855584997784,
        0.6322375642314948
      ],
      "uncertainty": 0.12371626304863204
    },
    "entropy": {
      "mean": null,
      "lower_ci": null,
      "upper_ci": null,
      "uncertainty": null
    },
    "distance_matrix": {
      "mean": [
        [
          0.0,
          0.5421744883591156,
          0.5191681544692428,
          0.5421744883591145
        ],
        [
          0.5421744883591156,
          0.0,
          0.542174488359115,
          1.0843489767182297
        ],
        [
          0.5191681544692428,
          0.542174488359115,
          0.0,
          0.5421744883591147
        ],
        [
          0.5421744883591145,
          1.0843489767182297,
          0.5421744883591147,
          0.0
        ]
      ],
      "lower_ci": [
        [
          0.0,
          0.41845822531048343,
          0.46209854203548223,
          0.311568555849978
        ],
        [
          0.31156855584997767,
          0.0,
          0.31156855584997767,
          0.8369164506209663
        ],
        [
          0.44281882589949567,
          0.31156855584997767,
          0.0,
          0.31156855584997767
        ],
        [
          0.311568555849978,
          0.8369164506209663,
          0.31156855584997767,
          0.0
        ]
      ],
      "upper_ci": [
        [
          0.0,
          0.6827173449958742,
          0.5965841105063131,
          0.6827173449958718
        ],
        [
          0.6658907514077478,
          0.0,
          0.6747247130415127,
          1.3317815028154931
        ],
        [
          0.5762377669030033,
          0.6658907514077467,
          0.0,
          0.6658907514077465
        ],
        [
          0.6827173449958718,
          1.3494494260830252,
          0.6658907514077465,
          0.0
        ]
      ]
    }
  },
  "topology_compatibility": {
    "current_topology": "triangulated",
    "explanation": "Triangulated topology is specifically designed for angle-sum curvature. Creates multiple triangles per vertex, enabling robust local curvature measurements. Each vertex has multiple incident triangles for well-defined angle sums.",
    "supports_local_curvature": true
  },
  "rt_surface_analysis": {
    "region_A": [
      0
    ],
    "region_B": [
      1,
      2,
      3
    ],
    "bulk_point": 2,
    "is_complementary": true,
    "rt_area_AB": 1.861059238969302,
    "rt_area_BA": 1.861059238969302,
    "area_consistent": true,
    "edges_consistent": true,
    "area_difference": 0.0,
    "rt_edges_AB": [
      [
        0,
        1
      ],
      [
        0,
        2
      ],
      [
        0,
        3
      ]
    ],
    "rt_edges_BA": [
      [
        0,
        1
      ],
      [
        0,
        2
      ],
      [
        0,
        3
      ]
    ],
    "edge_lengths": [
      0.632237564231495,
      0.5965841105063131,
      0.6322375642314937,
      0.6322375642314946,
      1.2644751284629883,
      0.6322375642314937
    ],
    "all_edges": [
      [
        0,
        1
      ],
      [
        0,
        2
      ],
      [
        0,
        3
      ],
      [
        1,
        2
      ],
      [
        1,
        3
      ],
      [
        2,
        3
      ]
    ]
  },
  "bulk_excitation_analysis": {
    "ground_state_mi": [
      [
        0.0,
        0.5314014249111181,
        0.5506895214943004,
        0.5314014249111183
      ],
      [
        0.5314014249111181,
        0.0,
        0.5314014249111187,
        0.6416054515690299
      ],
      [
        0.5506895214943004,
        0.5314014249111187,
        0.0,
        0.5314014249111183
      ],
      [
        0.5314014249111183,
        0.6416054515690299,
        0.5314014249111183,
        0.0
      ]
    ],
    "excited_state_mi": [
      [
        0.0,
        0.5108505869300439,
        0.4302969105352237,
        0.5108505869300439
      ],
      [
        0.5108505869300439,
        0.0,
        0.5148179355281481,
        0.5309222013593748
      ],
      [
        0.4302969105352237,
        0.5148179355281481,
        0.0,
        0.5148179355281479
      ],
      [
        0.5108505869300439,
        0.5309222013593748,
        0.5148179355281479,
        0.0
      ]
    ],
    "mi_difference": [
      [
        0.0,
        -0.020550837981074155,
        -0.12039261095907672,
        -0.020550837981074377
      ],
      [
        -0.020550837981074155,
        0.0,
        -0.016583489382970606,
        -0.11068325020965508
      ],
      [
        -0.12039261095907672,
        -0.016583489382970606,
        0.0,
        -0.016583489382970384
      ],
      [
        -0.020550837981074377,
        -0.11068325020965508,
        -0.016583489382970384,
        0.0
      ]
    ],
    "avg_mi_change": 0.038168064487102665,
    "max_mi_change": 0.12039261095907672,
    "mi_change_boundary_A": NaN,
    "mi_change_boundary_B": -0.04795007632519869,
    "bulk_point": 2,
    "ground_state_counts": {
      "1010 1010": 1,
      "1001 1001": 4,
      "0000 0000": 37,
      "1101 1101": 4,
      "0010 0010": 1,
      "1000 1000": 1,
      "1111 1111": 35,
      "0110 0110": 5,
      "1011 1011": 2,
      "1100 1100": 2,
      "0011 0011": 6,
      "1110 1110": 1,
      "0111 0111": 1
    },
    "excited_state_counts": {
      "0101 1111": 18,
      "1100 0010": 2,
      "0111 1111": 2,
      "1110 0000": 14,
      "1001 1111": 2,
      "0111 1101": 2,
      "0001 1111": 12,
      "1010 0000": 15,
      "0000 0110": 1,
      "0100 0000": 1,
      "0010 0000": 2,
      "1000 0110": 1,
      "1100 0000": 4,
      "1101 1111": 2,
      "0000 0000": 1,
      "0110 0000": 2,
      "1000 0000": 2,
      "1001 0011": 1,
      "0010 1100": 1,
      "1110 0110": 1,
      "1010 1000": 1,
      "1001 0111": 3,
      "0011 1101": 1,
      "0001 1011": 1,
      "0010 1000": 1,
      "1100 0110": 1,
      "1101 0111": 2,
      "1010 0100": 1,
      "1111 1101": 1,
      "0110 1100": 1,
      "0111 1001": 1
    },
    "boundary_entropies": {
      "ground_state": {
        "entropy_A": 0.9351936547590213,
        "entropy_B": 0.9351936547590176,
        "mi_AB": 1.870387309518032
      },
      "excited_state": {
        "entropy_A": 0.9420320094327824,
        "entropy_B": 0.9420320094327801,
        "mi_AB": 1.8840640188655584
      },
      "rt_relation_test": {
        "entropy_ratio": 0.9999999999999961,
        "rt_area_ratio": 1.0,
        "rt_deviation": 3.885780586188048e-15,
        "excited_entropy_ratio": 0.9999999999999976,
        "rt_relation_change": 1.4432899320127035e-15
      }
    }
  },
  "page_curve_analysis": null,
  "einstein_analysis": null,
  "dynamic_evidence": {
    "angle_sums_per_timestep": [
      [
        3.141592653589793,
        3.1415926441175053,
        3.1415926535897936,
        0.0
      ],
      [
        3.1415926535897936,
        3.141592648241782,
        3.1415926535897936,
        0.0
      ],
      [
        3.1415926535897936,
        3.141592655474783,
        3.141592653589793,
        0.0
      ]
    ],
    "gromov_delta_per_timestep": [
      0.682717344995874,
      0.31156855584997784,
      0.6322375642314948
    ],
    "edge_mi_per_timestep": [
      {
        "0,1": 0.5052422079442904,
        "0,3": 0.5052422079442915,
        "0,2": 0.6535244888766631,
        "1,2": 0.5052422079442911,
        "2,3": 0.5052422079442911
      },
      {
        "0,1": 0.7322974055133946,
        "0,3": 0.7322974055133944,
        "0,2": 0.585350140694785,
        "1,2": 0.7322974055133946,
        "2,3": 0.7322974055133946
      },
      {
        "0,1": 0.5314014249111176,
        "0,3": 0.5314014249111183,
        "0,2": 0.5506895214943004,
        "1,2": 0.5314014249111179,
        "2,3": 0.5314014249111183
      }
    ],
    "shortest_paths_per_timestep": [
      {
        "0": {
          "0": 0,
          "2": 0.4253752732050315,
          "3": 0.6827173449958719,
          "1": 0.6827173449958741
        },
        "1": {
          "1": 0,
          "2": 0.6827173449958728,
          "0": 0.6827173449958741,
          "3": 1.3654346899917456
        },
        "2": {
          "2": 0,
          "0": 0.4253752732050315,
          "1": 0.6827173449958728,
          "3": 0.6827173449958728
        },
        "3": {
          "3": 0,
          "0": 0.6827173449958719,
          "2": 0.6827173449958728,
          "1": 1.3654346899917456
        }
      },
      {
        "0": {
          "0": 0,
          "1": 0.31156855584997767,
          "3": 0.311568555849978,
          "2": 0.5355450796963838
        },
        "1": {
          "1": 0,
          "0": 0.31156855584997767,
          "2": 0.31156855584997767,
          "3": 0.6231371116999553
        },
        "2": {
          "2": 0,
          "1": 0.31156855584997767,
          "3": 0.31156855584997767,
          "0": 0.5355450796963838
        },
        "3": {
          "3": 0,
          "2": 0.31156855584997767,
          "0": 0.311568555849978,
          "1": 0.6231371116999553
        }
      },
      {
        "0": {
          "0": 0,
          "2": 0.5965841105063131,
          "3": 0.6322375642314937,
          "1": 0.632237564231495
        },
        "1": {
          "1": 0,
          "2": 0.6322375642314946,
          "0": 0.632237564231495,
          "3": 1.2644751284629883
        },
        "2": {
          "2": 0,
          "0": 0.5965841105063131,
          "3": 0.6322375642314937,
          "1": 0.6322375642314946
        },
        "3": {
          "3": 0,
          "0": 0.6322375642314937,
          "2": 0.6322375642314937,
          "1": 1.2644751284629883
        }
      }
    ],
    "mean_distance_per_timestep": [
      0.5652099178975336,
      0.30061955184953126,
      0.5487511869869097
    ],
    "triangle_violations_per_timestep": [
      0,
      0,
      0
    ],
    "embedding_coords_per_timestep": [
      [
        [
          0.07100294989145245,
          0.19473917672523391
        ],
        [
          -0.6262339955927533,
          0.2299845314198699
        ],
        [
          -0.07171486272945087,
          -0.19668847439342627
        ],
        [
          0.6269459084307517,
          -0.22803523375167756
        ]
      ],
      [
        [
          0.07583658163792589,
          0.22277034742094878
        ],
        [
          0.25930816083973773,
          -0.08830429855865714
        ],
        [
          -0.07590456394657726,
          -0.22296096315354944
        ],
        [
          -0.25924017853108633,
          0.0884949142912578
        ]
      ],
      [
        [
          0.08416486044523895,
          0.2706755591193745
        ],
        [
          -0.5744662454810829,
          0.17984028097064136
        ],
        [
          -0.08457664309177992,
          -0.27199927827799186
        ],
        [
          0.574878028127624,
          -0.17851656181202402
        ]
      ]
    ],
    "regge_evolution_data": null,
    "evolution_summary": {
      "total_timesteps": 3,
      "gromov_delta_range": [
        0.31156855584997784,
        0.682717344995874
      ],
      "mean_distance_range": [
        0.30061955184953126,
        0.5652099178975336
      ],
      "total_triangle_violations": 0,
      "hyperbolic_evolution": [
        false,
        false,
        false
      ],
      "regge_corrected": false
    }
  },
  "quantum_state_outputs": [
    {
      "timestep": 1,
      "statevector": [
        {
          "real": -0.32120790211573835,
          "imag": -0.31476418310808124
