{
  "flat": [
    {
      "phi": 0.0,
      "S_rad": -0.9705083160050204,
      "d_Q34": 1086.508562952004,
      "mi_matrix": [
        [
          0.0,
          -7.997625428819356,
          -7.150627084222177,
          -7.1602723275067675,
          -5.737277318826038,
          -5.827318267038613
        ],
        [
          -7.997625428819356,
          0.0,
          -7.9985012461426335,
          -7.996037834203191,
          -7.996389724083404,
          -7.995574688852178
        ],
        [
          -7.150627084222177,
          -7.9985012461426335,
          0.0,
          -7.743487502445615,
          -7.215410196340449,
          -7.246719665323182
        ],
        [
          -7.1602723275067675,
          -7.996037834203191,
          -7.743487502445615,
          0.0,
          -7.029591434229573,
          -7.096327254807009
        ],
        [
          -5.737277318826038,
          -7.996389724083404,
          -7.215410196340449,
          -7.029591434229573,
          0.0,
          -4.9155097190592105
        ],
        [
          -5.827318267038613,
          -7.995574688852178,
          -7.246719665323182,
          -7.096327254807009,
          -4.9155097190592105,
          0.0
        ]
      ],
      "triangle_angle_sums": [
        {
          "triangle": [
            0,
            1,
            2
          ],
          "angle_sum": 3.141592653589793
        },
        {
          "triangle": [
            0,
            1,
            3
          ],
          "angle_sum": 3.141592653589793
        },
        {
          "triangle": [
            0,
            1,
            4
          ],
          "angle_sum": 3.141592653589796
        },
        {
          "triangle": [
            0,
            1,
            5
          ],
          "angle_sum": 3.141592653589794
        },
        {
          "triangle": [
            0,
            2,
            3
          ],
          "angle_sum": 3.141592653589793
        },
        {
          "triangle": [
            0,
            2,
            4
          ],
          "angle_sum": 3.1415926535897922
        },
        {
          "triangle": [
            0,
            2,
            5
          ],
          "angle_sum": 3.141592653589793
        },
        {
          "triangle": [
            0,
            3,
            4
          ],
          "angle_sum": 3.1415926535897927
        },
        {
          "triangle": [
            0,
            3,
            5
          ],
          "angle_sum": 3.1415926535897922
        },
        {
          "triangle": [
            0,
            4,
            5
          ],
          "angle_sum": 3.141592653589793
        },
        {
          "triangle": [
            1,
            2,
            3
          ],
          "angle_sum": 3.141592653589793
        },
        {
          "triangle": [
            1,
            2,
            4
          ],
          "angle_sum": 3.141592653589793
        },
        {
          "triangle": [
            1,
            2,
            5
          ],
          "angle_sum": 3.1415926535897936
        },
        {
          "triangle": [
            1,
            3,
            4
          ],
          "angle_sum": 3.141592653589793
        },
        {
          "triangle": [
            1,
            3,
            5
          ],
          "angle_sum": 3.141592653589793
        },
        {
          "triangle": [
            1,
            4,
            5
          ],
          "angle_sum": 3.141592653589771
        },
        {
          "triangle": [
            2,
            3,
            4
          ],
          "angle_sum": 3.141592653589794
        },
        {
          "triangle": [
            2,
            3,
            5
          ],
          "angle_sum": 3.141592653589793
        },
        {
          "triangle": [
            2,
            4,
            5
          ],
          "angle_sum": 3.141592653589795
        },
        {
          "triangle": [
            3,
            4,
            5
          ],
          "angle_sum": 3.141592653589793
        }
      ],
      "gaussian_curvature": [
        {
          "vertex": 0,
          "angle_sum": 12.520368319773372,
          "triangle_count": 10,
          "gaussian_curvature": -6.2371830125937855
        },
        {
          "vertex": 1,
          "angle_sum": 3.522405029573823,
          "triangle_count": 10,
          "gaussian_curvature": 2.7607802776057633
        },
        {
          "vertex": 2,
          "angle_sum": 6.283433684746706,
          "triangle_count": 10,
          "gaussian_curvature": -0.0002483775671198174
        },
        {
          "vertex": 3,
          "angle_sum": 6.260714870139021,
          "triangle_count": 10,
          "gaussian_curvature": 0.02247043704056484
        },
        {
          "vertex": 4,
          "angle_sum": 15.395375246024168,
          "triangle_count": 10,
          "gaussian_curvature": -9.112189938844582
        },
        {
          "vertex": 5,
          "angle_sum": 18.849555921538755,
          "triangle_count": 10,
          "gaussian_curvature": -12.566370614359169
        }
      ],
      "plaquette_curvatures": null,
      "face_curvatures": null,
      "mutual_information": null,
      "triangle_angles": null
    },
    {
      "phi": 1.1780972450961724,
      "S_rad": -0.1882628167519027,
      "d_Q34": 2183.600078405049,
      "mi_matrix": [
        [
          0.0,
          -7.9987098595172785,
          -7.539939599374465,
          -7.8130143167830495,
          -7.8801426035476005,
          -7.900707458609922
        ],
        [
          -7.9987098595172785,
          0.0,
          -7.996464611257955,
          -7.997465303045472,
          -7.999989632284496,
          -7.999998704483719
        ],
        [
          -7.539939599374465,
          -7.996464611257955,
          0.0,
          -7.569681188779765,
          -7.744135842624062,
          -7.756745845297729
        ],
        [
          -7.8130143167830495,
          -7.997465303045472,
          -7.569681188779765,
          0.0,
          -7.811887152971809,
          -7.829690569981037
        ],
        [
          -7.8801426035476005,
          -7.999989632284496,
          -7.744135842624062,
          -7.811887152971809,
          0.0,
          -5.0185588848632126
        ],
        [
          -7.900707458609922,
          -7.999998704483719,
          -7.756745845297729,
          -7.829690569981037,
          -5.0185588848632126,
          0.0
        ]
      ],
      "triangle_angle_sums": [
        {
          "triangle": [
            0,
            1,
            2
          ],
          "angle_sum": 3.141592653589793
        },
        {
          "triangle": [
            0,
            1,
            3
          ],
          "angle_sum": 3.141592653589793
        },
        {
          "triangle": [
            0,
            1,
            4
          ],
          "angle_sum": 3.1415926535897936
        },
        {
          "triangle": [
            0,
            1,
            5
          ],
          "angle_sum": 3.141592653589793
        },
        {
          "triangle": [
            0,
            2,
            3
          ],
          "angle_sum": 3.141592653589795
        },
        {
          "triangle": [
            0,
            2,
            4
          ],
          "angle_sum": 3.1415926535897927
        },
        {
          "triangle": [
            0,
            2,
            5
          ],
          "angle_sum": 3.1415926535897936
        },
        {
          "triangle": [
            0,
            3,
            4
          ],
          "angle_sum": 3.141592653589793
        },
        {
          "triangle": [
            0,
            3,
            5
          ],
          "angle_sum": 3.141592653589793
        },
        {
          "triangle": [
            0,
            4,
            5
          ],
          "angle_sum": 3.1415926535897976
        },
        {
          "triangle": [
            1,
            2,
            3
          ],
          "angle_sum": 3.141592653589794
        },
        {
          "triangle": [
            1,
            2,
            4
          ],
          "angle_sum": 3.141592653589794
        },
        {
          "triangle": [
            1,
            2,
            5
          ],
          "angle_sum": 3.141592653589793
        },
        {
          "triangle": [
            1,
            3,
            4
          ],
          "angle_sum": 3.1415926535897936
        },
        {
          "triangle": [
            1,
            3,
            5
          ],
          "angle_sum": 3.141592653589793
        },
        {
          "triangle": [
            1,
            4,
            5
          ],
          "angle_sum": 3.1415926535897953
        },
        {
          "triangle": [
            2,
            3,
            4
          ],
          "angle_sum": 3.141592653589793
        },
        {
          "triangle": [
            2,
            3,
            5
          ],
          "angle_sum": 3.1415926535897936
        },
        {
          "triangle": [
            2,
            4,
            5
          ],
          "angle_sum": 3.141592653589792
        },
        {
          "triangle": [
            3,
            4,
            5
          ],
          "angle_sum": 3.141592653589846
        }
      ],
      "gaussian_curvature": [
        {
          "vertex": 0,
          "angle_sum": 8.669561304460345,
          "triangle_count": 10,
          "gaussian_curvature": -2.3863759972807586
        },
        {
          "vertex": 1,
          "angle_sum": 6.742374053372461,
          "triangle_count": 10,
          "gaussian_curvature": -0.45918874619287475
        },
        {
          "vertex": 2,
          "angle_sum": 15.073399270461906,
          "triangle_count": 10,
          "gaussian_curvature": -8.79021396328232
        },
        {
          "vertex": 3,
          "angle_sum": 8.243813364445355,
          "triangle_count": 10,
          "gaussian_curvature": -1.9606280572657688
        },
        {
          "vertex": 4,
          "angle_sum": 14.893673122622655,
          "triangle_count": 10,
          "gaussian_curvature": -8.610487815443069
        },
        {
          "vertex": 5,
          "angle_sum": 9.20903195643321,
          "triangle_count": 10,
          "gaussian_curvature": -2.9258466492536233
        }
      ],
      "plaquette_curvatures": null,
      "face_curvatures": null,
      "mutual_information": null,
      "triangle_angles": null
    },
    {
      "phi": 2.356194490192345,
      "S_rad": -1.4542907319944558,
      "d_Q34": 669.5064975683603,
      "mi_matrix": [
        [
          0.0,
          -7.937065903219534,
          -7.248152105750238,
          -6.8613299802102,
          -7.366114681580935,
          -7.3852068856357915
        ],
        [
          -7.937065903219534,
          0.0,
          -7.975243687275547,
          -7.945647437524619,
          -7.976718355619567,
          -7.982170486100183
        ],
        [
          -7.248152105750238,
          -7.975243687275547,
          0.0,
          -7.2810120352786525,
          -7.603038848643667,
          -7.607577383371384
        ],
        [
          -6.8613299802102,
          -7.945647437524619,
          -7.2810120352786525,
          0.0,
          -6.551555894283388,
          -6.615945457078524
        ],
        [
          -7.366114681580935,
          -7.976718355619567,
          -7.603038848643667,
          -6.551555894283388,
          0.0,
          -4.453997728105872
        ],
        [
          -7.3852068856357915,
          -7.982170486100183,
          -7.607577383371384,
          -6.615945457078524,
          -4.453997728105872,
          0.0
        ]
      ],
      "triangle_angle_sums": [
        {
          "triangle": [
            0,
            1,
            2
          ],
          "angle_sum": 3.141592653589793
        },
        {
          "triangle": [
            0,
            1,
            3
          ],
          "angle_sum": 3.1415926535897927
        },
        {
          "triangle": [
            0,
            1,
            4
          ],
          "angle_sum": 3.141592653589793
        },
        {
          "triangle": [
            0,
            1,
            5
          ],
          "angle_sum": 3.141592653589793
        },
        {
          "triangle": [
            0,
            2,
            3
          ],
          "angle_sum": 3.141592653589793
        },
        {
          "triangle": [
            0,
            2,
            4
          ],
          "angle_sum": 3.141592653589793
        },
        {
          "triangle": [
            0,
            2,
            5
          ],
          "angle_sum": 3.141592653589793
        },
        {
          "triangle": [
            0,
            3,
            4
          ],
          "angle_sum": 3.141592653589794
        },
        {
          "triangle": [
            0,
            3,
            5
          ],
          "angle_sum": 3.141592653589793
        },
        {
          "triangle": [
            0,
            4,
            5
          ],
          "angle_sum": 3.141592653589793
        },
        {
          "triangle": [
            1,
            2,
            3
          ],
          "angle_sum": 3.141592653589793
        },
        {
          "triangle": [
            1,
            2,
            4
          ],
          "angle_sum": 3.141592653589793
        },
        {
          "triangle": [
            1,
            2,
            5
          ],
          "angle_sum": 3.141592653589793
        },
        {
          "triangle": [
            1,
            3,
            4
          ],
          "angle_sum": 3.141592653589793
        },
        {
          "triangle": [
            1,
            3,
            5
          ],
          "angle_sum": 3.141592653589793
        },
        {
          "triangle": [
            1,
            4,
            5
          ],
          "angle_sum": 3.1415926535897865
        },
        {
          "triangle": [
            2,
            3,
            4
          ],
          "angle_sum": 3.141592653589794
        },
        {
          "triangle": [
            2,
            3,
            5
          ],
          "angle_sum": 3.141592653589794
        },
        {
          "triangle": [
            2,
            4,
            5
          ],
          "angle_sum": 3.141592653589786
        },
        {
          "triangle": [
            3,
            4,
            5
          ],
          "angle_sum": 3.1415926535897922
        }
      ],
      "gaussian_curvature": [
        {
          "vertex": 0,
          "angle_sum": 10.355252861260132,
          "triangle_count": 10,
          "gaussian_curvature": -4.0720675540805455
        },
        {
          "vertex": 1,
          "angle_sum": 4.182083909977602,
          "triangle_count": 10,
          "gaussian_curvature": 2.101101397201984
        },
        {
          "vertex": 2,
          "angle_sum": 7.845424546435472,
          "triangle_count": 10,
          "gaussian_curvature": -1.5622392392558861
        },
        {
          "vertex": 3,
          "angle_sum": 18.31321050210465,
          "triangle_count": 10,
          "gaussian_curvature": -12.030025194925063
        },
        {
          "vertex": 4,
          "angle_sum": 14.613211120133094,
          "triangle_count": 10,
          "gaussian_curvature": -8.330025812953508
        },
        {
          "vertex": 5,
          "angle_sum": 7.522670131884897,
          "triangle_count": 10,
          "gaussian_curvature": -1.2394848247053112
        }
      ],
      "plaquette_curvatures": null,
      "face_curvatures": null,
      "mutual_information": null,
      "triangle_angles": null
    },
    {
      "phi": 3.5342917352885173,
      "S_rad": -0.8601262401281725,
      "d_Q34": 1112.6783496279957,
      "mi_matrix": [
        [
          0.0,
          -7.999990127063148,
          -7.571482182238306,
          -7.3320388153234415,
          -6.278733182341134,
          -6.362083293298788
        ],
        [
          -7.999990127063148,
          0.0,
          -7.99709762005124,
          -7.999952858466077,
          -7.999144728678935,
          -7.999595929900367
        ],
        [
          -7.571482182238306,
          -7.99709762005124,
          0.0,
          -7.847140272061114,
          -7.681579382021784,
          -7.687070527768478
        ],
        [
          -7.3320388153234415,
          -7.999952858466077,
          -7.847140272061114,
          0.0,
          -7.147224268246495,
          -7.183342044907896
        ],
        [
          -6.278733182341134,
          -7.999144728678935,
          -7.681579382021784,
          -7.147224268246495,
          0.0,
          -4.921024638382633
        ],
        [
          -6.362083293298788,
          -7.999595929900367,
          -7.687070527768478,
          -7.183342044907896,
          -4.921024638382633,
          0.0
        ]
      ],
      "triangle_angle_sums": [
        {
          "triangle": [
            0,
            1,
            2
          ],
          "angle_sum": 3.141592653589793
        },
        {
          "triangle": [
            0,
            1,
            3
          ],
          "angle_sum": 3.141592653589793
        },
        {
          "triangle": [
            0,
            1,
            4
          ],
          "angle_sum": 3.141592653589795
        },
        {
          "triangle": [
            0,
            1,
            5
          ],
          "angle_sum": 3.141592653589793
        },
        {
          "triangle": [
            0,
            2,
            3
          ],
          "angle_sum": 3.1415926535897927
        },
        {
          "triangle": [
            0,
            2,
            4
          ],
          "angle_sum": 3.1415926535897922
        },
        {
          "triangle": [
            0,
            2,
            5
          ],
          "angle_sum": 3.1415926535897913
        },
        {
          "triangle": [
            0,
            3,
            4
          ],
          "angle_sum": 3.1415926535897936
        },
        {
          "triangle": [
            0,
            3,
            5
          ],
          "angle_sum": 3.141592653589793
        },
        {
          "triangle": [
            0,
            4,
            5
          ],
          "angle_sum": 3.1415926535897922
        },
        {
          "triangle": [
            1,
            2,
            3
          ],
          "angle_sum": 3.141592653589793
        },
        {
          "triangle": [
            1,
            2,
            4
          ],
          "angle_sum": 3.141592653589793
        },
        {
          "triangle": [
            1,
            2,
            5
          ],
          "angle_sum": 3.1415926535897927
        },
        {
          "triangle": [
            1,
            3,
            4
          ],
          "angle_sum": 3.1415926535897936
        },
        {
          "triangle": [
            1,
            3,
            5
          ],
          "angle_sum": 3.141592653589793
        },
        {
          "triangle": [
            1,
            4,
            5
          ],
          "angle_sum": 3.1415926535898953
        },
        {
          "triangle": [
            2,
            3,
            4
          ],
          "angle_sum": 3.141592653589793
        },
        {
          "triangle": [
            2,
            3,
            5
          ],
          "angle_sum": 3.141592653589793
        },
        {
          "triangle": [
            2,
            4,
            5
          ],
          "angle_sum": 3.141592653589789
        },
        {
          "triangle": [
            3,
            4,
            5
          ],
          "angle_sum": 3.1415926535897905
        }
      ],
      "gaussian_curvature": [
        {
          "vertex": 0,
          "angle_sum": 13.72863816031381,
          "triangle_count": 10,
          "gaussian_curvature": -7.445452853134224
        },
        {
          "vertex": 1,
          "angle_sum": 4.709325656327052,
          "triangle_count": 10,
          "gaussian_curvature": 1.5738596508525342
        },
        {
          "vertex": 2,
          "angle_sum": 6.380164003971376,
          "triangle_count": 10,
          "gaussian_curvature": -0.09697869679178961
        },
        {
          "vertex": 3,
          "angle_sum": 8.077623672361998,
          "triangle_count": 10,
          "gaussian_curvature": -1.7944383651824118
        },
        {
          "vertex": 4,
          "angle_sum": 18.038544875236752,
          "triangle_count": 10,
          "gaussian_curvature": -11.755359568057166
        },
        {
          "vertex": 5,
          "angle_sum": 11.897556703584968,
          "triangle_count": 10,
          "gaussian_curvature": -5.614371396405382
        }
      ],
      "plaquette_curvatures": null,
      "face_curvatures": null,
      "mutual_information": null,
      "triangle_angles": null
    },
    {
      "phi": 4.71238898038469,
      "S_rad": -0.04159446097756237,
      "d_Q34": 3222.472657912352,
      "mi_matrix": [
        [
          0.0,
          -7.99804590603404,
          -7.99983495772906,
          -7.978456843201991,
          -7.998982926444315,
          -7.999539231910019
        ],
        [
          -7.99804590603404,
          0.0,
          -7.998474619705649,
          -7.834255475177396,
          -7.999994102697378,
          -7.9999777547323285
        ],
        [
          -7.99983495772906,
          -7.998474619705649,
          0.0,
          -7.9996473440365845,
          -7.999897173365522,
          -7.999405397855781
        ],
        [
          -7.978456843201991,
          -7.834255475177396,
          -7.9996473440365845,
          0.0,
          -7.987153577870118,
          -7.987336893417974
        ],
        [
          -7.998982926444315,
          -7.999994102697378,
          -7.999897173365522,
          -7.987153577870118,
          0.0,
          -4.804432117013704
        ],
        [
          -7.999539231910019,
          -7.9999777547323285,
          -7.999405397855781,
          -7.987336893417974,
          -4.804432117013704,
          0.0
        ]
      ],
      "triangle_angle_sums": [
        {
          "triangle": [
            0,
            1,
            2
          ],
          "angle_sum": 3.141592653589793
        },
        {
          "triangle": [
            0,
            1,
            3
          ],
          "angle_sum": 3.1415926535897927
        },
        {
          "triangle": [
            0,
            1,
            4
          ],
          "angle_sum": 3.1415926535897936
        },
        {
          "triangle": [
            0,
            1,
            5
          ],
          "angle_sum": 3.1415926535897936
        },
        {
          "triangle": [
            0,
            2,
            3
          ],
          "angle_sum": 3.141592653589793
        },
        {
          "triangle": [
            0,
            2,
            4
          ],
          "angle_sum": 3.141592653589793
        },
        {
          "triangle": [
            0,
            2,
            5
          ],
          "angle_sum": 3.141592653589793
        },
        {
          "triangle": [
            0,
            3,
            4
          ],
          "angle_sum": 3.141592653589793
        },
        {
          "triangle": [
            0,
            3,
            5
          ],
          "angle_sum": 3.141592653589793
        },
        {
          "triangle": [
            0,
            4,
            5
          ],
          "angle_sum": 3.1415926535897856
        },
        {
          "triangle": [
            1,
            2,
            3
          ],
          "angle_sum": 3.141592653589793
        },
        {
          "triangle": [
            1,
            2,
            4
          ],
          "angle_sum": 3.141592653589793
        },
        {
          "triangle": [
            1,
            2,
            5
          ],
          "angle_sum": 3.141592653589793
        },
        {
          "triangle": [
            1,
            3,
            4
          ],
          "angle_sum": 3.141592653589793
        },
        {
          "triangle": [
            1,
            3,
            5
          ],
          "angle_sum": 3.1415926535897936
        },
        {
          "triangle": [
            1,
            4,
            5
          ],
          "angle_sum": 3.141592653589798
        },
        {
          "triangle": [
            2,
            3,
            4
          ],
          "angle_sum": 3.141592653589793
        },
        {
          "triangle": [
            2,
            3,
            5
          ],
          "angle_sum": 3.1415926535897936
        },
        {
          "triangle": [
            2,
            4,
            5
          ],
          "angle_sum": 3.1415926535897762
        },
        {
          "triangle": [
            3,
            4,
            5
          ],
          "angle_sum": 3.141592653589795
        }
      ],
      "gaussian_curvature": [
        {
          "vertex": 0,
          "angle_sum": 8.780826496507059,
          "triangle_count": 10,
          "gaussian_curvature": -2.4976411893274726
        },
        {
          "vertex": 1,
          "angle_sum": 10.098598087228462,
          "triangle_count": 10,
          "gaussian_curvature": -3.8154127800488755
        },
        {
          "vertex": 2,
          "angle_sum": 8.577218413760203,
          "triangle_count": 10,
          "gaussian_curvature": -2.294033106580617
        },
        {
          "vertex": 3,
          "angle_sum": 10.71802321384985,
          "triangle_count": 10,
          "gaussian_curvature": -4.434837906670264
        },
        {
          "vertex": 4,
          "angle_sum": 12.340273015878331,
          "triangle_count": 10,
          "gaussian_curvature": -6.057087708698745
        },
        {
          "vertex": 5,
          "angle_sum": 12.316913844571944,
          "triangle_count": 10,
          "gaussian_curvature": -6.033728537392358
        }
      ],
      "plaquette_curvatures": null,
      "face_curvatures": null,
      "mutual_information": null,
      "triangle_angles": null
    },
    {
      "phi": 5.890486225480862,
      "S_rad": -2.5172359688742456,
      "d_Q34": 215.5814445744956,
      "mi_matrix": [
        [
          0.0,
          -7.9683840252555544,
          -7.242621136458688,
          -7.8507036671058845,
          -7.884803272489083,
          -7.881783690411987
        ],
        [
          -7.9683840252555544,
          0.0,
          -7.995968395008348,
          -7.622410832823313,
          -7.696128848115432,
          -7.681271882306104
        ],
        [
          -7.242621136458688,
          -7.995968395008348,
          0.0,
          -7.804052076084867,
          -7.827230639963341,
          -7.817084981580027
        ],
        [
          -7.8507036671058845,
          -7.622410832823313,
          -7.804052076084867,
          0.0,
          -5.492146187340962,
          -5.447784813030124
        ],
        [
          -7.884803272489083,
          -7.696128848115432,
          -7.827230639963341,
          -5.492146187340962,
          0.0,
          -4.74894700024845
        ],
        [
          -7.881783690411987,
          -7.681271882306104,
          -7.817084981580027,
          -5.447784813030124,
          -4.74894700024845,
          0.0
        ]
      ],
      "triangle_angle_sums": [
        {
          "triangle": [
            0,
            1,
            2
          ],
          "angle_sum": 3.1415926535897927
        },
        {
          "triangle": [
            0,
            1,
            3
          ],
          "angle_sum": 3.141592653589793
        },
        {
          "triangle": [
            0,
            1,
            4
          ],
          "angle_sum": 3.141592653589793
        },
        {
          "triangle": [
            0,
            1,
            5
          ],
          "angle_sum": 3.141592653589793
        },
        {
          "triangle": [
            0,
            2,
            3
          ],
          "angle_sum": 3.141592653589793
        },
        {
          "triangle": [
            0,
            2,
            4
          ],
          "angle_sum": 3.141592653589793
        },
        {
          "triangle": [
            0,
            2,
            5
          ],
          "angle_sum": 3.1415926535897927
        },
        {
          "triangle": [
            0,
            3,
            4
          ],
          "angle_sum": 3.1415926535897953
        },
        {
          "triangle": [
            0,
            3,
            5
          ],
          "angle_sum": 3.141592653589793
        },
        {
          "triangle": [
            0,
            4,
            5
          ],
          "angle_sum": 3.141592653589785
        },
        {
          "triangle": [
            1,
            2,
            3
          ],
          "angle_sum": 3.1415926535897927
        },
        {
          "triangle": [
            1,
            2,
            4
          ],
          "angle_sum": 3.1415926535897936
        },
        {
          "triangle": [
            1,
            2,
            5
          ],
          "angle_sum": 3.141592653589793
        },
        {
          "triangle": [
            1,
            3,
            4
          ],
          "angle_sum": 3.1415926535897905
        },
        {
          "triangle": [
            1,
            3,
            5
          ],
          "angle_sum": 3.141592653589752
        },
        {
          "triangle": [
            1,
            4,
            5
          ],
          "angle_sum": 3.1415926535897905
        },
        {
          "triangle": [
            2,
            3,
            4
          ],
          "angle_sum": 3.141592653589793
        },
        {
          "triangle": [
            2,
            3,
            5
          ],
          "angle_sum": 3.1415926535897913
        },
        {
          "triangle": [
            2,
            4,
            5
          ],
          "angle_sum": 3.141592653589818
        },
        {
          "triangle": [
            3,
            4,
            5
          ],
          "angle_sum": 3.141592653589793
        }
      ],
      "gaussian_curvature": [
        {
          "vertex": 0,
          "angle_sum": 7.7302526240417615,
          "triangle_count": 10,
          "gaussian_curvature": -1.4470673168621753
        },
        {
          "vertex": 1,
          "angle_sum": 6.480036305749024,
          "triangle_count": 10,
          "gaussian_curvature": -0.19685099856943733
        },
        {
          "vertex": 2,
          "angle_sum": 7.901499618462022,
          "triangle_count": 10,
          "gaussian_curvature": -1.618314311282436
        },
        {
          "vertex": 3,
          "angle_sum": 17.239203106407327,
          "triangle_count": 10,
          "gaussian_curvature": -10.956017799227741
        },
        {
          "vertex": 4,
          "angle_sum": 8.945201415937657,
          "triangle_count": 10,
          "gaussian_curvature": -2.6620161087580705
        },
        {
          "vertex": 5,
          "angle_sum": 14.535660001198037,
          "triangle_count": 10,
          "gaussian_curvature": -8.252474694018451
        }
      ],
      "plaquette_curvatures": null,
      "face_curvatures": null,
      "mutual_information": null,
      "triangle_angles": null
    },
    {
      "phi": 7.0685834705770345,
      "S_rad": -1.1729079045322428,
      "d_Q34": 746.1932939805743,
      "mi_matrix": [
        [
          0.0,
          -7.989501865531111,
          -7.257205143657333,
          -7.761850413091135,
          -7.896010916889475,
          -7.90733944967924
        ],
        [
          -7.989501865531111,
          0.0,
          -7.990538465695598,
          -7.70636663135902,
          -7.8329177636337315,
          -7.828088626030201
        ],
        [
          -7.257205143657333,
          -7.990538465695598,
          0.0,
          -7.8318845372882695,
          -7.902032543017891,
          -7.911256677458153
        ],
        [
          -7.761850413091135,
          -7.70636663135902,
          -7.8318845372882695,
          0.0,
          -6.827739457780455,
          -6.857707049661251
        ],
        [
          -7.896010916889475,
          -7.8329177636337315,
          -7.902032543017891,
          -6.827739457780455,
          0.0,
          -4.702563927735961
        ],
        [
          -7.90733944967924,
          -7.828088626030201,
          -7.911256677458153,
          -6.857707049661251,
          -4.702563927735961,
          0.0
        ]
      ],
      "triangle_angle_sums": [
        {
          "triangle": [
            0,
            1,
            2
          ],
          "angle_sum": 3.1415926535897927
        },
        {
          "triangle": [
            0,
            1,
            3
          ],
          "angle_sum": 3.141592653589793
        },
        {
          "triangle": [
            0,
            1,
            4
          ],
          "angle_sum": 3.141592653589793
        },
        {
          "triangle": [
            0,
            1,
            5
          ],
          "angle_sum": 3.141592653589793
        },
        {
          "triangle": [
            0,
            2,
            3
          ],
          "angle_sum": 3.141592653589793
        },
        {
          "triangle": [
            0,
            2,
            4
          ],
          "angle_sum": 3.1415926535897936
        },
        {
          "triangle": [
            0,
            2,
            5
          ],
          "angle_sum": 3.1415926535897927
        },
        {
          "triangle": [
            0,
            3,
            4
          ],
          "angle_sum": 3.1415926535897936
        },
        {
          "triangle": [
            0,
            3,
            5
          ],
          "angle_sum": 3.141592653589793
        },
        {
          "triangle": [
            0,
            4,
            5
          ],
          "angle_sum": 3.141592653589792
        },
        {
          "triangle": [
            1,
            2,
            3
          ],
          "angle_sum": 3.141592653589793
        },
        {
          "triangle": [
            1,
            2,
            4
          ],
          "angle_sum": 3.141592653589793
        },
        {
          "triangle": [
            1,
            2,
            5
          ],
          "angle_sum": 3.141592653589793
        },
        {
          "triangle": [
            1,
            3,
            4
          ],
          "angle_sum": 3.141592653589793
        },
        {
          "triangle": [
            1,
            3,
            5
          ],
          "angle_sum": 3.141592653589793
        },
        {
          "triangle": [
            1,
            4,
            5
          ],
          "angle_sum": 3.141592653589794
        },
        {
          "triangle": [
            2,
            3,
            4
          ],
          "angle_sum": 3.141592653589793
        },
        {
          "triangle": [
            2,
            3,
            5
          ],
          "angle_sum": 3.141592653589793
        },
        {
          "triangle": [
            2,
            4,
            5
          ],
          "angle_sum": 3.1415926535897905
        },
        {
          "triangle": [
            3,
            4,
            5
          ],
          "angle_sum": 3.1415926535897922
        }
      ],
      "gaussian_curvature": [
        {
          "vertex": 0,
          "angle_sum": 8.463143386974313,
          "triangle_count": 10,
          "gaussian_curvature": -2.1799580797947264
        },
        {
          "vertex": 1,
          "angle_sum": 6.494037683255861,
          "triangle_count": 10,
          "gaussian_curvature": -0.21085237607627505
        },
        {
          "vertex": 2,
          "angle_sum": 8.500867297534361,
          "triangle_count": 10,
          "gaussian_curvature": -2.217681990354775
        },
        {
          "vertex": 3,
          "angle_sum": 17.344565644959648,
          "triangle_count": 10,
          "gaussian_curvature": -11.061380337780061
        },
        {
          "vertex": 4,
          "angle_sum": 12.374264117713171,
          "triangle_count": 10,
          "gaussian_curvature": -6.091078810533585
        },
        {
          "vertex": 5,
          "angle_sum": 9.654974941358503,
          "triangle_count": 10,
          "gaussian_curvature": -3.371789634178917
        }
      ],
      "plaquette_curvatures": null,
      "face_curvatures": null,
      "mutual_information": null,
      "triangle_angles": null
    },
    {
      "phi": 8.246680715673207,
      "S_rad": -0.25537316744026345,
      "d_Q34": 2081.084574729818,
      "mi_matrix": [
        [
          0.0,
          -7.9937968293554365,
          -7.945434602011023,
          -7.357518150820068,
          -7.935259322523674,
          -7.943995571655022
        ],
        [
          -7.9937968293554365,
          0.0,
          -7.97464021315498,
          -7.988973757286235,
          -7.999263918692412,
          -7.99955002090755
        ],
        [
          -7.945434602011023,
          -7.97464021315498,
          0.0,
          -7.803235965936146,
          -7.989021646776759,
          -7.992047302225945
        ],
        [
          -7.357518150820068,
          -7.988973757286235,
          -7.803235965936146,
          0.0,
          -7.753124189686012,
          -7.776708872333422
        ],
        [
          -7.935259322523674,
          -7.999263918692412,
          -7.989021646776759,
          -7.753124189686012,
          0.0,
          -4.639126300208515
        ],
        [
          -7.943995571655022,
          -7.99955002090755,
          -7.992047302225945,
          -7.776708872333422,
          -4.639126300208515,
          0.0
        ]
      ],
      "triangle_angle_sums": [
        {
          "triangle": [
            0,
            1,
            2
          ],
          "angle_sum": 3.1415926535897936
        },
        {
          "triangle": [
            0,
            1,
            3
          ],
          "angle_sum": 3.1415926535897962
        },
        {
          "triangle": [
            0,
            1,
            4
          ],
          "angle_sum": 3.141592653589793
        },
        {
          "triangle": [
            0,
            1,
            5
          ],
          "angle_sum": 3.141592653589793
        },
        {
          "triangle": [
            0,
            2,
            3
          ],
          "angle_sum": 3.141592653589793
        },
        {
          "triangle": [
            0,
            2,
            4
          ],
          "angle_sum": 3.141592653589793
        },
        {
          "triangle": [
            0,
            2,
            5
          ],
          "angle_sum": 3.141592653589793
        },
        {
          "triangle": [
            0,
            3,
            4
          ],
          "angle_sum": 3.1415926535897936
        },
        {
          "triangle": [
            0,
            3,
            5
          ],
