{
  "spec": {
    "num_qubits": 4,
    "topology": "triangulated",
    "custom_edges": "0-1:1.0000,0-2:1.0000,0-3:1.0000,1-2:1.0000,1-3:1.0000,2-3:1.0000",
    "alpha": 0.8,
    "weight": 2.0,
    "gamma": 1.0,
    "sigma": null,
    "init_angle": 0.0,
    "init_angles": null,
    "shots": 100,
    "device": "simulator",
    "geometry": "spherical",
    "curvature": 1.0,
    "timesteps": 1,
    "dimension": 2,
    "mass_hinge": null,
    "mass_value": 0.0,
    "solve_regge": false,
    "lorentzian": false,
    "excite": false,
    "fast": true,
    "strong_curvature": false,
    "charge_injection": false,
    "charge_strength": 1.0,
    "charge_location": 3,
    "spin_injection": false,
    "spin_strength": 1.0,
    "spin_location": 3,
    "edge_floor": 0.001,
    "compute_entropies": false,
    "hyperbolic_triangulation": false,
    "trotter_steps": 4,
    "dt": 0.1,
    "analyze_curvature": false,
    "einstein_solver": false,
    "page_curve": false,
    "radiation_ordering": "0,1",
    "page_curve_timesteps": 10,
    "entropy_method": "basic",
    "num_shadows": 50,
    "shots_per_shadow": 500,
    "num_bases": 10,
    "shots_per_basis": 500,
    "enhanced_entanglement": false,
    "entanglement_strength": 1.5,
    "interpolate_geometry": false,
    "smooth_charge_injection": false,
    "min_qubits_for_continuum": 10,
    "benchmark_against_classical_geometry": false,
    "geometry_fit_metric": "wasserstein,kl,euclidean",
    "verify_noise_robustness": false,
    "run_on_multiple_backends": false,
    "detect_and_flag_causal_loops": false,
    "restrict_information_flow_direction": "forward",
    "filter_noncausal_edges": false,
    "use_ryu_takayanagi_test": false,
    "compare_MI_vs_subsystem_entropy": false,
    "embed_boundary_entropy_in_geometry": false,
    "entropy_engineering": false,
    "target_entropy_pattern": "page_curve",
    "custom_target_entropies": null,
    "entropy_optimization_iterations": 100,
    "entropy_tolerance": 0.1,
    "continue_on_engineering_failure": false,
    "validate_engineered_geometry": false,
    "enhance_bell_violations": false,
    "bell_entanglement_strength": 2.0,
    "teleportation_circuits": false,
    "long_range_coupling": 1.5,
    "holographic_optimization": false,
    "rt_surface_encoding": false,
    "conformal_symmetry": false,
    "bulk_reconstruction": false,
    "scalable_entanglement": false,
    "parallel_execution": false,
    "memory_optimization": false,
    "circuit_compilation": "auto",
    "real_hardware": false,
    "error_mitigation": false,
    "zero_noise_extrapolation": false,
    "hardware_calibration": false,
    "noise_characterization": false,
    "backend_name": "ibm_brisbane",
    "quantum_mode": true,
    "quantum_entanglement_strength": 3.0,
    "quantum_circuit_depth": 6
  },
  "uid": "S563FB",
  "counts_per_timestep": [
    null
  ],
  "job_ids_per_timestep": [
    null
  ],
  "entropy_per_timestep": [
    null
  ],
  "mutual_information_per_timestep": [
    {
      "I_0,1": 0.5049620856990122,
      "I_0,2": 0.4661509764101115,
      "I_0,3": 0.33717152496911806,
      "I_1,2": 0.23080850422790133,
      "I_1,3": 0.44939586353557104,
      "I_2,3": 0.34877841337723337
    }
  ],
  "boundary_entropies_per_timestep": [
    {
      "entropy_A": 0.8457692403864644,
      "entropy_B": 0.8457692403864618,
      "mi_AB": 1.6915384807729206,
      "pure_state_check": true,
      "entropy_difference": 2.55351295663786e-15,
      "multiple_regions": {
        "size_1_region_0": {
          "region": [
            0
          ],
          "entropy": 0.9322386329846213,
          "rt_area": 3,
          "size": 1
        },
        "size_1_region_1": {
          "region": [
            1
          ],
          "entropy": 0.8706795661767439,
          "rt_area": 3,
          "size": 1
        },
        "size_1_region_2": {
          "region": [
            2
          ],
          "entropy": 0.8009652864531236,
          "rt_area": 3,
          "size": 1
        },
        "size_2_region_0": {
          "region": [
            0,
            1
          ],
          "entropy": 1.297956113462353,
          "rt_area": 4,
          "size": 2
        },
        "size_2_region_1": {
          "region": [
            0,
            2
          ],
          "entropy": 1.2670529430276334,
          "rt_area": 4,
          "size": 2
        },
        "size_2_region_2": {
          "region": [
            0,
            3
          ],
          "entropy": 1.4408363484019655,
          "rt_area": 4,
          "size": 2
        },
        "size_3_region_0": {
          "region": [
            0,
            1,
            2
          ],
          "entropy": 0.8457692403864644,
          "rt_area": 3,
          "size": 3
        },
        "size_3_region_1": {
          "region": [
            0,
            1,
            3
          ],
          "entropy": 0.8009652864531268,
          "rt_area": 3,
          "size": 3
        },
        "size_3_region_2": {
          "region": [
            0,
            2,
            3
          ],
          "entropy": 0.8706795661767445,
          "rt_area": 3,
          "size": 3
        }
      }
    }
  ],
  "distance_matrix_per_timestep": [
    [
      [
        0.0,
        0.6832719303489962,
        0.7632457136151957,
        1.0871635019447217
      ],
      [
        0.6832719303489962,
        0.0,
        1.4465176439641918,
        1.770435432293718
      ],
      [
        0.7632457136151957,
        1.4465176439641918,
        0.0,
        1.0533184771158142
      ],
      [
        1.0871635019447217,
        1.770435432293718,
        1.0533184771158142,
        0.0
      ]
    ]
  ],
  "edge_mi": {
    "0,1": 0.5049620856990122,
    "0,3": 0.33717152496911806,
    "0,2": 0.4661509764101115,
    "1,2": 0.23080850422790133,
    "2,3": 0.34877841337723337
  },
  "distance_matrix": [
    [
      0.0,
      0.6832719303489962,
      0.7632457136151957,
      1.0871635019447217
    ],
    [
      0.6832719303489962,
      0.0,
      1.4465176439641918,
      0.7998511236889989
    ],
    [
      0.7632457136151957,
      1.4465176439641918,
      0.0,
      1.0533184771158142
    ],
    [
      1.0871635019447217,
      0.7998511236889989,
      1.0533184771158142,
      0.0
    ]
  ],
  "shortest_paths": {
    "0": {
      "0": 0,
      "1": 0.6832719303489962,
      "2": 0.7632457136151957,
      "3": 1.0871635019447217
    },
    "1": {
      "1": 0,
      "0": 0.6832719303489962,
      "3": 0.7998511236889989,
      "2": 1.4465176439641918
    },
    "2": {
      "2": 0,
      "0": 0.7632457136151957,
      "3": 1.0533184771158142,
      "1": 1.4465176439641918
    },
    "3": {
      "3": 0,
      "1": 0.7998511236889989,
      "2": 1.0533184771158142,
      "0": 1.0871635019447217
    }
  },
  "gromov_delta": 0.8499924986955034,
  "mean_distance": 0.7291710488347398,
  "angle_sums": [
    0.0,
    3.4433053319850373,
    3.5753734920478797,
    3.6348658105467555
  ],
  "mean_angle_sum": 2.663386158644918,
  "min_angle_sum": 0.0,
  "max_angle_sum": 3.6348658105467555,
  "angle_sum_deviations": [
    -3.141592653589793,
    0.3017126783952442,
    0.43378083845808657,
    0.4932731569569624
  ],
  "triangle_inequality_violations": [],
  "embedding_coords": null,
  "edge_weight_variance": 0.0,
  "event_nodes": [
    [
      0,
      0
    ],
    [
      1,
      0
    ],
    [
      2,
      0
    ],
    [
      3,
      0
    ]
  ],
  "event_edges": [
    {
      "type": "spatial",
      "from": [
        0,
        0
      ],
      "to": [
        1,
        0
      ],
      "weight": 0.6832719303489962
    },
    {
      "type": "spatial",
      "from": [
        0,
        0
      ],
      "to": [
        2,
        0
      ],
      "weight": 0.7632457136151957
    },
    {
      "type": "spatial",
      "from": [
        0,
        0
      ],
      "to": [
        3,
        0
      ],
      "weight": 1.0871635019447217
    },
    {
      "type": "spatial",
      "from": [
        1,
        0
      ],
      "to": [
        2,
        0
      ],
      "weight": 1.4465176439641918
    },
    {
      "type": "spatial",
      "from": [
        1,
        0
      ],
      "to": [
        3,
        0
      ],
      "weight": 1.770435432293718
    },
    {
      "type": "spatial",
      "from": [
        2,
        0
      ],
      "to": [
        3,
        0
      ],
      "weight": 1.0533184771158142
    }
  ],
  "lorentzian_dissimilarity": [
    [
      0.0,
      0.46686053080284357,
      0.5825440193519693,
      1.181924479960711
    ],
    [
      0.46686053080284357,
      0.0,
      2.0924132942997162,
      3.1344416199210436
    ],
    [
      0.5825440193519693,
      2.0924132942997162,
      0.0,
      1.109479814233578
    ],
    [
      1.181924479960711,
      3.1344416199210436,
      1.109479814233578,
      0.0
    ]
  ],
  "lorentzian_embedding": [
    [
      0.0,
      0.0,
      0.0
    ],
    [
      0.0,
      0.0,
      0.0
    ],
    [
      0.0,
      0.0,
      0.0
    ],
    [
      0.0,
      0.0,
      0.0
    ]
  ],
  "edge_length_evolution": [],
  "angle_deficit_evolution": [],
  "regge_action_evolution": [],
  "gromov_delta_evolution": [],
  "mass_hinge": null,
  "mass_value": 0.0,
  "matter": {
    "(0, 1)": 0.0,
    "(1, 2)": 0.0,
    "(0, 3)": 0.0,
    "(2, 3)": 0.0,
    "(0, 2)": 0.0,
    "(1, 3)": 0.0
  },
  "stationary_solution": null,
  "einstein_analysis_per_timestep": [
    null
  ],
  "bootstrap_analysis": {
    "gromov_delta": {
      "mean": 1.0871635019447217,
      "lower_ci": 1.0871635019447217,
      "upper_ci": 1.0871635019447217,
      "all_values": [
        1.0871635019447217
      ],
      "uncertainty": 0.0
    },
    "entropy": {
      "mean": null,
      "lower_ci": null,
      "upper_ci": null,
      "uncertainty": null
    },
    "distance_matrix": {
      "mean": [
        [
          0.0,
          0.6832719303489962,
          0.7632457136151957,
          1.0871635019447217
        ],
        [
          0.6832719303489962,
          0.0,
          1.4465176439641918,
          1.770435432293718
        ],
        [
          0.7632457136151957,
          1.4465176439641918,
          0.0,
          1.0533184771158142
        ],
        [
          1.0871635019447217,
          1.770435432293718,
          1.0533184771158142,
          0.0
        ]
      ],
      "lower_ci": [
        [
          0.0,
          0.6832719303489962,
          0.7632457136151957,
          1.0871635019447217
        ],
        [
          0.6832719303489962,
          0.0,
          1.4465176439641918,
          1.770435432293718
        ],
        [
          0.7632457136151957,
          1.4465176439641918,
          0.0,
          1.0533184771158142
        ],
        [
          1.0871635019447217,
          1.770435432293718,
          1.0533184771158142,
          0.0
        ]
      ],
      "upper_ci": [
        [
          0.0,
          0.6832719303489962,
          0.7632457136151957,
          1.0871635019447217
        ],
        [
          0.6832719303489962,
          0.0,
          1.4465176439641918,
          1.770435432293718
        ],
        [
          0.7632457136151957,
          1.4465176439641918,
          0.0,
          1.0533184771158142
        ],
        [
          1.0871635019447217,
          1.770435432293718,
          1.0533184771158142,
          0.0
        ]
      ]
    }
  },
  "topology_compatibility": {
    "current_topology": "triangulated",
    "explanation": "Triangulated topology is specifically designed for angle-sum curvature. Creates multiple triangles per vertex, enabling robust local curvature measurements. Each vertex has multiple incident triangles for well-defined angle sums.",
    "supports_local_curvature": true
  },
  "rt_surface_analysis": {
    "region_A": [
      0
    ],
    "region_B": [
      1,
      2,
      3
    ],
    "bulk_point": 2,
    "is_complementary": true,
    "rt_area_AB": 2.5336811459089135,
    "rt_area_BA": 2.5336811459089135,
    "area_consistent": true,
    "edges_consistent": true,
    "area_difference": 0.0,
    "rt_edges_AB": [
      [
        0,
        1
      ],
      [
        0,
        2
      ],
      [
        0,
        3
      ]
    ],
    "rt_edges_BA": [
      [
        0,
        1
      ],
      [
        0,
        2
      ],
      [
        0,
        3
      ]
    ],
    "edge_lengths": [
      0.6832719303489962,
      0.7632457136151957,
      1.0871635019447217,
      1.4465176439641918,
      1.770435432293718,
      1.0533184771158142
    ],
    "all_edges": [
      [
        0,
        1
      ],
      [
        0,
        2
      ],
      [
        0,
        3
      ],
      [
        1,
        2
      ],
      [
        1,
        3
      ],
      [
        2,
        3
      ]
    ]
  },
  "bulk_excitation_analysis": null,
  "page_curve_analysis": null,
  "einstein_analysis": null,
  "dynamic_evidence": {
    "angle_sums_per_timestep": [
      [
        0.0,
        0.0,
        3.5753734920478797,
        4.191242487364017
      ]
    ],
    "gromov_delta_per_timestep": [
      1.0871635019447217
    ],
    "edge_mi_per_timestep": [
      {
        "0,1": 0.5049620856990122,
        "0,3": 0.33717152496911806,
        "0,2": 0.4661509764101115,
        "1,2": 0.23080850422790133,
        "2,3": 0.34877841337723337
      }
    ],
    "shortest_paths_per_timestep": [
      {
        "0": {
          "0": 0,
          "1": 0.6832719303489962,
          "2": 0.7632457136151957,
          "3": 1.0871635019447217
        },
        "1": {
          "1": 0,
          "0": 0.6832719303489962,
          "2": 1.4465176439641918,
          "3": 1.770435432293718
        },
        "2": {
          "2": 0,
          "0": 0.7632457136151957,
          "3": 1.0533184771158142,
          "1": 1.4465176439641918
        },
        "3": {
          "3": 0,
          "2": 1.0533184771158142,
          "0": 1.0871635019447217,
          "1": 1.770435432293718
        }
      }
    ],
    "mean_distance_per_timestep": [
      0.8504940874103297
    ],
    "triangle_violations_per_timestep": [
      0
    ],
    "embedding_coords_per_timestep": [
      [
        [
          -0.34545116545110277,
          -0.06929915680308962
        ],
        [
          -0.2876861594474151,
          0.4892381740258273
        ],
        [
          0.05516633036477448,
          -0.5360127024508311
        ],
        [
          0.5779709945337433,
          0.11607368522809342
        ]
      ]
    ],
    "regge_evolution_data": null,
    "evolution_summary": {
      "total_timesteps": 1,
      "gromov_delta_range": [
        1.0871635019447217,
        1.0871635019447217
      ],
      "mean_distance_range": [
        0.8504940874103297,
        0.8504940874103297
      ],
      "total_triangle_violations": 0,
      "hyperbolic_evolution": [
        false
      ],
      "regge_corrected": false
    }
  },
  "quantum_state_outputs": [
    {
      "timestep": 1,
      "statevector": [
        {
          "real": -0.031881026455284095,
          "imag": -0.09608857576867048
        },
        {
          "real": 0.10750753925082097,
          "imag": -0.013206313737743405
        },
        {
          "real": 0.05567768883213907,
          "imag": 0.0545522922167894
        },
        {
          "real": -0.20672510908579575,
          "imag": 0.24579009889912173
        },
        {
          "real": -0.1549583762844636,
          "imag": -0.046567913766994956
        },
        {
          "real": 0.07254806506773313,
          "imag": 0.18437949866327208
        },
        {
          "real": 0.2706449169178293,
          "imag": 0.2045778206516586
        },
        {
          "real": -0.12005312772361566,
          "imag": -0.017354467796935148
        },
        {
          "real": 0.14511618839155968,
          "imag": -0.08268504976424176
        },
        {
          "real": 0.19740075028917542,
          "imag": 0.43001700484722916
        },
        {
          "real": -0.4529031746884596,
          "imag": -0.2514289804889966
        },
        {
          "real": -0.0013533004214075772,
          "imag": -0.07649593668249749
        },
        {
          "real": 0.21130997379250177,
          "imag": 0.004475377831956784
        },
        {
          "real": -0.10880242914748786,
          "imag": 0.06120474521598723
        },
        {
          "real": 0.003136219101801195,
          "imag": -0.09162536948480544
        },
        {
          "real": -0.11201768543526217,
          "imag": -0.2576092322743798
        }
      ],
      "mutual_information_matrix": [
        [
          0.0,
          0.5049620856990122,
          0.4661509764101115,
          0.33717152496911806
        ],
        [
          0.5049620856990122,
          0.0,
          0.23080850422790133,
          0.44939586353557104
        ],
        [
          0.4661509764101115,
          0.23080850422790133,
          0.0,
          0.34877841337723337
        ],
        [
          0.33717152496911806,
          0.44939586353557104,
          0.34877841337723337,
          0.0
        ]
      ],
      "circuit_depth": 29,
      "num_gates": 56
    }
  ]
}