{
  "spec": {
    "num_qubits": 4,
    "topology": "triangulated",
    "custom_edges": "0-1:0.1224,0-2:0.0938,0-3:0.1291,1-2:0.1685,1-3:0.0895,2-3:0.0895",
    "alpha": 0.8,
    "weight": 0.1,
    "gamma": 0.17080269156002237,
    "sigma": 0.25687952082878596,
    "init_angle": 2.0248802033959237,
    "init_angles": null,
    "shots": 100,
    "device": "simulator",
    "geometry": "spherical",
    "curvature": 4.5,
    "timesteps": 2,
    "dimension": 2,
    "mass_hinge": null,
    "mass_value": 0.0,
    "solve_regge": false,
    "lorentzian": true,
    "excite": true,
    "fast": false,
    "fast_preset": "balanced",
    "ctc_mode": false,
    "ctc_perturbation": null,
    "ctc_perturbation_strength": 1.0,
    "test_ctc_recovery": false,
    "strong_curvature": true,
    "charge_injection": true,
    "charge_strength": 2.5,
    "charge_location": null,
    "spin_injection": true,
    "spin_strength": 2.0,
    "spin_location": null,
    "edge_floor": 0.001,
    "compute_entropies": true,
    "hyperbolic_triangulation": true,
    "trotter_steps": 8,
    "dt": 0.05,
    "analyze_curvature": true,
    "einstein_solver": true,
    "page_curve": true,
    "radiation_ordering": null,
    "page_curve_timesteps": 15,
    "entropy_method": "hybrid",
    "num_shadows": 100,
    "shots_per_shadow": 1000,
    "num_bases": 20,
    "shots_per_basis": 1000,
    "enhanced_entanglement": false,
    "entanglement_strength": 1.2535139062599787,
    "interpolate_geometry": false,
    "smooth_charge_injection": false,
    "min_qubits_for_continuum": 10,
    "benchmark_against_classical_geometry": false,
    "geometry_fit_metric": "wasserstein,kl,euclidean",
    "verify_noise_robustness": false,
    "run_on_multiple_backends": false,
    "detect_and_flag_causal_loops": true,
    "restrict_information_flow_direction": "bidirectional",
    "filter_noncausal_edges": true,
    "use_ryu_takayanagi_test": true,
    "compare_MI_vs_subsystem_entropy": true,
    "embed_boundary_entropy_in_geometry": true,
    "entropy_engineering": true,
    "target_entropy_pattern": "quantum_gravity",
    "custom_target_entropies": null,
    "entropy_optimization_iterations": 200,
    "entropy_tolerance": 0.05,
    "continue_on_engineering_failure": true,
    "skip_entropy_engineering": false,
    "validate_engineered_geometry": true,
    "enhance_bell_violations": true,
    "bell_entanglement_strength": 4.0,
    "teleportation_circuits": true,
    "long_range_coupling": 3.0,
    "holographic_optimization": true,
    "rt_surface_encoding": true,
    "conformal_symmetry": true,
    "bulk_reconstruction": true,
    "scalable_entanglement": true,
    "parallel_execution": true,
    "memory_optimization": true,
    "circuit_compilation": "optimized",
    "real_hardware": false,
    "error_mitigation": true,
    "zero_noise_extrapolation": true,
    "zne_noise_factors": [
      1.0,
      2.0,
      3.0
    ],
    "zne_extrapolation_method": "polynomial",
    "hardware_calibration": true,
    "noise_characterization": true,
    "backend_name": "ibm_brisbane",
    "quantum_mode": true,
    "quantum_entanglement_strength": 5.0,
    "quantum_circuit_depth": 12,
    "geometric_teleportation": false,
    "teleportation_mode": "both",
    "bridge_strength": 1.0,
    "signal_state": "+",
    "emergent_geometry_teleportation": false,
    "teleportation_node_pairs": "auto",
    "teleportation_embedding_dim": 2,
    "teleportation_fidelity_threshold": 0.7,
    "superposition_gravity": true,
    "massive_bulk_mass_hinge": "2",
    "massive_bulk_mass_value": 1.0,
    "massless_bulk_mass_hinge": "None",
    "massless_bulk_mass_value": 0.0,
    "superposition_control_qubit": 0,
    "superposition_phase": 0.0,
    "interference_analysis": true,
    "classical_mixture_comparison": true,
    "coherence_preservation": true,
    "bulk_reconstruction_method": "mi_embedding"
  },
  "uid": "JUT5UR",
  "counts_per_timestep": [
    null,
    null
  ],
  "job_ids_per_timestep": [
    null,
    null
  ],
  "entropy_per_timestep": [
    null,
    null
  ],
  "mutual_information_per_timestep": [
    {
      "I_0,1": 0.010331127471683535,
      "I_0,2": 0.01138552533711358,
      "I_0,3": 0.010331127471684479,
      "I_1,2": 0.010331127471683094,
      "I_1,3": 0.001981298889073488,
      "I_2,3": 0.010331127471683552
    },
    {
      "I_0,1": 0.012471240199710985,
      "I_0,2": 0.013663595675334175,
      "I_0,3": 0.012471240199713265,
      "I_1,2": 0.012471240199712783,
      "I_1,3": 0.0025046615766511904,
      "I_2,3": 0.012471240199712862
    }
  ],
  "boundary_entropies_per_timestep": [
    {
      "entropy_A": 0.011151317459237056,
      "entropy_B": 0.011151317459238069,
      "mi_AB": 0.022302634918472473,
      "pure_state_check": true,
      "entropy_difference": 1.0130785099704553e-15,
      "multiple_regions": {
        "size_1_region_0": {
          "region": [
            0
          ],
          "entropy": 0.015853430683257813,
          "rt_area": 3,
          "size": 1
        },
        "size_1_region_1": {
          "region": [
            1
          ],
          "entropy": 0.011151317459238256,
          "rt_area": 3,
          "size": 1
        },
        "size_1_region_2": {
          "region": [
            2
          ],
          "entropy": 0.015853430683257497,
          "rt_area": 3,
          "size": 1
        },
        "size_2_region_0": {
          "region": [
            0,
            1
          ],
          "entropy": 0.016673620670812017,
          "rt_area": 4,
          "size": 2
        },
        "size_2_region_1": {
          "region": [
            0,
            2
          ],
          "entropy": 0.02032133602940199,
          "rt_area": 4,
          "size": 2
        },
        "size_2_region_2": {
          "region": [
            0,
            3
          ],
          "entropy": 0.016673620670811136,
          "rt_area": 4,
          "size": 2
        },
        "size_3_region_0": {
          "region": [
            0,
            1,
            2
          ],
          "entropy": 0.011151317459237056,
          "rt_area": 3,
          "size": 3
        },
        "size_3_region_1": {
          "region": [
            0,
            1,
            3
          ],
          "entropy": 0.015853430683258403,
          "rt_area": 3,
          "size": 3
        },
        "size_3_region_2": {
          "region": [
            0,
            2,
            3
          ],
          "entropy": 0.01115131745923975,
          "rt_area": 3,
          "size": 3
        }
      }
    },
    {
      "entropy_A": 0.01351040190510719,
      "entropy_B": 0.013510401905106308,
      "mi_AB": 0.027020803810206,
      "pure_state_check": true,
      "entropy_difference": 8.829742492721948e-16,
      "multiple_regions": {
        "size_1_region_0": {
          "region": [
            0
          ],
          "entropy": 0.019089868954448114,
          "rt_area": 3,
          "size": 1
        },
        "size_1_region_1": {
          "region": [
            1
          ],
          "entropy": 0.013510401905105981,
          "rt_area": 3,
          "size": 1
        },
        "size_1_region_2": {
          "region": [
            2
          ],
          "entropy": 0.01908986895444814,
          "rt_area": 3,
          "size": 1
        },
        "size_2_region_0": {
          "region": [
            0,
            1
          ],
          "entropy": 0.020129030659842416,
          "rt_area": 4,
          "size": 2
        },
        "size_2_region_1": {
          "region": [
            0,
            2
          ],
          "entropy": 0.02451614223356183,
          "rt_area": 4,
          "size": 2
        },
        "size_2_region_2": {
          "region": [
            0,
            3
          ],
          "entropy": 0.02012903065984074,
          "rt_area": 4,
          "size": 2
        },
        "size_3_region_0": {
          "region": [
            0,
            1,
            2
          ],
          "entropy": 0.01351040190510719,
          "rt_area": 3,
          "size": 3
        },
        "size_3_region_1": {
          "region": [
            0,
            1,
            3
          ],
          "entropy": 0.019089868954448922,
          "rt_area": 3,
          "size": 3
        },
        "size_3_region_2": {
          "region": [
            0,
            2,
            3
          ],
          "entropy": 0.013510401905106545,
          "rt_area": 3,
          "size": 3
        }
      }
    }
  ],
  "distance_matrix_per_timestep": [
    [
      [
        0.0,
        4.572593856435406,
        4.4754124376136755,
        4.572593856435314
      ],
      [
        4.572593856435406,
        0.0,
        4.572593856435448,
        9.145187712870719
      ],
      [
        4.4754124376136755,
        4.572593856435448,
        0.0,
        4.572593856435404
      ],
      [
        4.572593856435314,
        9.145187712870719,
        4.572593856435404,
        0.0
      ]
    ],
    [
      [
        0.0,
        4.3843300695673975,
        4.293020232879133,
        4.3843300695672145
      ],
      [
        4.3843300695673975,
        0.0,
        4.384330069567254,
        8.7686601391345
      ],
      [
        4.293020232879133,
        4.384330069567254,
        0.0,
        4.3843300695672465
      ],
      [
        4.3843300695672145,
        8.7686601391345,
        4.3843300695672465,
        0.0
      ]
    ]
  ],
  "edge_mi": {
    "0,1": 0.012471240199710985,
    "0,3": 0.012471240199713265,
    "0,2": 0.013663595675334175,
    "1,2": 0.012471240199712783,
    "2,3": 0.012471240199712862
  },
  "distance_matrix": [
    [
      0.0,
      4.3843300695673975,
      4.293020232879133,
      4.3843300695672145
    ],
    [
      4.3843300695673975,
      0.0,
      4.384330069567254,
      5.989601652713262
    ],
    [
      4.293020232879133,
      4.384330069567254,
      0.0,
      4.3843300695672465
    ],
    [
      4.3843300695672145,
      5.989601652713262,
      4.3843300695672465,
      0.0
    ]
  ],
  "shortest_paths": {
    "0": {
      "0": 0,
      "2": 4.293020232879133,
      "3": 4.3843300695672145,
      "1": 4.3843300695673975
    },
    "1": {
      "1": 0,
      "2": 4.384330069567254,
      "0": 4.3843300695673975,
      "3": 5.989601652713262
    },
    "2": {
      "2": 0,
      "0": 4.293020232879133,
      "3": 4.3843300695672465,
      "1": 4.384330069567254
    },
    "3": {
      "3": 0,
      "0": 4.3843300695672145,
      "2": 4.3843300695672465,
      "1": 5.989601652713262
    }
  },
  "gromov_delta": 2.9948008263567223,
  "mean_distance": 3.4774927704826886,
  "angle_sums": [
    9.42477796076938,
    5.524105430576167,
    9.42477796076938,
    5.524105430573564
  ],
  "mean_angle_sum": 7.474441695672122,
  "min_angle_sum": 5.524105430573564,
  "max_angle_sum": 9.42477796076938,
  "angle_sum_deviations": [
    6.283185307179586,
    2.382512776986374,
    6.283185307179586,
    2.382512776983771
  ],
  "triangle_inequality_violations": [],
  "embedding_coords": [
    [
      0.018868015918101253,
      0.06064685418022665
    ],
    [
      0.02703358693932175,
      -0.008450285572327758
    ],
    [
      -0.01898173049828339,
      -0.060611333475923894
    ],
    [
      -0.02691987235913962,
      0.008414764868024997
    ]
  ],
  "embedding_coords_3d": [
    [
      0.032784091810647766,
      -0.008367924565317972,
      -0.053756822781585466
    ],
    [
      0.024022718217680424,
      -0.0007196296519945826,
      0.014736959366327873
    ],
    [
      -0.03267819764634419,
      0.008370479237820208,
      0.053820881149079236
    ],
    [
      -0.024128612381983994,
      0.0007170749794923457,
      -0.014801017733821644
    ]
  ],
  "edge_weight_variance": 0.0008107422222222224,
  "event_nodes": [
    [
      0,
      0
    ],
    [
      1,
      0
    ],
    [
      2,
      0
    ],
    [
      3,
      0
    ],
    [
      0,
      1
    ],
    [
      1,
      1
    ],
    [
      2,
      1
    ],
    [
      3,
      1
    ]
  ],
  "event_edges": [
    {
      "type": "spatial",
      "from": [
        0,
        0
      ],
      "to": [
        1,
        0
      ],
      "weight": 4.572593856435406
    },
    {
      "type": "spatial",
      "from": [
        0,
        0
      ],
      "to": [
        2,
        0
      ],
      "weight": 4.4754124376136755
    },
    {
      "type": "spatial",
      "from": [
        0,
        0
      ],
      "to": [
        3,
        0
      ],
      "weight": 4.572593856435314
    },
    {
      "type": "spatial",
      "from": [
        1,
        0
      ],
      "to": [
        2,
        0
      ],
      "weight": 4.572593856435448
    },
    {
      "type": "spatial",
      "from": [
        1,
        0
      ],
      "to": [
        3,
        0
      ],
      "weight": 9.145187712870719
    },
    {
      "type": "spatial",
      "from": [
        2,
        0
      ],
      "to": [
        3,
        0
      ],
      "weight": 4.572593856435404
    },
    {
      "type": "temporal",
      "from": [
        0,
        0
      ],
      "to": [
        0,
        1
      ],
      "weight": 1.0
    },
    {
      "type": "temporal",
      "from": [
        1,
        0
      ],
      "to": [
        1,
        1
      ],
      "weight": 1.0
    },
    {
      "type": "temporal",
      "from": [
        2,
        0
      ],
      "to": [
        2,
        1
      ],
      "weight": 1.0
    },
    {
      "type": "temporal",
      "from": [
        3,
        0
      ],
      "to": [
        3,
        1
      ],
      "weight": 1.0
    },
    {
      "type": "spatial",
      "from": [
        0,
        1
      ],
      "to": [
        1,
        1
      ],
      "weight": 4.3843300695673975
    },
    {
      "type": "spatial",
      "from": [
        0,
        1
      ],
      "to": [
        2,
        1
      ],
      "weight": 4.293020232879133
    },
    {
      "type": "spatial",
      "from": [
        0,
        1
      ],
      "to": [
        3,
        1
      ],
      "weight": 4.3843300695672145
    },
    {
      "type": "spatial",
      "from": [
        1,
        1
      ],
      "to": [
        2,
        1
      ],
      "weight": 4.384330069567254
    },
    {
      "type": "spatial",
      "from": [
        1,
        1
      ],
      "to": [
        3,
        1
      ],
      "weight": 8.7686601391345
    },
    {
      "type": "spatial",
      "from": [
        2,
        1
      ],
      "to": [
        3,
        1
      ],
      "weight": 4.3843300695672465
    }
  ],
  "lorentzian_dissimilarity": [
    [
      0.0,
      20.908614575910814,
      20.02931648674718,
      20.90861457590998,
      -1.0,
      19.908614575910814,
      19.02931648674718,
      19.90861457590998
    ],
    [
      20.908614575910814,
      0.0,
      20.908614575911205,
      83.63445830364157,
      19.908614575910814,
      -1.0,
      19.908614575911205,
      82.63445830364157
    ],
    [
      20.02931648674718,
      20.908614575911205,
      0.0,
      20.9086145759108,
      19.02931648674718,
      19.908614575911205,
      -1.0,
      19.9086145759108
    ],
    [
      20.90861457590998,
      83.63445830364157,
      20.9086145759108,
      0.0,
      19.90861457590998,
      82.63445830364157,
      19.9086145759108,
      -1.0
    ],
    [
      -1.0,
      19.908614575910814,
      19.02931648674718,
      19.90861457590998,
      0.0,
      19.22235015891286,
      18.430022719909605,
      19.222350158911254
    ],
    [
      19.908614575910814,
      -1.0,
      19.908614575911205,
      82.63445830364157,
      19.22235015891286,
      0.0,
      19.2223501589116,
      76.88940063564627
    ],
    [
      19.02931648674718,
      19.908614575911205,
      -1.0,
      19.9086145759108,
      18.430022719909605,
      19.2223501589116,
      0.0,
      19.222350158911535
    ],
    [
      19.90861457590998,
      82.63445830364157,
      19.9086145759108,
      -1.0,
      19.222350158911254,
      76.88940063564627,
      19.222350158911535,
      0.0
    ]
  ],
  "lorentzian_embedding": [
    [
      -0.23184826123501295,
      0.29960882772693853,
      1.4663857585532674
    ],
    [
      1.3317936487633935,
      -3.960299727861912,
      -0.8045180849904253
    ],
    [
      -0.9667065214299932,
      0.6376131555144814,
      -3.0408329798762765
    ],
    [
      2.16075655203725,
      5.2488515504654645,
      0.02123952042052302
    ],
    [
      -0.3579488009587555,
      0.2977217110510644,
      1.360834353190996
    ],
    [
      1.1663320021995223,
      -3.789884506487027,
      -0.818703341768839
    ],
    [
      -1.064562413945896,
      0.622728801708845,
      -2.9730638709526236
    ],
    [
      1.9621813417835097,
      5.051174422673238,
      -0.025930636728362176
    ]
  ],
  "edge_length_evolution": [],
  "angle_deficit_evolution": [],
  "regge_action_evolution": [],
  "gromov_delta_evolution": [],
  "mass_hinge": null,
  "mass_value": 0.0,
  "matter": [
    {
      "(0, 1)": 0.0,
      "(1, 2)": 0.0,
      "(0, 3)": 0.0,
      "(2, 3)": 0.0,
      "(0, 2)": 0.0,
      "(1, 3)": 0.0
    },
    {
      "(0, 1)": 0.0,
      "(1, 2)": 0.0,
      "(0, 3)": 0.0,
      "(2, 3)": 0.0,
      "(0, 2)": 0.0,
      "(1, 3)": 0.0
    }
  ],
  "stationary_solution": null,
  "einstein_analysis_per_timestep": [
    {
      "ricci_tensor": [
        [
          0.0034182083820576076,
          0.0
        ],
        [
          0.0,
          0.0034182083820576076
        ]
      ],
      "metric_tensor": [
        [
          1.0006836416764116,
          0.00034182083820576077
        ],
        [
          0.00034182083820576077,
          1.0006836416764116
        ]
      ],
      "stress_energy_tensor": [
        [
          0.0034182083820576076,
          6.836416764115215e-05
        ],
        [
          6.836416764115215e-05,
          0.0034182083820576076
        ]
      ],
      "einstein_solution": {
        "einstein_tensor": [
          [
            0.0,
            0.0
          ],
          [
            0.0,
            0.0
          ]
        ],
        "ricci_scalar": 0.006836416764115215,
        "metric_tensor": [
          [
            1.0,
            0.0
          ],
          [
            0.0,
            1.0
          ]
        ],
        "lhs": [
          [
            0.0,
            0.0
          ],
          [
            0.0,
            0.0
          ]
        ],
        "rhs": [
          [
            0.0034182083820576076,
            6.836416764115215e-05
          ],
          [
            6.836416764115215e-05,
            0.0034182083820576076
          ]
        ],
        "equations_satisfied": false,
        "residual": 0.004835043371591646,
        "conservation_violation": 0.0034182083820576076,
        "gravitational_constant": 0.039788735772973836,
        "cosmological_constant": 0.0
      },
      "entropy_first_derivative": 0.0,
      "entropy_second_derivative": 0.0,
      "entropy_curvature_correlation": 0.004834071652928435,
      "emergent_gravitational_constant": 0.0005440247605226182,
      "average_mutual_information": 0.006836416764115215,
      "ricci_scalar": 0.006836416764115215,
      "analysis_summary": {
        "einstein_equations_satisfied": false,
        "residual_magnitude": 0.004835043371591646,
        "conservation_violation": 0.0034182083820576076,
        "entropy_evolution_rate": 0.0,
        "entropy_acceleration": 0.0,
        "entanglement_curvature_coupling": 0.004834071652928435
      }
    },
    {
      "ricci_tensor": [
        [
          0.004128326128177203,
          0.0
        ],
        [
          0.0,
          0.004128326128177203
        ]
      ],
      "metric_tensor": [
        [
          1.0008256652256355,
          0.0004128326128177203
        ],
        [
          0.0004128326128177203,
          1.0008256652256355
        ]
      ],
      "stress_energy_tensor": [
        [
          0.004128326128177203,
          8.256652256354407e-05
        ],
        [
          8.256652256354407e-05,
          0.004128326128177203
        ]
      ],
      "einstein_solution": {
        "einstein_tensor": [
          [
            0.0,
            0.0
          ],
          [
            0.0,
            0.0
          ]
        ],
        "ricci_scalar": 0.008256652256354406,
        "metric_tensor": [
          [
            1.0,
            0.0
          ],
          [
            0.0,
            1.0
          ]
        ],
        "lhs": [
          [
            0.0,
            0.0
          ],
          [
            0.0,
            0.0
          ]
        ],
        "rhs": [
          [
            0.004128326128177203,
            8.256652256354407e-05
          ],
          [
            8.256652256354407e-05,
            0.004128326128177203
          ]
        ],
        "equations_satisfied": false,
        "residual": 0.005839502350584134,
        "conservation_violation": 0.004128326128177203,
        "gravitational_constant": 0.039788735772973836,
        "cosmological_constant": 0.0
      },
      "entropy_first_derivative": 0.0,
      "entropy_second_derivative": 0.0,
      "entropy_curvature_correlation": 0.005838329800371691,
      "emergent_gravitational_constant": 0.0006570435099948274,
      "average_mutual_information": 0.008256652256354406,
      "ricci_scalar": 0.008256652256354406,
      "analysis_summary": {
        "einstein_equations_satisfied": false,
        "residual_magnitude": 0.005839502350584134,
        "conservation_violation": 0.004128326128177203,
        "entropy_evolution_rate": 0.0,
        "entropy_acceleration": 0.0,
        "entanglement_curvature_coupling": 0.005838329800371691
      }
    }
  ],
  "bootstrap_analysis": {
    "gromov_delta": {
      "mean": 4.478461963001374,
      "lower_ci": 4.3843300695673415,
      "upper_ci": 4.572593856435406,
      "all_values": [
        4.572593856435406,
        4.3843300695673415
      ],
      "uncertainty": 0.09413189343403161
    },
    "entropy": {
      "mean": null,
      "lower_ci": null,
      "upper_ci": null,
      "uncertainty": null
    },
    "distance_matrix": {
      "mean": [
        [
          0.0,
          4.4784619630014015,
          4.384216335246404,
          4.478461963001264
        ],
        [
          4.4784619630014015,
          0.0,
          4.478461963001351,
          8.95692392600261
        ],
        [
          4.384216335246404,
          4.478461963001351,
          0.0,
          4.478461963001325
        ],
        [
          4.478461963001264,
          8.95692392600261,
          4.478461963001325,
          0.0
        ]
      ],
      "lower_ci": [
        [
          0.0,
          4.3843300695673975,
          4.293020232879133,
          4.3843300695672145
        ],
        [
          4.3843300695673975,
          0.0,
          4.384330069567254,
          8.7686601391345
        ],
        [
          4.293020232879133,
          4.384330069567254,
          0.0,
          4.3843300695672465
        ],
        [
          4.3843300695672145,
          8.7686601391345,
          4.3843300695672465,
          0.0
        ]
      ],
      "upper_ci": [
        [
          0.0,
          4.572593856435406,
          4.4754124376136755,
          4.572593856435314
        ],
        [
          4.572593856435406,
          0.0,
          4.572593856435448,
          9.145187712870719
        ],
        [
          4.4754124376136755,
          4.572593856435448,
          0.0,
          4.572593856435404
        ],
        [
          4.572593856435314,
          9.145187712870719,
          4.572593856435404,
          0.0
        ]
      ]
    }
  },
  "topology_compatibility": {
    "current_topology": "triangulated",
    "explanation": "Triangulated topology is specifically designed for angle-sum curvature. Creates multiple triangles per vertex, enabling robust local curvature measurements. Each vertex has multiple incident triangles for well-defined angle sums.",
    "supports_local_curvature": true
  },
  "rt_surface_analysis": {
    "region_A": [
      0
    ],
    "region_B": [
      1,
      2,
      3
    ],
    "bulk_point": 2,
    "is_complementary": true,
    "rt_area_AB": 13.061680372013745,
    "rt_area_BA": 13.061680372013745,
    "area_consistent": true,
    "edges_consistent": true,
    "area_difference": 0.0,
    "rt_edges_AB": [
      [
        0,
        1
      ],
      [
        0,
        2
      ],
      [
        0,
        3
      ]
    ],
    "rt_edges_BA": [
      [
        0,
        1
      ],
      [
        0,
        2
      ],
      [
        0,
        3
      ]
    ],
    "edge_lengths": [
      4.3843300695673975,
      4.293020232879133,
      4.3843300695672145,
      4.384330069567254,
      8.7686601391345,
      4.3843300695672465
    ],
    "all_edges": [
      [
        0,
        1
      ],
      [
        0,
        2
      ],
      [
        0,
        3
      ],
      [
        1,
        2
      ],
      [
        1,
        3
      ],
      [
        2,
        3
      ]
    ]
  },
  "bulk_excitation_analysis": {
    "ground_state_mi": [
      [
        0.0,
        0.01247124019971168,
        0.013663595675334424,
        0.012471240199713681
      ],
      [
        0.01247124019971168,
        0.0,
        0.012471240199712907,
        0.0025046615766516137
      ],
      [
        0.013663595675334424,
        0.012471240199712907,
        0.0,
        0.012471240199713286
      ],
      [
        0.012471240199713681,
        0.0025046615766516137,
        0.012471240199713286,
        0.0
      ]
    ],
    "excited_state_mi": [
      [
        0.0,
        0.010913048717920315,
        0.016804369069246428,
        0.01091304871791926
      ],
      [
        0.010913048717920315,
        0.0,
        0.5288294490039078,
        0.1600165611921256
      ],
      [
        0.016804369069246428,
        0.5288294490039078,
        0.0,
        0.5288294490039082
      ],
      [
        0.01091304871791926,
        0.1600165611921256,
        0.5288294490039082,
        0.0
      ]
    ],
    "mi_difference": [
      [
        0.0,
        -0.0015581914817913642,
        0.003140773393912003,
        -0.0015581914817944208
      ],
      [
        -0.0015581914817913642,
        0.0,
        0.5163582088041949,
        0.157511899615474
      ],
      [
        0.003140773393912003,
        0.5163582088041949,
        0.0,
        0.5163582088041949
      ],
      [
        -0.0015581914817944208,
        0.157511899615474,
        0.5163582088041949,
        0.0
      ]
    ],
    "avg_mi_change": 0.1495606841976702,
    "max_mi_change": 0.5163582088041949,
    "mi_change_boundary_A": NaN,
    "mi_change_boundary_B": 0.39674277240795464,
    "bulk_point": 2,
    "ground_state_counts": {
      "1101 1101": 1,
      "1011 1011": 2,
      "1111 1111": 96,
      "1010 1010": 1
    },
    "excited_state_counts": {
      "0001 1011": 1,
      "0101 1111": 40,
      "0000 1110": 2,
      "0111 1111": 7,
      "1001 1111": 8,
      "0001 1111": 32,
      "0011 1111": 4,
      "1101 1111": 2,
      "1001 0111": 2,
      "0100 1110": 1,
      "1011 0111": 1
    },
    "boundary_entropies": {
      "ground_state": {
        "entropy_A": 0.01351040190510719,
        "entropy_B": 0.013510401905106308,
        "mi_AB": 0.027020803810206
      },
      "excited_state": {
        "entropy_A": 0.3496541651588826,
        "entropy_B": 0.3496541651588821,
        "mi_AB": 0.6993083303177552
      },
      "rt_relation_test": {
        "entropy_ratio": 0.9999999999999346,
        "rt_area_ratio": 1.0,
        "rt_deviation": 6.539213615042172e-14,
        "excited_entropy_ratio": 0.9999999999999986,
        "rt_relation_change": 6.394884621840902e-14
      }
    }
  },
  "page_curve_analysis": null,
  "deutsch_ctc_analysis": null,
  "ctc_recovery_analysis": null,
  "einstein_analysis": null,
  "dynamic_evidence": {
    "angle_sums_per_timestep": [
      [
        9.42477796076938,
        0.0,
        9.42477796076938,
        3.1415927321446024
      ],
      [
        9.42477796076938,
        3.141592653589793,
        9.42477796076938,
        0.0
      ]
    ],
    "gromov_delta_per_timestep": [
      4.572593856435406,
      4.3843300695673415
    ],
    "edge_mi_per_timestep": [
      {
        "0,1": 0.010331127471683535,
        "0,3": 0.010331127471684479,
        "0,2": 0.01138552533711358,
        "1,2": 0.010331127471683094,
        "2,3": 0.010331127471683552
      },
      {
        "0,1": 0.012471240199710985,
        "0,3": 0.012471240199713265,
        "0,2": 0.013663595675334175,
        "1,2": 0.012471240199712783,
        "2,3": 0.012471240199712862
      }
    ],
    "shortest_paths_per_timestep": [
      {
        "0": {
          "0": 0,
          "2": 4.4754124376136755,
          "3": 4.572593856435314,
          "1": 4.572593856435406
        },
        "1": {
          "1": 0,
          "0": 4.572593856435406,
          "2": 4.572593856435448,
          "3": 9.145187712870719
        },
        "2": {
          "2": 0,
          "0": 4.4754124376136755,
          "3": 4.572593856435404,
          "1": 4.572593856435448
        },
        "3": {
          "3": 0,
          "0": 4.572593856435314,
          "2": 4.572593856435404,
          "1": 9.145187712870719
        }
      },
      {
        "0": {
          "0": 0,
          "2": 4.293020232879133,
          "3": 4.3843300695672145,
          "1": 4.3843300695673975
        },
        "1": {
          "1": 0,
          "2": 4.384330069567254,
          "0": 4.3843300695673975,
          "3": 8.7686601391345
        },
        "2": {
          "2": 0,
          "0": 4.293020232879133,
          "3": 4.3843300695672465,
          "1": 4.384330069567254
        },
        "3": {
          "3": 0,
          "0": 4.3843300695672145,
          "2": 4.3843300695672465,
          "1": 8.7686601391345
        }
      }
    ],
    "mean_distance_per_timestep": [
      3.9888719470282457,
      3.8248750812853434
    ],
    "triangle_violations_per_timestep": [
      0,
      0
    ],
    "embedding_coords_per_timestep": [
      [
        [
          0.016158343685002633,
          0.060579347101195856
        ],
        [
          0.035174979679396194,
          -0.02302416567744155
        ],
        [
          -0.02755989706066302,
          -0.06476194770558853
        ],
        [
          -0.02377342630373581,
          0.027206766281834223
        ]
      ],
      [
        [
          0.017534095635580785,
          0.06311020810302677
        ],
        [
          0.02186904424500592,
          -0.013740839881026572
        ],
        [
          -0.020347202723625005,
          -0.0625371359393582
        ],
        [
          -0.019055937156961703,
          0.013167767717357996
        ]
      ]
    ],
    "regge_evolution_data": null,
    "evolution_summary": {
      "total_timesteps": 2,
      "gromov_delta_range": [
        4.3843300695673415,
        4.572593856435406
      ],
      "mean_distance_range": [
        3.8248750812853434,
        3.9888719470282457
      ],
      "total_triangle_violations": 0,
      "hyperbolic_evolution": [
        false,
        false
      ],
      "regge_corrected": false
    }
  },
  "quantum_state_outputs": [
    {
      "timestep": 1,
      "statevector": [
        {
          "real": 0.00262908480511345,
          "imag": -0.0037749397199964073
        },
        {
          "real": -0.0030940056946895758,
          "imag": -0.01382593107406155
        },
        {
          "real": -0.007193042891307321,
          "imag": -0.013617096792975222
        },
        {
          "real": -0.054819573050220824,
          "imag": 0.0016601148286589011
        },
        {
          "real": -0.003094005694689574,
          "imag": -0.013825931074061595
        },
        {
          "real": -0.05366428256402629,
          "imag": -0.014738571453599376
        },
        {
          "real": -0.054819573050220755,
          "imag": 0.0016601148286589046
        },
        {
          "real": -0.013812631892992481,
          "imag": 0.22217262988866399
        },
        {
          "real": -0.0071930428913073215,
          "imag": -0.013617096792975177
        },
        {
          "real": -0.05481957305022091,
          "imag": 0.0016601148286588996
        },
        {
          "real": -0.054139550329752074,
          "imag": -0.003958075916957466
        },
        {
          "real": -0.03653576916910578,
          "imag": 0.2216200857763547
        },
        {
          "real": -0.054819573050220824,
          "imag": 0.0016601148286589046
        },
        {
          "real": -0.013812631892992484,
          "imag": 0.2221726298886639
        },
        {
          "real": -0.036535769169105795,
          "imag": 0.221620085776355
        },
        {
          "real": 0.8747632045754341,
          "imag": -0.12575053992210183
        }
      ],
      "mutual_information_matrix": [
        [
          0.0,
          0.010331127471683535,
          0.01138552533711358,
          0.010331127471684479
        ],
        [
          0.010331127471683535,
          0.0,
          0.010331127471683094,
          0.001981298889073488
        ],
        [
          0.01138552533711358,
          0.010331127471683094,
          0.0,
          0.010331127471683552
        ],
        [
          0.010331127471684479,
          0.001981298889073488,
          0.010331127471683552,
          0.0
        ]
      ],
      "circuit_depth": 42,
      "num_gates": 77
    },
    {
      "timestep": 2,
      "statevector": [
        {
          "real": -0.0013794338380963655,
          "imag": -0.0004659650489543726
        },
        {
          "real": 0.004493478894808002,
          "imag": -0.0010095225179095081
        },
        {
          "real": 0.006330046550798728,
          "imag": 5.3633806221780234e-05
        },
        {
          "real": -0.002836181200540442,
          "imag": 0.03461593999273006
        },
        {
          "real": 0.004493478894808014,
          "imag": -0.0010095225179096252
        },
        {
          "real": 0.0002822987979104333,
          "imag": 0.00815937840420961
        },
        {
          "real": -0.0028361812005402876,
          "imag": 0.034615939992730084
        },
        {
          "real": -0.06558926399667621,
          "imag": -0.05885313803011634
        },
        {
          "real": 0.006330046550798728,
          "imag": 5.363380622187214e-05
        },
        {
          "real": -0.0028361812005404984,
          "imag": 0.03461593999273007
        },
        {
          "real": -0.00339715457050876,
          "imag": 0.036530290097732544
        },
        {
          "real": -0.09039790500893448,
          "imag": -0.06261757440381627
        },
        {
          "real": -0.002836181200540383,
          "imag": 0.034615939992730084
        },
        {
          "real": -0.06558926399667622,
          "imag": -0.05885313803011637
        },
        {
          "real": -0.09039790500893446,
          "imag": -0.06261757440381606
        },
        {
          "real": 0.9445209230023652,
          "imag": -0.24859783388763715
        }
      ],
      "mutual_information_matrix": [
        [
          0.0,
          0.012471240199710985,
          0.013663595675334175,
          0.012471240199713265
        ],
        [
          0.012471240199710985,
          0.0,
          0.012471240199712783,
          0.0025046615766511904
        ],
        [
          0.013663595675334175,
          0.012471240199712783,
          0.0,
          0.012471240199712862
        ],
        [
          0.012471240199713265,
          0.0025046615766511904,
          0.012471240199712862,
          0.0
        ]
      ],
      "circuit_depth": 82,
      "num_gates": 149
    }
  ],
  "emergent_geometry_teleportation": null,
  "superposition_gravity": null,
  "teleportation_geometry_correlation": null
}